date,amount,close,code,high,low,open,turnoverratio,volume
2018-04-18 14:55,,19.06,2258,19.07,19.01,19.01,,1410.0
2018-04-18 15:00,,19.07,2258,19.07,19.06,19.07,,874.0
2018-04-19 09:35,,18.87,2258,19.04,18.79,18.98,,1509.0
2018-04-19 09:40,,18.96,2258,19.05,18.85,18.87,,1208.0
2018-04-19 09:45,,18.95,2258,19.02,18.9,18.96,,1024.0
2018-04-19 09:50,,18.94,2258,18.98,18.93,18.93,,2054.0
2018-04-19 09:55,,18.93,2258,18.96,18.87,18.94,,2176.0
2018-04-19 10:00,,18.99,2258,18.99,18.9,18.93,,1072.0
2018-04-19 10:05,,18.92,2258,19.01,18.92,18.99,,1763.0
2018-04-19 10:10,,18.93,2258,18.96,18.91,18.92,,546.0
2018-04-19 10:15,,18.89,2258,18.98,18.89,18.93,,1166.0
2018-04-19 10:20,,18.85,2258,18.91,18.84,18.89,,665.0
2018-04-19 10:25,,18.81,2258,18.9,18.81,18.85,,589.0
2018-04-19 10:30,,18.86,2258,18.9,18.82,18.82,,308.0
2018-04-19 10:35,,18.88,2258,18.9,18.85,18.86,,687.0
2018-04-19 10:40,,18.86,2258,18.95,18.85,18.88,,309.0
2018-04-19 10:45,,18.89,2258,18.95,18.86,18.86,,620.0
2018-04-19 10:50,,18.89,2258,18.94,18.87,18.89,,554.0
2018-04-19 10:55,,18.89,2258,18.94,18.87,18.93,,341.0
2018-04-19 11:00,,18.86,2258,18.93,18.86,18.89,,530.0
2018-04-19 11:05,,18.9,2258,18.91,18.85,18.85,,202.0
2018-04-19 11:10,,18.88,2258,18.93,18.88,18.88,,239.0
2018-04-19 11:15,,18.86,2258,18.9,18.84,18.88,,555.0
2018-04-19 11:20,,18.9,2258,18.9,18.85,18.86,,392.0
2018-04-19 11:25,,18.92,2258,18.92,18.85,18.9,,287.0
2018-04-19 11:30,,18.9,2258,18.92,18.84,18.92,,631.0
2018-04-19 13:05,,18.92,2258,18.96,18.88,18.9,,654.0
2018-04-19 13:10,,18.98,2258,18.99,18.89,18.92,,354.0
2018-04-19 13:15,,18.93,2258,18.98,18.92,18.98,,359.0
2018-04-19 13:20,,18.91,2258,18.95,18.9,18.93,,568.0
2018-04-19 13:25,,18.91,2258,18.95,18.9,18.91,,289.0
2018-04-19 13:30,,18.92,2258,18.96,18.9,18.96,,480.0
2018-04-19 13:35,,18.94,2258,18.94,18.91,18.92,,432.0
2018-04-19 13:40,,18.88,2258,18.94,18.88,18.94,,449.0
2018-04-19 13:45,,18.85,2258,18.89,18.82,18.89,,905.0
2018-04-19 13:50,,18.86,2258,18.88,18.85,18.85,,587.0
2018-04-19 13:55,,18.89,2258,18.91,18.86,18.86,,423.0
2018-04-19 14:00,,18.87,2258,18.94,18.87,18.89,,924.0
2018-04-19 14:05,,18.86,2258,18.9,18.84,18.87,,680.0
2018-04-19 14:10,,18.92,2258,18.92,18.86,18.86,,320.0
2018-04-19 14:15,,18.89,2258,18.92,18.88,18.9,,477.0
2018-04-19 14:20,,18.86,2258,18.91,18.86,18.89,,858.0
2018-04-19 14:25,,18.83,2258,18.91,18.83,18.86,,1083.0
2018-04-19 14:30,,18.76,2258,18.9,18.76,18.83,,1320.0
2018-04-19 14:35,,18.77,2258,18.82,18.75,18.76,,1458.0
2018-04-19 14:40,,18.79,2258,18.82,18.76,18.76,,885.0
2018-04-19 14:45,,18.89,2258,18.92,18.78,18.79,,1468.0
2018-04-19 14:50,,18.79,2258,18.92,18.78,18.89,,902.0
2018-04-19 14:55,,18.83,2258,18.86,18.78,18.79,,686.0
2018-04-19 15:00,,18.82,2258,18.83,18.81,18.82,,447.0
2018-04-20 09:35,,19.1,2258,19.16,18.5,18.68,,4214.0
2018-04-20 09:40,,19.32,2258,19.5,19.1,19.12,,5007.0
2018-04-20 09:45,,19.24,2258,19.36,19.18,19.32,,2383.0
2018-04-20 09:50,,19.32,2258,19.34,19.23,19.25,,2717.0
2018-04-20 09:55,,19.71,2258,19.8,19.32,19.32,,11748.0
2018-04-20 10:00,,19.6,2258,19.74,19.52,19.71,,2470.0
2018-04-20 10:05,,19.57,2258,19.6,19.55,19.6,,1394.0
2018-04-20 10:10,,19.52,2258,19.58,19.51,19.57,,1235.0
2018-04-20 10:15,,19.67,2258,19.7,19.5,19.52,,3102.0
2018-04-20 10:20,,19.57,2258,19.67,19.55,19.67,,1198.0
2018-04-20 10:25,,19.46,2258,19.57,19.45,19.57,,1522.0
2018-04-20 10:30,,19.36,2258,19.46,19.35,19.45,,935.0
2018-04-20 10:35,,19.41,2258,19.48,19.35,19.36,,1510.0
2018-04-20 10:40,,19.38,2258,19.45,19.38,19.41,,797.0
2018-04-20 10:45,,19.26,2258,19.38,19.25,19.37,,1140.0
2018-04-20 10:50,,19.35,2258,19.35,19.28,19.29,,589.0
2018-04-20 10:55,,19.4,2258,19.47,19.35,19.35,,1445.0
2018-04-20 11:00,,19.34,2258,19.4,19.3,19.4,,1461.0
2018-04-20 11:05,,19.26,2258,19.37,19.26,19.34,,594.0
2018-04-20 11:10,,19.3,2258,19.31,19.25,19.26,,430.0
2018-04-20 11:15,,19.4,2258,19.42,19.3,19.3,,707.0
2018-04-20 11:20,,19.36,2258,19.4,19.35,19.4,,245.0
2018-04-20 11:25,,19.31,2258,19.38,19.31,19.36,,689.0
2018-04-20 11:30,,19.25,2258,19.31,19.25,19.31,,360.0
2018-04-20 13:05,,19.25,2258,19.3,19.24,19.25,,765.0
2018-04-20 13:10,,19.22,2258,19.27,19.22,19.25,,646.0
2018-04-20 13:15,,19.23,2258,19.24,19.22,19.22,,279.0
2018-04-20 13:20,,19.24,2258,19.26,19.23,19.23,,294.0
2018-04-20 13:25,,19.25,2258,19.26,19.23,19.24,,550.0
2018-04-20 13:30,,19.25,2258,19.26,19.23,19.25,,418.0
2018-04-20 13:35,,19.23,2258,19.26,19.22,19.25,,931.0
2018-04-20 13:40,,19.2,2258,19.25,19.2,19.23,,1090.0
2018-04-20 13:45,,19.12,2258,19.21,19.12,19.2,,707.0
2018-04-20 13:50,,19.25,2258,19.25,19.12,19.12,,907.0
2018-04-20 13:55,,19.23,2258,19.25,19.23,19.25,,791.0
2018-04-20 14:00,,19.23,2258,19.23,19.21,19.23,,349.0
2018-04-20 14:05,,19.2,2258,19.24,19.2,19.23,,874.0
2018-04-20 14:10,,19.19,2258,19.21,19.14,19.2,,329.0
2018-04-20 14:15,,19.19,2258,19.2,19.19,19.19,,360.0
2018-04-20 14:20,,19.16,2258,19.2,19.16,19.19,,328.0
2018-04-20 14:25,,19.19,2258,19.19,19.16,19.16,,480.0
2018-04-20 14:30,,19.15,2258,19.19,19.14,19.19,,675.0
2018-04-20 14:35,,19.11,2258,19.16,19.09,19.14,,1080.0
2018-04-20 14:40,,19.12,2258,19.15,19.03,19.09,,1032.0
2018-04-20 14:45,,19.17,2258,19.17,19.12,19.15,,667.0
2018-04-20 14:50,,19.16,2258,19.17,19.13,19.17,,1257.0
2018-04-20 14:55,,19.13,2258,19.16,19.09,19.16,,1328.0
2018-04-20 15:00,,19.17,2258,19.18,19.13,19.13,,1071.0
2018-04-23 09:35,,18.99,2258,19.29,18.99,19.19,,2032.0
2018-04-23 09:40,,18.91,2258,19.1,18.91,18.99,,1388.0
2018-04-23 09:45,,19.04,2258,19.11,18.91,18.91,,953.0
2018-04-23 09:50,,18.96,2258,19.06,18.94,19.04,,671.0
2018-04-23 09:55,,18.97,2258,19.0,18.96,18.96,,477.0
2018-04-23 10:00,,18.84,2258,18.99,18.84,18.97,,1089.0
2018-04-23 10:05,,18.89,2258,18.9,18.8,18.84,,669.0
2018-04-23 10:10,,18.82,2258,18.89,18.8,18.89,,611.0
2018-04-23 10:15,,18.82,2258,18.84,18.81,18.82,,348.0
2018-04-23 10:20,,18.75,2258,18.83,18.75,18.82,,766.0
2018-04-23 10:25,,18.62,2258,18.76,18.6,18.76,,1773.0
2018-04-23 10:30,,18.63,2258,18.72,18.62,18.62,,660.0
2018-04-23 10:35,,18.43,2258,18.65,18.2,18.63,,2761.0
2018-04-23 10:40,,18.54,2258,18.55,18.42,18.43,,602.0
2018-04-23 10:45,,18.64,2258,18.71,18.54,18.54,,1211.0
2018-04-23 10:50,,18.79,2258,18.79,18.6,18.64,,479.0
2018-04-23 10:55,,18.79,2258,18.83,18.71,18.77,,487.0
2018-04-23 11:00,,18.78,2258,18.85,18.78,18.79,,349.0
2018-04-23 11:05,,18.78,2258,18.8,18.75,18.78,,383.0
2018-04-23 11:10,,18.81,2258,18.82,18.74,18.78,,393.0
2018-04-23 11:15,,18.75,2258,18.82,18.73,18.81,,492.0
2018-04-23 11:20,,18.56,2258,18.75,18.55,18.75,,940.0
2018-04-23 11:25,,18.45,2258,18.6,18.45,18.56,,484.0
2018-04-23 11:30,,18.46,2258,18.52,18.46,18.46,,282.0
2018-04-23 13:05,,18.52,2258,18.52,18.46,18.46,,212.0
2018-04-23 13:10,,18.6,2258,18.65,18.5,18.52,,448.0
2018-04-23 13:15,,18.62,2258,18.65,18.53,18.6,,621.0
2018-04-23 13:20,,18.73,2258,18.73,18.54,18.62,,480.0
2018-04-23 13:25,,18.65,2258,18.74,18.65,18.73,,522.0
2018-04-23 13:30,,18.75,2258,18.75,18.63,18.65,,734.0
2018-04-23 13:35,,18.85,2258,18.87,18.75,18.75,,1311.0
2018-04-23 13:40,,18.81,2258,18.88,18.78,18.85,,532.0
2018-04-23 13:45,,18.85,2258,18.88,18.81,18.81,,433.0
2018-04-23 13:50,,18.83,2258,18.88,18.81,18.85,,850.0
2018-04-23 13:55,,18.87,2258,18.9,18.83,18.83,,420.0
2018-04-23 14:00,,18.97,2258,19.01,18.86,18.87,,1182.0
2018-04-23 14:05,,19.0,2258,19.0,18.86,18.97,,685.0
2018-04-23 14:10,,19.13,2258,19.13,19.0,19.0,,647.0
2018-04-23 14:15,,19.02,2258,19.16,19.02,19.12,,716.0
2018-04-23 14:20,,19.1,2258,19.14,19.02,19.02,,569.0
2018-04-23 14:25,,19.02,2258,19.15,19.02,19.1,,614.0
2018-04-23 14:30,,18.95,2258,19.02,18.89,19.02,,410.0
2018-04-23 14:35,,18.94,2258,18.94,18.9,18.93,,232.0
2018-04-23 14:40,,18.96,2258,18.99,18.93,18.94,,296.0
2018-04-23 14:45,,19.0,2258,19.04,18.95,18.96,,449.0
2018-04-23 14:50,,19.01,2258,19.05,19.0,19.0,,336.0
2018-04-23 14:55,,19.0,2258,19.06,19.0,19.01,,1021.0
2018-04-23 15:00,,18.95,2258,19.0,18.93,19.0,,560.0
2018-04-24 09:35,,18.97,2258,18.97,18.73,18.73,,733.0
2018-04-24 09:40,,19.18,2258,19.23,18.97,18.97,,1491.0
2018-04-24 09:45,,19.21,2258,19.21,19.14,19.18,,1269.0
2018-04-24 09:50,,19.45,2258,19.48,19.16,19.18,,2452.0
2018-04-24 09:55,,19.45,2258,19.58,19.39,19.45,,3646.0
2018-04-24 10:00,,19.53,2258,19.55,19.43,19.45,,2028.0
2018-04-24 10:05,,19.4,2258,19.53,19.35,19.53,,1117.0
2018-04-24 10:10,,19.3,2258,19.4,19.3,19.4,,1052.0
2018-04-24 10:15,,19.32,2258,19.33,19.2,19.3,,1177.0
2018-04-24 10:20,,19.27,2258,19.33,19.23,19.32,,551.0
2018-04-24 10:25,,19.28,2258,19.33,19.25,19.27,,706.0
2018-04-24 10:30,,19.32,2258,19.33,19.28,19.28,,666.0
2018-04-24 10:35,,19.42,2258,19.5,19.3,19.32,,2036.0
2018-04-24 10:40,,19.37,2258,19.45,19.35,19.42,,894.0
2018-04-24 10:45,,19.37,2258,19.41,19.31,19.37,,605.0
2018-04-24 10:50,,19.34,2258,19.4,19.34,19.37,,388.0
2018-04-24 10:55,,19.17,2258,19.36,19.17,19.34,,992.0
2018-04-24 11:00,,19.15,2258,19.27,19.13,19.17,,1460.0
2018-04-24 11:05,,19.19,2258,19.2,19.13,19.15,,958.0
2018-04-24 11:10,,19.2,2258,19.2,19.18,19.19,,691.0
2018-04-24 11:15,,19.23,2258,19.3,19.19,19.2,,748.0
2018-04-24 11:20,,19.28,2258,19.29,19.23,19.23,,404.0
2018-04-24 11:25,,19.3,2258,19.3,19.24,19.29,,850.0
2018-04-24 11:30,,19.3,2258,19.3,19.28,19.3,,381.0
2018-04-24 13:05,,19.19,2258,19.32,19.19,19.3,,1971.0
2018-04-24 13:10,,19.19,2258,19.29,19.19,19.19,,715.0
2018-04-24 13:15,,19.18,2258,19.2,19.16,19.19,,696.0
2018-04-24 13:20,,19.17,2258,19.19,19.15,19.18,,466.0
2018-04-24 13:25,,19.19,2258,19.2,19.17,19.17,,573.0
2018-04-24 13:30,,19.17,2258,19.25,19.16,19.19,,1372.0
2018-04-24 13:35,,19.13,2258,19.18,19.12,19.18,,922.0
2018-04-24 13:40,,19.1,2258,19.13,19.08,19.13,,494.0
2018-04-24 13:45,,19.07,2258,19.1,18.98,19.1,,1686.0
2018-04-24 13:50,,19.06,2258,19.08,19.04,19.07,,607.0
2018-04-24 13:55,,19.11,2258,19.11,19.05,19.06,,450.0
2018-04-24 14:00,,19.14,2258,19.14,19.04,19.11,,617.0
2018-04-24 14:05,,19.15,2258,19.2,19.11,19.14,,275.0
2018-04-24 14:10,,19.17,2258,19.17,19.11,19.15,,239.0
2018-04-24 14:15,,19.14,2258,19.17,19.13,19.17,,207.0
2018-04-24 14:20,,19.2,2258,19.2,19.14,19.14,,531.0
2018-04-24 14:25,,19.21,2258,19.21,19.15,19.2,,966.0
2018-04-24 14:30,,19.25,2258,19.29,19.21,19.21,,887.0
2018-04-24 14:35,,19.22,2258,19.26,19.18,19.25,,1401.0
2018-04-24 14:40,,19.23,2258,19.27,19.18,19.22,,451.0
2018-04-24 14:45,,19.19,2258,19.25,19.16,19.23,,439.0
2018-04-24 14:50,,19.17,2258,19.19,19.16,19.19,,409.0
2018-04-24 14:55,,19.2,2258,19.24,19.17,19.17,,940.0
2018-04-24 15:00,,19.22,2258,19.22,19.2,19.2,,599.0
2018-04-25 09:35,,19.01,2258,19.12,18.96,19.01,,1908.0
2018-04-25 09:40,,19.05,2258,19.09,19.0,19.01,,704.0
2018-04-25 09:45,,19.07,2258,19.15,19.05,19.08,,656.0
2018-04-25 09:50,,19.1,2258,19.12,19.05,19.07,,267.0
2018-04-25 09:55,,19.1,2258,19.11,19.08,19.1,,398.0
2018-04-25 10:00,,19.0,2258,19.1,18.98,19.1,,2542.0
2018-04-25 10:05,,19.05,2258,19.05,19.0,19.0,,532.0
2018-04-25 10:10,,19.05,2258,19.11,18.9,19.05,,2548.0
2018-04-25 10:15,,19.08,2258,19.09,19.0,19.05,,496.0
2018-04-25 10:20,,19.21,2258,19.21,19.06,19.08,,658.0
2018-04-25 10:25,,19.2,2258,19.28,19.2,19.21,,539.0
2018-04-25 10:30,,19.24,2258,19.25,19.16,19.2,,512.0
2018-04-25 10:35,,19.25,2258,19.26,19.2,19.24,,565.0
2018-04-25 10:40,,19.24,2258,19.27,19.19,19.25,,549.0
2018-04-25 10:45,,19.24,2258,19.26,19.2,19.24,,369.0
2018-04-25 10:50,,19.22,2258,19.27,19.21,19.24,,538.0
2018-04-25 10:55,,19.24,2258,19.25,19.19,19.22,,476.0
2018-04-25 11:00,,19.18,2258,19.26,19.18,19.24,,535.0
2018-04-25 11:05,,19.25,2258,19.26,19.18,19.18,,439.0
2018-04-25 11:10,,19.29,2258,19.29,19.2,19.25,,575.0
2018-04-25 11:15,,19.28,2258,19.29,19.25,19.29,,648.0
2018-04-25 11:20,,19.28,2258,19.29,19.25,19.28,,554.0
2018-04-25 11:25,,19.25,2258,19.3,19.25,19.28,,542.0
2018-04-25 11:30,,19.25,2258,19.29,19.25,19.25,,342.0
2018-04-25 13:05,,19.3,2258,19.3,19.23,19.25,,691.0
2018-04-25 13:10,,19.34,2258,19.36,19.26,19.3,,449.0
2018-04-25 13:15,,19.49,2258,19.5,19.34,19.34,,2234.0
2018-04-25 13:20,,19.58,2258,19.58,19.46,19.49,,2113.0
2018-04-25 13:25,,19.75,2258,19.75,19.55,19.58,,4081.0
2018-04-25 13:30,,19.7,2258,19.74,19.56,19.74,,3066.0
2018-04-25 13:35,,19.62,2258,19.72,19.61,19.7,,2155.0
2018-04-25 13:40,,19.72,2258,19.72,19.61,19.67,,1588.0
2018-04-25 13:45,,19.71,2258,19.75,19.7,19.72,,1624.0
2018-04-25 13:50,,19.61,2258,19.71,19.61,19.71,,617.0
2018-04-25 13:55,,19.7,2258,19.72,19.6,19.61,,1507.0
2018-04-25 14:00,,19.71,2258,19.73,19.68,19.7,,946.0
2018-04-25 14:05,,19.79,2258,19.83,19.71,19.71,,3317.0
2018-04-25 14:10,,19.79,2258,19.82,19.72,19.82,,1049.0
2018-04-25 14:15,,19.74,2258,19.79,19.7,19.79,,928.0
2018-04-25 14:20,,19.75,2258,19.76,19.71,19.74,,801.0
2018-04-25 14:25,,19.76,2258,19.76,19.73,19.75,,1147.0
2018-04-25 14:30,,19.74,2258,19.77,19.72,19.76,,602.0
2018-04-25 14:35,,19.73,2258,19.76,19.72,19.74,,585.0
2018-04-25 14:40,,19.71,2258,19.74,19.71,19.73,,540.0
2018-04-25 14:45,,19.74,2258,19.75,19.7,19.71,,1703.0
2018-04-25 14:50,,19.8,2258,19.82,19.74,19.74,,3126.0
2018-04-25 14:55,,19.8,2258,19.83,19.8,19.8,,1767.0
2018-04-25 15:00,,19.82,2258,19.82,19.8,19.8,,1241.0
2018-04-26 09:35,,19.64,2258,19.8,19.61,19.8,,1321.0
2018-04-26 09:40,,19.6,2258,19.68,19.56,19.64,,2250.0
2018-04-26 09:45,,19.51,2258,19.61,19.5,19.6,,1942.0
2018-04-26 09:50,,19.53,2258,19.55,19.51,19.52,,716.0
2018-04-26 09:55,,19.56,2258,19.56,19.46,19.53,,1210.0
2018-04-26 10:00,,19.62,2258,19.63,19.56,19.56,,551.0
2018-04-26 10:05,,19.59,2258,19.62,19.58,19.62,,315.0
2018-04-26 10:10,,19.64,2258,19.65,19.58,19.59,,1086.0
2018-04-26 10:15,,19.6,2258,19.64,19.56,19.64,,401.0
2018-04-26 10:20,,19.55,2258,19.6,19.54,19.6,,497.0
2018-04-26 10:25,,19.54,2258,19.6,19.53,19.55,,279.0
2018-04-26 10:30,,19.53,2258,19.54,19.52,19.54,,371.0
2018-04-26 10:35,,19.53,2258,19.53,19.51,19.53,,461.0
2018-04-26 10:40,,19.56,2258,19.6,19.52,19.53,,310.0
2018-04-26 10:45,,19.61,2258,19.64,19.56,19.56,,366.0
2018-04-26 10:50,,19.57,2258,19.62,19.57,19.61,,73.0
2018-04-26 10:55,,19.59,2258,19.59,19.56,19.57,,128.0
2018-04-26 11:00,,19.57,2258,19.59,19.57,19.59,,102.0
2018-04-26 11:05,,19.56,2258,19.58,19.54,19.57,,282.0
2018-04-26 11:10,,19.59,2258,19.59,19.55,19.56,,198.0
2018-04-26 11:15,,19.59,2258,19.6,19.56,19.59,,57.0
2018-04-26 11:20,,19.6,2258,19.62,19.59,19.59,,144.0
2018-04-26 11:25,,19.57,2258,19.6,19.56,19.6,,746.0
2018-04-26 11:30,,19.55,2258,19.57,19.55,19.57,,411.0
2018-04-26 13:05,,19.54,2258,19.55,19.53,19.55,,1076.0
2018-04-26 13:10,,19.53,2258,19.54,19.51,19.54,,274.0
2018-04-26 13:15,,19.55,2258,19.55,19.51,19.53,,140.0
2018-04-26 13:20,,19.58,2258,19.58,19.53,19.55,,293.0
2018-04-26 13:25,,19.59,2258,19.59,19.57,19.58,,190.0
2018-04-26 13:30,,19.54,2258,19.59,19.53,19.59,,267.0
2018-04-26 13:35,,19.56,2258,19.58,19.53,19.54,,146.0
2018-04-26 13:40,,19.59,2258,19.59,19.56,19.56,,241.0
2018-04-26 13:45,,19.65,2258,19.66,19.58,19.59,,571.0
2018-04-26 13:50,,19.66,2258,19.68,19.65,19.65,,310.0
2018-04-26 13:55,,19.67,2258,19.67,19.65,19.66,,103.0
2018-04-26 14:00,,19.66,2258,19.67,19.62,19.67,,357.0
2018-04-26 14:05,,19.66,2258,19.69,19.65,19.66,,254.0
2018-04-26 14:10,,19.65,2258,19.67,19.64,19.66,,241.0
2018-04-26 14:15,,19.66,2258,19.67,19.64,19.65,,160.0
2018-04-26 14:20,,19.66,2258,19.66,19.63,19.66,,390.0
2018-04-26 14:25,,19.67,2258,19.68,19.65,19.66,,283.0
2018-04-26 14:30,,19.65,2258,19.67,19.63,19.67,,225.0
2018-04-26 14:35,,19.61,2258,19.65,19.61,19.65,,334.0
2018-04-26 14:40,,19.63,2258,19.64,19.6,19.61,,362.0
2018-04-26 14:45,,19.64,2258,19.65,19.62,19.63,,393.0
2018-04-26 14:50,,19.64,2258,19.65,19.62,19.64,,615.0
2018-04-26 14:55,,19.68,2258,19.7,19.54,19.64,,2284.0
2018-04-26 15:00,,19.7,2258,19.71,19.68,19.68,,787.0
2018-04-27 09:35,,19.8,2258,19.9,19.74,19.82,,1033.0
2018-04-27 09:40,,19.91,2258,20.08,19.8,19.8,,1473.0
2018-04-27 09:45,,19.99,2258,20.04,19.92,19.98,,1696.0
2018-04-27 09:50,,20.0,2258,20.02,19.96,20.01,,1539.0
2018-04-27 09:55,,19.99,2258,20.02,19.93,20.0,,1796.0
2018-04-27 10:00,,20.01,2258,20.02,19.96,19.99,,1079.0
2018-04-27 10:05,,20.35,2258,20.37,20.01,20.01,,3612.0
2018-04-27 10:10,,20.33,2258,20.35,20.2,20.35,,2031.0
2018-04-27 10:15,,20.41,2258,20.41,20.25,20.31,,2663.0
2018-04-27 10:20,,20.47,2258,20.5,20.39,20.41,,3193.0
2018-04-27 10:25,,20.37,2258,20.49,20.36,20.47,,1375.0
2018-04-27 10:30,,20.33,2258,20.4,20.33,20.38,,628.0
2018-04-27 10:35,,20.24,2258,20.33,20.2,20.33,,852.0
2018-04-27 10:40,,20.29,2258,20.33,20.24,20.24,,716.0
2018-04-27 10:45,,20.28,2258,20.3,20.27,20.29,,487.0
2018-04-27 10:50,,20.21,2258,20.32,20.21,20.28,,804.0
2018-04-27 10:55,,20.21,2258,20.29,20.21,20.21,,364.0
2018-04-27 11:00,,20.24,2258,20.26,20.21,20.21,,377.0
2018-04-27 11:05,,20.22,2258,20.25,20.22,20.24,,303.0
2018-04-27 11:10,,20.1,2258,20.23,20.1,20.22,,856.0
2018-04-27 11:15,,20.13,2258,20.15,20.1,20.1,,622.0
2018-04-27 11:20,,20.13,2258,20.15,20.13,20.13,,98.0
2018-04-27 11:25,,20.05,2258,20.14,20.04,20.13,,801.0
2018-04-27 11:30,,20.05,2258,20.08,20.05,20.05,,193.0
2018-04-27 13:05,,20.0,2258,20.05,20.0,20.05,,315.0
2018-04-27 13:10,,20.05,2258,20.08,20.0,20.0,,328.0
2018-04-27 13:15,,20.13,2258,20.13,20.05,20.05,,270.0
2018-04-27 13:20,,20.12,2258,20.18,20.12,20.13,,270.0
2018-04-27 13:25,,20.09,2258,20.12,20.09,20.12,,337.0
2018-04-27 13:30,,19.99,2258,20.1,19.99,20.09,,566.0
2018-04-27 13:35,,20.05,2258,20.05,19.98,19.99,,433.0
2018-04-27 13:40,,20.1,2258,20.1,20.05,20.06,,199.0
2018-04-27 13:45,,20.08,2258,20.1,20.08,20.1,,320.0
2018-04-27 13:50,,20.06,2258,20.11,20.06,20.08,,549.0
2018-04-27 13:55,,19.96,2258,20.06,19.95,20.06,,617.0
2018-04-27 14:00,,20.01,2258,20.03,19.96,19.96,,661.0
2018-04-27 14:05,,20.03,2258,20.05,20.01,20.01,,648.0
2018-04-27 14:10,,19.98,2258,20.03,19.98,20.03,,663.0
2018-04-27 14:15,,20.0,2258,20.01,19.95,19.99,,772.0
2018-04-27 14:20,,20.01,2258,20.01,19.94,20.01,,573.0
2018-04-27 14:25,,20.02,2258,20.02,19.99,20.01,,696.0
2018-04-27 14:30,,19.95,2258,20.02,19.95,20.01,,1239.0
2018-04-27 14:35,,19.96,2258,19.99,19.95,19.95,,685.0
2018-04-27 14:40,,19.95,2258,19.96,19.9,19.96,,927.0
2018-04-27 14:45,,19.88,2258,19.96,19.88,19.95,,324.0
2018-04-27 14:50,,19.89,2258,19.89,19.81,19.88,,754.0
2018-04-27 14:55,,19.88,2258,19.92,19.85,19.89,,1552.0
2018-04-27 15:00,,19.88,2258,19.88,19.85,19.88,,690.0
2018-05-02 09:35,,20.07,2258,20.19,19.71,19.88,,1602.0
2018-05-02 09:40,,20.38,2258,20.51,20.04,20.07,,2778.0
2018-05-02 09:45,,20.47,2258,20.47,20.31,20.38,,1433.0
2018-05-02 09:50,,20.4,2258,20.49,20.39,20.47,,1572.0
2018-05-02 09:55,,20.3,2258,20.4,20.3,20.4,,1455.0
2018-05-02 10:00,,20.23,2258,20.3,20.15,20.3,,2011.0
2018-05-02 10:05,,20.22,2258,20.26,20.19,20.23,,913.0
2018-05-02 10:10,,20.25,2258,20.26,20.2,20.22,,961.0
2018-05-02 10:15,,20.22,2258,20.31,20.22,20.25,,1404.0
2018-05-02 10:20,,20.13,2258,20.22,20.08,20.22,,1513.0
2018-05-02 10:25,,20.21,2258,20.23,20.13,20.13,,1039.0
2018-05-02 10:30,,20.21,2258,20.22,20.19,20.21,,431.0
2018-05-02 10:35,,20.2,2258,20.24,20.2,20.22,,286.0
2018-05-02 10:40,,20.19,2258,20.22,20.19,20.2,,557.0
2018-05-02 10:45,,20.1,2258,20.2,20.1,20.18,,1052.0
2018-05-02 10:50,,20.12,2258,20.17,20.1,20.1,,1439.0
2018-05-02 10:55,,20.17,2258,20.18,20.1,20.12,,1454.0
2018-05-02 11:00,,20.21,2258,20.21,20.15,20.17,,1498.0
2018-05-02 11:05,,20.18,2258,20.23,20.18,20.21,,805.0
2018-05-02 11:10,,20.18,2258,20.19,20.17,20.18,,492.0
2018-05-02 11:15,,20.18,2258,20.2,20.15,20.18,,1692.0
2018-05-02 11:20,,20.18,2258,20.2,20.16,20.18,,960.0
2018-05-02 11:25,,20.18,2258,20.19,20.17,20.18,,766.0
2018-05-02 11:30,,20.13,2258,20.17,20.13,20.17,,1097.0
2018-05-02 13:05,,20.15,2258,20.16,20.08,20.13,,2257.0
2018-05-02 13:10,,20.13,2258,20.15,20.11,20.15,,751.0
2018-05-02 13:15,,20.17,2258,20.17,20.12,20.13,,888.0
2018-05-02 13:20,,20.15,2258,20.2,20.13,20.18,,789.0
2018-05-02 13:25,,20.23,2258,20.25,20.15,20.15,,964.0
2018-05-02 13:30,,20.3,2258,20.3,20.23,20.23,,987.0
2018-05-02 13:35,,20.33,2258,20.33,20.25,20.3,,1023.0
2018-05-02 13:40,,20.26,2258,20.33,20.26,20.33,,763.0
2018-05-02 13:45,,20.33,2258,20.33,20.25,20.26,,539.0
2018-05-02 13:50,,20.31,2258,20.33,20.3,20.32,,1057.0
2018-05-02 13:55,,20.35,2258,20.35,20.31,20.31,,648.0
2018-05-02 14:00,,20.34,2258,20.35,20.33,20.35,,438.0
2018-05-02 14:05,,20.39,2258,20.43,20.31,20.34,,1784.0
2018-05-02 14:10,,20.37,2258,20.43,20.35,20.39,,3494.0
2018-05-02 14:15,,20.31,2258,20.37,20.28,20.37,,2341.0
2018-05-02 14:20,,20.25,2258,20.32,20.25,20.31,,2494.0
2018-05-02 14:25,,20.38,2258,20.38,20.25,20.25,,892.0
2018-05-02 14:30,,20.32,2258,20.38,20.32,20.38,,399.0
2018-05-02 14:35,,20.34,2258,20.35,20.32,20.32,,665.0
2018-05-02 14:40,,20.31,2258,20.34,20.31,20.34,,980.0
2018-05-02 14:45,,20.34,2258,20.34,20.31,20.31,,590.0
2018-05-02 14:50,,20.34,2258,20.34,20.32,20.34,,661.0
2018-05-02 14:55,,20.34,2258,20.35,20.32,20.34,,1343.0
2018-05-02 15:00,,20.35,2258,20.35,20.33,20.34,,767.0
2018-05-03 09:35,,20.57,2258,20.6,20.35,20.48,,2330.0
2018-05-03 09:40,,20.69,2258,20.85,20.53,20.57,,3876.0
2018-05-03 09:45,,20.74,2258,20.79,20.69,20.69,,1982.0
2018-05-03 09:50,,20.72,2258,20.8,20.71,20.74,,2634.0
2018-05-03 09:55,,20.75,2258,20.75,20.7,20.7,,1577.0
2018-05-03 10:00,,20.75,2258,20.76,20.72,20.75,,1837.0
2018-05-03 10:05,,20.85,2258,20.85,20.72,20.75,,3896.0
2018-05-03 10:10,,20.95,2258,20.96,20.85,20.85,,5255.0
2018-05-03 10:15,,21.25,2258,21.33,20.95,20.95,,8644.0
2018-05-03 10:20,,21.23,2258,21.25,21.12,21.25,,2371.0
2018-05-03 10:25,,21.05,2258,21.26,21.05,21.23,,5628.0
2018-05-03 10:30,,21.04,2258,21.07,21.01,21.05,,2199.0
2018-05-03 10:35,,21.1,2258,21.1,21.01,21.04,,1082.0
2018-05-03 10:40,,21.09,2258,21.11,21.07,21.1,,1074.0
2018-05-03 10:45,,21.2,2258,21.24,21.09,21.1,,1291.0
2018-05-03 10:50,,21.13,2258,21.2,21.07,21.2,,1106.0
2018-05-03 10:55,,21.12,2258,21.13,21.07,21.13,,488.0
2018-05-03 11:00,,21.12,2258,21.13,21.11,21.12,,881.0
2018-05-03 11:05,,21.13,2258,21.13,21.09,21.12,,447.0
2018-05-03 11:10,,21.14,2258,21.15,21.1,21.13,,831.0
2018-05-03 11:15,,21.18,2258,21.18,21.13,21.14,,589.0
2018-05-03 11:20,,21.14,2258,21.18,21.13,21.18,,730.0
2018-05-03 11:25,,21.17,2258,21.17,21.12,21.14,,729.0
2018-05-03 11:30,,21.19,2258,21.2,21.15,21.17,,706.0
2018-05-03 13:05,,21.2,2258,21.21,21.19,21.19,,849.0
2018-05-03 13:10,,21.14,2258,21.2,21.14,21.2,,611.0
2018-05-03 13:15,,21.14,2258,21.16,21.12,21.15,,534.0
2018-05-03 13:20,,21.13,2258,21.15,21.11,21.14,,266.0
2018-05-03 13:25,,21.1,2258,21.14,21.07,21.13,,744.0
2018-05-03 13:30,,21.07,2258,21.11,21.07,21.1,,331.0
2018-05-03 13:35,,21.05,2258,21.1,21.05,21.07,,604.0
2018-05-03 13:40,,21.01,2258,21.08,21.01,21.06,,706.0
2018-05-03 13:45,,20.98,2258,21.01,20.98,21.01,,982.0
2018-05-03 13:50,,21.05,2258,21.05,20.98,20.98,,551.0
2018-05-03 13:55,,21.06,2258,21.06,21.03,21.05,,235.0
2018-05-03 14:00,,21.05,2258,21.08,21.02,21.06,,968.0
2018-05-03 14:05,,21.09,2258,21.1,21.05,21.07,,679.0
2018-05-03 14:10,,21.16,2258,21.17,21.09,21.09,,789.0
2018-05-03 14:15,,21.17,2258,21.19,21.15,21.16,,1014.0
2018-05-03 14:20,,21.16,2258,21.18,21.15,21.17,,346.0
2018-05-03 14:25,,21.15,2258,21.17,21.13,21.16,,594.0
2018-05-03 14:30,,21.11,2258,21.15,21.11,21.15,,525.0
2018-05-03 14:35,,21.11,2258,21.11,21.1,21.11,,423.0
2018-05-03 14:40,,21.08,2258,21.11,21.05,21.11,,414.0
2018-05-03 14:45,,21.05,2258,21.08,21.03,21.08,,937.0
2018-05-03 14:50,,21.07,2258,21.1,21.03,21.05,,1337.0
2018-05-03 14:55,,21.1,2258,21.11,21.07,21.08,,2823.0
2018-05-03 15:00,,21.15,2258,21.15,21.1,21.1,,894.0
2018-05-04 09:35,,21.34,2258,21.5,20.99,20.99,,2955.0
2018-05-04 09:40,,21.4,2258,21.49,21.4,21.4,,3769.0
2018-05-04 09:45,,21.26,2258,21.45,21.05,21.43,,1794.0
2018-05-04 09:50,,21.15,2258,21.26,21.12,21.26,,2758.0
2018-05-04 09:55,,21.15,2258,21.2,21.15,21.15,,1362.0
2018-05-04 10:00,,20.98,2258,21.16,20.91,21.15,,1761.0
2018-05-04 10:05,,20.7,2258,20.98,20.7,20.98,,3713.0
2018-05-04 10:10,,20.8,2258,20.89,20.68,20.7,,1676.0
2018-05-04 10:15,,20.9,2258,21.0,20.8,20.8,,1304.0
2018-05-04 10:20,,20.91,2258,20.97,20.88,20.9,,496.0
2018-05-04 10:25,,21.0,2258,21.0,20.91,20.91,,369.0
2018-05-04 10:30,,20.95,2258,21.0,20.91,21.0,,466.0
2018-05-04 10:35,,20.91,2258,20.95,20.91,20.95,,355.0
2018-05-04 10:40,,20.91,2258,20.95,20.91,20.91,,446.0
2018-05-04 10:45,,20.82,2258,20.91,20.81,20.91,,735.0
2018-05-04 10:50,,20.85,2258,20.85,20.8,20.81,,836.0
2018-05-04 10:55,,20.85,2258,20.88,20.85,20.85,,231.0
2018-05-04 11:00,,20.92,2258,20.95,20.85,20.85,,241.0
2018-05-04 11:05,,20.96,2258,20.97,20.92,20.92,,272.0
2018-05-04 11:10,,20.95,2258,20.99,20.94,20.96,,254.0
2018-05-04 11:15,,20.94,2258,20.98,20.94,20.95,,218.0
2018-05-04 11:20,,20.92,2258,20.94,20.92,20.94,,127.0
2018-05-04 11:25,,20.84,2258,20.92,20.82,20.92,,408.0
2018-05-04 11:30,,20.87,2258,20.88,20.84,20.84,,346.0
2018-05-04 13:05,,20.89,2258,20.99,20.87,20.87,,619.0
2018-05-04 13:10,,20.9,2258,20.95,20.89,20.89,,249.0
2018-05-04 13:15,,21.0,2258,21.0,20.9,20.9,,187.0
2018-05-04 13:20,,20.96,2258,21.0,20.93,21.0,,284.0
2018-05-04 13:25,,20.98,2258,20.99,20.95,20.96,,276.0
2018-05-04 13:30,,20.98,2258,21.0,20.97,20.98,,439.0
2018-05-04 13:35,,21.0,2258,21.0,20.98,20.98,,600.0
2018-05-04 13:40,,21.12,2258,21.15,20.98,21.0,,1961.0
2018-05-04 13:45,,21.12,2258,21.24,21.11,21.12,,1799.0
2018-05-04 13:50,,21.13,2258,21.17,21.1,21.12,,562.0
2018-05-04 13:55,,21.13,2258,21.16,21.11,21.13,,508.0
2018-05-04 14:00,,21.13,2258,21.16,21.12,21.13,,242.0
2018-05-04 14:05,,21.18,2258,21.18,21.12,21.13,,621.0
2018-05-04 14:10,,21.17,2258,21.19,21.15,21.18,,258.0
2018-05-04 14:15,,20.98,2258,21.17,20.98,21.17,,631.0
2018-05-04 14:20,,21.06,2258,21.06,20.93,20.98,,846.0
2018-05-04 14:25,,20.99,2258,21.06,20.93,21.06,,1442.0
2018-05-04 14:30,,20.88,2258,20.99,20.82,20.99,,1188.0
2018-05-04 14:35,,20.87,2258,20.93,20.85,20.88,,701.0
2018-05-04 14:40,,20.9,2258,20.93,20.86,20.87,,1140.0
2018-05-04 14:45,,20.89,2258,20.92,20.88,20.9,,1254.0
2018-05-04 14:50,,20.87,2258,20.89,20.87,20.89,,1794.0
2018-05-04 14:55,,20.87,2258,20.89,20.87,20.87,,2849.0
2018-05-04 15:00,,20.85,2258,20.88,20.85,20.87,,1252.0
2018-05-07 09:35,,20.81,2258,20.97,20.66,20.97,,3217.0
2018-05-07 09:40,,20.78,2258,20.87,20.77,20.84,,2100.0
2018-05-07 09:45,,20.7,2258,20.78,20.63,20.78,,3537.0
2018-05-07 09:50,,20.54,2258,20.73,20.52,20.7,,4709.0
2018-05-07 09:55,,20.48,2258,20.66,20.47,20.54,,6270.0
2018-05-07 10:00,,20.57,2258,20.58,20.48,20.48,,6244.0
2018-05-07 10:05,,20.7,2258,20.7,20.48,20.56,,5765.0
2018-05-07 10:10,,20.86,2258,20.98,20.65,20.7,,2932.0
2018-05-07 10:15,,21.21,2258,21.21,20.85,20.86,,4122.0
2018-05-07 10:20,,20.97,2258,21.24,20.95,21.23,,3490.0
2018-05-07 10:25,,20.96,2258,20.98,20.92,20.97,,1471.0
2018-05-07 10:30,,20.86,2258,20.96,20.85,20.96,,693.0
2018-05-07 10:35,,20.86,2258,20.9,20.85,20.86,,550.0
2018-05-07 10:40,,20.75,2258,20.86,20.72,20.86,,730.0
2018-05-07 10:45,,20.84,2258,20.85,20.76,20.79,,594.0
2018-05-07 10:50,,20.82,2258,20.9,20.82,20.86,,588.0
2018-05-07 10:55,,20.86,2258,20.86,20.81,20.82,,395.0
2018-05-07 11:00,,20.88,2258,20.88,20.81,20.86,,765.0
2018-05-07 11:05,,20.94,2258,20.94,20.85,20.88,,1107.0
2018-05-07 11:10,,20.94,2258,20.98,20.94,20.94,,733.0
2018-05-07 11:15,,20.96,2258,20.96,20.89,20.94,,427.0
2018-05-07 11:20,,21.01,2258,21.01,20.93,20.96,,930.0
2018-05-07 11:25,,20.98,2258,21.01,20.93,21.01,,511.0
2018-05-07 11:30,,20.98,2258,21.0,20.97,20.98,,241.0
2018-05-07 13:05,,21.0,2258,21.0,20.97,20.98,,910.0
2018-05-07 13:10,,20.99,2258,21.02,20.99,21.0,,635.0
2018-05-07 13:15,,20.89,2258,20.99,20.86,20.99,,381.0
2018-05-07 13:20,,20.89,2258,20.9,20.87,20.89,,534.0
2018-05-07 13:25,,20.89,2258,20.9,20.86,20.89,,718.0
2018-05-07 13:30,,20.92,2258,20.95,20.89,20.89,,284.0
2018-05-07 13:35,,20.96,2258,20.97,20.9,20.9,,352.0
2018-05-07 13:40,,20.95,2258,20.96,20.93,20.96,,355.0
2018-05-07 13:45,,20.97,2258,20.98,20.92,20.95,,446.0
2018-05-07 13:50,,20.98,2258,20.98,20.95,20.97,,562.0
2018-05-07 13:55,,21.05,2258,21.05,20.98,20.98,,1193.0
2018-05-07 14:00,,21.02,2258,21.07,20.95,21.05,,1442.0
2018-05-07 14:05,,20.99,2258,21.02,20.97,21.02,,663.0
2018-05-07 14:10,,20.98,2258,21.0,20.97,20.99,,339.0
2018-05-07 14:15,,20.96,2258,21.0,20.95,20.98,,534.0
2018-05-07 14:20,,20.99,2258,21.01,20.96,20.96,,830.0
2018-05-07 14:25,,20.99,2258,21.0,20.99,20.99,,1092.0
2018-05-07 14:30,,21.02,2258,21.02,20.99,20.99,,1159.0
2018-05-07 14:35,,21.08,2258,21.08,21.0,21.02,,1571.0
2018-05-07 14:40,,21.05,2258,21.18,21.05,21.08,,3185.0
2018-05-07 14:45,,21.14,2258,21.16,21.05,21.05,,1640.0
2018-05-07 14:50,,21.11,2258,21.17,21.1,21.15,,960.0
2018-05-07 14:55,,21.12,2258,21.12,21.1,21.11,,1526.0
2018-05-07 15:00,,21.12,2258,21.12,21.1,21.12,,1083.0
2018-05-08 09:35,,21.3,2258,21.33,21.0,21.12,,3582.0
2018-05-08 09:40,,21.62,2258,21.62,21.27,21.3,,3730.0
2018-05-08 09:45,,21.43,2258,21.62,21.4,21.62,,2701.0
2018-05-08 09:50,,21.5,2258,21.5,21.38,21.42,,1545.0
2018-05-08 09:55,,21.52,2258,21.57,21.5,21.5,,1826.0
2018-05-08 10:00,,21.39,2258,21.54,21.38,21.52,,1195.0
2018-05-08 10:05,,21.37,2258,21.4,21.33,21.4,,1040.0
2018-05-08 10:10,,21.35,2258,21.36,21.21,21.36,,2021.0
2018-05-08 10:15,,21.3,2258,21.36,21.3,21.35,,779.0
2018-05-08 10:20,,21.25,2258,21.3,21.2,21.3,,827.0
2018-05-08 10:25,,21.17,2258,21.25,21.17,21.25,,1225.0
2018-05-08 10:30,,21.12,2258,21.19,21.12,21.18,,944.0
2018-05-08 10:35,,21.01,2258,21.14,21.01,21.12,,1853.0
2018-05-08 10:40,,21.18,2258,21.2,21.01,21.03,,1419.0
2018-05-08 10:45,,21.17,2258,21.18,21.11,21.18,,563.0
2018-05-08 10:50,,21.14,2258,21.2,21.14,21.17,,449.0
2018-05-08 10:55,,21.18,2258,21.21,21.14,21.14,,643.0
2018-05-08 11:00,,21.11,2258,21.18,21.11,21.18,,415.0
2018-05-08 11:05,,21.04,2258,21.13,21.03,21.11,,764.0
2018-05-08 11:10,,21.15,2258,21.15,21.04,21.04,,506.0
2018-05-08 11:15,,21.11,2258,21.16,21.09,21.15,,426.0
2018-05-08 11:20,,21.11,2258,21.12,21.09,21.11,,311.0
2018-05-08 11:25,,21.09,2258,21.11,21.07,21.11,,575.0
2018-05-08 11:30,,21.08,2258,21.1,21.08,21.09,,211.0
2018-05-08 13:05,,21.09,2258,21.12,21.07,21.08,,388.0
2018-05-08 13:10,,21.01,2258,21.09,21.0,21.09,,1245.0
2018-05-08 13:15,,21.05,2258,21.05,21.01,21.01,,546.0
2018-05-08 13:20,,21.07,2258,21.12,21.04,21.04,,502.0
2018-05-08 13:25,,21.1,2258,21.1,21.07,21.07,,230.0
2018-05-08 13:30,,21.05,2258,21.1,21.05,21.1,,458.0
2018-05-08 13:35,,21.05,2258,21.05,21.02,21.05,,650.0
2018-05-08 13:40,,21.03,2258,21.05,21.0,21.05,,1945.0
2018-05-08 13:45,,20.98,2258,21.0,20.9,21.0,,903.0
2018-05-08 13:50,,21.1,2258,21.1,20.98,20.98,,549.0
2018-05-08 13:55,,21.07,2258,21.12,21.07,21.1,,455.0
2018-05-08 14:00,,21.08,2258,21.1,21.05,21.07,,646.0
2018-05-08 14:05,,21.0,2258,21.08,20.99,21.08,,595.0
2018-05-08 14:10,,21.02,2258,21.05,20.98,21.0,,537.0
2018-05-08 14:15,,21.03,2258,21.06,21.0,21.01,,91.0
2018-05-08 14:20,,21.06,2258,21.09,21.03,21.03,,119.0
2018-05-08 14:25,,21.04,2258,21.06,21.04,21.06,,241.0
2018-05-08 14:30,,21.03,2258,21.05,21.0,21.04,,549.0
2018-05-08 14:35,,21.04,2258,21.05,21.0,21.03,,482.0
2018-05-08 14:40,,21.06,2258,21.06,21.02,21.04,,303.0
2018-05-08 14:45,,21.03,2258,21.09,21.03,21.06,,329.0
2018-05-08 14:50,,21.05,2258,21.06,21.03,21.03,,1253.0
2018-05-08 14:55,,21.04,2258,21.07,21.03,21.05,,1090.0
2018-05-08 15:00,,21.06,2258,21.06,21.03,21.03,,606.0
2018-05-09 09:35,,20.9,2258,21.22,20.9,21.08,,2137.0
2018-05-09 09:40,,20.73,2258,20.96,20.72,20.9,,2557.0
2018-05-09 09:45,,20.8,2258,20.82,20.73,20.73,,1390.0
2018-05-09 09:50,,20.78,2258,20.8,20.75,20.8,,950.0
2018-05-09 09:55,,20.71,2258,20.78,20.7,20.78,,1656.0
2018-05-09 10:00,,20.68,2258,20.72,20.65,20.71,,2175.0
2018-05-09 10:05,,20.68,2258,20.69,20.66,20.68,,964.0
2018-05-09 10:10,,20.65,2258,20.7,20.5,20.68,,3109.0
2018-05-09 10:15,,20.6,2258,20.66,20.52,20.66,,1605.0
2018-05-09 10:20,,20.62,2258,20.63,20.58,20.6,,1000.0
2018-05-09 10:25,,20.69,2258,20.74,20.62,20.62,,862.0
2018-05-09 10:30,,20.71,2258,20.72,20.67,20.69,,433.0
2018-05-09 10:35,,20.67,2258,20.72,20.66,20.71,,548.0
2018-05-09 10:40,,20.66,2258,20.7,20.65,20.67,,323.0
2018-05-09 10:45,,20.68,2258,20.68,20.65,20.66,,324.0
2018-05-09 10:50,,20.61,2258,20.68,20.61,20.68,,583.0
2018-05-09 10:55,,20.62,2258,20.62,20.6,20.61,,443.0
2018-05-09 11:00,,20.65,2258,20.68,20.61,20.62,,323.0
2018-05-09 11:05,,20.62,2258,20.68,20.61,20.65,,374.0
2018-05-09 11:10,,20.64,2258,20.67,20.61,20.62,,267.0
2018-05-09 11:15,,20.63,2258,20.65,20.62,20.64,,184.0
2018-05-09 11:20,,20.62,2258,20.65,20.62,20.63,,388.0
2018-05-09 11:25,,20.6,2258,20.65,20.58,20.62,,1418.0
2018-05-09 11:30,,20.62,2258,20.68,20.6,20.6,,190.0
2018-05-09 13:05,,20.67,2258,20.67,20.62,20.62,,465.0
2018-05-09 13:10,,20.67,2258,20.68,20.66,20.67,,164.0
2018-05-09 13:15,,20.68,2258,20.68,20.65,20.67,,310.0
2018-05-09 13:20,,20.61,2258,20.68,20.6,20.66,,876.0
2018-05-09 13:25,,20.65,2258,20.66,20.61,20.61,,473.0
2018-05-09 13:30,,20.63,2258,20.66,20.61,20.65,,786.0
2018-05-09 13:35,,20.62,2258,20.66,20.61,20.64,,354.0
2018-05-09 13:40,,20.6,2258,20.62,20.6,20.62,,835.0
2018-05-09 13:45,,20.61,2258,20.61,20.58,20.6,,617.0
2018-05-09 13:50,,20.59,2258,20.62,20.57,20.61,,498.0
2018-05-09 13:55,,20.62,2258,20.63,20.59,20.59,,472.0
2018-05-09 14:00,,20.67,2258,20.69,20.62,20.63,,511.0
2018-05-09 14:05,,20.66,2258,20.68,20.65,20.67,,253.0
2018-05-09 14:10,,20.66,2258,20.66,20.64,20.65,,413.0
2018-05-09 14:15,,20.6,2258,20.68,20.6,20.66,,507.0
2018-05-09 14:20,,20.57,2258,20.66,20.55,20.6,,1218.0
2018-05-09 14:25,,20.56,2258,20.58,20.56,20.57,,478.0
2018-05-09 14:30,,20.55,2258,20.58,20.51,20.56,,1838.0
2018-05-09 14:35,,20.53,2258,20.55,20.53,20.54,,1073.0
2018-05-09 14:40,,20.54,2258,20.55,20.53,20.53,,1444.0
2018-05-09 14:45,,20.57,2258,20.6,20.52,20.53,,2527.0
2018-05-09 14:50,,20.65,2258,20.66,20.57,20.57,,956.0
2018-05-09 14:55,,20.73,2258,20.73,20.62,20.66,,1292.0
2018-05-09 15:00,,20.71,2258,20.73,20.71,20.73,,612.0
2018-05-10 09:35,,20.78,2258,20.97,20.74,20.75,,1851.0
2018-05-10 09:40,,20.82,2258,20.83,20.77,20.78,,1265.0
2018-05-10 09:45,,20.92,2258,20.95,20.82,20.82,,1963.0
2018-05-10 09:50,,20.85,2258,20.94,20.84,20.92,,702.0
2018-05-10 09:55,,20.82,2258,20.86,20.81,20.85,,434.0
2018-05-10 10:00,,20.82,2258,20.84,20.81,20.82,,571.0
2018-05-10 10:05,,20.89,2258,20.9,20.82,20.82,,794.0
2018-05-10 10:10,,20.89,2258,20.89,20.85,20.88,,306.0
2018-05-10 10:15,,20.89,2258,20.9,20.87,20.89,,383.0
2018-05-10 10:20,,20.88,2258,20.9,20.86,20.89,,256.0
2018-05-10 10:25,,20.82,2258,20.88,20.82,20.88,,317.0
2018-05-10 10:30,,20.86,2258,20.86,20.82,20.82,,210.0
2018-05-10 10:35,,20.78,2258,20.87,20.78,20.86,,370.0
2018-05-10 10:40,,20.72,2258,20.82,20.68,20.8,,625.0
2018-05-10 10:45,,20.74,2258,20.77,20.7,20.72,,372.0
2018-05-10 10:50,,20.75,2258,20.77,20.72,20.74,,124.0
2018-05-10 10:55,,20.71,2258,20.75,20.71,20.75,,287.0
2018-05-10 11:00,,20.62,2258,20.72,20.62,20.71,,732.0
2018-05-10 11:05,,20.52,2258,20.62,20.52,20.62,,1076.0
2018-05-10 11:10,,20.49,2258,20.56,20.49,20.52,,2121.0
2018-05-10 11:15,,20.53,2258,20.55,20.49,20.49,,1017.0
2018-05-10 11:20,,20.62,2258,20.62,20.53,20.53,,280.0
2018-05-10 11:25,,20.6,2258,20.67,20.6,20.62,,262.0
2018-05-10 11:30,,20.6,2258,20.6,20.57,20.6,,129.0
2018-05-10 13:05,,20.62,2258,20.66,20.6,20.6,,271.0
2018-05-10 13:10,,20.62,2258,20.65,20.61,20.62,,168.0
2018-05-10 13:15,,20.6,2258,20.63,20.6,20.62,,341.0
2018-05-10 13:20,,20.6,2258,20.61,20.6,20.6,,377.0
2018-05-10 13:25,,20.61,2258,20.62,20.6,20.6,,395.0
2018-05-10 13:30,,20.57,2258,20.62,20.56,20.61,,601.0
2018-05-10 13:35,,20.58,2258,20.6,20.53,20.56,,293.0
2018-05-10 13:40,,20.56,2258,20.58,20.55,20.58,,251.0
2018-05-10 13:45,,20.51,2258,20.57,20.5,20.56,,382.0
2018-05-10 13:50,,20.57,2258,20.57,20.51,20.51,,196.0
2018-05-10 13:55,,20.56,2258,20.57,20.52,20.55,,177.0
2018-05-10 14:00,,20.45,2258,20.56,20.45,20.56,,1026.0
2018-05-10 14:05,,20.5,2258,20.51,20.45,20.45,,868.0
2018-05-10 14:10,,20.55,2258,20.57,20.5,20.5,,151.0
2018-05-10 14:15,,20.56,2258,20.57,20.51,20.55,,635.0
2018-05-10 14:20,,20.65,2258,20.65,20.51,20.56,,922.0
2018-05-10 14:25,,20.62,2258,20.65,20.58,20.65,,413.0
2018-05-10 14:30,,20.63,2258,20.65,20.6,20.62,,575.0
2018-05-10 14:35,,20.71,2258,20.72,20.62,20.64,,523.0
2018-05-10 14:40,,20.71,2258,20.72,20.63,20.71,,587.0
2018-05-10 14:45,,20.64,2258,20.72,20.64,20.71,,398.0
2018-05-10 14:50,,20.65,2258,20.66,20.64,20.64,,717.0
2018-05-10 14:55,,20.69,2258,20.71,20.64,20.65,,1090.0
2018-05-10 15:00,,20.7,2258,20.71,20.69,20.69,,794.0
2018-05-11 09:35,,20.86,2258,20.88,20.7,20.7,,981.0
2018-05-11 09:40,,20.8,2258,20.89,20.8,20.87,,1151.0
2018-05-11 09:45,,20.77,2258,20.83,20.75,20.8,,502.0
2018-05-11 09:50,,20.8,2258,20.82,20.75,20.77,,563.0
2018-05-11 09:55,,20.82,2258,20.85,20.8,20.82,,706.0
2018-05-11 10:00,,20.63,2258,20.82,20.63,20.82,,397.0
2018-05-11 10:05,,20.54,2258,20.62,20.53,20.62,,1472.0
2018-05-11 10:10,,20.43,2258,20.53,20.41,20.53,,2180.0
2018-05-11 10:15,,20.52,2258,20.55,20.43,20.43,,1415.0
2018-05-11 10:20,,20.56,2258,20.57,20.53,20.53,,662.0
2018-05-11 10:25,,20.55,2258,20.58,20.53,20.56,,709.0
2018-05-11 10:30,,20.55,2258,20.58,20.55,20.55,,313.0
2018-05-11 10:35,,20.56,2258,20.58,20.55,20.55,,291.0
2018-05-11 10:40,,20.57,2258,20.58,20.55,20.56,,443.0
2018-05-11 10:45,,20.54,2258,20.58,20.51,20.57,,271.0
2018-05-11 10:50,,20.58,2258,20.58,20.51,20.51,,277.0
2018-05-11 10:55,,20.56,2258,20.58,20.55,20.58,,118.0
2018-05-11 11:00,,20.46,2258,20.57,20.45,20.57,,782.0
2018-05-11 11:05,,20.55,2258,20.55,20.46,20.46,,429.0
2018-05-11 11:10,,20.55,2258,20.6,20.54,20.55,,402.0
2018-05-11 11:15,,20.54,2258,20.56,20.51,20.55,,281.0
2018-05-11 11:20,,20.47,2258,20.54,20.46,20.54,,528.0
2018-05-11 11:25,,20.48,2258,20.54,20.47,20.47,,399.0
2018-05-11 11:30,,20.52,2258,20.54,20.44,20.54,,936.0
2018-05-11 13:05,,20.46,2258,20.53,20.43,20.52,,682.0
2018-05-11 13:10,,20.45,2258,20.5,20.45,20.48,,324.0
2018-05-11 13:15,,20.45,2258,20.53,20.45,20.45,,306.0
2018-05-11 13:20,,20.47,2258,20.52,20.45,20.45,,386.0
2018-05-11 13:25,,20.43,2258,20.47,20.42,20.47,,688.0
2018-05-11 13:30,,20.5,2258,20.52,20.43,20.43,,663.0
2018-05-11 13:35,,20.63,2258,20.63,20.5,20.5,,677.0
2018-05-11 13:40,,20.75,2258,20.75,20.6,20.63,,559.0
2018-05-11 13:45,,20.75,2258,20.77,20.7,20.75,,940.0
2018-05-11 13:50,,20.72,2258,20.76,20.71,20.75,,347.0
2018-05-11 13:55,,20.74,2258,20.75,20.66,20.72,,321.0
2018-05-11 14:00,,20.66,2258,20.74,20.66,20.74,,500.0
2018-05-11 14:05,,20.67,2258,20.7,20.66,20.7,,316.0
2018-05-11 14:10,,20.67,2258,20.7,20.66,20.67,,219.0
2018-05-11 14:15,,20.67,2258,20.69,20.67,20.69,,173.0
2018-05-11 14:20,,20.69,2258,20.7,20.67,20.69,,308.0
2018-05-11 14:25,,20.75,2258,20.78,20.69,20.69,,906.0
2018-05-11 14:30,,20.67,2258,20.76,20.62,20.75,,677.0
2018-05-11 14:35,,20.73,2258,20.75,20.67,20.67,,481.0
2018-05-11 14:40,,20.72,2258,20.73,20.67,20.73,,534.0
2018-05-11 14:45,,20.71,2258,20.72,20.7,20.72,,381.0
2018-05-11 14:50,,20.72,2258,20.73,20.71,20.71,,606.0
2018-05-11 14:55,,20.7,2258,20.72,20.64,20.72,,962.0
2018-05-11 15:00,,20.73,2258,20.73,20.7,20.71,,981.0
2018-05-14 09:35,,20.8,2258,20.87,20.71,20.75,,1416.0
2018-05-14 09:40,,20.75,2258,20.82,20.72,20.8,,1236.0
2018-05-14 09:45,,20.79,2258,20.79,20.72,20.75,,710.0
2018-05-14 09:50,,20.65,2258,20.79,20.65,20.79,,653.0
2018-05-14 09:55,,20.65,2258,20.7,20.61,20.65,,728.0
2018-05-14 10:00,,20.64,2258,20.7,20.62,20.65,,406.0
2018-05-14 10:05,,20.65,2258,20.65,20.6,20.64,,408.0
2018-05-14 10:10,,20.78,2258,20.79,20.64,20.65,,715.0
2018-05-14 10:15,,20.79,2258,20.79,20.74,20.79,,367.0
2018-05-14 10:20,,20.83,2258,20.86,20.79,20.79,,976.0
2018-05-14 10:25,,20.83,2258,20.83,20.8,20.83,,374.0
2018-05-14 10:30,,20.82,2258,20.84,20.81,20.83,,437.0
2018-05-14 10:35,,20.84,2258,20.86,20.82,20.82,,682.0
2018-05-14 10:40,,20.88,2258,20.88,20.82,20.84,,873.0
2018-05-14 10:45,,20.96,2258,21.0,20.88,20.88,,1615.0
2018-05-14 10:50,,20.97,2258,20.99,20.93,20.96,,497.0
2018-05-14 10:55,,20.95,2258,20.97,20.94,20.97,,569.0
2018-05-14 11:00,,20.88,2258,20.95,20.86,20.95,,346.0
2018-05-14 11:05,,20.89,2258,20.9,20.83,20.88,,221.0
2018-05-14 11:10,,20.91,2258,20.92,20.87,20.89,,512.0
2018-05-14 11:15,,20.94,2258,20.97,20.91,20.91,,521.0
2018-05-14 11:20,,20.9,2258,20.94,20.9,20.94,,449.0
2018-05-14 11:25,,20.9,2258,20.92,20.89,20.9,,173.0
2018-05-14 11:30,,20.89,2258,20.9,20.88,20.9,,278.0
2018-05-14 13:05,,20.98,2258,20.98,20.89,20.89,,744.0
2018-05-14 13:10,,21.0,2258,21.0,20.96,20.98,,1047.0
2018-05-14 13:15,,21.07,2258,21.08,21.0,21.0,,1290.0
2018-05-14 13:20,,21.02,2258,21.05,21.0,21.05,,517.0
2018-05-14 13:25,,20.99,2258,21.02,20.97,21.02,,580.0
2018-05-14 13:30,,21.05,2258,21.06,20.99,21.0,,998.0
2018-05-14 13:35,,21.06,2258,21.1,21.05,21.05,,996.0
2018-05-14 13:40,,21.07,2258,21.1,21.05,21.06,,1324.0
2018-05-14 13:45,,21.03,2258,21.05,21.01,21.05,,788.0
2018-05-14 13:50,,20.96,2258,21.03,20.91,21.03,,650.0
2018-05-14 13:55,,20.99,2258,20.99,20.93,20.96,,401.0
2018-05-14 14:00,,20.99,2258,21.0,20.95,20.99,,415.0
2018-05-14 14:05,,20.97,2258,21.0,20.96,20.99,,270.0
2018-05-14 14:10,,20.88,2258,20.99,20.88,20.97,,701.0
2018-05-14 14:15,,20.91,2258,20.93,20.88,20.88,,678.0
2018-05-14 14:20,,20.9,2258,20.92,20.88,20.91,,288.0
2018-05-14 14:25,,20.88,2258,20.91,20.88,20.9,,654.0
2018-05-14 14:30,,20.86,2258,20.89,20.86,20.88,,555.0
2018-05-14 14:35,,20.82,2258,20.87,20.8,20.86,,1246.0
2018-05-14 14:40,,20.76,2258,20.82,20.75,20.82,,1051.0
2018-05-14 14:45,,20.79,2258,20.8,20.75,20.75,,764.0
2018-05-14 14:50,,20.83,2258,20.85,20.78,20.79,,746.0
2018-05-14 14:55,,20.94,2258,20.94,20.83,20.83,,565.0
2018-05-14 15:00,,20.95,2258,20.95,20.89,20.94,,887.0
2018-05-15 09:35,,21.06,2258,21.1,20.86,20.95,,1193.0
2018-05-15 09:40,,21.24,2258,21.24,21.06,21.06,,2657.0
2018-05-15 09:45,,21.29,2258,21.29,21.2,21.25,,3846.0
2018-05-15 09:50,,21.37,2258,21.41,21.29,21.29,,3255.0
2018-05-15 09:55,,21.3,2258,21.4,21.3,21.4,,4068.0
2018-05-15 10:00,,21.23,2258,21.32,21.2,21.3,,1651.0
2018-05-15 10:05,,21.23,2258,21.26,21.22,21.24,,1429.0
2018-05-15 10:10,,21.25,2258,21.34,21.23,21.25,,2104.0
2018-05-15 10:15,,21.26,2258,21.3,21.25,21.26,,969.0
2018-05-15 10:20,,21.28,2258,21.3,21.26,21.26,,1022.0
2018-05-15 10:25,,21.33,2258,21.33,21.26,21.28,,1110.0
2018-05-15 10:30,,21.37,2258,21.41,21.32,21.33,,1757.0
2018-05-15 10:35,,21.39,2258,21.4,21.37,21.37,,1264.0
2018-05-15 10:40,,21.51,2258,21.51,21.4,21.4,,4607.0
2018-05-15 10:45,,21.52,2258,21.57,21.51,21.51,,2218.0
2018-05-15 10:50,,21.41,2258,21.52,21.4,21.52,,1024.0
2018-05-15 10:55,,21.45,2258,21.5,21.37,21.41,,1562.0
2018-05-15 11:00,,21.44,2258,21.5,21.41,21.45,,933.0
2018-05-15 11:05,,21.55,2258,21.55,21.42,21.44,,1323.0
2018-05-15 11:10,,21.68,2258,21.69,21.53,21.55,,5919.0
2018-05-15 11:15,,21.67,2258,21.7,21.64,21.68,,2881.0
2018-05-15 11:20,,21.77,2258,21.78,21.67,21.67,,2510.0
2018-05-15 11:25,,21.72,2258,21.76,21.68,21.75,,1277.0
2018-05-15 11:30,,21.81,2258,21.81,21.72,21.72,,2262.0
2018-05-15 13:05,,21.85,2258,21.86,21.8,21.81,,2218.0
2018-05-15 13:10,,21.76,2258,21.86,21.76,21.85,,1367.0
2018-05-15 13:15,,21.73,2258,21.76,21.7,21.76,,1176.0
2018-05-15 13:20,,21.74,2258,21.75,21.73,21.73,,793.0
2018-05-15 13:25,,21.64,2258,21.74,21.6,21.74,,2622.0
2018-05-15 13:30,,21.63,2258,21.64,21.6,21.6,,851.0
2018-05-15 13:35,,21.71,2258,21.71,21.63,21.63,,1623.0
2018-05-15 13:40,,21.73,2258,21.78,21.71,21.71,,760.0
2018-05-15 13:45,,21.74,2258,21.74,21.68,21.73,,834.0
2018-05-15 13:50,,21.76,2258,21.77,21.73,21.73,,1284.0
2018-05-15 13:55,,21.85,2258,21.9,21.76,21.76,,4165.0
2018-05-15 14:00,,21.82,2258,21.85,21.8,21.85,,716.0
2018-05-15 14:05,,21.86,2258,21.9,21.81,21.82,,2128.0
2018-05-15 14:10,,21.88,2258,21.95,21.85,21.86,,1570.0
2018-05-15 14:15,,21.9,2258,21.92,21.85,21.88,,983.0
2018-05-15 14:20,,21.87,2258,21.93,21.87,21.9,,1012.0
2018-05-15 14:25,,21.97,2258,21.98,21.87,21.87,,2303.0
2018-05-15 14:30,,21.97,2258,21.98,21.96,21.98,,1814.0
2018-05-15 14:35,,21.85,2258,21.97,21.85,21.97,,747.0
2018-05-15 14:40,,21.93,2258,21.93,21.85,21.85,,1203.0
2018-05-15 14:45,,21.91,2258,21.93,21.88,21.93,,1520.0
2018-05-15 14:50,,21.95,2258,21.97,21.91,21.91,,2966.0
2018-05-15 14:55,,21.96,2258,21.98,21.95,21.95,,3080.0
2018-05-15 15:00,,22.0,2258,22.0,21.96,21.97,,3869.0
2018-05-16 09:35,,22.19,2258,22.2,21.75,21.88,,4916.0
2018-05-16 09:40,,22.16,2258,22.29,22.07,22.2,,6279.0
2018-05-16 09:45,,21.98,2258,22.16,21.97,22.16,,3277.0
2018-05-16 09:50,,22.07,2258,22.13,21.98,21.98,,3088.0
2018-05-16 09:55,,22.09,2258,22.1,22.04,22.06,,2029.0
2018-05-16 10:00,,22.05,2258,22.12,22.04,22.09,,2127.0
2018-05-16 10:05,,22.13,2258,22.13,22.04,22.05,,2746.0
2018-05-16 10:10,,22.15,2258,22.19,22.12,22.15,,2138.0
2018-05-16 10:15,,22.24,2258,22.26,22.15,22.15,,1054.0
2018-05-16 10:20,,22.25,2258,22.25,22.21,22.24,,1417.0
2018-05-16 10:25,,22.32,2258,22.36,22.25,22.25,,1962.0
2018-05-16 10:30,,22.27,2258,22.34,22.24,22.32,,1796.0
2018-05-16 10:35,,22.15,2258,22.27,22.15,22.27,,1949.0
2018-05-16 10:40,,22.21,2258,22.24,22.16,22.16,,1013.0
2018-05-16 10:45,,22.23,2258,22.23,22.2,22.21,,550.0
2018-05-16 10:50,,22.08,2258,22.24,22.08,22.23,,1960.0
2018-05-16 10:55,,22.17,2258,22.2,22.08,22.08,,1021.0
2018-05-16 11:00,,22.19,2258,22.2,22.17,22.17,,493.0
2018-05-16 11:05,,22.24,2258,22.25,22.19,22.19,,480.0
2018-05-16 11:10,,22.27,2258,22.29,22.24,22.24,,905.0
2018-05-16 11:15,,22.3,2258,22.35,22.24,22.27,,1109.0
2018-05-16 11:20,,22.26,2258,22.3,22.26,22.3,,761.0
2018-05-16 11:25,,22.33,2258,22.33,22.26,22.26,,1333.0
2018-05-16 11:30,,22.29,2258,22.36,22.29,22.33,,947.0
2018-05-16 13:05,,22.29,2258,22.3,22.24,22.29,,644.0
2018-05-16 13:10,,22.29,2258,22.3,22.29,22.29,,540.0
2018-05-16 13:15,,22.33,2258,22.39,22.29,22.29,,1376.0
2018-05-16 13:20,,22.37,2258,22.39,22.33,22.33,,963.0
2018-05-16 13:25,,22.38,2258,22.4,22.36,22.37,,1549.0
2018-05-16 13:30,,22.37,2258,22.4,22.36,22.39,,505.0
2018-05-16 13:35,,22.38,2258,22.4,22.37,22.37,,703.0
2018-05-16 13:40,,22.33,2258,22.4,22.33,22.4,,819.0
2018-05-16 13:45,,22.33,2258,22.35,22.3,22.31,,1312.0
2018-05-16 13:50,,22.32,2258,22.35,22.31,22.33,,1108.0
2018-05-16 13:55,,22.34,2258,22.35,22.31,22.32,,949.0
2018-05-16 14:00,,22.3,2258,22.36,22.3,22.34,,765.0
2018-05-16 14:05,,22.21,2258,22.33,22.21,22.3,,1410.0
2018-05-16 14:10,,22.26,2258,22.26,22.16,22.21,,1429.0
2018-05-16 14:15,,22.1,2258,22.27,22.1,22.26,,912.0
2018-05-16 14:20,,22.1,2258,22.14,22.01,22.1,,1425.0
2018-05-16 14:25,,21.95,2258,22.1,21.95,22.1,,2412.0
2018-05-16 14:30,,21.95,2258,22.05,21.94,21.95,,1341.0
2018-05-16 14:35,,21.86,2258,22.0,21.85,21.95,,2828.0
2018-05-16 14:40,,21.85,2258,21.9,21.84,21.86,,1566.0
2018-05-16 14:45,,21.93,2258,21.93,21.83,21.85,,1542.0
2018-05-16 14:50,,21.96,2258,22.0,21.92,21.93,,1379.0
2018-05-16 14:55,,21.91,2258,21.97,21.91,21.96,,1340.0
2018-05-16 15:00,,21.88,2258,21.91,21.87,21.91,,1653.0
2018-05-17 09:35,,21.89,2258,22.04,21.76,21.79,,1245.0
2018-05-17 09:40,,21.95,2258,21.95,21.85,21.89,,1183.0
2018-05-17 09:45,,22.16,2258,22.18,21.95,21.95,,1850.0
2018-05-17 09:50,,22.21,2258,22.21,22.09,22.16,,1944.0
2018-05-17 09:55,,22.25,2258,22.3,22.19,22.19,,2422.0
2018-05-17 10:00,,22.3,2258,22.32,22.23,22.25,,1825.0
2018-05-17 10:05,,22.44,2258,22.5,22.3,22.3,,4275.0
2018-05-17 10:10,,22.38,2258,22.54,22.38,22.45,,3134.0
2018-05-17 10:15,,22.28,2258,22.4,22.26,22.38,,1618.0
2018-05-17 10:20,,22.31,2258,22.31,22.26,22.27,,871.0
2018-05-17 10:25,,22.4,2258,22.4,22.31,22.31,,1157.0
2018-05-17 10:30,,22.5,2258,22.51,22.39,22.4,,2346.0
2018-05-17 10:35,,22.4,2258,22.5,22.38,22.5,,745.0
2018-05-17 10:40,,22.44,2258,22.44,22.36,22.4,,765.0
2018-05-17 10:45,,22.42,2258,22.45,22.4,22.44,,1237.0
2018-05-17 10:50,,22.38,2258,22.42,22.35,22.42,,780.0
2018-05-17 10:55,,22.4,2258,22.43,22.38,22.38,,446.0
2018-05-17 11:00,,22.45,2258,22.45,22.4,22.4,,1004.0
2018-05-17 11:05,,22.51,2258,22.51,22.45,22.45,,1538.0
2018-05-17 11:10,,22.5,2258,22.51,22.48,22.51,,1132.0
2018-05-17 11:15,,22.57,2258,22.6,22.5,22.5,,2724.0
2018-05-17 11:20,,22.66,2258,22.67,22.57,22.57,,3786.0
2018-05-17 11:25,,22.69,2258,22.7,22.66,22.66,,2096.0
2018-05-17 11:30,,22.75,2258,22.75,22.68,22.69,,756.0
2018-05-17 13:05,,22.73,2258,22.78,22.7,22.75,,1679.0
2018-05-17 13:10,,22.93,2258,22.93,22.73,22.73,,1721.0
2018-05-17 13:15,,22.8,2258,22.95,22.8,22.95,,1922.0
2018-05-17 13:20,,22.77,2258,22.8,22.73,22.8,,1471.0
2018-05-17 13:25,,22.72,2258,22.77,22.65,22.77,,1302.0
2018-05-17 13:30,,22.79,2258,22.79,22.71,22.72,,847.0
2018-05-17 13:35,,22.74,2258,22.8,22.73,22.79,,746.0
2018-05-17 13:40,,22.77,2258,22.8,22.74,22.75,,596.0
2018-05-17 13:45,,22.69,2258,22.78,22.69,22.77,,793.0
2018-05-17 13:50,,22.54,2258,22.69,22.52,22.69,,2245.0
2018-05-17 13:55,,22.48,2258,22.58,22.43,22.54,,2469.0
2018-05-17 14:00,,22.43,2258,22.48,22.37,22.47,,1483.0
2018-05-17 14:05,,22.36,2258,22.46,22.36,22.43,,1314.0
2018-05-17 14:10,,22.27,2258,22.35,22.17,22.35,,1810.0
2018-05-17 14:15,,22.28,2258,22.32,22.28,22.28,,1316.0
2018-05-17 14:20,,22.25,2258,22.28,22.22,22.28,,582.0
2018-05-17 14:25,,22.22,2258,22.27,22.18,22.25,,1413.0
2018-05-17 14:30,,22.2,2258,22.21,22.15,22.19,,737.0
2018-05-17 14:35,,22.38,2258,22.39,22.2,22.21,,872.0
2018-05-17 14:40,,22.31,2258,22.4,22.31,22.38,,636.0
2018-05-17 14:45,,22.3,2258,22.31,22.26,22.31,,741.0
2018-05-17 14:50,,22.3,2258,22.3,22.22,22.3,,1399.0
2018-05-17 14:55,,22.37,2258,22.38,22.26,22.3,,1446.0
2018-05-17 15:00,,22.36,2258,22.37,22.35,22.36,,1189.0
2018-05-18 09:35,,22.56,2258,22.64,22.36,22.36,,2694.0
2018-05-18 09:40,,22.69,2258,22.86,22.64,22.64,,3525.0
2018-05-18 09:45,,22.67,2258,22.75,22.66,22.7,,2324.0
2018-05-18 09:50,,22.37,2258,22.67,22.37,22.67,,1675.0
2018-05-18 09:55,,22.29,2258,22.38,22.1,22.36,,1734.0
2018-05-18 10:00,,22.21,2258,22.33,22.18,22.29,,1058.0
2018-05-18 10:05,,22.4,2258,22.4,22.21,22.21,,1081.0
2018-05-18 10:10,,22.36,2258,22.48,22.36,22.41,,1582.0
2018-05-18 10:15,,22.36,2258,22.36,22.24,22.36,,1593.0
2018-05-18 10:20,,22.44,2258,22.44,22.36,22.36,,632.0
2018-05-18 10:25,,22.42,2258,22.48,22.38,22.44,,871.0
2018-05-18 10:30,,22.35,2258,22.42,22.26,22.42,,1008.0
2018-05-18 10:35,,22.32,2258,22.35,22.3,22.35,,237.0
2018-05-18 10:40,,22.21,2258,22.32,22.19,22.32,,789.0
2018-05-18 10:45,,22.25,2258,22.3,22.21,22.21,,472.0
2018-05-18 10:50,,22.23,2258,22.28,22.21,22.25,,366.0
2018-05-18 10:55,,22.16,2258,22.23,22.14,22.23,,897.0
2018-05-18 11:00,,22.18,2258,22.23,22.16,22.16,,378.0
2018-05-18 11:05,,22.14,2258,22.19,22.13,22.18,,530.0
2018-05-18 11:10,,22.11,2258,22.16,22.02,22.14,,1373.0
2018-05-18 11:15,,22.09,2258,22.16,22.05,22.11,,435.0
2018-05-18 11:20,,22.03,2258,22.09,22.02,22.09,,793.0
2018-05-18 11:25,,22.08,2258,22.1,22.03,22.03,,644.0
2018-05-18 11:30,,22.01,2258,22.1,22.01,22.08,,664.0
2018-05-18 13:05,,21.92,2258,22.01,21.92,22.01,,992.0
2018-05-18 13:10,,21.91,2258,21.97,21.91,21.92,,585.0
2018-05-18 13:15,,22.05,2258,22.05,21.89,21.92,,1296.0
2018-05-18 13:20,,22.08,2258,22.09,22.05,22.05,,516.0
2018-05-18 13:25,,22.0,2258,22.08,21.95,22.08,,897.0
2018-05-18 13:30,,22.09,2258,22.09,22.0,22.0,,626.0
2018-05-18 13:35,,22.18,2258,22.18,22.02,22.09,,536.0
2018-05-18 13:40,,22.19,2258,22.19,22.1,22.18,,316.0
2018-05-18 13:45,,22.22,2258,22.22,22.16,22.19,,598.0
2018-05-18 13:50,,22.28,2258,22.28,22.15,22.22,,960.0
2018-05-18 13:55,,22.22,2258,22.29,22.22,22.28,,406.0
2018-05-18 14:00,,22.25,2258,22.25,22.21,22.22,,568.0
2018-05-18 14:05,,22.36,2258,22.36,22.24,22.24,,895.0
2018-05-18 14:10,,22.26,2258,22.36,22.26,22.36,,498.0
2018-05-18 14:15,,22.27,2258,22.3,22.26,22.26,,381.0
2018-05-18 14:20,,22.13,2258,22.27,22.1,22.27,,787.0
2018-05-18 14:25,,22.15,2258,22.22,22.12,22.13,,838.0
2018-05-18 14:30,,22.26,2258,22.26,22.13,22.15,,567.0
2018-05-18 14:35,,22.22,2258,22.26,22.16,22.26,,681.0
2018-05-18 14:40,,22.17,2258,22.23,22.17,22.22,,305.0
2018-05-18 14:45,,22.12,2258,22.18,22.12,22.18,,751.0
2018-05-18 14:50,,22.18,2258,22.18,22.07,22.12,,1346.0
2018-05-18 14:55,,22.17,2258,22.18,22.14,22.18,,815.0
2018-05-18 15:00,,22.17,2258,22.17,22.15,22.17,,519.0
2018-05-21 09:35,,22.44,2258,22.5,22.19,22.19,,2878.0
2018-05-21 09:40,,22.46,2258,22.48,22.36,22.43,,2287.0
2018-05-21 09:45,,22.65,2258,22.65,22.46,22.46,,2283.0
2018-05-21 09:50,,22.75,2258,22.78,22.6,22.65,,2199.0
2018-05-21 09:55,,22.7,2258,22.79,22.7,22.75,,3619.0
2018-05-21 10:00,,22.63,2258,22.7,22.56,22.7,,2338.0
2018-05-21 10:05,,22.61,2258,22.66,22.6,22.65,,2010.0
2018-05-21 10:10,,22.64,2258,22.65,22.56,22.6,,1994.0
2018-05-21 10:15,,22.42,2258,22.66,22.41,22.64,,1886.0
2018-05-21 10:20,,22.47,2258,22.47,22.39,22.43,,1599.0
2018-05-21 10:25,,22.4,2258,22.5,22.4,22.47,,1803.0
2018-05-21 10:30,,22.48,2258,22.48,22.4,22.4,,1351.0
2018-05-21 10:35,,22.47,2258,22.49,22.46,22.48,,669.0
2018-05-21 10:40,,22.48,2258,22.49,22.42,22.47,,580.0
2018-05-21 10:45,,22.46,2258,22.49,22.44,22.48,,509.0
2018-05-21 10:50,,22.45,2258,22.48,22.43,22.46,,404.0
2018-05-21 10:55,,22.54,2258,22.54,22.45,22.45,,701.0
2018-05-21 11:00,,22.51,2258,22.54,22.49,22.54,,520.0
2018-05-21 11:05,,22.61,2258,22.62,22.51,22.51,,410.0
2018-05-21 11:10,,22.57,2258,22.61,22.55,22.61,,411.0
2018-05-21 11:15,,22.56,2258,22.57,22.54,22.57,,741.0
2018-05-21 11:20,,22.57,2258,22.59,22.55,22.56,,696.0
2018-05-21 11:25,,22.72,2258,22.72,22.57,22.57,,1132.0
2018-05-21 11:30,,22.71,2258,22.73,22.7,22.72,,882.0
2018-05-21 13:05,,22.8,2258,22.8,22.71,22.71,,852.0
2018-05-21 13:10,,22.72,2258,22.8,22.72,22.78,,521.0
2018-05-21 13:15,,22.6,2258,22.73,22.6,22.72,,610.0
2018-05-21 13:20,,22.66,2258,22.66,22.6,22.6,,417.0
2018-05-21 13:25,,22.56,2258,22.66,22.55,22.66,,678.0
2018-05-21 13:30,,22.57,2258,22.57,22.55,22.56,,539.0
2018-05-21 13:35,,22.64,2258,22.66,22.57,22.57,,722.0
2018-05-21 13:40,,22.7,2258,22.7,22.63,22.64,,291.0
2018-05-21 13:45,,22.65,2258,22.71,22.64,22.7,,684.0
2018-05-21 13:50,,22.69,2258,22.71,22.66,22.66,,525.0
2018-05-21 13:55,,22.65,2258,22.69,22.64,22.69,,777.0
2018-05-21 14:00,,22.59,2258,22.65,22.58,22.65,,267.0
2018-05-21 14:05,,22.64,2258,22.64,22.59,22.6,,934.0
2018-05-21 14:10,,22.57,2258,22.64,22.57,22.63,,793.0
2018-05-21 14:15,,22.62,2258,22.62,22.56,22.57,,703.0
2018-05-21 14:20,,22.6,2258,22.63,22.6,22.62,,244.0
2018-05-21 14:25,,22.56,2258,22.61,22.55,22.6,,984.0
2018-05-21 14:30,,22.52,2258,22.57,22.52,22.56,,731.0
2018-05-21 14:35,,22.61,2258,22.61,22.5,22.52,,1451.0
2018-05-21 14:40,,22.6,2258,22.62,22.6,22.61,,615.0
2018-05-21 14:45,,22.5,2258,22.62,22.5,22.61,,1572.0
2018-05-21 14:50,,22.53,2258,22.55,22.51,22.52,,1183.0
2018-05-21 14:55,,22.53,2258,22.54,22.51,22.54,,863.0
2018-05-21 15:00,,22.59,2258,22.59,22.53,22.53,,515.0
2018-05-22 09:35,,22.6,2258,22.78,22.52,22.59,,1930.0
2018-05-22 09:40,,22.44,2258,22.66,22.44,22.6,,1316.0
2018-05-22 09:45,,22.49,2258,22.49,22.31,22.44,,2057.0
2018-05-22 09:50,,22.43,2258,22.56,22.43,22.49,,1015.0
2018-05-22 09:55,,22.59,2258,22.59,22.42,22.43,,833.0
2018-05-22 10:00,,22.63,2258,22.68,22.58,22.59,,707.0
2018-05-22 10:05,,22.62,2258,22.63,22.58,22.63,,623.0
2018-05-22 10:10,,22.62,2258,22.64,22.61,22.62,,590.0
2018-05-22 10:15,,22.61,2258,22.63,22.58,22.62,,432.0
2018-05-22 10:20,,22.62,2258,22.64,22.61,22.61,,443.0
2018-05-22 10:25,,22.77,2258,22.77,22.61,22.61,,1352.0
2018-05-22 10:30,,22.73,2258,22.78,22.67,22.77,,1141.0
2018-05-22 10:35,,22.69,2258,22.72,22.67,22.71,,331.0
2018-05-22 10:40,,22.66,2258,22.69,22.65,22.69,,901.0
2018-05-22 10:45,,22.65,2258,22.69,22.63,22.66,,380.0
2018-05-22 10:50,,22.64,2258,22.68,22.64,22.65,,205.0
2018-05-22 10:55,,22.45,2258,22.64,22.45,22.64,,923.0
2018-05-22 11:00,,22.4,2258,22.48,22.39,22.43,,855.0
2018-05-22 11:05,,22.48,2258,22.48,22.36,22.4,,842.0
2018-05-22 11:10,,22.48,2258,22.5,22.45,22.48,,197.0
2018-05-22 11:15,,22.47,2258,22.49,22.45,22.48,,180.0
2018-05-22 11:20,,22.59,2258,22.59,22.46,22.47,,486.0
2018-05-22 11:25,,22.57,2258,22.6,22.52,22.59,,124.0
2018-05-22 11:30,,22.52,2258,22.57,22.5,22.57,,191.0
2018-05-22 13:05,,22.6,2258,22.6,22.5,22.52,,304.0
2018-05-22 13:10,,22.56,2258,22.58,22.52,22.54,,190.0
2018-05-22 13:15,,22.57,2258,22.59,22.56,22.56,,125.0
2018-05-22 13:20,,22.5,2258,22.58,22.48,22.57,,609.0
2018-05-22 13:25,,22.42,2258,22.5,22.37,22.5,,684.0
2018-05-22 13:30,,22.35,2258,22.43,22.35,22.42,,1164.0
2018-05-22 13:35,,22.33,2258,22.36,22.29,22.35,,1776.0
2018-05-22 13:40,,22.4,2258,22.5,22.33,22.35,,794.0
2018-05-22 13:45,,22.48,2258,22.5,22.4,22.4,,245.0
2018-05-22 13:50,,22.43,2258,22.48,22.4,22.48,,118.0
2018-05-22 13:55,,22.41,2258,22.45,22.4,22.43,,298.0
2018-05-22 14:00,,22.38,2258,22.41,22.37,22.41,,204.0
2018-05-22 14:05,,22.38,2258,22.4,22.38,22.38,,441.0
2018-05-22 14:10,,22.38,2258,22.43,22.34,22.38,,818.0
2018-05-22 14:15,,22.38,2258,22.41,22.37,22.38,,480.0
2018-05-22 14:20,,22.37,2258,22.4,22.36,22.37,,643.0
2018-05-22 14:25,,22.36,2258,22.38,22.36,22.37,,523.0
2018-05-22 14:30,,22.39,2258,22.4,22.36,22.36,,520.0
2018-05-22 14:35,,22.37,2258,22.41,22.37,22.37,,845.0
2018-05-22 14:40,,22.44,2258,22.44,22.37,22.37,,471.0
2018-05-22 14:45,,22.4,2258,22.44,22.39,22.44,,247.0
2018-05-22 14:50,,22.39,2258,22.43,22.38,22.39,,633.0
2018-05-22 14:55,,22.43,2258,22.44,22.39,22.39,,1018.0
2018-05-22 15:00,,22.49,2258,22.49,22.43,22.43,,710.0
2018-05-23 09:35,,22.76,2258,22.78,22.48,22.48,,3148.0
2018-05-23 09:40,,23.07,2258,23.08,22.77,22.77,,5440.0
2018-05-23 09:45,,22.93,2258,23.09,22.86,23.07,,2982.0
2018-05-23 09:50,,22.75,2258,22.93,22.7,22.93,,1424.0
2018-05-23 09:55,,22.66,2258,22.79,22.66,22.75,,1035.0
2018-05-23 10:00,,22.62,2258,22.7,22.54,22.66,,836.0
2018-05-23 10:05,,22.72,2258,22.75,22.61,22.62,,652.0
2018-05-23 10:10,,22.64,2258,22.72,22.63,22.72,,215.0
2018-05-23 10:15,,22.64,2258,22.68,22.64,22.64,,201.0
2018-05-23 10:20,,22.65,2258,22.67,22.64,22.64,,219.0
2018-05-23 10:25,,22.62,2258,22.69,22.62,22.65,,516.0
2018-05-23 10:30,,22.55,2258,22.62,22.54,22.62,,1167.0
2018-05-23 10:35,,22.48,2258,22.55,22.45,22.55,,1445.0
2018-05-23 10:40,,22.34,2258,22.5,22.3,22.48,,1331.0
2018-05-23 10:45,,22.29,2258,22.38,22.29,22.34,,1178.0
2018-05-23 10:50,,22.41,2258,22.46,22.27,22.29,,665.0
2018-05-23 10:55,,22.31,2258,22.45,22.3,22.41,,459.0
2018-05-23 11:00,,22.3,2258,22.31,22.27,22.31,,749.0
2018-05-23 11:05,,22.16,2258,22.3,22.13,22.3,,1688.0
2018-05-23 11:10,,22.13,2258,22.2,22.1,22.16,,1126.0
2018-05-23 11:15,,22.18,2258,22.23,22.13,22.13,,594.0
2018-05-23 11:20,,22.19,2258,22.23,22.17,22.18,,191.0
2018-05-23 11:25,,22.16,2258,22.2,22.15,22.19,,493.0
2018-05-23 11:30,,22.12,2258,22.16,22.12,22.16,,646.0
2018-05-23 13:05,,22.09,2258,22.13,22.08,22.12,,1415.0
2018-05-23 13:10,,22.01,2258,22.11,22.01,22.08,,947.0
2018-05-23 13:15,,21.98,2258,22.05,21.93,22.0,,1532.0
2018-05-23 13:20,,21.96,2258,21.98,21.88,21.98,,1435.0
2018-05-23 13:25,,21.99,2258,22.04,21.97,21.97,,446.0
2018-05-23 13:30,,22.0,2258,22.01,21.98,22.0,,591.0
2018-05-23 13:35,,21.89,2258,22.0,21.88,22.0,,1091.0
2018-05-23 13:40,,21.97,2258,21.97,21.89,21.89,,951.0
2018-05-23 13:45,,21.9,2258,21.99,21.88,21.97,,1527.0
2018-05-23 13:50,,21.91,2258,21.94,21.9,21.9,,391.0
2018-05-23 13:55,,21.81,2258,21.91,21.8,21.91,,2667.0
2018-05-23 14:00,,21.65,2258,21.81,21.6,21.81,,6046.0
2018-05-23 14:05,,21.57,2258,21.68,21.57,21.65,,2643.0
2018-05-23 14:10,,21.71,2258,21.78,21.57,21.57,,1650.0
2018-05-23 14:15,,21.82,2258,21.83,21.7,21.71,,901.0
2018-05-23 14:20,,21.8,2258,21.82,21.75,21.82,,1047.0
2018-05-23 14:25,,21.79,2258,21.82,21.78,21.8,,547.0
2018-05-23 14:30,,21.6,2258,21.8,21.6,21.79,,1302.0
2018-05-23 14:35,,21.65,2258,21.66,21.6,21.6,,882.0
2018-05-23 14:40,,21.72,2258,21.8,21.65,21.65,,404.0
2018-05-23 14:45,,21.62,2258,21.72,21.62,21.72,,2675.0
2018-05-23 14:50,,21.6,2258,21.63,21.59,21.62,,2113.0
2018-05-23 14:55,,21.59,2258,21.6,21.57,21.6,,2093.0
2018-05-23 15:00,,21.6,2258,21.6,21.58,21.59,,792.0
2018-05-24 09:35,,21.96,2258,21.99,21.66,21.66,,4869.0
2018-05-24 09:40,,21.76,2258,22.0,21.76,21.97,,3016.0
2018-05-24 09:45,,21.9,2258,21.95,21.73,21.76,,1871.0
2018-05-24 09:50,,22.02,2258,22.09,21.87,21.9,,3188.0
2018-05-24 09:55,,22.16,2258,22.29,21.95,22.02,,3091.0
2018-05-24 10:00,,22.16,2258,22.18,22.06,22.16,,1764.0
2018-05-24 10:05,,22.18,2258,22.28,22.16,22.16,,2641.0
2018-05-24 10:10,,22.28,2258,22.29,22.02,22.18,,2658.0
2018-05-24 10:15,,22.35,2258,22.39,22.2,22.28,,3168.0
2018-05-24 10:20,,22.47,2258,22.49,22.3,22.35,,3530.0
2018-05-24 10:25,,22.37,2258,22.49,22.37,22.44,,1446.0
2018-05-24 10:30,,22.34,2258,22.4,22.25,22.32,,1266.0
2018-05-24 10:35,,22.29,2258,22.33,22.21,22.25,,1442.0
2018-05-24 10:40,,22.14,2258,22.29,22.14,22.29,,1235.0
2018-05-24 10:45,,22.27,2258,22.32,22.14,22.14,,1159.0
2018-05-24 10:50,,22.15,2258,22.27,22.13,22.27,,762.0
2018-05-24 10:55,,22.24,2258,22.28,22.08,22.18,,1331.0
2018-05-24 11:00,,22.3,2258,22.3,22.23,22.24,,881.0
2018-05-24 11:05,,22.35,2258,22.35,22.25,22.3,,1005.0
2018-05-24 11:10,,22.37,2258,22.38,22.3,22.35,,622.0
2018-05-24 11:15,,22.34,2258,22.37,22.25,22.37,,945.0
2018-05-24 11:20,,22.31,2258,22.35,22.27,22.34,,624.0
2018-05-24 11:25,,22.34,2258,22.35,22.25,22.31,,740.0
2018-05-24 11:30,,22.36,2258,22.36,22.26,22.34,,872.0
2018-05-24 13:05,,22.43,2258,22.43,22.36,22.36,,2329.0
2018-05-24 13:10,,22.43,2258,22.44,22.37,22.44,,1108.0
2018-05-24 13:15,,22.45,2258,22.47,22.41,22.43,,1177.0
2018-05-24 13:20,,22.45,2258,22.47,22.42,22.45,,1605.0
2018-05-24 13:25,,22.44,2258,22.45,22.37,22.45,,1180.0
2018-05-24 13:30,,22.39,2258,22.45,22.35,22.44,,1669.0
2018-05-24 13:35,,22.37,2258,22.4,22.21,22.39,,1171.0
2018-05-24 13:40,,22.38,2258,22.41,22.37,22.37,,1206.0
2018-05-24 13:45,,22.46,2258,22.48,22.38,22.39,,2558.0
2018-05-24 13:50,,22.45,2258,22.5,22.43,22.46,,3773.0
2018-05-24 13:55,,22.57,2258,22.65,22.45,22.45,,2696.0
2018-05-24 14:00,,22.53,2258,22.58,22.5,22.57,,1031.0
2018-05-24 14:05,,22.49,2258,22.52,22.48,22.52,,792.0
2018-05-24 14:10,,22.56,2258,22.63,22.49,22.49,,1629.0
2018-05-24 14:15,,22.56,2258,22.6,22.51,22.56,,1187.0
2018-05-24 14:20,,22.69,2258,22.76,22.52,22.56,,3303.0
2018-05-24 14:25,,22.62,2258,22.7,22.6,22.7,,1244.0
2018-05-24 14:30,,22.5,2258,22.6,22.5,22.6,,994.0
2018-05-24 14:35,,22.48,2258,22.5,22.47,22.5,,704.0
2018-05-24 14:40,,22.5,2258,22.55,22.47,22.48,,1463.0
2018-05-24 14:45,,22.56,2258,22.6,22.49,22.5,,1460.0
2018-05-24 14:50,,22.62,2258,22.62,22.51,22.56,,1911.0
2018-05-24 14:55,,22.56,2258,22.62,22.54,22.62,,1292.0
2018-05-24 15:00,,22.54,2258,22.56,22.52,22.56,,1020.0
2018-05-25 09:35,,22.32,2258,22.7,22.15,22.7,,2714.0
2018-05-25 09:40,,22.27,2258,22.43,22.25,22.32,,1644.0
2018-05-25 09:45,,22.24,2258,22.27,22.18,22.27,,1540.0
2018-05-25 09:50,,22.23,2258,22.27,21.95,22.24,,3570.0
2018-05-25 09:55,,22.06,2258,22.23,22.01,22.23,,1361.0
2018-05-25 10:00,,22.05,2258,22.15,22.04,22.06,,1378.0
2018-05-25 10:05,,22.06,2258,22.09,22.02,22.05,,1134.0
2018-05-25 10:10,,22.05,2258,22.08,22.02,22.06,,1364.0
2018-05-25 10:15,,21.88,2258,22.05,21.87,22.05,,3902.0
2018-05-25 10:20,,21.78,2258,21.94,21.75,21.88,,2942.0
2018-05-25 10:25,,21.81,2258,21.83,21.77,21.81,,1264.0
2018-05-25 10:30,,21.81,2258,21.89,21.8,21.81,,974.0
2018-05-25 10:35,,21.69,2258,21.81,21.51,21.81,,3951.0
2018-05-25 10:40,,21.58,2258,21.69,21.55,21.69,,1419.0
2018-05-25 10:45,,21.74,2258,21.75,21.57,21.58,,1204.0
2018-05-25 10:50,,21.72,2258,21.74,21.67,21.74,,598.0
2018-05-25 10:55,,21.61,2258,21.72,21.61,21.72,,603.0
2018-05-25 11:00,,21.57,2258,21.65,21.57,21.61,,1507.0
2018-05-25 11:05,,21.53,2258,21.58,21.43,21.57,,3687.0
2018-05-25 11:10,,21.44,2258,21.55,21.44,21.53,,1120.0
2018-05-25 11:15,,21.55,2258,21.58,21.41,21.45,,2170.0
2018-05-25 11:20,,21.52,2258,21.56,21.48,21.55,,726.0
2018-05-25 11:25,,21.47,2258,21.53,21.47,21.52,,1657.0
2018-05-25 11:30,,21.55,2258,21.55,21.46,21.47,,800.0
2018-05-25 13:05,,21.55,2258,21.58,21.5,21.55,,963.0
2018-05-25 13:10,,21.45,2258,21.55,21.43,21.55,,1268.0
2018-05-25 13:15,,21.35,2258,21.45,21.35,21.45,,2252.0
2018-05-25 13:20,,21.22,2258,21.34,21.09,21.34,,3034.0
2018-05-25 13:25,,20.93,2258,21.22,20.86,21.22,,4735.0
2018-05-25 13:30,,21.12,2258,21.14,20.91,20.95,,2573.0
2018-05-25 13:35,,21.04,2258,21.12,21.02,21.12,,2001.0
2018-05-25 13:40,,21.07,2258,21.07,20.96,21.04,,2977.0
2018-05-25 13:45,,20.9,2258,21.07,20.86,21.07,,4431.0
2018-05-25 13:50,,20.88,2258,20.93,20.86,20.9,,2412.0
2018-05-25 13:55,,20.87,2258,20.91,20.73,20.88,,4039.0
2018-05-25 14:00,,20.82,2258,20.9,20.81,20.87,,1598.0
2018-05-25 14:05,,20.71,2258,20.83,20.62,20.82,,2399.0
2018-05-25 14:10,,20.57,2258,20.71,20.57,20.68,,3517.0
2018-05-25 14:15,,20.3,2258,20.59,20.29,20.58,,8279.0
2018-05-25 14:20,,20.4,2258,20.4,20.29,20.3,,9100.0
2018-05-25 14:25,,20.33,2258,20.41,20.33,20.4,,3080.0
2018-05-25 14:30,,20.36,2258,20.36,20.33,20.33,,1330.0
2018-05-25 14:35,,20.5,2258,20.56,20.34,20.36,,2090.0
2018-05-25 14:40,,20.41,2258,20.5,20.4,20.5,,1460.0
2018-05-25 14:45,,20.31,2258,20.42,20.31,20.41,,2127.0
2018-05-25 14:50,,20.3,2258,20.34,20.3,20.31,,4041.0
2018-05-25 14:55,,20.35,2258,20.39,20.3,20.31,,2405.0
2018-05-25 15:00,,20.32,2258,20.37,20.32,20.35,,1351.0
2018-05-28 09:35,,20.41,2258,20.53,20.16,20.32,,8867.0
2018-05-28 09:40,,19.84,2258,20.44,19.81,20.41,,6451.0
2018-05-28 09:45,,19.6,2258,19.85,19.03,19.84,,10261.0
2018-05-28 09:50,,19.77,2258,19.91,19.58,19.6,,3151.0
2018-05-28 09:55,,19.96,2258,20.0,19.73,19.77,,2902.0
2018-05-28 10:00,,20.1,2258,20.1,19.92,19.95,,1939.0
2018-05-28 10:05,,20.46,2258,20.5,20.1,20.1,,2297.0
2018-05-28 10:10,,20.63,2258,20.67,20.3,20.46,,3197.0
2018-05-28 10:15,,20.75,2258,20.75,20.56,20.63,,2404.0
2018-05-28 10:20,,20.68,2258,20.73,20.56,20.73,,1361.0
2018-05-28 10:25,,20.68,2258,20.76,20.54,20.68,,1972.0
2018-05-28 10:30,,20.7,2258,20.76,20.68,20.68,,1646.0
2018-05-28 10:35,,20.97,2258,20.97,20.69,20.7,,3003.0
2018-05-28 10:40,,21.03,2258,21.1,20.86,20.97,,2896.0
2018-05-28 10:45,,20.86,2258,21.03,20.86,21.03,,827.0
2018-05-28 10:50,,20.72,2258,20.94,20.61,20.86,,1661.0
2018-05-28 10:55,,20.7,2258,20.73,20.68,20.72,,1241.0
2018-05-28 11:00,,20.75,2258,20.75,20.62,20.7,,1182.0
2018-05-28 11:05,,20.95,2258,21.03,20.75,20.75,,1897.0
2018-05-28 11:10,,20.99,2258,21.01,20.93,20.95,,988.0
2018-05-28 11:15,,20.97,2258,20.99,20.94,20.99,,788.0
2018-05-28 11:20,,21.03,2258,21.08,20.97,20.97,,1644.0
2018-05-28 11:25,,20.91,2258,21.02,20.89,21.02,,641.0
2018-05-28 11:30,,20.93,2258,21.0,20.9,20.91,,355.0
2018-05-28 13:05,,20.95,2258,21.0,20.92,20.93,,1006.0
2018-05-28 13:10,,20.94,2258,20.95,20.92,20.95,,874.0
2018-05-28 13:15,,21.08,2258,21.08,20.92,20.94,,1706.0
2018-05-28 13:20,,21.1,2258,21.16,21.07,21.07,,1965.0
2018-05-28 13:25,,21.12,2258,21.14,21.1,21.1,,2822.0
2018-05-28 13:30,,21.06,2258,21.15,21.06,21.12,,1257.0
2018-05-28 13:35,,21.18,2258,21.2,21.05,21.06,,1943.0
2018-05-28 13:40,,21.17,2258,21.27,21.08,21.18,,1554.0
2018-05-28 13:45,,21.2,2258,21.25,21.17,21.17,,750.0
2018-05-28 13:50,,21.23,2258,21.24,21.2,21.2,,806.0
2018-05-28 13:55,,21.09,2258,21.23,21.02,21.23,,1041.0
2018-05-28 14:00,,21.05,2258,21.06,20.94,21.06,,1314.0
2018-05-28 14:05,,21.0,2258,21.1,20.99,21.09,,1352.0
2018-05-28 14:10,,20.93,2258,21.01,20.92,21.0,,1214.0
2018-05-28 14:15,,20.96,2258,20.99,20.82,20.93,,1290.0
2018-05-28 14:20,,20.91,2258,20.96,20.9,20.96,,633.0
2018-05-28 14:25,,21.03,2258,21.04,20.91,20.91,,1124.0
2018-05-28 14:30,,21.17,2258,21.17,20.96,21.03,,1173.0
2018-05-28 14:35,,21.11,2258,21.18,21.08,21.17,,680.0
2018-05-28 14:40,,21.04,2258,21.14,21.04,21.11,,773.0
2018-05-28 14:45,,21.0,2258,21.04,20.98,21.04,,746.0
2018-05-28 14:50,,21.01,2258,21.01,20.95,21.01,,1277.0
2018-05-28 14:55,,21.03,2258,21.05,20.97,21.03,,1215.0
2018-05-28 15:00,,21.05,2258,21.06,21.03,21.03,,1111.0
2018-05-29 09:35,,21.35,2258,21.35,20.87,20.87,,4143.0
2018-05-29 09:40,,21.55,2258,21.56,21.24,21.35,,3463.0
2018-05-29 09:45,,21.39,2258,21.55,21.39,21.55,,1499.0
2018-05-29 09:50,,21.36,2258,21.43,21.33,21.41,,1511.0
2018-05-29 09:55,,21.51,2258,21.51,21.36,21.36,,1570.0
2018-05-29 10:00,,21.43,2258,21.52,21.4,21.5,,1478.0
2018-05-29 10:05,,21.39,2258,21.41,21.25,21.41,,2280.0
2018-05-29 10:10,,21.53,2258,21.53,21.39,21.39,,1551.0
2018-05-29 10:15,,21.53,2258,21.53,21.47,21.53,,944.0
2018-05-29 10:20,,21.59,2258,21.67,21.51,21.53,,3288.0
2018-05-29 10:25,,21.66,2258,21.68,21.55,21.59,,1537.0
2018-05-29 10:30,,21.67,2258,21.67,21.6,21.67,,1144.0
2018-05-29 10:35,,21.87,2258,21.87,21.67,21.67,,4092.0
2018-05-29 10:40,,21.81,2258,21.88,21.79,21.87,,1359.0
2018-05-29 10:45,,21.88,2258,21.91,21.81,21.81,,1192.0
2018-05-29 10:50,,21.74,2258,21.88,21.72,21.88,,1513.0
2018-05-29 10:55,,21.86,2258,21.87,21.73,21.74,,1298.0
2018-05-29 11:00,,21.85,2258,21.93,21.81,21.86,,1994.0
2018-05-29 11:05,,21.92,2258,21.96,21.85,21.85,,912.0
2018-05-29 11:10,,21.96,2258,21.97,21.91,21.92,,736.0
2018-05-29 11:15,,21.95,2258,21.98,21.94,21.96,,1367.0
2018-05-29 11:20,,21.97,2258,21.98,21.96,21.96,,1778.0
2018-05-29 11:25,,21.88,2258,21.98,21.88,21.97,,1606.0
2018-05-29 11:30,,21.88,2258,21.91,21.82,21.91,,671.0
2018-05-29 13:05,,21.86,2258,21.88,21.76,21.88,,1788.0
2018-05-29 13:10,,21.86,2258,21.9,21.85,21.86,,1252.0
2018-05-29 13:15,,21.8,2258,21.87,21.8,21.86,,1094.0
2018-05-29 13:20,,21.88,2258,21.9,21.78,21.8,,865.0
2018-05-29 13:25,,21.87,2258,21.93,21.86,21.88,,1567.0
2018-05-29 13:30,,21.83,2258,21.9,21.77,21.88,,2554.0
2018-05-29 13:35,,21.89,2258,21.92,21.83,21.83,,3553.0
2018-05-29 13:40,,21.85,2258,21.92,21.84,21.89,,3512.0
2018-05-29 13:45,,21.87,2258,21.93,21.84,21.85,,6039.0
2018-05-29 13:50,,21.88,2258,21.93,21.87,21.87,,1450.0
2018-05-29 13:55,,21.79,2258,21.89,21.79,21.88,,1829.0
2018-05-29 14:00,,21.77,2258,21.8,21.76,21.79,,536.0
2018-05-29 14:05,,21.6,2258,21.77,21.6,21.77,,1522.0
2018-05-29 14:10,,21.8,2258,21.8,21.52,21.6,,2110.0
2018-05-29 14:15,,21.78,2258,21.86,21.76,21.8,,1884.0
2018-05-29 14:20,,21.81,2258,21.83,21.77,21.78,,1693.0
2018-05-29 14:25,,21.85,2258,21.85,21.79,21.81,,1771.0
2018-05-29 14:30,,21.85,2258,21.89,21.84,21.85,,1676.0
2018-05-29 14:35,,21.85,2258,21.85,21.79,21.85,,1742.0
2018-05-29 14:40,,21.86,2258,21.87,21.81,21.85,,1002.0
2018-05-29 14:45,,21.85,2258,21.92,21.83,21.86,,1290.0
2018-05-29 14:50,,21.82,2258,21.85,21.78,21.85,,1167.0
2018-05-29 14:55,,21.79,2258,21.82,21.71,21.82,,1136.0
2018-05-29 15:00,,21.72,2258,21.8,21.72,21.79,,1052.0
2018-05-30 09:35,,21.09,2258,21.5,21.01,21.01,,5447.0
2018-05-30 09:40,,21.08,2258,21.25,21.07,21.13,,2574.0
2018-05-30 09:45,,21.2,2258,21.25,21.08,21.08,,1595.0
2018-05-30 09:50,,21.13,2258,21.23,21.1,21.2,,1246.0
2018-05-30 09:55,,21.18,2258,21.2,21.11,21.15,,749.0
2018-05-30 10:00,,21.33,2258,21.5,21.18,21.18,,614.0
2018-05-30 10:05,,21.41,2258,21.41,21.26,21.33,,381.0
2018-05-30 10:10,,21.37,2258,21.41,21.28,21.41,,755.0
2018-05-30 10:15,,21.33,2258,21.37,21.28,21.37,,504.0
2018-05-30 10:20,,21.28,2258,21.37,21.28,21.33,,456.0
2018-05-30 10:25,,21.17,2258,21.36,21.17,21.28,,632.0
2018-05-30 10:30,,21.13,2258,21.19,21.08,21.17,,1520.0
2018-05-30 10:35,,20.97,2258,21.13,20.89,21.13,,2178.0
2018-05-30 10:40,,21.07,2258,21.17,20.96,20.96,,839.0
2018-05-30 10:45,,20.94,2258,21.13,20.94,21.11,,917.0
2018-05-30 10:50,,21.02,2258,21.07,20.94,20.94,,617.0
2018-05-30 10:55,,20.98,2258,21.07,20.98,21.02,,421.0
2018-05-30 11:00,,21.02,2258,21.08,20.92,20.98,,828.0
2018-05-30 11:05,,20.96,2258,21.05,20.92,21.05,,951.0
2018-05-30 11:10,,20.9,2258,21.01,20.82,20.96,,1418.0
2018-05-30 11:15,,20.8,2258,20.94,20.66,20.9,,1285.0
2018-05-30 11:20,,20.55,2258,20.81,20.3,20.8,,5680.0
2018-05-30 11:25,,20.5,2258,20.55,20.39,20.55,,1375.0
2018-05-30 11:30,,20.69,2258,20.75,20.5,20.5,,909.0
2018-05-30 13:05,,20.64,2258,20.69,20.53,20.69,,2229.0
2018-05-30 13:10,,20.53,2258,20.64,20.49,20.64,,1054.0
2018-05-30 13:15,,20.46,2258,20.55,20.46,20.53,,1021.0
2018-05-30 13:20,,20.49,2258,20.49,20.39,20.45,,1140.0
2018-05-30 13:25,,20.49,2258,20.5,20.42,20.49,,534.0
2018-05-30 13:30,,20.68,2258,20.68,20.49,20.49,,1016.0
2018-05-30 13:35,,20.64,2258,20.75,20.61,20.68,,644.0
2018-05-30 13:40,,20.73,2258,20.86,20.64,20.64,,1006.0
2018-05-30 13:45,,20.8,2258,20.84,20.71,20.73,,626.0
2018-05-30 13:50,,20.84,2258,20.85,20.79,20.8,,411.0
2018-05-30 13:55,,20.77,2258,20.86,20.77,20.84,,560.0
2018-05-30 14:00,,20.8,2258,20.81,20.73,20.76,,391.0
2018-05-30 14:05,,20.6,2258,20.8,20.6,20.8,,1432.0
2018-05-30 14:10,,20.55,2258,20.65,20.53,20.6,,764.0
2018-05-30 14:15,,20.45,2258,20.6,20.45,20.55,,1380.0
2018-05-30 14:20,,20.43,2258,20.5,20.4,20.45,,1460.0
2018-05-30 14:25,,20.33,2258,20.44,20.33,20.43,,1622.0
2018-05-30 14:30,,20.38,2258,20.4,20.26,20.33,,3112.0
2018-05-30 14:35,,20.32,2258,20.42,20.31,20.38,,1869.0
2018-05-30 14:40,,20.31,2258,20.35,20.3,20.31,,1419.0
2018-05-30 14:45,,20.28,2258,20.34,20.28,20.3,,1049.0
2018-05-30 14:50,,20.05,2258,20.29,20.05,20.28,,2182.0
2018-05-30 14:55,,19.94,2258,20.13,19.9,20.05,,3749.0
2018-05-30 15:00,,19.93,2258,19.94,19.9,19.94,,1720.0
2018-05-31 09:35,,20.62,2258,20.89,20.14,20.14,,5435.0
2018-05-31 09:40,,20.76,2258,20.79,20.51,20.62,,3363.0
2018-05-31 09:45,,20.65,2258,20.79,20.63,20.76,,1100.0
2018-05-31 09:50,,20.61,2258,20.68,20.56,20.65,,896.0
2018-05-31 09:55,,20.62,2258,20.67,20.56,20.61,,1712.0
2018-05-31 10:00,,20.54,2258,20.62,20.54,20.62,,783.0
2018-05-31 10:05,,20.71,2258,20.82,20.43,20.5,,3549.0
2018-05-31 10:10,,20.84,2258,20.98,20.7,20.71,,2142.0
2018-05-31 10:15,,20.88,2258,20.95,20.74,20.82,,1101.0
2018-05-31 10:20,,20.6,2258,20.9,20.59,20.88,,1097.0
2018-05-31 10:25,,20.65,2258,20.8,20.6,20.61,,1333.0
2018-05-31 10:30,,20.58,2258,20.72,20.57,20.65,,486.0
2018-05-31 10:35,,20.56,2258,20.59,20.56,20.58,,347.0
2018-05-31 10:40,,20.38,2258,20.56,20.38,20.56,,1294.0
2018-05-31 10:45,,20.67,2258,20.79,20.32,20.38,,2795.0
2018-05-31 10:50,,20.58,2258,20.67,20.47,20.67,,795.0
2018-05-31 10:55,,20.54,2258,20.63,20.51,20.61,,575.0
2018-05-31 11:00,,20.55,2258,20.55,20.5,20.53,,730.0
2018-05-31 11:05,,20.68,2258,20.81,20.53,20.55,,1063.0
2018-05-31 11:10,,20.65,2258,20.69,20.59,20.68,,476.0
2018-05-31 11:15,,20.6,2258,20.65,20.56,20.65,,574.0
2018-05-31 11:20,,20.57,2258,20.64,20.55,20.6,,302.0
2018-05-31 11:25,,20.6,2258,20.64,20.57,20.59,,408.0
2018-05-31 11:30,,20.68,2258,20.69,20.58,20.6,,688.0
2018-05-31 13:05,,20.6,2258,20.68,20.59,20.68,,491.0
2018-05-31 13:10,,20.6,2258,20.6,20.53,20.6,,553.0
2018-05-31 13:15,,20.59,2258,20.6,20.49,20.6,,560.0
2018-05-31 13:20,,20.73,2258,20.79,20.58,20.59,,758.0
2018-05-31 13:25,,20.77,2258,20.79,20.63,20.73,,386.0
2018-05-31 13:30,,20.57,2258,20.77,20.57,20.77,,531.0
2018-05-31 13:35,,20.52,2258,20.71,20.51,20.71,,603.0
2018-05-31 13:40,,20.57,2258,20.69,20.52,20.52,,452.0
2018-05-31 13:45,,20.57,2258,20.58,20.51,20.57,,997.0
2018-05-31 13:50,,20.73,2258,20.79,20.6,20.6,,778.0
2018-05-31 13:55,,20.63,2258,20.75,20.62,20.73,,331.0
2018-05-31 14:00,,20.59,2258,20.69,20.59,20.63,,224.0
2018-05-31 14:05,,20.67,2258,20.69,20.57,20.59,,465.0
2018-05-31 14:10,,20.68,2258,20.69,20.65,20.67,,338.0
2018-05-31 14:15,,20.63,2258,20.68,20.58,20.68,,842.0
2018-05-31 14:20,,20.64,2258,20.64,20.61,20.63,,336.0
2018-05-31 14:25,,20.75,2258,20.8,20.64,20.64,,828.0
2018-05-31 14:30,,20.69,2258,20.77,20.69,20.75,,275.0
2018-05-31 14:35,,20.6,2258,20.69,20.55,20.69,,720.0
2018-05-31 14:40,,20.68,2258,20.7,20.58,20.6,,818.0
2018-05-31 14:45,,20.7,2258,20.75,20.68,20.68,,632.0
2018-05-31 14:50,,20.65,2258,20.76,20.62,20.7,,1600.0
2018-05-31 14:55,,20.74,2258,20.76,20.64,20.65,,1436.0
2018-05-31 15:00,,20.75,2258,20.75,20.73,20.74,,407.0
2018-06-01 09:35,,21.08,2258,21.2,20.66,20.7,,3642.0
2018-06-01 09:40,,21.0,2258,21.09,20.91,21.08,,1309.0
2018-06-01 09:45,,20.89,2258,21.04,20.81,21.0,,1062.0
2018-06-01 09:50,,20.76,2258,20.9,20.7,20.89,,1296.0
2018-06-01 09:55,,20.7,2258,20.86,20.7,20.76,,641.0
2018-06-01 10:00,,20.6,2258,20.9,20.6,20.7,,761.0
2018-06-01 10:05,,20.53,2258,20.8,20.34,20.6,,2100.0
2018-06-01 10:10,,20.56,2258,20.63,20.51,20.56,,1474.0
2018-06-01 10:15,,20.48,2258,20.56,20.45,20.56,,1828.0
2018-06-01 10:20,,20.49,2258,20.54,20.48,20.48,,939.0
2018-06-01 10:25,,20.6,2258,20.67,20.48,20.49,,589.0
2018-06-01 10:30,,20.48,2258,20.63,20.48,20.6,,725.0
2018-06-01 10:35,,20.5,2258,20.55,20.46,20.48,,592.0
2018-06-01 10:40,,20.51,2258,20.6,20.49,20.52,,484.0
2018-06-01 10:45,,20.52,2258,20.55,20.5,20.51,,357.0
2018-06-01 10:50,,20.47,2258,20.52,20.44,20.52,,2002.0
2018-06-01 10:55,,20.46,2258,20.48,20.46,20.47,,300.0
2018-06-01 11:00,,20.3,2258,20.46,20.3,20.46,,1910.0
2018-06-01 11:05,,20.33,2258,20.34,20.3,20.3,,294.0
2018-06-01 11:10,,20.27,2258,20.36,20.27,20.33,,559.0
2018-06-01 11:15,,20.19,2258,20.27,20.16,20.27,,915.0
2018-06-01 11:20,,20.25,2258,20.3,20.19,20.19,,256.0
2018-06-01 11:25,,20.19,2258,20.28,20.19,20.25,,260.0
2018-06-01 11:30,,20.1,2258,20.2,20.03,20.19,,826.0
2018-06-01 13:05,,20.11,2258,20.23,20.06,20.1,,690.0
2018-06-01 13:10,,20.2,2258,20.2,20.1,20.11,,209.0
2018-06-01 13:15,,20.19,2258,20.29,20.15,20.18,,472.0
2018-06-01 13:20,,20.05,2258,20.19,20.05,20.19,,947.0
2018-06-01 13:25,,20.1,2258,20.14,20.05,20.05,,338.0
2018-06-01 13:30,,20.12,2258,20.13,20.09,20.1,,446.0
2018-06-01 13:35,,20.2,2258,20.25,20.09,20.1,,605.0
2018-06-01 13:40,,20.13,2258,20.2,20.07,20.2,,728.0
2018-06-01 13:45,,20.12,2258,20.16,20.1,20.13,,523.0
2018-06-01 13:50,,20.1,2258,20.12,20.08,20.11,,343.0
2018-06-01 13:55,,20.04,2258,20.1,20.03,20.1,,2017.0
2018-06-01 14:00,,20.05,2258,20.07,20.0,20.04,,2547.0
2018-06-01 14:05,,20.04,2258,20.06,20.04,20.05,,640.0
2018-06-01 14:10,,19.93,2258,20.05,19.92,20.04,,2098.0
2018-06-01 14:15,,19.86,2258,19.95,19.86,19.93,,1683.0
2018-06-01 14:20,,19.95,2258,20.09,19.87,19.88,,2121.0
2018-06-01 14:25,,20.01,2258,20.05,19.95,19.95,,562.0
2018-06-01 14:30,,19.99,2258,20.04,19.98,20.01,,632.0
2018-06-01 14:35,,19.84,2258,19.99,19.84,19.99,,1279.0
2018-06-01 14:40,,19.94,2258,19.97,19.84,19.84,,2212.0
2018-06-01 14:45,,19.96,2258,20.0,19.93,19.94,,794.0
2018-06-01 14:50,,20.0,2258,20.05,19.96,19.96,,708.0
2018-06-01 14:55,,20.08,2258,20.09,20.0,20.0,,1455.0
2018-06-01 15:00,,20.06,2258,20.08,20.04,20.06,,637.0
2018-06-04 09:35,,20.07,2258,20.35,19.9,20.0,,2044.0
2018-06-04 09:40,,20.03,2258,20.2,20.03,20.07,,1311.0
2018-06-04 09:45,,20.08,2258,20.18,20.01,20.03,,824.0
2018-06-04 09:50,,20.14,2258,20.14,20.07,20.08,,989.0
2018-06-04 09:55,,20.07,2258,20.18,20.07,20.14,,459.0
2018-06-04 10:00,,20.02,2258,20.11,20.02,20.07,,306.0
2018-06-04 10:05,,19.9,2258,20.02,19.85,20.02,,1912.0
2018-06-04 10:10,,19.78,2258,19.9,19.7,19.9,,1485.0
2018-06-04 10:15,,19.79,2258,19.95,19.69,19.76,,1507.0
2018-06-04 10:20,,19.9,2258,19.93,19.79,19.79,,567.0
2018-06-04 10:25,,20.0,2258,20.0,19.86,19.9,,642.0
2018-06-04 10:30,,20.07,2258,20.12,19.95,19.96,,788.0
2018-06-04 10:35,,20.1,2258,20.12,19.99,20.07,,429.0
2018-06-04 10:40,,20.14,2258,20.2,20.1,20.1,,1039.0
2018-06-04 10:45,,20.15,2258,20.17,20.13,20.14,,349.0
2018-06-04 10:50,,20.13,2258,20.17,20.13,20.15,,503.0
2018-06-04 10:55,,20.16,2258,20.16,20.13,20.13,,109.0
2018-06-04 11:00,,20.19,2258,20.24,20.16,20.16,,329.0
2018-06-04 11:05,,20.16,2258,20.23,20.13,20.19,,454.0
2018-06-04 11:10,,20.14,2258,20.22,20.14,20.16,,404.0
2018-06-04 11:15,,20.19,2258,20.2,20.14,20.14,,288.0
2018-06-04 11:20,,20.13,2258,20.19,20.13,20.19,,237.0
2018-06-04 11:25,,20.15,2258,20.15,20.13,20.13,,98.0
2018-06-04 11:30,,20.11,2258,20.15,20.1,20.15,,595.0
2018-06-04 13:05,,20.18,2258,20.19,20.11,20.11,,626.0
2018-06-04 13:10,,20.16,2258,20.2,20.14,20.18,,190.0
2018-06-04 13:15,,20.22,2258,20.25,20.16,20.16,,1115.0
2018-06-04 13:20,,20.23,2258,20.24,20.17,20.22,,309.0
2018-06-04 13:25,,20.21,2258,20.25,20.16,20.23,,198.0
2018-06-04 13:30,,20.26,2258,20.26,20.2,20.21,,898.0
2018-06-04 13:35,,20.42,2258,20.47,20.26,20.26,,1467.0
2018-06-04 13:40,,20.37,2258,20.43,20.34,20.42,,548.0
2018-06-04 13:45,,20.33,2258,20.37,20.29,20.37,,416.0
2018-06-04 13:50,,20.3,2258,20.34,20.29,20.33,,288.0
2018-06-04 13:55,,20.34,2258,20.34,20.28,20.3,,916.0
2018-06-04 14:00,,20.4,2258,20.45,20.34,20.34,,1535.0
2018-06-04 14:05,,20.41,2258,20.45,20.35,20.4,,903.0
2018-06-04 14:10,,20.39,2258,20.43,20.29,20.41,,925.0
2018-06-04 14:15,,20.4,2258,20.42,20.32,20.39,,868.0
2018-06-04 14:20,,20.37,2258,20.4,20.35,20.4,,338.0
2018-06-04 14:25,,20.39,2258,20.41,20.36,20.37,,996.0
2018-06-04 14:30,,20.46,2258,20.5,20.39,20.39,,1888.0
2018-06-04 14:35,,20.47,2258,20.5,20.46,20.46,,374.0
2018-06-04 14:40,,20.46,2258,20.48,20.38,20.47,,1277.0
2018-06-04 14:45,,20.55,2258,20.57,20.45,20.46,,2452.0
2018-06-04 14:50,,20.39,2258,20.56,20.33,20.55,,1402.0
2018-06-04 14:55,,20.49,2258,20.5,20.35,20.38,,1599.0
2018-06-04 15:00,,20.5,2258,20.5,20.42,20.49,,610.0
2018-06-05 09:35,,20.33,2258,20.8,20.22,20.8,,2276.0
2018-06-05 09:40,,20.5,2258,20.53,20.25,20.3,,1425.0
2018-06-05 09:45,,20.46,2258,20.53,20.45,20.5,,1209.0
2018-06-05 09:50,,20.51,2258,20.52,20.45,20.46,,587.0
2018-06-05 09:55,,20.52,2258,20.56,20.51,20.51,,662.0
2018-06-05 10:00,,20.66,2258,20.7,20.52,20.52,,566.0
2018-06-05 10:05,,20.65,2258,20.7,20.6,20.63,,907.0
2018-06-05 10:10,,20.69,2258,20.76,20.65,20.65,,1165.0
2018-06-05 10:15,,20.66,2258,20.7,20.64,20.69,,600.0
2018-06-05 10:20,,20.61,2258,20.68,20.6,20.66,,959.0
2018-06-05 10:25,,20.64,2258,20.64,20.57,20.61,,202.0
2018-06-05 10:30,,20.53,2258,20.65,20.53,20.64,,1041.0
2018-06-05 10:35,,20.6,2258,20.62,20.53,20.53,,646.0
2018-06-05 10:40,,20.62,2258,20.62,20.6,20.6,,211.0
2018-06-05 10:45,,20.62,2258,20.68,20.61,20.62,,220.0
2018-06-05 10:50,,20.66,2258,20.72,20.62,20.62,,655.0
2018-06-05 10:55,,20.72,2258,20.73,20.66,20.66,,299.0
2018-06-05 11:00,,20.74,2258,20.8,20.72,20.72,,1368.0
2018-06-05 11:05,,20.73,2258,20.77,20.73,20.74,,387.0
2018-06-05 11:10,,20.72,2258,20.73,20.64,20.73,,456.0
2018-06-05 11:15,,20.65,2258,20.74,20.56,20.72,,922.0
2018-06-05 11:20,,20.74,2258,20.75,20.65,20.65,,207.0
2018-06-05 11:25,,20.69,2258,20.78,20.58,20.74,,1188.0
2018-06-05 11:30,,20.6,2258,20.69,20.57,20.69,,2161.0
2018-06-05 13:05,,20.49,2258,20.68,20.49,20.6,,1737.0
2018-06-05 13:10,,20.6,2258,20.6,20.48,20.49,,455.0
2018-06-05 13:15,,20.56,2258,20.61,20.55,20.6,,952.0
2018-06-05 13:20,,20.61,2258,20.63,20.54,20.54,,248.0
2018-06-05 13:25,,20.64,2258,20.64,20.6,20.61,,490.0
2018-06-05 13:30,,20.73,2258,20.75,20.63,20.64,,1157.0
2018-06-05 13:35,,20.73,2258,20.74,20.7,20.73,,549.0
2018-06-05 13:40,,20.72,2258,20.74,20.7,20.73,,1047.0
2018-06-05 13:45,,20.75,2258,20.75,20.72,20.72,,364.0
2018-06-05 13:50,,20.72,2258,20.78,20.7,20.73,,813.0
2018-06-05 13:55,,20.71,2258,20.73,20.67,20.72,,345.0
2018-06-05 14:00,,20.72,2258,20.76,20.71,20.71,,333.0
2018-06-05 14:05,,20.68,2258,20.73,20.63,20.72,,1557.0
2018-06-05 14:10,,20.7,2258,20.72,20.68,20.68,,457.0
2018-06-05 14:15,,20.99,2258,20.99,20.7,20.7,,7563.0
2018-06-05 14:20,,21.0,2258,21.09,20.94,20.94,,2314.0
2018-06-05 14:25,,21.1,2258,21.1,20.98,21.0,,923.0
2018-06-05 14:30,,21.05,2258,21.18,21.03,21.1,,1729.0
2018-06-05 14:35,,20.89,2258,21.09,20.89,21.05,,1202.0
2018-06-05 14:40,,20.92,2258,20.98,20.8,20.85,,590.0
2018-06-05 14:45,,20.94,2258,20.97,20.87,20.92,,742.0
2018-06-05 14:50,,20.87,2258,20.97,20.87,20.94,,1700.0
2018-06-05 14:55,,20.85,2258,20.9,20.8,20.88,,1137.0
2018-06-05 15:00,,20.9,2258,20.9,20.85,20.87,,332.0
2018-06-06 09:35,,21.13,2258,21.15,20.9,20.98,,1163.0
2018-06-06 09:40,,21.08,2258,21.14,20.99,21.14,,1029.0
2018-06-06 09:45,,21.05,2258,21.08,21.0,21.0,,1551.0
2018-06-06 09:50,,21.0,2258,21.06,21.0,21.05,,495.0
2018-06-06 09:55,,20.91,2258,21.0,20.9,20.99,,382.0
2018-06-06 10:00,,20.75,2258,20.92,20.75,20.91,,989.0
2018-06-06 10:05,,20.77,2258,20.78,20.71,20.75,,1050.0
2018-06-06 10:10,,20.77,2258,20.78,20.75,20.77,,594.0
2018-06-06 10:15,,20.76,2258,20.78,20.75,20.77,,468.0
2018-06-06 10:20,,20.82,2258,20.83,20.75,20.76,,602.0
2018-06-06 10:25,,20.78,2258,20.82,20.78,20.82,,671.0
2018-06-06 10:30,,20.79,2258,20.82,20.77,20.78,,921.0
2018-06-06 10:35,,20.82,2258,20.82,20.78,20.79,,506.0
2018-06-06 10:40,,20.78,2258,20.83,20.78,20.82,,274.0
2018-06-06 10:45,,20.73,2258,20.78,20.72,20.78,,1027.0
2018-06-06 10:50,,20.73,2258,20.75,20.72,20.73,,529.0
2018-06-06 10:55,,20.66,2258,20.74,20.61,20.72,,1696.0
2018-06-06 11:00,,20.69,2258,20.72,20.66,20.66,,388.0
2018-06-06 11:05,,20.62,2258,20.69,20.61,20.69,,641.0
2018-06-06 11:10,,20.56,2258,20.62,20.53,20.62,,1416.0
2018-06-06 11:15,,20.61,2258,20.61,20.55,20.56,,968.0
2018-06-06 11:20,,20.55,2258,20.61,20.55,20.61,,700.0
2018-06-06 11:25,,20.62,2258,20.62,20.55,20.55,,235.0
2018-06-06 11:30,,20.56,2258,20.62,20.56,20.62,,406.0
2018-06-06 13:05,,20.58,2258,20.6,20.55,20.56,,350.0
2018-06-06 13:10,,20.6,2258,20.61,20.56,20.58,,313.0
2018-06-06 13:15,,20.53,2258,20.6,20.52,20.6,,585.0
2018-06-06 13:20,,20.54,2258,20.55,20.53,20.54,,92.0
2018-06-06 13:25,,20.65,2258,20.7,20.54,20.54,,1771.0
2018-06-06 13:30,,20.65,2258,20.65,20.55,20.65,,1088.0
2018-06-06 13:35,,20.7,2258,20.74,20.65,20.67,,722.0
2018-06-06 13:40,,20.67,2258,20.74,20.67,20.7,,528.0
2018-06-06 13:45,,20.66,2258,20.68,20.65,20.67,,296.0
2018-06-06 13:50,,20.66,2258,20.68,20.65,20.66,,206.0
2018-06-06 13:55,,20.67,2258,20.68,20.66,20.66,,226.0
2018-06-06 14:00,,20.65,2258,20.68,20.65,20.66,,464.0
2018-06-06 14:05,,20.68,2258,20.68,20.6,20.65,,910.0
2018-06-06 14:10,,20.75,2258,20.75,20.54,20.68,,2043.0
2018-06-06 14:15,,20.91,2258,20.92,20.64,20.75,,2167.0
2018-06-06 14:20,,21.0,2258,21.04,20.91,20.91,,4089.0
2018-06-06 14:25,,20.91,2258,21.07,20.9,21.0,,1656.0
2018-06-06 14:30,,20.88,2258,20.92,20.8,20.91,,498.0
2018-06-06 14:35,,20.96,2258,21.01,20.88,20.88,,1341.0
2018-06-06 14:40,,20.98,2258,21.0,20.96,20.96,,471.0
2018-06-06 14:45,,20.99,2258,20.99,20.91,20.98,,1073.0
2018-06-06 14:50,,21.0,2258,21.06,20.97,20.99,,1293.0
2018-06-06 14:55,,21.0,2258,21.03,20.99,21.03,,1721.0
2018-06-06 15:00,,21.02,2258,21.03,21.0,21.02,,581.0
2018-06-07 09:35,,20.74,2258,21.05,20.7,21.05,,2896.0
2018-06-07 09:40,,20.67,2258,20.74,20.65,20.74,,2890.0
2018-06-07 09:45,,20.62,2258,20.7,20.6,20.68,,2362.0
2018-06-07 09:50,,20.56,2258,20.63,20.53,20.62,,2656.0
2018-06-07 09:55,,20.62,2258,20.62,20.55,20.56,,1492.0
2018-06-07 10:00,,20.6,2258,20.63,20.59,20.62,,814.0
2018-06-07 10:05,,20.55,2258,20.6,20.54,20.6,,1851.0
2018-06-07 10:10,,20.62,2258,20.63,20.55,20.55,,1736.0
2018-06-07 10:15,,20.61,2258,20.73,20.6,20.63,,1406.0
2018-06-07 10:20,,20.61,2258,20.63,20.6,20.62,,1170.0
2018-06-07 10:25,,20.58,2258,20.61,20.57,20.61,,834.0
2018-06-07 10:30,,20.56,2258,20.58,20.55,20.58,,1116.0
2018-06-07 10:35,,20.51,2258,20.56,20.48,20.56,,3421.0
2018-06-07 10:40,,20.47,2258,20.53,20.47,20.5,,1123.0
2018-06-07 10:45,,20.43,2258,20.47,20.4,20.47,,1015.0
2018-06-07 10:50,,20.35,2258,20.44,20.3,20.43,,1610.0
2018-06-07 10:55,,20.37,2258,20.37,20.34,20.35,,923.0
2018-06-07 11:00,,20.35,2258,20.45,20.35,20.37,,1142.0
2018-06-07 11:05,,20.35,2258,20.37,20.34,20.35,,427.0
2018-06-07 11:10,,20.39,2258,20.39,20.35,20.35,,450.0
2018-06-07 11:15,,20.41,2258,20.41,20.38,20.39,,408.0
2018-06-07 11:20,,20.45,2258,20.45,20.4,20.41,,398.0
2018-06-07 11:25,,20.44,2258,20.45,20.44,20.45,,298.0
2018-06-07 11:30,,20.45,2258,20.45,20.42,20.44,,726.0
2018-06-07 13:05,,20.45,2258,20.45,20.44,20.45,,415.0
2018-06-07 13:10,,20.45,2258,20.46,20.44,20.45,,306.0
2018-06-07 13:15,,20.47,2258,20.49,20.45,20.45,,337.0
2018-06-07 13:20,,20.45,2258,20.47,20.44,20.47,,389.0
2018-06-07 13:25,,20.45,2258,20.47,20.44,20.44,,537.0
2018-06-07 13:30,,20.42,2258,20.46,20.41,20.45,,908.0
2018-06-07 13:35,,20.39,2258,20.42,20.39,20.42,,540.0
2018-06-07 13:40,,20.41,2258,20.44,20.39,20.39,,449.0
2018-06-07 13:45,,20.45,2258,20.48,20.41,20.41,,228.0
2018-06-07 13:50,,20.45,2258,20.49,20.44,20.45,,393.0
2018-06-07 13:55,,20.47,2258,20.49,20.45,20.45,,192.0
2018-06-07 14:00,,20.45,2258,20.49,20.45,20.47,,460.0
2018-06-07 14:05,,20.43,2258,20.46,20.43,20.45,,465.0
2018-06-07 14:10,,20.4,2258,20.44,20.39,20.43,,502.0
2018-06-07 14:15,,20.45,2258,20.45,20.39,20.4,,391.0
2018-06-07 14:20,,20.44,2258,20.45,20.42,20.43,,193.0
2018-06-07 14:25,,20.41,2258,20.45,20.41,20.42,,362.0
2018-06-07 14:30,,20.43,2258,20.44,20.4,20.41,,497.0
2018-06-07 14:35,,20.4,2258,20.43,20.39,20.43,,841.0
2018-06-07 14:40,,20.38,2258,20.4,20.37,20.4,,763.0
2018-06-07 14:45,,20.33,2258,20.38,20.33,20.38,,936.0
2018-06-07 14:50,,20.34,2258,20.36,20.33,20.33,,476.0
2018-06-07 14:55,,20.36,2258,20.37,20.34,20.34,,1773.0
2018-06-07 15:00,,20.37,2258,20.37,20.35,20.35,,594.0
2018-06-08 09:35,,20.39,2258,20.48,20.2,20.32,,807.0
2018-06-08 09:40,,20.41,2258,20.46,20.37,20.4,,488.0
2018-06-08 09:45,,20.39,2258,20.43,20.37,20.41,,350.0
2018-06-08 09:50,,20.43,2258,20.46,20.37,20.4,,585.0
2018-06-08 09:55,,20.5,2258,20.58,20.45,20.45,,402.0
2018-06-08 10:00,,20.47,2258,20.51,20.43,20.5,,337.0
2018-06-08 10:05,,20.48,2258,20.5,20.4,20.47,,708.0
2018-06-08 10:10,,20.49,2258,20.51,20.41,20.45,,697.0
2018-06-08 10:15,,20.53,2258,20.54,20.48,20.49,,730.0
2018-06-08 10:20,,20.5,2258,20.54,20.46,20.53,,373.0
2018-06-08 10:25,,20.5,2258,20.52,20.46,20.5,,1574.0
2018-06-08 10:30,,20.42,2258,20.54,20.42,20.5,,775.0
2018-06-08 10:35,,20.45,2258,20.45,20.36,20.42,,1111.0
2018-06-08 10:40,,20.37,2258,20.49,20.37,20.45,,300.0
2018-06-08 10:45,,20.4,2258,20.4,20.37,20.37,,212.0
2018-06-08 10:50,,20.41,2258,20.48,20.39,20.4,,401.0
2018-06-08 10:55,,20.37,2258,20.42,20.37,20.41,,245.0
2018-06-08 11:00,,20.4,2258,20.4,20.36,20.37,,350.0
2018-06-08 11:05,,20.32,2258,20.4,20.3,20.4,,1018.0
2018-06-08 11:10,,20.26,2258,20.32,20.2,20.31,,859.0
2018-06-08 11:15,,20.21,2258,20.28,20.21,20.26,,710.0
2018-06-08 11:20,,20.18,2258,20.22,20.17,20.21,,635.0
2018-06-08 11:25,,20.2,2258,20.27,20.17,20.22,,427.0
2018-06-08 11:30,,20.21,2258,20.25,20.19,20.2,,203.0
2018-06-08 13:05,,20.2,2258,20.27,20.2,20.21,,424.0
2018-06-08 13:10,,20.29,2258,20.29,20.2,20.2,,155.0
2018-06-08 13:15,,20.27,2258,20.4,20.23,20.29,,227.0
2018-06-08 13:20,,20.21,2258,20.32,20.21,20.26,,334.0
2018-06-08 13:25,,20.32,2258,20.32,20.21,20.21,,304.0
2018-06-08 13:30,,20.28,2258,20.32,20.25,20.32,,162.0
2018-06-08 13:35,,20.36,2258,20.4,20.28,20.28,,614.0
2018-06-08 13:40,,20.28,2258,20.39,20.24,20.36,,438.0
2018-06-08 13:45,,20.26,2258,20.29,20.21,20.28,,349.0
2018-06-08 13:50,,20.18,2258,20.26,20.14,20.26,,802.0
2018-06-08 13:55,,20.19,2258,20.28,20.17,20.18,,575.0
2018-06-08 14:00,,20.19,2258,20.21,20.18,20.19,,305.0
2018-06-08 14:05,,20.15,2258,20.19,20.13,20.19,,939.0
2018-06-08 14:10,,20.1,2258,20.15,20.04,20.15,,1266.0
2018-06-08 14:15,,20.08,2258,20.12,20.08,20.1,,639.0
2018-06-08 14:20,,20.07,2258,20.08,20.0,20.08,,1181.0
2018-06-08 14:25,,20.1,2258,20.14,20.07,20.07,,319.0
2018-06-08 14:30,,20.15,2258,20.15,20.06,20.1,,763.0
2018-06-08 14:35,,20.17,2258,20.2,20.14,20.15,,795.0
2018-06-08 14:40,,20.15,2258,20.17,20.15,20.17,,233.0
2018-06-08 14:45,,20.07,2258,20.15,20.05,20.15,,1140.0
2018-06-08 14:50,,20.09,2258,20.1,20.05,20.05,,734.0
2018-06-08 14:55,,20.14,2258,20.14,20.08,20.08,,617.0
2018-06-08 15:00,,20.12,2258,20.14,20.12,20.14,,314.0
2018-06-11 09:35,,20.04,2258,20.18,19.89,19.98,,716.0
2018-06-11 09:40,,20.21,2258,20.21,20.04,20.04,,680.0
2018-06-11 09:45,,20.24,2258,20.29,20.19,20.21,,623.0
2018-06-11 09:50,,20.25,2258,20.25,20.14,20.24,,398.0
2018-06-11 09:55,,20.06,2258,20.25,20.05,20.25,,332.0
2018-06-11 10:00,,20.2,2258,20.22,20.04,20.06,,387.0
2018-06-11 10:05,,20.16,2258,20.22,20.12,20.2,,453.0
2018-06-11 10:10,,20.13,2258,20.2,20.08,20.16,,354.0
2018-06-11 10:15,,20.24,2258,20.25,20.11,20.13,,358.0
2018-06-11 10:20,,20.21,2258,20.24,20.2,20.24,,280.0
2018-06-11 10:25,,20.16,2258,20.21,20.14,20.21,,237.0
2018-06-11 10:30,,20.2,2258,20.2,20.13,20.16,,251.0
2018-06-11 10:35,,20.15,2258,20.2,20.15,20.2,,264.0
2018-06-11 10:40,,20.21,2258,20.22,20.15,20.15,,242.0
2018-06-11 10:45,,20.19,2258,20.21,20.17,20.21,,124.0
2018-06-11 10:50,,20.23,2258,20.24,20.19,20.19,,204.0
2018-06-11 10:55,,20.24,2258,20.24,20.21,20.23,,309.0
2018-06-11 11:00,,20.24,2258,20.25,20.24,20.24,,63.0
2018-06-11 11:05,,20.21,2258,20.24,20.2,20.24,,62.0
2018-06-11 11:10,,20.21,2258,20.24,20.21,20.21,,191.0
2018-06-11 11:15,,20.21,2258,20.22,20.21,20.21,,21.0
2018-06-11 11:20,,20.22,2258,20.23,20.21,20.21,,107.0
2018-06-11 11:25,,20.23,2258,20.24,20.22,20.22,,91.0
2018-06-11 11:30,,20.2,2258,20.24,20.2,20.23,,213.0
2018-06-11 13:05,,20.22,2258,20.23,20.18,20.2,,174.0
2018-06-11 13:10,,20.34,2258,20.34,20.21,20.22,,415.0
2018-06-11 13:15,,20.26,2258,20.34,20.26,20.34,,559.0
2018-06-11 13:20,,20.3,2258,20.3,20.25,20.26,,131.0
2018-06-11 13:25,,20.27,2258,20.31,20.27,20.3,,417.0
2018-06-11 13:30,,20.26,2258,20.27,20.25,20.27,,385.0
2018-06-11 13:35,,20.23,2258,20.26,20.18,20.26,,710.0
2018-06-11 13:40,,20.23,2258,20.23,20.18,20.23,,152.0
2018-06-11 13:45,,20.21,2258,20.22,20.18,20.22,,247.0
2018-06-11 13:50,,20.14,2258,20.21,20.08,20.21,,504.0
2018-06-11 13:55,,20.18,2258,20.2,20.11,20.14,,347.0
2018-06-11 14:00,,20.12,2258,20.18,20.12,20.18,,389.0
2018-06-11 14:05,,20.2,2258,20.24,20.11,20.12,,471.0
2018-06-11 14:10,,20.18,2258,20.23,20.14,20.2,,137.0
2018-06-11 14:15,,20.13,2258,20.18,20.13,20.18,,305.0
2018-06-11 14:20,,20.18,2258,20.22,20.12,20.14,,423.0
2018-06-11 14:25,,20.24,2258,20.25,20.16,20.18,,529.0
2018-06-11 14:30,,20.23,2258,20.25,20.21,20.24,,128.0
2018-06-11 14:35,,20.23,2258,20.23,20.15,20.22,,197.0
2018-06-11 14:40,,20.17,2258,20.23,20.15,20.23,,148.0
2018-06-11 14:45,,20.21,2258,20.23,20.12,20.17,,638.0
2018-06-11 14:50,,20.2,2258,20.21,20.13,20.21,,513.0
2018-06-11 14:55,,20.18,2258,20.2,20.12,20.2,,336.0
2018-06-11 15:00,,20.18,2258,20.18,20.15,20.18,,214.0
2018-06-12 09:35,,20.27,2258,20.35,20.18,20.33,,619.0
2018-06-12 09:40,,20.18,2258,20.31,20.18,20.27,,278.0
2018-06-12 09:45,,20.02,2258,20.19,20.01,20.05,,923.0
2018-06-12 09:50,,20.07,2258,20.11,20.02,20.02,,278.0
2018-06-12 09:55,,20.15,2258,20.2,20.07,20.07,,366.0
2018-06-12 10:00,,20.13,2258,20.23,20.12,20.15,,374.0
2018-06-12 10:05,,20.17,2258,20.2,20.12,20.13,,178.0
2018-06-12 10:10,,20.13,2258,20.21,20.12,20.17,,376.0
2018-06-12 10:15,,20.03,2258,20.17,20.03,20.13,,1330.0
2018-06-12 10:20,,20.08,2258,20.12,20.01,20.03,,1062.0
2018-06-12 10:25,,20.03,2258,20.16,20.02,20.08,,387.0
2018-06-12 10:30,,20.08,2258,20.12,20.03,20.03,,305.0
2018-06-12 10:35,,20.12,2258,20.12,20.04,20.08,,374.0
2018-06-12 10:40,,20.17,2258,20.17,20.11,20.12,,455.0
2018-06-12 10:45,,20.08,2258,20.17,20.08,20.17,,398.0
2018-06-12 10:50,,20.06,2258,20.15,20.04,20.08,,646.0
2018-06-12 10:55,,20.04,2258,20.12,20.03,20.06,,698.0
2018-06-12 11:00,,20.11,2258,20.12,20.03,20.04,,256.0
2018-06-12 11:05,,20.0,2258,20.11,20.0,20.11,,1114.0
2018-06-12 11:10,,20.0,2258,20.0,19.95,20.0,,470.0
2018-06-12 11:15,,20.0,2258,20.07,19.96,20.0,,302.0
2018-06-12 11:20,,20.07,2258,20.08,19.99,20.0,,476.0
2018-06-12 11:25,,20.04,2258,20.07,20.03,20.07,,343.0
2018-06-12 11:30,,20.0,2258,20.07,19.99,20.04,,295.0
2018-06-12 13:05,,20.0,2258,20.1,19.99,20.0,,881.0
2018-06-12 13:10,,20.0,2258,20.05,19.95,20.0,,866.0
2018-06-12 13:15,,20.0,2258,20.02,19.96,20.0,,477.0
2018-06-12 13:20,,20.03,2258,20.05,20.0,20.0,,466.0
2018-06-12 13:25,,20.0,2258,20.05,19.95,20.05,,586.0
2018-06-12 13:30,,19.97,2258,20.0,19.95,20.0,,250.0
2018-06-12 13:35,,19.87,2258,19.97,19.81,19.97,,1298.0
2018-06-12 13:40,,19.87,2258,19.87,19.83,19.87,,495.0
2018-06-12 13:45,,19.97,2258,19.97,19.87,19.87,,1610.0
2018-06-12 13:50,,19.93,2258,19.97,19.91,19.97,,584.0
2018-06-12 13:55,,19.93,2258,19.94,19.9,19.93,,407.0
2018-06-12 14:00,,20.01,2258,20.01,19.91,19.93,,1308.0
2018-06-12 14:05,,20.04,2258,20.09,20.01,20.02,,933.0
2018-06-12 14:10,,19.96,2258,20.04,19.95,20.04,,697.0
2018-06-12 14:15,,19.94,2258,20.08,19.94,19.96,,768.0
2018-06-12 14:20,,20.0,2258,20.08,19.95,19.97,,1018.0
2018-06-12 14:25,,20.0,2258,20.0,19.95,20.0,,678.0
2018-06-12 14:30,,19.99,2258,20.0,19.96,20.0,,303.0
2018-06-12 14:35,,19.95,2258,20.0,19.94,19.99,,821.0
2018-06-12 14:40,,19.94,2258,20.0,19.9,19.95,,1167.0
2018-06-12 14:45,,19.98,2258,19.99,19.94,19.94,,1114.0
2018-06-12 14:50,,19.93,2258,19.98,19.9,19.97,,1833.0
2018-06-12 14:55,,19.88,2258,19.94,19.85,19.93,,2497.0
2018-06-12 15:00,,19.9,2258,19.94,19.88,19.88,,986.0
2018-06-13 09:35,,20.04,2258,20.1,19.92,20.01,,1246.0
2018-06-13 09:40,,20.05,2258,20.09,20.04,20.04,,780.0
2018-06-13 09:45,,20.05,2258,20.08,20.04,20.05,,1001.0
2018-06-13 09:50,,20.14,2258,20.14,20.05,20.06,,1007.0
2018-06-13 09:55,,20.21,2258,20.25,20.14,20.14,,1283.0
2018-06-13 10:00,,20.12,2258,20.22,20.12,20.21,,410.0
2018-06-13 10:05,,20.18,2258,20.18,20.12,20.12,,333.0
2018-06-13 10:10,,20.2,2258,20.2,20.17,20.19,,546.0
2018-06-13 10:15,,20.21,2258,20.23,20.2,20.2,,557.0
2018-06-13 10:20,,20.2,2258,20.23,20.15,20.21,,760.0
2018-06-13 10:25,,20.18,2258,20.2,20.15,20.2,,180.0
2018-06-13 10:30,,20.19,2258,20.2,20.17,20.18,,261.0
2018-06-13 10:35,,20.21,2258,20.21,20.18,20.19,,451.0
2018-06-13 10:40,,20.2,2258,20.21,20.19,20.21,,300.0
2018-06-13 10:45,,20.18,2258,20.2,20.15,20.2,,440.0
2018-06-13 10:50,,20.2,2258,20.21,20.18,20.18,,850.0
2018-06-13 10:55,,20.24,2258,20.24,20.2,20.2,,1337.0
2018-06-13 11:00,,20.32,2258,20.35,20.24,20.24,,1495.0
2018-06-13 11:05,,20.26,2258,20.33,20.26,20.32,,429.0
2018-06-13 11:10,,20.26,2258,20.26,20.24,20.26,,144.0
2018-06-13 11:15,,20.26,2258,20.29,20.24,20.26,,256.0
2018-06-13 11:20,,20.24,2258,20.27,20.23,20.26,,165.0
2018-06-13 11:25,,20.22,2258,20.24,20.2,20.24,,98.0
2018-06-13 11:30,,20.2,2258,20.23,20.2,20.22,,99.0
2018-06-13 13:05,,20.2,2258,20.24,20.17,20.2,,871.0
2018-06-13 13:10,,20.2,2258,20.22,20.18,20.2,,261.0
2018-06-13 13:15,,20.19,2258,20.2,20.16,20.2,,269.0
2018-06-13 13:20,,20.09,2258,20.18,20.09,20.17,,415.0
2018-06-13 13:25,,20.15,2258,20.15,20.07,20.09,,416.0
2018-06-13 13:30,,20.14,2258,20.16,20.12,20.16,,389.0
2018-06-13 13:35,,20.14,2258,20.15,20.14,20.14,,75.0
2018-06-13 13:40,,20.15,2258,20.15,20.09,20.14,,153.0
2018-06-13 13:45,,20.16,2258,20.16,20.12,20.15,,285.0
2018-06-13 13:50,,20.15,2258,20.16,20.14,20.16,,126.0
2018-06-13 13:55,,20.13,2258,20.15,20.13,20.15,,304.0
2018-06-13 14:00,,20.09,2258,20.14,20.09,20.13,,263.0
2018-06-13 14:05,,20.14,2258,20.14,20.03,20.08,,407.0
2018-06-13 14:10,,20.1,2258,20.14,20.07,20.14,,191.0
2018-06-13 14:15,,20.02,2258,20.1,20.01,20.1,,637.0
2018-06-13 14:20,,19.95,2258,20.07,19.95,20.02,,876.0
2018-06-13 14:25,,19.98,2258,20.0,19.95,19.95,,490.0
2018-06-13 14:30,,19.97,2258,19.99,19.96,19.98,,638.0
2018-06-13 14:35,,19.99,2258,19.99,19.97,19.97,,402.0
2018-06-13 14:40,,19.93,2258,19.98,19.92,19.98,,647.0
2018-06-13 14:45,,19.92,2258,19.96,19.92,19.93,,334.0
2018-06-13 14:50,,19.91,2258,19.95,19.9,19.93,,987.0
2018-06-13 14:55,,19.93,2258,19.93,19.9,19.91,,802.0
2018-06-13 15:00,,19.9,2258,19.93,19.9,19.93,,636.0
2018-06-14 09:35,,19.7,2258,19.87,19.41,19.87,,1846.0
2018-06-14 09:40,,19.74,2258,19.75,19.65,19.71,,554.0
2018-06-14 09:45,,19.62,2258,19.76,19.62,19.74,,1234.0
2018-06-14 09:50,,19.62,2258,19.66,19.51,19.62,,1409.0
2018-06-14 09:55,,19.77,2258,19.81,19.61,19.62,,1433.0
2018-06-14 10:00,,19.93,2258,19.95,19.77,19.77,,633.0
2018-06-14 10:05,,19.91,2258,20.03,19.9,19.95,,468.0
2018-06-14 10:10,,19.86,2258,20.0,19.8,19.91,,790.0
2018-06-14 10:15,,19.88,2258,19.92,19.8,19.86,,510.0
2018-06-14 10:20,,19.9,2258,19.9,19.86,19.88,,310.0
2018-06-14 10:25,,19.89,2258,19.9,19.84,19.9,,280.0
2018-06-14 10:30,,19.81,2258,19.89,19.81,19.89,,358.0
2018-06-14 10:35,,19.71,2258,19.85,19.7,19.81,,580.0
2018-06-14 10:40,,19.66,2258,19.71,19.59,19.71,,654.0
2018-06-14 10:45,,19.64,2258,19.66,19.6,19.66,,423.0
2018-06-14 10:50,,19.78,2258,19.79,19.6,19.64,,596.0
2018-06-14 10:55,,19.63,2258,19.78,19.61,19.78,,176.0
2018-06-14 11:00,,19.73,2258,19.73,19.62,19.63,,227.0
2018-06-14 11:05,,19.7,2258,19.78,19.69,19.69,,199.0
2018-06-14 11:10,,19.66,2258,19.76,19.66,19.7,,171.0
2018-06-14 11:15,,19.62,2258,19.67,19.61,19.66,,349.0
2018-06-14 11:20,,19.62,2258,19.62,19.61,19.62,,411.0
2018-06-14 11:25,,19.71,2258,19.74,19.62,19.62,,331.0
2018-06-14 11:30,,19.7,2258,19.71,19.7,19.71,,116.0
2018-06-14 13:05,,19.63,2258,19.72,19.62,19.7,,385.0
2018-06-14 13:10,,19.6,2258,19.65,19.6,19.63,,718.0
2018-06-14 13:15,,19.61,2258,19.61,19.56,19.6,,309.0
2018-06-14 13:20,,19.6,2258,19.63,19.6,19.61,,283.0
2018-06-14 13:25,,19.63,2258,19.63,19.6,19.6,,318.0
2018-06-14 13:30,,19.62,2258,19.72,19.6,19.63,,601.0
2018-06-14 13:35,,19.7,2258,19.71,19.6,19.62,,834.0
2018-06-14 13:40,,19.62,2258,19.71,19.61,19.7,,590.0
2018-06-14 13:45,,19.62,2258,19.71,19.6,19.62,,614.0
2018-06-14 13:50,,19.68,2258,19.71,19.62,19.62,,456.0
2018-06-14 13:55,,19.7,2258,19.71,19.68,19.68,,332.0
2018-06-14 14:00,,19.77,2258,19.82,19.7,19.7,,321.0
2018-06-14 14:05,,19.81,2258,19.83,19.75,19.77,,362.0
2018-06-14 14:10,,19.8,2258,19.81,19.76,19.81,,309.0
2018-06-14 14:15,,19.7,2258,19.8,19.7,19.8,,190.0
2018-06-14 14:20,,19.7,2258,19.73,19.68,19.7,,114.0
2018-06-14 14:25,,19.65,2258,19.7,19.63,19.7,,215.0
2018-06-14 14:30,,19.71,2258,19.71,19.64,19.65,,871.0
2018-06-14 14:35,,19.65,2258,19.73,19.65,19.71,,728.0
2018-06-14 14:40,,19.65,2258,19.65,19.63,19.65,,221.0
2018-06-14 14:45,,19.64,2258,19.65,19.63,19.65,,230.0
2018-06-14 14:50,,19.64,2258,19.67,19.63,19.64,,642.0
2018-06-14 14:55,,19.64,2258,19.65,19.61,19.64,,865.0
2018-06-14 15:00,,19.65,2258,19.65,19.6,19.64,,852.0
2018-06-15 09:35,,19.62,2258,19.83,19.53,19.55,,445.0
2018-06-15 09:40,,19.28,2258,19.62,19.28,19.62,,2228.0
2018-06-15 09:45,,19.26,2258,19.4,19.13,19.28,,1595.0
2018-06-15 09:50,,19.26,2258,19.3,19.23,19.26,,1479.0
2018-06-15 09:55,,19.09,2258,19.26,19.07,19.25,,3063.0
2018-06-15 10:00,,19.0,2258,19.1,18.89,19.09,,3999.0
2018-06-15 10:05,,19.03,2258,19.03,18.82,19.0,,3622.0
2018-06-15 10:10,,19.09,2258,19.09,19.01,19.03,,1023.0
2018-06-15 10:15,,19.05,2258,19.11,19.0,19.09,,1094.0
2018-06-15 10:20,,19.0,2258,19.05,18.88,19.05,,1383.0
2018-06-15 10:25,,18.97,2258,19.04,18.92,19.0,,562.0
2018-06-15 10:30,,18.96,2258,19.05,18.96,18.97,,857.0
2018-06-15 10:35,,19.03,2258,19.06,18.96,18.96,,634.0
2018-06-15 10:40,,18.98,2258,19.06,18.97,19.03,,716.0
2018-06-15 10:45,,18.96,2258,19.04,18.9,18.98,,770.0
2018-06-15 10:50,,18.89,2258,18.96,18.86,18.96,,810.0
2018-06-15 10:55,,18.95,2258,19.03,18.88,18.88,,634.0
2018-06-15 11:00,,18.9,2258,18.95,18.89,18.95,,160.0
2018-06-15 11:05,,18.9,2258,18.94,18.9,18.9,,419.0
2018-06-15 11:10,,18.92,2258,18.94,18.87,18.9,,600.0
2018-06-15 11:15,,18.92,2258,18.94,18.88,18.92,,387.0
2018-06-15 11:20,,18.84,2258,19.05,18.8,18.93,,1869.0
2018-06-15 11:25,,18.9,2258,18.97,18.84,18.84,,271.0
2018-06-15 11:30,,18.85,2258,18.9,18.8,18.9,,665.0
2018-06-15 13:05,,18.71,2258,18.85,18.71,18.85,,1398.0
2018-06-15 13:10,,18.7,2258,18.71,18.65,18.71,,913.0
2018-06-15 13:15,,18.85,2258,18.9,18.7,18.7,,572.0
2018-06-15 13:20,,18.85,2258,18.89,18.82,18.85,,363.0
2018-06-15 13:25,,18.89,2258,18.89,18.8,18.85,,262.0
2018-06-15 13:30,,18.8,2258,18.9,18.8,18.89,,446.0
2018-06-15 13:35,,18.95,2258,18.95,18.79,18.8,,570.0
2018-06-15 13:40,,19.04,2258,19.04,18.95,18.95,,546.0
2018-06-15 13:45,,19.0,2258,19.04,18.9,19.04,,1418.0
2018-06-15 13:50,,19.0,2258,19.02,18.98,19.0,,1848.0
2018-06-15 13:55,,19.0,2258,19.03,18.98,19.0,,992.0
2018-06-15 14:00,,18.91,2258,19.03,18.9,19.0,,847.0
2018-06-15 14:05,,19.0,2258,19.01,18.91,18.91,,865.0
2018-06-15 14:10,,19.0,2258,19.0,18.93,19.0,,667.0
2018-06-15 14:15,,19.0,2258,19.0,18.92,19.0,,329.0
2018-06-15 14:20,,18.93,2258,19.0,18.88,19.0,,433.0
2018-06-15 14:25,,18.86,2258,18.94,18.83,18.93,,1238.0
2018-06-15 14:30,,18.93,2258,18.97,18.84,18.84,,436.0
2018-06-15 14:35,,18.9,2258,18.96,18.83,18.93,,2853.0
2018-06-15 14:40,,18.98,2258,18.99,18.9,18.9,,1503.0
2018-06-15 14:45,,19.01,2258,19.01,18.98,18.98,,514.0
2018-06-15 14:50,,19.07,2258,19.09,19.01,19.01,,816.0
2018-06-15 14:55,,19.03,2258,19.13,19.0,19.07,,2942.0
2018-06-15 15:00,,19.0,2258,19.03,18.99,19.03,,220.0
2018-06-19 09:35,,18.38,2258,18.67,18.38,18.67,,1695.0
2018-06-19 09:40,,18.62,2258,18.62,18.36,18.37,,1354.0
2018-06-19 09:45,,18.7,2258,18.89,18.61,18.62,,1442.0
2018-06-19 09:50,,18.59,2258,18.74,18.59,18.7,,560.0
2018-06-19 09:55,,18.67,2258,18.74,18.51,18.59,,389.0
2018-06-19 10:00,,18.67,2258,18.68,18.65,18.67,,295.0
2018-06-19 10:05,,18.58,2258,18.65,18.53,18.65,,1052.0
2018-06-19 10:10,,18.61,2258,18.67,18.58,18.58,,253.0
2018-06-19 10:15,,18.38,2258,18.62,18.38,18.61,,1447.0
2018-06-19 10:20,,18.4,2258,18.46,18.31,18.38,,1166.0
2018-06-19 10:25,,18.39,2258,18.46,18.36,18.4,,517.0
2018-06-19 10:30,,18.2,2258,18.4,18.2,18.4,,920.0
2018-06-19 10:35,,18.24,2258,18.24,18.19,18.2,,692.0
2018-06-19 10:40,,18.24,2258,18.26,18.22,18.25,,411.0
2018-06-19 10:45,,18.22,2258,18.27,18.21,18.24,,637.0
2018-06-19 10:50,,18.35,2258,18.38,18.2,18.21,,503.0
2018-06-19 10:55,,18.29,2258,18.35,18.27,18.32,,243.0
2018-06-19 11:00,,18.28,2258,18.35,18.27,18.29,,163.0
2018-06-19 11:05,,18.13,2258,18.25,18.13,18.25,,805.0
2018-06-19 11:10,,17.9,2258,18.13,17.9,18.13,,1673.0
2018-06-19 11:15,,17.96,2258,17.99,17.9,17.9,,1026.0
2018-06-19 11:20,,18.23,2258,18.33,17.96,17.96,,708.0
2018-06-19 11:25,,18.08,2258,18.23,18.08,18.23,,395.0
2018-06-19 11:30,,17.99,2258,18.08,17.95,18.08,,213.0
2018-06-19 13:05,,18.03,2258,18.03,17.98,17.99,,912.0
2018-06-19 13:10,,18.04,2258,18.04,17.96,18.03,,338.0
2018-06-19 13:15,,18.0,2258,18.04,17.97,18.04,,646.0
2018-06-19 13:20,,18.1,2258,18.1,17.97,18.0,,744.0
2018-06-19 13:25,,18.14,2258,18.14,18.03,18.1,,361.0
2018-06-19 13:30,,18.15,2258,18.18,18.11,18.14,,360.0
2018-06-19 13:35,,18.14,2258,18.2,18.11,18.15,,310.0
2018-06-19 13:40,,18.21,2258,18.23,18.14,18.14,,291.0
2018-06-19 13:45,,18.44,2258,18.45,18.2,18.21,,1103.0
2018-06-19 13:50,,18.37,2258,18.46,18.35,18.45,,447.0
2018-06-19 13:55,,18.4,2258,18.51,18.36,18.37,,1131.0
2018-06-19 14:00,,18.38,2258,18.49,18.36,18.4,,884.0
2018-06-19 14:05,,18.3,2258,18.39,18.3,18.38,,470.0
2018-06-19 14:10,,18.3,2258,18.34,18.3,18.3,,578.0
2018-06-19 14:15,,18.21,2258,18.31,18.2,18.3,,726.0
2018-06-19 14:20,,18.19,2258,18.25,18.19,18.21,,920.0
2018-06-19 14:25,,18.25,2258,18.25,18.12,18.24,,974.0
2018-06-19 14:30,,18.2,2258,18.31,18.15,18.25,,714.0
2018-06-19 14:35,,18.14,2258,18.28,18.1,18.2,,1579.0
2018-06-19 14:40,,18.08,2258,18.21,18.02,18.14,,2055.0
2018-06-19 14:45,,18.3,2258,18.3,18.08,18.08,,1328.0
2018-06-19 14:50,,18.4,2258,18.4,18.3,18.3,,1258.0
2018-06-19 14:55,,18.51,2258,18.53,18.38,18.38,,1071.0
2018-06-19 15:00,,18.5,2258,18.55,18.49,18.51,,381.0
2018-06-20 09:35,,18.26,2258,18.49,18.02,18.35,,2426.0
2018-06-20 09:40,,18.35,2258,18.35,18.26,18.26,,1100.0
2018-06-20 09:45,,18.23,2258,18.37,18.22,18.35,,1032.0
2018-06-20 09:50,,18.17,2258,18.24,18.15,18.23,,551.0
2018-06-20 09:55,,18.16,2258,18.29,18.1,18.17,,919.0
2018-06-20 10:00,,18.15,2258,18.2,18.13,18.13,,771.0
2018-06-20 10:05,,18.15,2258,18.3,18.15,18.15,,617.0
2018-06-20 10:10,,18.13,2258,18.21,18.13,18.15,,649.0
2018-06-20 10:15,,18.13,2258,18.14,18.12,18.12,,227.0
2018-06-20 10:20,,18.13,2258,18.17,18.12,18.13,,468.0
2018-06-20 10:25,,18.07,2258,18.18,18.05,18.13,,1186.0
2018-06-20 10:30,,18.09,2258,18.18,18.07,18.07,,193.0
2018-06-20 10:35,,18.1,2258,18.16,18.08,18.08,,457.0
2018-06-20 10:40,,18.18,2258,18.19,18.09,18.1,,268.0
2018-06-20 10:45,,18.1,2258,18.21,18.08,18.18,,761.0
2018-06-20 10:50,,18.08,2258,18.17,18.07,18.1,,536.0
2018-06-20 10:55,,18.15,2258,18.17,18.08,18.08,,443.0
2018-06-20 11:00,,18.1,2258,18.18,18.09,18.15,,628.0
2018-06-20 11:05,,18.09,2258,18.16,18.09,18.1,,284.0
2018-06-20 11:10,,18.1,2258,18.2,18.09,18.09,,946.0
2018-06-20 11:15,,18.07,2258,18.12,18.07,18.1,,609.0
2018-06-20 11:20,,18.06,2258,18.16,18.06,18.07,,382.0
2018-06-20 11:25,,18.2,2258,18.2,18.06,18.06,,168.0
2018-06-20 11:30,,18.21,2258,18.26,18.17,18.17,,347.0
2018-06-20 13:05,,18.24,2258,18.35,18.21,18.21,,791.0
2018-06-20 13:10,,18.25,2258,18.32,18.23,18.23,,210.0
2018-06-20 13:15,,18.26,2258,18.31,18.24,18.25,,209.0
2018-06-20 13:20,,18.41,2258,18.44,18.26,18.26,,483.0
2018-06-20 13:25,,18.32,2258,18.41,18.3,18.41,,395.0
2018-06-20 13:30,,18.43,2258,18.45,18.32,18.32,,382.0
2018-06-20 13:35,,18.44,2258,18.55,18.4,18.42,,689.0
2018-06-20 13:40,,18.43,2258,18.48,18.43,18.44,,764.0
2018-06-20 13:45,,18.36,2258,18.43,18.32,18.43,,884.0
2018-06-20 13:50,,18.39,2258,18.4,18.36,18.36,,617.0
2018-06-20 13:55,,18.44,2258,18.48,18.38,18.39,,639.0
2018-06-20 14:00,,18.4,2258,18.45,18.4,18.44,,476.0
2018-06-20 14:05,,18.41,2258,18.43,18.38,18.39,,595.0
2018-06-20 14:10,,18.38,2258,18.41,18.38,18.41,,562.0
2018-06-20 14:15,,18.32,2258,18.38,18.32,18.38,,766.0
2018-06-20 14:20,,18.32,2258,18.35,18.31,18.32,,381.0
2018-06-20 14:25,,18.4,2258,18.48,18.32,18.32,,683.0
2018-06-20 14:30,,18.45,2258,18.5,18.4,18.4,,520.0
2018-06-20 14:35,,18.41,2258,18.46,18.4,18.45,,681.0
2018-06-20 14:40,,18.35,2258,18.43,18.35,18.41,,430.0
2018-06-20 14:45,,18.31,2258,18.35,18.31,18.35,,907.0
2018-06-20 14:50,,18.34,2258,18.4,18.31,18.31,,873.0
2018-06-20 14:55,,18.32,2258,18.34,18.31,18.34,,747.0
2018-06-20 15:00,,18.31,2258,18.33,18.31,18.32,,485.0
2018-06-21 09:35,,18.33,2258,18.46,18.3,18.32,,1602.0
2018-06-21 09:40,,18.41,2258,18.45,18.33,18.33,,556.0
2018-06-21 09:45,,18.32,2258,18.43,18.32,18.41,,563.0
2018-06-21 09:50,,18.18,2258,18.35,18.18,18.32,,1144.0
2018-06-21 09:55,,18.29,2258,18.29,18.18,18.18,,578.0
2018-06-21 10:00,,18.29,2258,18.33,18.26,18.29,,330.0
2018-06-21 10:05,,18.41,2258,18.43,18.29,18.29,,710.0
2018-06-21 10:10,,18.39,2258,18.46,18.38,18.41,,873.0
2018-06-21 10:15,,18.39,2258,18.41,18.38,18.39,,245.0
2018-06-21 10:20,,18.41,2258,18.43,18.39,18.4,,250.0
2018-06-21 10:25,,18.4,2258,18.41,18.37,18.41,,319.0
2018-06-21 10:30,,18.56,2258,18.57,18.4,18.4,,1230.0
2018-06-21 10:35,,18.66,2258,18.66,18.5,18.56,,999.0
2018-06-21 10:40,,18.86,2258,18.94,18.66,18.66,,2902.0
2018-06-21 10:45,,18.75,2258,18.87,18.7,18.81,,2035.0
2018-06-21 10:50,,18.82,2258,18.88,18.75,18.75,,1516.0
2018-06-21 10:55,,18.74,2258,18.86,18.74,18.82,,1086.0
2018-06-21 11:00,,18.72,2258,18.77,18.71,18.74,,432.0
2018-06-21 11:05,,18.74,2258,18.82,18.72,18.72,,974.0
2018-06-21 11:10,,18.54,2258,18.74,18.5,18.74,,2373.0
2018-06-21 11:15,,18.5,2258,18.63,18.5,18.54,,1211.0
2018-06-21 11:20,,18.53,2258,18.53,18.46,18.5,,884.0
2018-06-21 11:25,,18.42,2258,18.55,18.4,18.53,,1282.0
2018-06-21 11:30,,18.34,2258,18.45,18.34,18.42,,937.0
2018-06-21 13:05,,18.25,2258,18.35,18.25,18.34,,1279.0
2018-06-21 13:10,,18.06,2258,18.27,18.05,18.25,,1826.0
2018-06-21 13:15,,18.13,2258,18.14,18.01,18.05,,1048.0
2018-06-21 13:20,,17.99,2258,18.15,17.99,18.13,,1418.0
2018-06-21 13:25,,17.83,2258,17.99,17.8,17.99,,1952.0
2018-06-21 13:30,,17.84,2258,17.92,17.79,17.82,,1266.0
2018-06-21 13:35,,17.87,2258,17.9,17.82,17.84,,643.0
2018-06-21 13:40,,17.6,2258,17.89,17.53,17.87,,2472.0
2018-06-21 13:45,,17.62,2258,17.7,17.58,17.6,,1604.0
2018-06-21 13:50,,17.66,2258,17.66,17.58,17.61,,1229.0
2018-06-21 13:55,,17.87,2258,17.87,17.66,17.66,,297.0
2018-06-21 14:00,,17.79,2258,17.92,17.79,17.87,,486.0
2018-06-21 14:05,,17.73,2258,17.8,17.67,17.79,,1113.0
2018-06-21 14:10,,17.8,2258,17.8,17.71,17.73,,338.0
2018-06-21 14:15,,17.78,2258,17.87,17.78,17.8,,293.0
2018-06-21 14:20,,17.75,2258,17.8,17.73,17.78,,801.0
2018-06-21 14:25,,17.76,2258,17.76,17.72,17.75,,749.0
2018-06-21 14:30,,17.81,2258,17.84,17.76,17.76,,321.0
2018-06-21 14:35,,17.85,2258,17.87,17.8,17.81,,678.0
2018-06-21 14:40,,17.82,2258,17.85,17.81,17.85,,240.0
2018-06-21 14:45,,17.78,2258,17.82,17.78,17.82,,500.0
2018-06-21 14:50,,17.69,2258,17.77,17.69,17.77,,765.0
2018-06-21 14:55,,17.63,2258,17.7,17.61,17.69,,1294.0
2018-06-21 15:00,,17.62,2258,17.63,17.6,17.63,,614.0
2018-06-22 09:35,,17.56,2258,17.59,17.44,17.54,,1976.0
2018-06-22 09:40,,17.83,2258,17.99,17.63,17.67,,1329.0
2018-06-22 09:45,,18.09,2258,18.15,17.84,17.95,,1005.0
2018-06-22 09:50,,17.91,2258,18.09,17.83,18.09,,831.0
2018-06-22 09:55,,17.88,2258,18.01,17.88,17.91,,898.0
2018-06-22 10:00,,17.99,2258,17.99,17.86,17.88,,464.0
2018-06-22 10:05,,17.95,2258,17.99,17.94,17.99,,352.0
2018-06-22 10:10,,18.05,2258,18.08,17.94,17.95,,790.0
2018-06-22 10:15,,18.05,2258,18.15,18.05,18.05,,795.0
2018-06-22 10:20,,18.02,2258,18.06,18.02,18.05,,233.0
2018-06-22 10:25,,18.0,2258,18.03,17.97,18.02,,300.0
2018-06-22 10:30,,17.97,2258,18.03,17.96,18.0,,797.0
2018-06-22 10:35,,17.95,2258,17.97,17.89,17.97,,471.0
2018-06-22 10:40,,17.93,2258,17.95,17.93,17.95,,196.0
2018-06-22 10:45,,17.97,2258,17.99,17.93,17.93,,300.0
2018-06-22 10:50,,17.96,2258,17.97,17.94,17.97,,421.0
2018-06-22 10:55,,18.0,2258,18.02,17.96,17.96,,1231.0
2018-06-22 11:00,,18.02,2258,18.03,18.0,18.0,,617.0
2018-06-22 11:05,,18.01,2258,18.02,18.0,18.02,,205.0
2018-06-22 11:10,,18.0,2258,18.01,17.97,18.01,,728.0
2018-06-22 11:15,,18.05,2258,18.05,18.0,18.0,,582.0
2018-06-22 11:20,,18.08,2258,18.09,18.05,18.06,,271.0
2018-06-22 11:25,,18.1,2258,18.1,18.08,18.08,,273.0
2018-06-22 11:30,,18.08,2258,18.1,18.05,18.1,,219.0
2018-06-22 13:05,,18.05,2258,18.08,18.05,18.08,,138.0
2018-06-22 13:10,,18.08,2258,18.08,18.05,18.05,,170.0
2018-06-22 13:15,,18.1,2258,18.1,18.06,18.08,,216.0
2018-06-22 13:20,,18.09,2258,18.1,18.06,18.1,,175.0
2018-06-22 13:25,,18.06,2258,18.09,18.06,18.09,,205.0
2018-06-22 13:30,,18.07,2258,18.07,18.06,18.06,,248.0
2018-06-22 13:35,,18.01,2258,18.07,18.01,18.07,,396.0
2018-06-22 13:40,,17.98,2258,18.03,17.95,18.01,,200.0
2018-06-22 13:45,,17.85,2258,17.98,17.8,17.98,,994.0
2018-06-22 13:50,,17.8,2258,17.9,17.8,17.85,,757.0
2018-06-22 13:55,,17.9,2258,17.9,17.8,17.8,,565.0
2018-06-22 14:00,,17.9,2258,17.9,17.88,17.9,,399.0
2018-06-22 14:05,,17.84,2258,17.9,17.84,17.9,,442.0
2018-06-22 14:10,,17.84,2258,17.9,17.84,17.84,,183.0
2018-06-22 14:15,,17.89,2258,17.9,17.8,17.84,,242.0
2018-06-22 14:20,,17.95,2258,17.95,17.84,17.89,,398.0
2018-06-22 14:25,,18.01,2258,18.01,17.91,17.95,,199.0
2018-06-22 14:30,,18.0,2258,18.01,17.92,18.01,,68.0
2018-06-22 14:35,,17.95,2258,18.02,17.91,18.0,,499.0
2018-06-22 14:40,,17.9,2258,17.96,17.87,17.95,,71.0
2018-06-22 14:45,,18.1,2258,18.12,17.88,17.9,,1865.0
2018-06-22 14:50,,17.95,2258,18.13,17.95,18.1,,760.0
2018-06-22 14:55,,18.12,2258,18.15,17.95,17.95,,3547.0
2018-06-22 15:00,,18.1,2258,18.12,18.1,18.12,,485.0
2018-06-25 09:35,,18.33,2258,18.55,18.22,18.34,,3897.0
2018-06-25 09:40,,18.45,2258,18.5,18.33,18.33,,1046.0
2018-06-25 09:45,,18.35,2258,18.45,18.35,18.45,,1023.0
2018-06-25 09:50,,18.55,2258,18.55,18.33,18.35,,1585.0
2018-06-25 09:55,,18.6,2258,18.77,18.55,18.55,,2096.0
2018-06-25 10:00,,18.64,2258,18.66,18.55,18.56,,836.0
2018-06-25 10:05,,18.59,2258,18.64,18.54,18.64,,615.0
2018-06-25 10:10,,18.57,2258,18.6,18.55,18.59,,1072.0
2018-06-25 10:15,,18.6,2258,18.62,18.52,18.57,,771.0
2018-06-25 10:20,,18.66,2258,18.68,18.6,18.6,,431.0
2018-06-25 10:25,,18.66,2258,18.7,18.65,18.66,,498.0
2018-06-25 10:30,,18.7,2258,18.74,18.66,18.66,,882.0
2018-06-25 10:35,,18.7,2258,18.73,18.7,18.71,,376.0
2018-06-25 10:40,,18.71,2258,18.74,18.71,18.71,,356.0
2018-06-25 10:45,,18.7,2258,18.73,18.7,18.71,,609.0
2018-06-25 10:50,,18.71,2258,18.71,18.64,18.7,,761.0
2018-06-25 10:55,,18.71,2258,18.72,18.65,18.71,,1267.0
2018-06-25 11:00,,18.72,2258,18.74,18.71,18.72,,235.0
2018-06-25 11:05,,18.69,2258,18.72,18.69,18.72,,166.0
2018-06-25 11:10,,18.7,2258,18.71,18.68,18.69,,296.0
2018-06-25 11:15,,18.7,2258,18.7,18.67,18.7,,159.0
2018-06-25 11:20,,18.65,2258,18.7,18.64,18.7,,160.0
2018-06-25 11:25,,18.64,2258,18.66,18.64,18.65,,439.0
2018-06-25 11:30,,18.66,2258,18.66,18.64,18.64,,89.0
2018-06-25 13:05,,18.63,2258,18.7,18.63,18.66,,260.0
2018-06-25 13:10,,18.61,2258,18.64,18.61,18.64,,773.0
2018-06-25 13:15,,18.57,2258,18.61,18.52,18.61,,1014.0
2018-06-25 13:20,,18.53,2258,18.57,18.51,18.57,,553.0
2018-06-25 13:25,,18.48,2258,18.53,18.48,18.53,,707.0
2018-06-25 13:30,,18.57,2258,18.57,18.42,18.48,,391.0
2018-06-25 13:35,,18.45,2258,18.57,18.42,18.57,,679.0
2018-06-25 13:40,,18.45,2258,18.49,18.41,18.45,,1501.0
2018-06-25 13:45,,18.42,2258,18.49,18.42,18.45,,691.0
2018-06-25 13:50,,18.47,2258,18.47,18.42,18.42,,623.0
2018-06-25 13:55,,18.52,2258,18.52,18.46,18.47,,639.0
2018-06-25 14:00,,18.49,2258,18.55,18.49,18.52,,902.0
2018-06-25 14:05,,18.61,2258,18.61,18.49,18.49,,1011.0
2018-06-25 14:10,,18.7,2258,18.74,18.61,18.61,,775.0
2018-06-25 14:15,,18.67,2258,18.7,18.65,18.7,,338.0
2018-06-25 14:20,,18.69,2258,18.69,18.65,18.69,,966.0
2018-06-25 14:25,,18.65,2258,18.69,18.64,18.65,,693.0
2018-06-25 14:30,,18.6,2258,18.66,18.6,18.65,,792.0
2018-06-25 14:35,,18.52,2258,18.61,18.5,18.6,,1031.0
2018-06-25 14:40,,18.53,2258,18.6,18.52,18.52,,584.0
2018-06-25 14:45,,18.52,2258,18.57,18.52,18.53,,617.0
2018-06-25 14:50,,18.52,2258,18.53,18.48,18.52,,1425.0
2018-06-25 14:55,,18.43,2258,18.52,18.4,18.52,,829.0
2018-06-25 15:00,,18.39,2258,18.43,18.39,18.43,,578.0
2018-06-26 09:35,,18.4,2258,18.44,18.11,18.3,,973.0
2018-06-26 09:40,,18.46,2258,18.5,18.35,18.4,,788.0
2018-06-26 09:45,,18.59,2258,18.59,18.46,18.46,,797.0
2018-06-26 09:50,,18.5,2258,18.59,18.48,18.59,,651.0
2018-06-26 09:55,,18.39,2258,18.5,18.39,18.5,,991.0
2018-06-26 10:00,,18.5,2258,18.55,18.39,18.39,,395.0
2018-06-26 10:05,,18.46,2258,18.54,18.45,18.5,,229.0
2018-06-26 10:10,,18.3,2258,18.48,18.3,18.46,,819.0
2018-06-26 10:15,,18.3,2258,18.35,18.21,18.3,,522.0
2018-06-26 10:20,,18.39,2258,18.47,18.3,18.3,,442.0
2018-06-26 10:25,,18.41,2258,18.47,18.38,18.39,,585.0
2018-06-26 10:30,,18.43,2258,18.43,18.39,18.41,,621.0
2018-06-26 10:35,,18.36,2258,18.43,18.31,18.43,,605.0
2018-06-26 10:40,,18.36,2258,18.42,18.36,18.36,,968.0
2018-06-26 10:45,,18.39,2258,18.42,18.35,18.36,,364.0
2018-06-26 10:50,,18.42,2258,18.43,18.38,18.39,,836.0
2018-06-26 10:55,,18.49,2258,18.49,18.42,18.42,,583.0
2018-06-26 11:00,,18.55,2258,18.56,18.49,18.49,,668.0
2018-06-26 11:05,,18.67,2258,18.67,18.55,18.55,,960.0
2018-06-26 11:10,,18.64,2258,18.67,18.5,18.67,,1717.0
2018-06-26 11:15,,18.61,2258,18.64,18.58,18.64,,418.0
2018-06-26 11:20,,18.59,2258,18.61,18.58,18.61,,382.0
2018-06-26 11:25,,18.56,2258,18.59,18.55,18.59,,398.0
2018-06-26 11:30,,18.56,2258,18.56,18.55,18.56,,114.0
2018-06-26 13:05,,18.62,2258,18.62,18.56,18.56,,499.0
2018-06-26 13:10,,18.75,2258,18.75,18.61,18.62,,1010.0
2018-06-26 13:15,,18.8,2258,18.81,18.71,18.75,,1047.0
2018-06-26 13:20,,18.78,2258,18.8,18.76,18.8,,591.0
2018-06-26 13:25,,18.8,2258,18.85,18.75,18.78,,1332.0
2018-06-26 13:30,,18.77,2258,18.82,18.76,18.8,,685.0
2018-06-26 13:35,,18.79,2258,18.82,18.76,18.77,,1138.0
2018-06-26 13:40,,18.76,2258,18.8,18.76,18.79,,261.0
2018-06-26 13:45,,18.81,2258,18.81,18.75,18.76,,1140.0
2018-06-26 13:50,,18.77,2258,18.81,18.75,18.81,,280.0
2018-06-26 13:55,,18.79,2258,18.8,18.77,18.77,,87.0
2018-06-26 14:00,,18.79,2258,18.79,18.75,18.79,,439.0
2018-06-26 14:05,,18.76,2258,18.79,18.76,18.79,,178.0
2018-06-26 14:10,,18.78,2258,18.79,18.76,18.76,,107.0
2018-06-26 14:15,,18.77,2258,18.79,18.65,18.78,,3071.0
2018-06-26 14:20,,18.75,2258,18.77,18.7,18.77,,204.0
2018-06-26 14:25,,18.78,2258,18.78,18.75,18.75,,184.0
2018-06-26 14:30,,18.8,2258,18.81,18.77,18.78,,1288.0
2018-06-26 14:35,,18.8,2258,18.81,18.78,18.81,,1008.0
2018-06-26 14:40,,18.8,2258,18.82,18.78,18.8,,1109.0
2018-06-26 14:45,,18.88,2258,18.89,18.8,18.8,,1265.0
2018-06-26 14:50,,18.89,2258,18.92,18.88,18.88,,908.0
2018-06-26 14:55,,18.92,2258,18.92,18.88,18.89,,594.0
2018-06-26 15:00,,18.92,2258,18.92,18.91,18.92,,509.0
2018-06-27 09:35,,19.45,2258,19.5,18.8,19.0,,3233.0
2018-06-27 09:40,,19.6,2258,19.76,19.45,19.45,,3230.0
2018-06-27 09:45,,19.44,2258,19.61,19.44,19.6,,1914.0
2018-06-27 09:50,,19.4,2258,19.5,19.36,19.44,,1247.0
2018-06-27 09:55,,19.44,2258,19.48,19.36,19.4,,653.0
2018-06-27 10:00,,19.36,2258,19.47,19.36,19.44,,635.0
2018-06-27 10:05,,19.37,2258,19.41,19.37,19.4,,701.0
2018-06-27 10:10,,19.47,2258,19.5,19.37,19.37,,886.0
2018-06-27 10:15,,19.47,2258,19.51,19.46,19.47,,177.0
2018-06-27 10:20,,19.55,2258,19.56,19.46,19.47,,370.0
2018-06-27 10:25,,19.69,2258,19.7,19.51,19.55,,1546.0
2018-06-27 10:30,,19.53,2258,19.71,19.53,19.69,,1174.0
2018-06-27 10:35,,19.53,2258,19.62,19.51,19.53,,613.0
2018-06-27 10:40,,19.5,2258,19.58,19.5,19.53,,295.0
2018-06-27 10:45,,19.56,2258,19.57,19.5,19.5,,182.0
2018-06-27 10:50,,19.48,2258,19.56,19.46,19.56,,364.0
2018-06-27 10:55,,19.41,2258,19.48,19.4,19.48,,403.0
2018-06-27 11:00,,19.4,2258,19.42,19.4,19.42,,233.0
2018-06-27 11:05,,19.37,2258,19.41,19.37,19.4,,194.0
2018-06-27 11:10,,19.38,2258,19.4,19.36,19.37,,370.0
2018-06-27 11:15,,19.37,2258,19.38,19.37,19.38,,114.0
2018-06-27 11:20,,19.36,2258,19.38,19.36,19.37,,213.0
2018-06-27 11:25,,19.43,2258,19.43,19.36,19.36,,397.0
2018-06-27 11:30,,19.39,2258,19.43,19.39,19.43,,83.0
2018-06-27 13:05,,19.32,2258,19.39,19.32,19.39,,519.0
2018-06-27 13:10,,19.25,2258,19.34,19.25,19.32,,1429.0
2018-06-27 13:15,,19.08,2258,19.25,19.04,19.25,,1194.0
2018-06-27 13:20,,19.09,2258,19.1,19.01,19.08,,715.0
2018-06-27 13:25,,18.97,2258,19.13,18.96,19.09,,808.0
2018-06-27 13:30,,18.97,2258,18.97,18.89,18.94,,1209.0
2018-06-27 13:35,,19.08,2258,19.08,18.92,18.97,,903.0
2018-06-27 13:40,,19.0,2258,19.09,18.97,19.08,,352.0
2018-06-27 13:45,,18.95,2258,19.05,18.95,19.0,,267.0
2018-06-27 13:50,,18.92,2258,18.95,18.88,18.95,,333.0
2018-06-27 13:55,,18.93,2258,18.99,18.89,18.92,,154.0
2018-06-27 14:00,,18.89,2258,18.99,18.89,18.93,,448.0
2018-06-27 14:05,,18.89,2258,18.96,18.89,18.89,,274.0
2018-06-27 14:10,,18.94,2258,18.95,18.89,18.89,,395.0
2018-06-27 14:15,,18.95,2258,18.95,18.91,18.94,,57.0
2018-06-27 14:20,,18.87,2258,18.95,18.87,18.95,,630.0
2018-06-27 14:25,,18.95,2258,18.95,18.85,18.87,,712.0
2018-06-27 14:30,,19.06,2258,19.08,18.95,18.95,,1444.0
2018-06-27 14:35,,19.19,2258,19.29,19.06,19.06,,1067.0
2018-06-27 14:40,,19.34,2258,19.34,19.19,19.19,,363.0
2018-06-27 14:45,,19.16,2258,19.38,19.15,19.34,,475.0
2018-06-27 14:50,,19.18,2258,19.22,19.11,19.16,,334.0
2018-06-27 14:55,,19.13,2258,19.18,19.13,19.18,,310.0
2018-06-27 15:00,,19.12,2258,19.13,19.12,19.13,,201.0
2018-06-28 09:35,,19.3,2258,19.45,18.95,19.2,,1422.0
2018-06-28 09:40,,19.42,2258,19.44,19.25,19.3,,1336.0
2018-06-28 09:45,,19.57,2258,19.6,19.32,19.42,,1457.0
2018-06-28 09:50,,19.52,2258,19.58,19.45,19.57,,858.0
2018-06-28 09:55,,19.5,2258,19.52,19.45,19.52,,682.0
2018-06-28 10:00,,19.53,2258,19.54,19.45,19.5,,613.0
2018-06-28 10:05,,19.65,2258,19.69,19.53,19.53,,1562.0
2018-06-28 10:10,,19.58,2258,19.65,19.58,19.65,,652.0
2018-06-28 10:15,,19.6,2258,19.62,19.56,19.58,,336.0
2018-06-28 10:20,,19.46,2258,19.56,19.45,19.56,,358.0
2018-06-28 10:25,,19.42,2258,19.48,19.41,19.46,,261.0
2018-06-28 10:30,,19.41,2258,19.45,19.3,19.42,,869.0
2018-06-28 10:35,,19.45,2258,19.45,19.3,19.41,,513.0
2018-06-28 10:40,,19.37,2258,19.5,19.37,19.45,,365.0
2018-06-28 10:45,,19.48,2258,19.49,19.35,19.37,,267.0
2018-06-28 10:50,,19.5,2258,19.5,19.45,19.48,,305.0
2018-06-28 10:55,,19.5,2258,19.5,19.47,19.5,,185.0
2018-06-28 11:00,,19.48,2258,19.54,19.47,19.5,,208.0
2018-06-28 11:05,,19.52,2258,19.53,19.48,19.48,,125.0
2018-06-28 11:10,,19.48,2258,19.53,19.48,19.52,,131.0
2018-06-28 11:15,,19.48,2258,19.49,19.42,19.48,,79.0
2018-06-28 11:20,,19.44,2258,19.48,19.43,19.48,,83.0
2018-06-28 11:25,,19.43,2258,19.45,19.42,19.44,,83.0
2018-06-28 11:30,,19.43,2258,19.44,19.43,19.43,,66.0
2018-06-28 13:05,,19.46,2258,19.46,19.43,19.43,,101.0
2018-06-28 13:10,,19.45,2258,19.46,19.41,19.46,,161.0
2018-06-28 13:15,,19.4,2258,19.45,19.38,19.45,,120.0
2018-06-28 13:20,,19.35,2258,19.41,19.35,19.4,,198.0
2018-06-28 13:25,,19.28,2258,19.35,19.27,19.35,,442.0
2018-06-28 13:30,,19.18,2258,19.3,19.18,19.28,,585.0
2018-06-28 13:35,,19.23,2258,19.26,19.16,19.16,,140.0
2018-06-28 13:40,,19.2,2258,19.23,19.18,19.23,,253.0
2018-06-28 13:45,,19.15,2258,19.2,19.15,19.2,,413.0
2018-06-28 13:50,,19.1,2258,19.16,19.1,19.15,,308.0
2018-06-28 13:55,,19.09,2258,19.16,19.09,19.1,,303.0
2018-06-28 14:00,,19.02,2258,19.12,19.02,19.09,,536.0
2018-06-28 14:05,,19.13,2258,19.13,19.02,19.02,,337.0
2018-06-28 14:10,,19.0,2258,19.14,19.0,19.13,,513.0
2018-06-28 14:15,,18.79,2258,19.0,18.77,19.0,,1507.0
2018-06-28 14:20,,18.82,2258,19.0,18.77,18.77,,889.0
2018-06-28 14:25,,18.8,2258,18.93,18.8,18.82,,1208.0
2018-06-28 14:30,,18.75,2258,18.81,18.74,18.81,,1365.0
2018-06-28 14:35,,18.69,2258,18.76,18.68,18.75,,1084.0
2018-06-28 14:40,,18.63,2258,18.73,18.63,18.69,,1426.0
2018-06-28 14:45,,18.61,2258,18.64,18.61,18.63,,1490.0
2018-06-28 14:50,,18.49,2258,18.61,18.4,18.61,,1352.0
2018-06-28 14:55,,18.41,2258,18.49,18.39,18.47,,3773.0
2018-06-28 15:00,,18.42,2258,18.42,18.4,18.41,,1689.0
2018-06-29 09:35,,18.75,2258,18.94,18.6,18.76,,1459.0
2018-06-29 09:40,,18.83,2258,18.85,18.67,18.74,,1133.0
2018-06-29 09:45,,18.87,2258,18.9,18.8,18.83,,903.0
2018-06-29 09:50,,18.8,2258,18.88,18.76,18.87,,697.0
2018-06-29 09:55,,18.72,2258,18.87,18.72,18.8,,1637.0
2018-06-29 10:00,,18.79,2258,18.79,18.7,18.72,,688.0
2018-06-29 10:05,,18.76,2258,18.79,18.72,18.79,,318.0
2018-06-29 10:10,,18.83,2258,18.84,18.75,18.76,,380.0
2018-06-29 10:15,,18.98,2258,18.98,18.82,18.83,,1050.0
2018-06-29 10:20,,18.91,2258,19.0,18.91,18.98,,732.0
2018-06-29 10:25,,18.94,2258,18.96,18.9,18.91,,161.0
2018-06-29 10:30,,19.07,2258,19.08,18.94,18.94,,910.0
2018-06-29 10:35,,19.08,2258,19.09,19.06,19.07,,399.0
2018-06-29 10:40,,19.15,2258,19.16,19.06,19.08,,464.0
2018-06-29 10:45,,19.14,2258,19.15,19.05,19.15,,547.0
2018-06-29 10:50,,19.14,2258,19.17,19.1,19.14,,429.0
2018-06-29 10:55,,19.14,2258,19.15,19.12,19.14,,211.0
2018-06-29 11:00,,19.13,2258,19.19,19.13,19.14,,476.0
2018-06-29 11:05,,19.13,2258,19.16,19.11,19.13,,408.0
2018-06-29 11:10,,19.11,2258,19.16,19.11,19.15,,265.0
2018-06-29 11:15,,19.13,2258,19.15,19.1,19.11,,342.0
2018-06-29 11:20,,19.2,2258,19.2,19.11,19.13,,1287.0
2018-06-29 11:25,,19.34,2258,19.37,19.18,19.2,,1262.0
2018-06-29 11:30,,19.35,2258,19.36,19.28,19.34,,379.0
2018-06-29 13:05,,19.43,2258,19.44,19.34,19.35,,963.0
2018-06-29 13:10,,19.38,2258,19.46,19.36,19.45,,394.0
2018-06-29 13:15,,19.4,2258,19.41,19.35,19.38,,447.0
2018-06-29 13:20,,19.4,2258,19.43,19.39,19.4,,327.0
2018-06-29 13:25,,19.48,2258,19.49,19.44,19.44,,1082.0
2018-06-29 13:30,,19.44,2258,19.58,19.44,19.49,,1164.0
2018-06-29 13:35,,19.45,2258,19.56,19.45,19.45,,972.0
2018-06-29 13:40,,19.42,2258,19.5,19.31,19.45,,798.0
2018-06-29 13:45,,19.44,2258,19.49,19.31,19.45,,1134.0
2018-06-29 13:50,,19.37,2258,19.44,19.32,19.44,,1513.0
2018-06-29 13:55,,19.38,2258,19.45,19.37,19.37,,325.0
2018-06-29 14:00,,19.38,2258,19.4,19.32,19.38,,808.0
2018-06-29 14:05,,19.39,2258,19.42,19.35,19.38,,557.0
2018-06-29 14:10,,19.38,2258,19.39,19.32,19.36,,573.0
2018-06-29 14:15,,19.38,2258,19.38,19.33,19.33,,198.0
2018-06-29 14:20,,19.35,2258,19.38,19.33,19.38,,300.0
2018-06-29 14:25,,19.35,2258,19.38,19.35,19.35,,600.0
2018-06-29 14:30,,19.37,2258,19.38,19.35,19.35,,275.0
2018-06-29 14:35,,19.33,2258,19.38,19.31,19.37,,995.0
2018-06-29 14:40,,19.32,2258,19.37,19.3,19.33,,425.0
2018-06-29 14:45,,19.29,2258,19.38,19.28,19.3,,1419.0
2018-06-29 14:50,,19.36,2258,19.37,19.29,19.29,,642.0
2018-06-29 14:55,,19.33,2258,19.37,19.31,19.36,,1225.0
2018-06-29 15:00,,19.36,2258,19.36,19.32,19.33,,1305.0
2018-07-02 09:35,,19.5,2258,19.77,19.35,19.36,,1266.0
2018-07-02 09:40,,19.59,2258,19.59,19.42,19.5,,593.0
2018-07-02 09:45,,19.47,2258,19.59,19.44,19.59,,597.0
2018-07-02 09:50,,19.49,2258,19.58,19.45,19.47,,1136.0
2018-07-02 09:55,,19.52,2258,19.55,19.45,19.49,,471.0
2018-07-02 10:00,,19.3,2258,19.52,19.3,19.52,,858.0
2018-07-02 10:05,,19.36,2258,19.42,19.21,19.29,,553.0
2018-07-02 10:10,,19.35,2258,19.36,19.29,19.36,,133.0
2018-07-02 10:15,,19.28,2258,19.36,19.28,19.35,,375.0
2018-07-02 10:20,,19.32,2258,19.32,19.22,19.28,,465.0
2018-07-02 10:25,,19.3,2258,19.34,19.27,19.32,,125.0
2018-07-02 10:30,,19.23,2258,19.34,19.22,19.3,,409.0
2018-07-02 10:35,,19.34,2258,19.34,19.23,19.23,,436.0
2018-07-02 10:40,,19.32,2258,19.35,19.32,19.35,,54.0
2018-07-02 10:45,,19.38,2258,19.38,19.26,19.3,,193.0
2018-07-02 10:50,,19.45,2258,19.45,19.36,19.38,,319.0
2018-07-02 10:55,,19.39,2258,19.45,19.31,19.45,,238.0
2018-07-02 11:00,,19.34,2258,19.39,19.33,19.39,,93.0
2018-07-02 11:05,,19.34,2258,19.36,19.34,19.34,,90.0
2018-07-02 11:10,,19.39,2258,19.41,19.34,19.34,,225.0
2018-07-02 11:15,,19.36,2258,19.4,19.36,19.39,,95.0
2018-07-02 11:20,,19.35,2258,19.39,19.34,19.36,,192.0
2018-07-02 11:25,,19.35,2258,19.36,19.3,19.35,,263.0
2018-07-02 11:30,,19.36,2258,19.36,19.32,19.35,,21.0
2018-07-02 13:05,,19.28,2258,19.36,19.28,19.36,,341.0
2018-07-02 13:10,,19.21,2258,19.29,19.21,19.28,,671.0
2018-07-02 13:15,,19.09,2258,19.21,19.08,19.21,,516.0
2018-07-02 13:20,,19.09,2258,19.18,19.08,19.09,,688.0
2018-07-02 13:25,,19.14,2258,19.15,19.09,19.09,,300.0
2018-07-02 13:30,,19.08,2258,19.14,19.06,19.14,,634.0
2018-07-02 13:35,,19.08,2258,19.09,19.0,19.08,,981.0
2018-07-02 13:40,,19.14,2258,19.15,19.04,19.08,,461.0
2018-07-02 13:45,,19.07,2258,19.14,19.05,19.14,,285.0
2018-07-02 13:50,,19.04,2258,19.11,19.02,19.07,,400.0
2018-07-02 13:55,,19.04,2258,19.09,19.03,19.04,,275.0
2018-07-02 14:00,,19.0,2258,19.05,19.0,19.04,,1327.0
2018-07-02 14:05,,18.97,2258,19.03,18.96,19.0,,573.0
2018-07-02 14:10,,18.98,2258,18.99,18.91,18.97,,692.0
2018-07-02 14:15,,18.98,2258,19.01,18.96,18.98,,303.0
2018-07-02 14:20,,18.94,2258,19.01,18.94,18.98,,558.0
2018-07-02 14:25,,18.9,2258,18.95,18.84,18.94,,903.0
2018-07-02 14:30,,18.85,2258,18.93,18.85,18.9,,1077.0
2018-07-02 14:35,,18.89,2258,18.9,18.85,18.85,,680.0
2018-07-02 14:40,,18.88,2258,18.92,18.88,18.89,,526.0
2018-07-02 14:45,,18.84,2258,18.91,18.84,18.88,,570.0
2018-07-02 14:50,,18.9,2258,18.9,18.84,18.85,,790.0
2018-07-02 14:55,,19.06,2258,19.06,18.89,18.9,,694.0
2018-07-02 15:00,,19.06,2258,19.09,19.05,19.06,,190.0
2018-07-03 09:35,,19.07,2258,19.14,18.8,18.9,,984.0
2018-07-03 09:40,,19.05,2258,19.15,18.96,19.07,,410.0
2018-07-03 09:45,,19.07,2258,19.13,19.05,19.06,,466.0
2018-07-03 09:50,,18.89,2258,19.08,18.83,19.07,,828.0
2018-07-03 09:55,,18.85,2258,18.96,18.8,18.89,,1070.0
2018-07-03 10:00,,18.53,2258,18.85,18.5,18.85,,1462.0
2018-07-03 10:05,,18.47,2258,18.6,18.47,18.53,,1564.0
2018-07-03 10:10,,18.53,2258,18.53,18.4,18.47,,1619.0
2018-07-03 10:15,,18.65,2258,18.7,18.45,18.53,,429.0
2018-07-03 10:20,,18.62,2258,18.79,18.62,18.65,,892.0
2018-07-03 10:25,,18.7,2258,18.7,18.62,18.62,,306.0
2018-07-03 10:30,,18.64,2258,18.7,18.6,18.7,,289.0
2018-07-03 10:35,,18.54,2258,18.65,18.54,18.6,,381.0
2018-07-03 10:40,,18.53,2258,18.56,18.51,18.54,,251.0
2018-07-03 10:45,,18.53,2258,18.57,18.46,18.52,,620.0
2018-07-03 10:50,,18.61,2258,18.7,18.57,18.57,,260.0
2018-07-03 10:55,,18.53,2258,18.63,18.51,18.61,,486.0
2018-07-03 11:00,,18.69,2258,18.69,18.42,18.53,,841.0
2018-07-03 11:05,,18.48,2258,18.69,18.45,18.69,,183.0
2018-07-03 11:10,,18.46,2258,18.53,18.43,18.48,,448.0
2018-07-03 11:15,,18.45,2258,18.5,18.45,18.46,,669.0
2018-07-03 11:20,,18.35,2258,18.48,18.35,18.48,,1152.0
2018-07-03 11:25,,18.36,2258,18.45,18.35,18.35,,500.0
2018-07-03 11:30,,18.55,2258,18.55,18.32,18.36,,755.0
2018-07-03 13:05,,18.6,2258,18.65,18.55,18.55,,413.0
2018-07-03 13:10,,18.67,2258,18.69,18.54,18.6,,365.0
2018-07-03 13:15,,18.66,2258,18.67,18.56,18.67,,329.0
2018-07-03 13:20,,18.67,2258,18.67,18.55,18.66,,796.0
2018-07-03 13:25,,18.62,2258,18.74,18.61,18.67,,525.0
2018-07-03 13:30,,18.68,2258,18.75,18.6,18.62,,568.0
2018-07-03 13:35,,18.73,2258,18.76,18.63,18.68,,822.0
2018-07-03 13:40,,18.8,2258,18.85,18.71,18.73,,985.0
2018-07-03 13:45,,18.76,2258,18.83,18.71,18.8,,624.0
2018-07-03 13:50,,18.9,2258,19.06,18.72,18.76,,1401.0
2018-07-03 13:55,,18.95,2258,18.99,18.85,18.92,,1342.0
2018-07-03 14:00,,18.88,2258,18.95,18.81,18.95,,920.0
2018-07-03 14:05,,18.78,2258,18.9,18.73,18.88,,395.0
2018-07-03 14:10,,18.91,2258,18.91,18.75,18.78,,549.0
2018-07-03 14:15,,18.91,2258,18.92,18.78,18.91,,494.0
2018-07-03 14:20,,18.9,2258,18.93,18.89,18.9,,386.0
2018-07-03 14:25,,18.9,2258,18.94,18.9,18.93,,965.0
2018-07-03 14:30,,18.92,2258,18.93,18.9,18.9,,556.0
2018-07-03 14:35,,18.9,2258,18.94,18.9,18.92,,246.0
2018-07-03 14:40,,18.91,2258,18.92,18.9,18.9,,348.0
2018-07-03 14:45,,18.86,2258,18.91,18.84,18.91,,1072.0
2018-07-03 14:50,,18.85,2258,18.87,18.85,18.87,,377.0
2018-07-03 14:55,,18.88,2258,18.88,18.85,18.85,,532.0
2018-07-03 15:00,,18.9,2258,18.9,18.88,18.88,,251.0
2018-07-04 09:35,,19.51,2258,19.67,19.33,19.33,,7537.0
2018-07-04 09:40,,19.71,2258,19.75,19.44,19.51,,4598.0
2018-07-04 09:45,,19.61,2258,19.72,19.6,19.71,,2482.0
2018-07-04 09:50,,19.66,2258,19.69,19.61,19.61,,1750.0
2018-07-04 09:55,,19.92,2258,19.92,19.65,19.66,,6771.0
2018-07-04 10:00,,19.82,2258,19.92,19.78,19.92,,2712.0
2018-07-04 10:05,,19.79,2258,19.83,19.65,19.82,,1167.0
2018-07-04 10:10,,19.73,2258,19.79,19.69,19.79,,720.0
2018-07-04 10:15,,19.71,2258,19.84,19.7,19.74,,1176.0
2018-07-04 10:20,,19.75,2258,19.8,19.69,19.71,,1306.0
2018-07-04 10:25,,19.74,2258,19.79,19.67,19.75,,1031.0
2018-07-04 10:30,,19.65,2258,19.74,19.62,19.74,,850.0
2018-07-04 10:35,,19.68,2258,19.68,19.58,19.65,,1617.0
2018-07-04 10:40,,19.66,2258,19.68,19.59,19.68,,753.0
2018-07-04 10:45,,19.7,2258,19.7,19.57,19.66,,744.0
2018-07-04 10:50,,19.66,2258,19.7,19.57,19.7,,888.0
2018-07-04 10:55,,19.65,2258,19.66,19.53,19.66,,763.0
2018-07-04 11:00,,19.61,2258,19.65,19.53,19.65,,855.0
2018-07-04 11:05,,19.62,2258,19.62,19.53,19.61,,671.0
2018-07-04 11:10,,19.56,2258,19.64,19.54,19.62,,957.0
2018-07-04 11:15,,19.53,2258,19.62,19.53,19.56,,1059.0
2018-07-04 11:20,,19.6,2258,19.63,19.53,19.53,,1027.0
2018-07-04 11:25,,19.56,2258,19.6,19.5,19.6,,1556.0
2018-07-04 11:30,,19.61,2258,19.62,19.51,19.56,,735.0
2018-07-04 13:05,,19.65,2258,19.65,19.53,19.53,,1228.0
2018-07-04 13:10,,19.59,2258,19.65,19.53,19.54,,562.0
2018-07-04 13:15,,19.63,2258,19.64,19.53,19.54,,565.0
2018-07-04 13:20,,19.62,2258,19.63,19.61,19.63,,309.0
2018-07-04 13:25,,19.63,2258,19.64,19.61,19.63,,816.0
2018-07-04 13:30,,19.68,2258,19.68,19.62,19.63,,790.0
2018-07-04 13:35,,19.74,2258,19.74,19.67,19.68,,663.0
2018-07-04 13:40,,19.69,2258,19.75,19.69,19.74,,618.0
2018-07-04 13:45,,19.66,2258,19.72,19.66,19.69,,1442.0
2018-07-04 13:50,,19.67,2258,19.68,19.66,19.66,,393.0
2018-07-04 13:55,,19.67,2258,19.67,19.64,19.67,,773.0
2018-07-04 14:00,,19.67,2258,19.67,19.66,19.67,,267.0
2018-07-04 14:05,,19.59,2258,19.67,19.59,19.67,,868.0
2018-07-04 14:10,,19.67,2258,19.67,19.56,19.59,,874.0
2018-07-04 14:15,,19.63,2258,19.67,19.62,19.67,,366.0
2018-07-04 14:20,,19.54,2258,19.63,19.54,19.63,,421.0
2018-07-04 14:25,,19.52,2258,19.55,19.5,19.54,,1410.0
2018-07-04 14:30,,19.5,2258,19.53,19.46,19.52,,701.0
2018-07-04 14:35,,19.59,2258,19.6,19.48,19.5,,1386.0
2018-07-04 14:40,,19.59,2258,19.6,19.53,19.59,,1458.0
2018-07-04 14:45,,19.66,2258,19.7,19.55,19.59,,2586.0
2018-07-04 14:50,,19.65,2258,19.7,19.63,19.66,,1647.0
2018-07-04 14:55,,19.66,2258,19.69,19.63,19.65,,1510.0
2018-07-04 15:00,,19.63,2258,19.66,19.63,19.66,,719.0
2018-07-05 09:35,,19.68,2258,19.75,19.36,19.47,,2307.0
2018-07-05 09:40,,19.63,2258,19.79,19.63,19.68,,1981.0
2018-07-05 09:45,,19.66,2258,19.68,19.55,19.63,,1678.0
2018-07-05 09:50,,19.52,2258,19.7,19.52,19.66,,1459.0
2018-07-05 09:55,,19.42,2258,19.55,19.42,19.52,,3175.0
2018-07-05 10:00,,19.46,2258,19.6,19.41,19.42,,1857.0
2018-07-05 10:05,,19.5,2258,19.6,19.45,19.46,,1090.0
2018-07-05 10:10,,19.62,2258,19.63,19.46,19.5,,1204.0
2018-07-05 10:15,,19.65,2258,19.75,19.56,19.62,,2552.0
2018-07-05 10:20,,19.65,2258,19.74,19.65,19.65,,1314.0
2018-07-05 10:25,,19.91,2258,19.91,19.65,19.65,,3562.0
2018-07-05 10:30,,19.91,2258,19.93,19.85,19.91,,2247.0
2018-07-05 10:35,,19.96,2258,19.98,19.9,19.9,,2769.0
2018-07-05 10:40,,19.95,2258,20.0,19.87,19.96,,2368.0
2018-07-05 10:45,,19.88,2258,19.95,19.81,19.95,,1159.0
2018-07-05 10:50,,19.74,2258,19.88,19.72,19.88,,606.0
2018-07-05 10:55,,19.84,2258,19.84,19.72,19.74,,831.0
2018-07-05 11:00,,19.84,2258,19.89,19.83,19.87,,750.0
2018-07-05 11:05,,19.76,2258,19.89,19.71,19.84,,1441.0
2018-07-05 11:10,,19.82,2258,19.83,19.72,19.83,,566.0
2018-07-05 11:15,,19.8,2258,19.82,19.72,19.82,,822.0
2018-07-05 11:20,,19.79,2258,19.8,19.73,19.8,,392.0
2018-07-05 11:25,,19.66,2258,19.8,19.65,19.79,,894.0
2018-07-05 11:30,,19.69,2258,19.78,19.61,19.78,,582.0
2018-07-05 13:05,,19.58,2258,19.69,19.5,19.69,,1249.0
2018-07-05 13:10,,19.42,2258,19.58,19.42,19.58,,1170.0
2018-07-05 13:15,,19.5,2258,19.54,19.41,19.53,,2025.0
2018-07-05 13:20,,19.44,2258,19.5,19.43,19.5,,559.0
2018-07-05 13:25,,19.45,2258,19.48,19.41,19.44,,1191.0
2018-07-05 13:30,,19.47,2258,19.48,19.43,19.45,,1059.0
2018-07-05 13:35,,19.45,2258,19.48,19.41,19.47,,1061.0
2018-07-05 13:40,,19.4,2258,19.48,19.4,19.45,,967.0
2018-07-05 13:45,,19.4,2258,19.63,19.3,19.4,,2900.0
2018-07-05 13:50,,19.38,2258,19.45,19.35,19.4,,838.0
2018-07-05 13:55,,19.38,2258,19.42,19.35,19.38,,952.0
2018-07-05 14:00,,19.43,2258,19.43,19.31,19.38,,1324.0
2018-07-05 14:05,,19.31,2258,19.43,19.3,19.43,,1297.0
2018-07-05 14:10,,19.26,2258,19.4,19.26,19.31,,968.0
2018-07-05 14:15,,19.33,2258,19.39,19.26,19.26,,766.0
2018-07-05 14:20,,19.28,2258,19.35,19.19,19.33,,1770.0
2018-07-05 14:25,,19.37,2258,19.45,19.2,19.28,,688.0
2018-07-05 14:30,,19.38,2258,19.45,19.23,19.37,,360.0
2018-07-05 14:35,,19.34,2258,19.4,19.3,19.38,,453.0
2018-07-05 14:40,,19.32,2258,19.39,19.25,19.31,,743.0
2018-07-05 14:45,,19.26,2258,19.42,19.26,19.32,,1779.0
2018-07-05 14:50,,19.26,2258,19.4,19.24,19.26,,825.0
2018-07-05 14:55,,19.31,2258,19.34,19.24,19.26,,723.0
2018-07-05 15:00,,19.3,2258,19.31,19.3,19.31,,711.0
2018-07-06 09:35,,19.17,2258,19.41,19.06,19.3,,1578.0
2018-07-06 09:40,,19.13,2258,19.19,19.12,19.17,,1511.0
2018-07-06 09:45,,19.22,2258,19.28,19.06,19.13,,1479.0
2018-07-06 09:50,,19.21,2258,19.24,19.12,19.22,,1445.0
2018-07-06 09:55,,19.16,2258,19.25,19.16,19.21,,875.0
2018-07-06 10:00,,19.1,2258,19.2,19.1,19.16,,1129.0
2018-07-06 10:05,,19.09,2258,19.13,19.07,19.1,,423.0
2018-07-06 10:10,,19.13,2258,19.13,19.0,19.09,,1092.0
2018-07-06 10:15,,19.04,2258,19.18,19.0,19.09,,677.0
2018-07-06 10:20,,19.02,2258,19.09,19.01,19.05,,771.0
2018-07-06 10:25,,18.98,2258,19.02,18.96,19.02,,1190.0
2018-07-06 10:30,,19.02,2258,19.02,18.97,18.98,,432.0
2018-07-06 10:35,,18.9,2258,19.02,18.85,19.02,,1136.0
2018-07-06 10:40,,18.94,2258,18.94,18.86,18.9,,746.0
2018-07-06 10:45,,18.88,2258,18.95,18.88,18.94,,520.0
2018-07-06 10:50,,18.76,2258,18.89,18.74,18.88,,2220.0
2018-07-06 10:55,,18.63,2258,18.8,18.63,18.75,,1110.0
2018-07-06 11:00,,18.6,2258,18.63,18.5,18.63,,1637.0
2018-07-06 11:05,,18.6,2258,18.64,18.55,18.6,,773.0
2018-07-06 11:10,,18.62,2258,18.78,18.6,18.6,,938.0
2018-07-06 11:15,,18.75,2258,18.78,18.62,18.62,,298.0
2018-07-06 11:20,,18.75,2258,18.79,18.73,18.75,,220.0
2018-07-06 11:25,,18.8,2258,18.87,18.75,18.75,,708.0
2018-07-06 11:30,,18.88,2258,18.88,18.8,18.8,,121.0
2018-07-06 13:05,,19.05,2258,19.05,18.87,18.88,,600.0
2018-07-06 13:10,,19.36,2258,19.36,19.04,19.05,,981.0
2018-07-06 13:15,,19.33,2258,19.41,19.25,19.36,,868.0
2018-07-06 13:20,,19.19,2258,19.27,19.12,19.25,,225.0
2018-07-06 13:25,,19.21,2258,19.24,19.18,19.19,,200.0
2018-07-06 13:30,,19.39,2258,19.42,19.21,19.21,,825.0
2018-07-06 13:35,,19.4,2258,19.41,19.38,19.39,,1001.0
2018-07-06 13:40,,19.41,2258,19.42,19.39,19.4,,747.0
2018-07-06 13:45,,19.45,2258,19.47,19.41,19.41,,411.0
2018-07-06 13:50,,19.35,2258,19.45,19.32,19.45,,1497.0
2018-07-06 13:55,,19.42,2258,19.44,19.34,19.35,,448.0
2018-07-06 14:00,,19.44,2258,19.44,19.41,19.42,,470.0
2018-07-06 14:05,,19.45,2258,19.55,19.44,19.44,,1281.0
2018-07-06 14:10,,19.46,2258,19.5,19.45,19.45,,141.0
2018-07-06 14:15,,19.4,2258,19.47,19.4,19.46,,690.0
2018-07-06 14:20,,19.4,2258,19.42,19.4,19.4,,834.0
2018-07-06 14:25,,19.37,2258,19.4,19.36,19.4,,283.0
2018-07-06 14:30,,19.37,2258,19.38,19.34,19.37,,193.0
2018-07-06 14:35,,19.36,2258,19.37,19.34,19.37,,346.0
2018-07-06 14:40,,19.36,2258,19.37,19.35,19.36,,292.0
2018-07-06 14:45,,19.35,2258,19.36,19.35,19.36,,270.0
2018-07-06 14:50,,19.45,2258,19.45,19.35,19.35,,1805.0
2018-07-06 14:55,,19.46,2258,19.52,19.41,19.45,,1475.0
2018-07-06 15:00,,19.48,2258,19.49,19.45,19.46,,330.0
2018-07-09 09:35,,19.34,2258,19.59,19.23,19.59,,1520.0
2018-07-09 09:40,,19.38,2258,19.49,19.35,19.37,,669.0
2018-07-09 09:45,,19.55,2258,19.55,19.38,19.4,,1072.0
2018-07-09 09:50,,19.57,2258,19.61,19.51,19.55,,559.0
2018-07-09 09:55,,19.53,2258,19.65,19.53,19.57,,971.0
2018-07-09 10:00,,19.58,2258,19.61,19.53,19.53,,434.0
2018-07-09 10:05,,19.57,2258,19.6,19.56,19.58,,631.0
2018-07-09 10:10,,19.59,2258,19.6,19.55,19.56,,466.0
2018-07-09 10:15,,19.6,2258,19.71,19.59,19.59,,1566.0
2018-07-09 10:20,,19.65,2258,19.67,19.57,19.66,,709.0
2018-07-09 10:25,,19.65,2258,19.67,19.62,19.65,,405.0
2018-07-09 10:30,,19.7,2258,19.73,19.65,19.65,,869.0
2018-07-09 10:35,,19.77,2258,19.77,19.7,19.7,,1087.0
2018-07-09 10:40,,19.67,2258,19.79,19.65,19.77,,1397.0
2018-07-09 10:45,,19.69,2258,19.7,19.6,19.68,,871.0
2018-07-09 10:50,,19.6,2258,19.7,19.6,19.69,,612.0
2018-07-09 10:55,,19.65,2258,19.68,19.56,19.6,,546.0
2018-07-09 11:00,,19.6,2258,19.66,19.59,19.65,,198.0
2018-07-09 11:05,,19.64,2258,19.66,19.59,19.63,,87.0
2018-07-09 11:10,,19.66,2258,19.66,19.6,19.64,,394.0
2018-07-09 11:15,,19.7,2258,19.72,19.61,19.66,,1411.0
2018-07-09 11:20,,19.74,2258,19.75,19.68,19.7,,881.0
2018-07-09 11:25,,19.74,2258,19.75,19.7,19.74,,201.0
2018-07-09 11:30,,19.72,2258,19.74,19.71,19.74,,174.0
2018-07-09 13:05,,19.79,2258,19.79,19.69,19.72,,922.0
2018-07-09 13:10,,19.76,2258,19.82,19.76,19.79,,385.0
2018-07-09 13:15,,19.84,2258,19.84,19.76,19.76,,411.0
2018-07-09 13:20,,19.8,2258,19.85,19.8,19.84,,482.0
2018-07-09 13:25,,19.78,2258,19.85,19.78,19.8,,624.0
2018-07-09 13:30,,19.76,2258,19.83,19.76,19.78,,302.0
2018-07-09 13:35,,19.79,2258,19.81,19.76,19.76,,160.0
2018-07-09 13:40,,19.75,2258,19.79,19.7,19.79,,746.0
2018-07-09 13:45,,19.72,2258,19.75,19.7,19.75,,514.0
2018-07-09 13:50,,19.81,2258,19.82,19.71,19.72,,553.0
2018-07-09 13:55,,19.78,2258,19.81,19.75,19.81,,188.0
2018-07-09 14:00,,19.8,2258,19.81,19.76,19.78,,750.0
2018-07-09 14:05,,19.76,2258,19.81,19.72,19.8,,760.0
2018-07-09 14:10,,19.72,2258,19.76,19.71,19.76,,385.0
2018-07-09 14:15,,19.79,2258,19.8,19.72,19.73,,591.0
2018-07-09 14:20,,19.82,2258,19.82,19.78,19.79,,1912.0
2018-07-09 14:25,,19.84,2258,19.84,19.8,19.82,,1585.0
2018-07-09 14:30,,19.84,2258,19.85,19.83,19.84,,1272.0
2018-07-09 14:35,,19.92,2258,19.94,19.84,19.84,,1413.0
2018-07-09 14:40,,20.42,2258,20.44,19.91,19.92,,7320.0
2018-07-09 14:45,,20.24,2258,20.4,20.18,20.4,,4177.0
2018-07-09 14:50,,20.26,2258,20.3,20.22,20.24,,1249.0
2018-07-09 14:55,,20.3,2258,20.32,20.25,20.25,,3642.0
2018-07-09 15:00,,20.29,2258,20.35,20.28,20.32,,1312.0
2018-07-10 09:35,,20.31,2258,20.4,20.14,20.28,,1142.0
2018-07-10 09:40,,20.17,2258,20.35,20.15,20.31,,1016.0
2018-07-10 09:45,,20.11,2258,20.19,20.11,20.17,,1051.0
2018-07-10 09:50,,20.2,2258,20.27,20.1,20.11,,567.0
2018-07-10 09:55,,20.23,2258,20.23,20.17,20.2,,840.0
2018-07-10 10:00,,20.26,2258,20.28,20.19,20.23,,891.0
2018-07-10 10:05,,20.26,2258,20.27,20.23,20.26,,328.0
2018-07-10 10:10,,20.3,2258,20.32,20.26,20.26,,1707.0
2018-07-10 10:15,,20.27,2258,20.3,20.25,20.3,,787.0
2018-07-10 10:20,,20.2,2258,20.27,20.17,20.27,,1001.0
2018-07-10 10:25,,20.16,2258,20.22,20.15,20.21,,546.0
2018-07-10 10:30,,20.17,2258,20.17,20.13,20.16,,800.0
2018-07-10 10:35,,20.14,2258,20.2,20.14,20.17,,453.0
2018-07-10 10:40,,20.14,2258,20.18,20.13,20.18,,319.0
2018-07-10 10:45,,20.06,2258,20.16,20.03,20.14,,1774.0
2018-07-10 10:50,,20.08,2258,20.1,20.06,20.06,,430.0
2018-07-10 10:55,,20.1,2258,20.1,20.06,20.08,,629.0
2018-07-10 11:00,,20.08,2258,20.12,20.08,20.1,,485.0
2018-07-10 11:05,,20.09,2258,20.12,20.03,20.08,,506.0
2018-07-10 11:10,,20.07,2258,20.13,20.05,20.09,,342.0
2018-07-10 11:15,,20.11,2258,20.11,20.05,20.07,,242.0
2018-07-10 11:20,,20.15,2258,20.15,20.1,20.11,,218.0
2018-07-10 11:25,,20.1,2258,20.15,20.1,20.15,,139.0
2018-07-10 11:30,,20.1,2258,20.14,20.1,20.1,,96.0
2018-07-10 13:05,,20.11,2258,20.13,20.1,20.1,,475.0
2018-07-10 13:10,,20.1,2258,20.13,20.1,20.11,,166.0
2018-07-10 13:15,,20.1,2258,20.1,20.05,20.1,,419.0
2018-07-10 13:20,,20.1,2258,20.1,20.09,20.1,,230.0
2018-07-10 13:25,,20.08,2258,20.1,20.05,20.1,,977.0
2018-07-10 13:30,,20.03,2258,20.1,20.03,20.08,,799.0
2018-07-10 13:35,,20.11,2258,20.15,20.01,20.03,,625.0
2018-07-10 13:40,,20.1,2258,20.11,20.09,20.11,,540.0
2018-07-10 13:45,,20.12,2258,20.12,20.09,20.1,,213.0
2018-07-10 13:50,,20.09,2258,20.15,20.09,20.12,,250.0
2018-07-10 13:55,,19.98,2258,20.1,19.97,20.09,,1432.0
2018-07-10 14:00,,19.97,2258,20.0,19.97,19.98,,878.0
2018-07-10 14:05,,19.92,2258,19.98,19.9,19.97,,671.0
2018-07-10 14:10,,19.99,2258,19.99,19.91,19.92,,1074.0
2018-07-10 14:15,,20.0,2258,20.04,19.98,19.99,,705.0
2018-07-10 14:20,,20.02,2258,20.05,19.99,20.0,,747.0
2018-07-10 14:25,,20.0,2258,20.02,20.0,20.02,,590.0
2018-07-10 14:30,,20.14,2258,20.14,20.0,20.0,,362.0
2018-07-10 14:35,,20.15,2258,20.15,20.12,20.14,,486.0
2018-07-10 14:40,,20.24,2258,20.26,20.15,20.15,,757.0
2018-07-10 14:45,,20.37,2258,20.39,20.24,20.24,,2012.0
2018-07-10 14:50,,20.38,2258,20.38,20.3,20.37,,1119.0
2018-07-10 14:55,,20.47,2258,20.49,20.38,20.38,,2100.0
2018-07-10 15:00,,20.43,2258,20.47,20.43,20.47,,477.0
2018-07-11 09:35,,19.94,2258,20.17,19.85,19.98,,2232.0
2018-07-11 09:40,,19.97,2258,19.98,19.9,19.94,,953.0
2018-07-11 09:45,,20.15,2258,20.15,19.97,19.97,,1150.0
2018-07-11 09:50,,20.01,2258,20.15,20.0,20.15,,1425.0
2018-07-11 09:55,,20.02,2258,20.13,20.01,20.01,,431.0
2018-07-11 10:00,,20.02,2258,20.05,19.99,20.01,,1936.0
2018-07-11 10:05,,20.08,2258,20.16,20.02,20.02,,545.0
2018-07-11 10:10,,20.06,2258,20.1,20.04,20.08,,308.0
2018-07-11 10:15,,20.04,2258,20.08,20.03,20.06,,1021.0
2018-07-11 10:20,,19.97,2258,20.04,19.97,20.04,,992.0
2018-07-11 10:25,,20.0,2258,20.0,19.9,19.97,,932.0
2018-07-11 10:30,,20.03,2258,20.03,19.97,20.0,,522.0
2018-07-11 10:35,,20.1,2258,20.19,19.99,20.03,,942.0
2018-07-11 10:40,,20.15,2258,20.2,20.1,20.1,,710.0
2018-07-11 10:45,,20.14,2258,20.2,20.1,20.15,,589.0
2018-07-11 10:50,,20.02,2258,20.17,20.01,20.14,,685.0
2018-07-11 10:55,,20.0,2258,20.05,20.0,20.02,,666.0
2018-07-11 11:00,,20.02,2258,20.05,20.0,20.0,,476.0
2018-07-11 11:05,,20.01,2258,20.1,20.0,20.02,,453.0
2018-07-11 11:10,,20.1,2258,20.1,20.0,20.01,,649.0
2018-07-11 11:15,,20.11,2258,20.14,20.03,20.1,,600.0
2018-07-11 11:20,,20.19,2258,20.19,20.1,20.11,,767.0
2018-07-11 11:25,,20.19,2258,20.2,20.12,20.12,,460.0
2018-07-11 11:30,,20.23,2258,20.25,20.1,20.19,,511.0
2018-07-11 13:05,,20.17,2258,20.23,20.08,20.23,,762.0
2018-07-11 13:10,,20.01,2258,20.15,19.96,20.1,,1872.0
2018-07-11 13:15,,20.08,2258,20.14,20.0,20.01,,360.0
2018-07-11 13:20,,20.03,2258,20.08,20.0,20.08,,455.0
2018-07-11 13:25,,20.01,2258,20.07,20.01,20.03,,901.0
2018-07-11 13:30,,20.07,2258,20.07,20.01,20.01,,261.0
2018-07-11 13:35,,20.06,2258,20.07,20.02,20.07,,225.0
2018-07-11 13:40,,20.02,2258,20.07,20.0,20.06,,1208.0
2018-07-11 13:45,,20.05,2258,20.05,20.02,20.02,,342.0
2018-07-11 13:50,,20.06,2258,20.08,20.02,20.05,,584.0
2018-07-11 13:55,,20.02,2258,20.08,20.02,20.05,,713.0
2018-07-11 14:00,,20.02,2258,20.04,19.97,20.02,,1806.0
2018-07-11 14:05,,20.01,2258,20.05,20.0,20.02,,648.0
2018-07-11 14:10,,20.04,2258,20.04,20.0,20.01,,694.0
2018-07-11 14:15,,20.0,2258,20.03,19.98,20.02,,1039.0
2018-07-11 14:20,,20.0,2258,20.02,19.97,20.0,,534.0
2018-07-11 14:25,,20.04,2258,20.04,19.96,20.0,,802.0
2018-07-11 14:30,,20.08,2258,20.19,20.02,20.04,,1036.0
2018-07-11 14:35,,20.14,2258,20.15,20.04,20.05,,414.0
2018-07-11 14:40,,20.13,2258,20.15,20.1,20.14,,425.0
2018-07-11 14:45,,20.14,2258,20.16,20.09,20.13,,780.0
2018-07-11 14:50,,20.11,2258,20.14,20.1,20.14,,560.0
2018-07-11 14:55,,20.12,2258,20.14,20.1,20.11,,620.0
2018-07-11 15:00,,20.13,2258,20.13,20.12,20.12,,442.0
2018-07-12 09:35,,20.12,2258,20.2,19.85,19.91,,986.0
2018-07-12 09:40,,20.25,2258,20.29,20.12,20.12,,476.0
2018-07-12 09:45,,20.28,2258,20.32,20.25,20.25,,558.0
2018-07-12 09:50,,20.25,2258,20.28,20.19,20.28,,596.0
2018-07-12 09:55,,20.3,2258,20.39,20.24,20.25,,1795.0
2018-07-12 10:00,,20.33,2258,20.37,20.3,20.3,,1127.0
2018-07-12 10:05,,20.3,2258,20.39,20.27,20.36,,957.0
2018-07-12 10:10,,20.28,2258,20.34,20.28,20.3,,1074.0
2018-07-12 10:15,,20.3,2258,20.32,20.28,20.28,,868.0
2018-07-12 10:20,,20.25,2258,20.3,20.25,20.3,,823.0
2018-07-12 10:25,,20.25,2258,20.25,20.23,20.25,,999.0
2018-07-12 10:30,,20.28,2258,20.29,20.24,20.25,,847.0
2018-07-12 10:35,,20.24,2258,20.29,20.24,20.28,,489.0
2018-07-12 10:40,,20.22,2258,20.25,20.22,20.24,,597.0
2018-07-12 10:45,,20.19,2258,20.22,20.17,20.22,,1017.0
2018-07-12 10:50,,20.23,2258,20.25,20.18,20.18,,434.0
2018-07-12 10:55,,20.27,2258,20.27,20.2,20.2,,483.0
2018-07-12 11:00,,20.36,2258,20.36,20.26,20.26,,973.0
2018-07-12 11:05,,20.3,2258,20.36,20.26,20.36,,463.0
2018-07-12 11:10,,20.35,2258,20.35,20.3,20.3,,251.0
2018-07-12 11:15,,20.31,2258,20.35,20.3,20.35,,609.0
2018-07-12 11:20,,20.33,2258,20.33,20.31,20.31,,206.0
2018-07-12 11:25,,20.33,2258,20.36,20.32,20.33,,275.0
2018-07-12 11:30,,20.36,2258,20.38,20.33,20.33,,395.0
2018-07-12 13:05,,20.45,2258,20.45,20.36,20.36,,1200.0
2018-07-12 13:10,,20.43,2258,20.48,20.43,20.45,,600.0
2018-07-12 13:15,,20.43,2258,20.46,20.42,20.43,,440.0
2018-07-12 13:20,,20.59,2258,20.59,20.42,20.43,,1550.0
2018-07-12 13:25,,20.53,2258,20.59,20.52,20.57,,865.0
2018-07-12 13:30,,20.59,2258,20.6,20.52,20.53,,1112.0
2018-07-12 13:35,,20.43,2258,20.61,20.43,20.59,,951.0
2018-07-12 13:40,,20.41,2258,20.49,20.41,20.44,,981.0
2018-07-12 13:45,,20.4,2258,20.5,20.31,20.41,,2558.0
2018-07-12 13:50,,20.49,2258,20.49,20.39,20.4,,665.0
2018-07-12 13:55,,20.5,2258,20.5,20.44,20.49,,695.0
2018-07-12 14:00,,20.47,2258,20.51,20.42,20.5,,322.0
2018-07-12 14:05,,20.43,2258,20.49,20.42,20.47,,511.0
2018-07-12 14:10,,20.42,2258,20.43,20.4,20.43,,346.0
2018-07-12 14:15,,20.46,2258,20.47,20.41,20.42,,244.0
2018-07-12 14:20,,20.53,2258,20.55,20.46,20.46,,724.0
2018-07-12 14:25,,20.55,2258,20.58,20.5,20.53,,706.0
2018-07-12 14:30,,20.54,2258,20.55,20.5,20.55,,509.0
2018-07-12 14:35,,20.56,2258,20.58,20.51,20.54,,829.0
2018-07-12 14:40,,20.57,2258,20.58,20.53,20.56,,862.0
2018-07-12 14:45,,20.54,2258,20.58,20.5,20.57,,711.0
2018-07-12 14:50,,20.48,2258,20.55,20.48,20.54,,816.0
2018-07-12 14:55,,20.58,2258,20.64,20.5,20.5,,3525.0
2018-07-12 15:00,,20.58,2258,20.6,20.58,20.58,,690.0
2018-07-13 09:35,,20.31,2258,20.4,20.19,20.4,,1377.0
2018-07-13 09:40,,20.25,2258,20.38,20.25,20.33,,643.0
2018-07-13 09:45,,20.31,2258,20.33,20.25,20.26,,536.0
2018-07-13 09:50,,20.25,2258,20.35,20.24,20.31,,1297.0
2018-07-13 09:55,,20.14,2258,20.29,20.12,20.25,,2393.0
2018-07-13 10:00,,20.14,2258,20.2,20.11,20.12,,1301.0
2018-07-13 10:05,,20.2,2258,20.24,20.14,20.14,,1888.0
2018-07-13 10:10,,20.26,2258,20.26,20.18,20.2,,584.0
2018-07-13 10:15,,20.26,2258,20.29,20.2,20.26,,1097.0
2018-07-13 10:20,,20.27,2258,20.28,20.18,20.26,,1082.0
2018-07-13 10:25,,20.2,2258,20.28,20.18,20.27,,732.0
2018-07-13 10:30,,20.17,2258,20.25,20.16,20.2,,402.0
2018-07-13 10:35,,20.16,2258,20.2,20.13,20.17,,1713.0
2018-07-13 10:40,,20.28,2258,20.28,20.16,20.16,,279.0
2018-07-13 10:45,,20.26,2258,20.28,20.21,20.28,,68.0
2018-07-13 10:50,,20.28,2258,20.28,20.22,20.26,,270.0
2018-07-13 10:55,,20.31,2258,20.31,20.23,20.28,,319.0
2018-07-13 11:00,,20.38,2258,20.38,20.2,20.31,,1203.0
2018-07-13 11:05,,20.3,2258,20.38,20.2,20.38,,738.0
2018-07-13 11:10,,20.38,2258,20.38,20.21,20.3,,282.0
2018-07-13 11:15,,20.44,2258,20.44,20.37,20.38,,261.0
2018-07-13 11:20,,20.43,2258,20.43,20.38,20.43,,271.0
2018-07-13 11:25,,20.42,2258,20.43,20.4,20.43,,170.0
2018-07-13 11:30,,20.43,2258,20.43,20.4,20.42,,146.0
2018-07-13 13:05,,20.43,2258,20.43,20.38,20.43,,211.0
2018-07-13 13:10,,20.38,2258,20.43,20.38,20.43,,119.0
2018-07-13 13:15,,20.43,2258,20.43,20.32,20.4,,224.0
2018-07-13 13:20,,20.55,2258,20.57,20.43,20.43,,935.0
2018-07-13 13:25,,20.58,2258,20.58,20.51,20.55,,464.0
2018-07-13 13:30,,20.59,2258,20.6,20.51,20.58,,1283.0
2018-07-13 13:35,,20.64,2258,20.67,20.56,20.59,,908.0
2018-07-13 13:40,,20.59,2258,20.66,20.56,20.64,,808.0
2018-07-13 13:45,,20.57,2258,20.6,20.54,20.59,,688.0
2018-07-13 13:50,,20.57,2258,20.58,20.49,20.57,,598.0
2018-07-13 13:55,,20.62,2258,20.62,20.54,20.57,,898.0
2018-07-13 14:00,,20.6,2258,20.62,20.58,20.62,,919.0
2018-07-13 14:05,,20.62,2258,20.62,20.56,20.6,,795.0
2018-07-13 14:10,,20.62,2258,20.62,20.56,20.62,,597.0
2018-07-13 14:15,,20.65,2258,20.67,20.59,20.62,,1083.0
2018-07-13 14:20,,20.62,2258,20.65,20.6,20.65,,569.0
2018-07-13 14:25,,20.62,2258,20.63,20.59,20.62,,510.0
2018-07-13 14:30,,20.63,2258,20.63,20.59,20.62,,755.0
2018-07-13 14:35,,20.61,2258,20.64,20.6,20.63,,566.0
2018-07-13 14:40,,20.6,2258,20.63,20.59,20.61,,504.0
2018-07-13 14:45,,20.6,2258,20.61,20.58,20.6,,684.0
2018-07-13 14:50,,20.69,2258,20.71,20.6,20.6,,3005.0
2018-07-13 14:55,,20.71,2258,20.75,20.63,20.69,,3108.0
2018-07-13 15:00,,20.7,2258,20.75,20.7,20.74,,819.0
2018-07-16 09:35,,21.09,2258,21.1,20.74,20.75,,3136.0
2018-07-16 09:40,,20.82,2258,21.09,20.8,21.09,,1670.0
2018-07-16 09:45,,20.88,2258,20.94,20.78,20.82,,726.0
2018-07-16 09:50,,20.85,2258,20.89,20.8,20.88,,440.0
2018-07-16 09:55,,20.79,2258,20.89,20.75,20.85,,737.0
2018-07-16 10:00,,20.65,2258,20.88,20.65,20.79,,1137.0
2018-07-16 10:05,,20.71,2258,20.78,20.65,20.73,,567.0
2018-07-16 10:10,,20.71,2258,20.76,20.68,20.71,,474.0
2018-07-16 10:15,,20.6,2258,20.75,20.6,20.71,,1033.0
2018-07-16 10:20,,20.76,2258,20.78,20.56,20.6,,1163.0
2018-07-16 10:25,,20.78,2258,20.9,20.78,20.78,,1296.0
2018-07-16 10:30,,20.75,2258,20.8,20.71,20.78,,766.0
2018-07-16 10:35,,20.77,2258,20.8,20.66,20.75,,795.0
2018-07-16 10:40,,20.76,2258,20.8,20.72,20.77,,498.0
2018-07-16 10:45,,20.68,2258,20.8,20.68,20.76,,917.0
2018-07-16 10:50,,20.79,2258,20.8,20.66,20.68,,526.0
2018-07-16 10:55,,20.76,2258,20.79,20.7,20.79,,425.0
2018-07-16 11:00,,20.74,2258,20.79,20.69,20.76,,847.0
2018-07-16 11:05,,20.7,2258,20.79,20.7,20.74,,534.0
2018-07-16 11:10,,20.71,2258,20.77,20.67,20.7,,698.0
2018-07-16 11:15,,20.74,2258,20.77,20.69,20.76,,663.0
2018-07-16 11:20,,20.71,2258,20.77,20.7,20.74,,521.0
2018-07-16 11:25,,20.8,2258,20.82,20.7,20.71,,745.0
2018-07-16 11:30,,20.72,2258,20.81,20.72,20.8,,244.0
2018-07-16 13:05,,20.7,2258,20.75,20.64,20.72,,1322.0
2018-07-16 13:10,,20.69,2258,20.7,20.62,20.7,,398.0
2018-07-16 13:15,,20.63,2258,20.69,20.63,20.69,,187.0
2018-07-16 13:20,,20.63,2258,20.69,20.63,20.63,,151.0
2018-07-16 13:25,,20.61,2258,20.7,20.6,20.63,,599.0
2018-07-16 13:30,,20.56,2258,20.67,20.56,20.61,,561.0
2018-07-16 13:35,,20.57,2258,20.6,20.55,20.56,,244.0
2018-07-16 13:40,,20.57,2258,20.57,20.51,20.55,,449.0
2018-07-16 13:45,,20.52,2258,20.59,20.51,20.57,,209.0
2018-07-16 13:50,,20.61,2258,20.61,20.52,20.52,,237.0
2018-07-16 13:55,,20.6,2258,20.66,20.58,20.61,,213.0
2018-07-16 14:00,,20.59,2258,20.66,20.59,20.6,,314.0
2018-07-16 14:05,,20.59,2258,20.63,20.58,20.59,,279.0
2018-07-16 14:10,,20.58,2258,20.63,20.58,20.59,,124.0
2018-07-16 14:15,,20.59,2258,20.62,20.57,20.58,,187.0
2018-07-16 14:20,,20.61,2258,20.62,20.59,20.59,,118.0
2018-07-16 14:25,,20.65,2258,20.66,20.6,20.61,,384.0
2018-07-16 14:30,,20.65,2258,20.66,20.61,20.65,,503.0
2018-07-16 14:35,,20.66,2258,20.67,20.61,20.65,,422.0
2018-07-16 14:40,,20.73,2258,20.74,20.66,20.66,,613.0
2018-07-16 14:45,,20.8,2258,20.87,20.7,20.73,,1046.0
2018-07-16 14:50,,20.9,2258,20.91,20.8,20.8,,1593.0
2018-07-16 14:55,,20.89,2258,20.96,20.88,20.9,,1744.0
2018-07-16 15:00,,20.87,2258,20.89,20.87,20.89,,431.0
2018-07-17 09:35,,20.72,2258,20.88,20.61,20.88,,559.0
2018-07-17 09:40,,20.64,2258,20.72,20.6,20.72,,516.0
2018-07-17 09:45,,20.65,2258,20.67,20.62,20.64,,305.0
2018-07-17 09:50,,20.67,2258,20.69,20.64,20.65,,156.0
2018-07-17 09:55,,20.6,2258,20.7,20.6,20.67,,766.0
2018-07-17 10:00,,20.58,2258,20.61,20.58,20.6,,345.0
2018-07-17 10:05,,20.42,2258,20.59,20.41,20.58,,987.0
2018-07-17 10:10,,20.48,2258,20.53,20.43,20.47,,125.0
2018-07-17 10:15,,20.45,2258,20.5,20.45,20.48,,375.0
2018-07-17 10:20,,20.46,2258,20.47,20.43,20.45,,315.0
2018-07-17 10:25,,20.55,2258,20.57,20.46,20.47,,273.0
2018-07-17 10:30,,20.53,2258,20.57,20.52,20.55,,306.0
2018-07-17 10:35,,20.55,2258,20.55,20.48,20.53,,1398.0
2018-07-17 10:40,,20.57,2258,20.57,20.51,20.55,,204.0
2018-07-17 10:45,,20.62,2258,20.64,20.55,20.57,,1049.0
2018-07-17 10:50,,20.66,2258,20.66,20.58,20.62,,241.0
2018-07-17 10:55,,20.65,2258,20.66,20.6,20.66,,306.0
2018-07-17 11:00,,20.61,2258,20.65,20.58,20.65,,91.0
2018-07-17 11:05,,20.6,2258,20.61,20.55,20.61,,216.0
2018-07-17 11:10,,20.59,2258,20.64,20.58,20.6,,46.0
2018-07-17 11:15,,20.53,2258,20.59,20.5,20.59,,492.0
2018-07-17 11:20,,20.61,2258,20.61,20.52,20.53,,176.0
2018-07-17 11:25,,20.57,2258,20.61,20.57,20.61,,13.0
2018-07-17 11:30,,20.57,2258,20.57,20.51,20.57,,153.0
2018-07-17 13:05,,20.54,2258,20.57,20.52,20.57,,62.0
2018-07-17 13:10,,20.55,2258,20.56,20.52,20.54,,23.0
2018-07-17 13:15,,20.55,2258,20.57,20.55,20.55,,37.0
2018-07-17 13:20,,20.56,2258,20.57,20.55,20.57,,102.0
2018-07-17 13:25,,20.56,2258,20.57,20.56,20.56,,82.0
2018-07-17 13:30,,20.62,2258,20.63,20.56,20.56,,175.0
2018-07-17 13:35,,20.63,2258,20.63,20.59,20.62,,288.0
2018-07-17 13:40,,20.63,2258,20.63,20.55,20.63,,181.0
2018-07-17 13:45,,20.55,2258,20.6,20.54,20.6,,164.0
2018-07-17 13:50,,20.6,2258,20.6,20.55,20.59,,191.0
2018-07-17 13:55,,20.58,2258,20.6,20.58,20.6,,39.0
2018-07-17 14:00,,20.59,2258,20.6,20.5,20.58,,438.0
2018-07-17 14:05,,20.6,2258,20.6,20.5,20.59,,1641.0
2018-07-17 14:10,,20.56,2258,20.6,20.49,20.6,,993.0
2018-07-17 14:15,,20.51,2258,20.59,20.5,20.59,,813.0
2018-07-17 14:20,,20.55,2258,20.58,20.49,20.51,,1011.0
2018-07-17 14:25,,20.51,2258,20.56,20.51,20.55,,226.0
2018-07-17 14:30,,20.6,2258,20.6,20.51,20.51,,368.0
2018-07-17 14:35,,20.72,2258,20.72,20.6,20.6,,749.0
2018-07-17 14:40,,20.71,2258,20.72,20.6,20.72,,693.0
2018-07-17 14:45,,20.73,2258,20.79,20.7,20.71,,587.0
2018-07-17 14:50,,20.72,2258,20.79,20.72,20.73,,209.0
2018-07-17 14:55,,20.72,2258,20.72,20.69,20.72,,509.0
2018-07-17 15:00,,20.66,2258,20.72,20.66,20.72,,288.0
2018-07-18 09:35,,20.73,2258,20.76,20.63,20.71,,586.0
2018-07-18 09:40,,20.64,2258,20.73,20.64,20.73,,1330.0
2018-07-18 09:45,,20.55,2258,20.65,20.55,20.65,,705.0
2018-07-18 09:50,,20.59,2258,20.6,20.55,20.56,,510.0
2018-07-18 09:55,,20.6,2258,20.6,20.56,20.59,,433.0
2018-07-18 10:00,,20.58,2258,20.64,20.57,20.61,,403.0
2018-07-18 10:05,,20.52,2258,20.6,20.52,20.58,,647.0
2018-07-18 10:10,,20.46,2258,20.52,20.44,20.52,,1391.0
2018-07-18 10:15,,20.42,2258,20.46,20.4,20.46,,850.0
2018-07-18 10:20,,20.46,2258,20.46,20.35,20.42,,484.0
2018-07-18 10:25,,20.48,2258,20.49,20.42,20.46,,295.0
2018-07-18 10:30,,20.43,2258,20.48,20.42,20.48,,426.0
2018-07-18 10:35,,20.39,2258,20.43,20.38,20.43,,616.0
2018-07-18 10:40,,20.37,2258,20.4,20.37,20.39,,393.0
2018-07-18 10:45,,20.34,2258,20.38,20.26,20.37,,1886.0
2018-07-18 10:50,,20.44,2258,20.44,20.31,20.34,,582.0
2018-07-18 10:55,,20.42,2258,20.45,20.4,20.44,,554.0
2018-07-18 11:00,,20.37,2258,20.42,20.37,20.42,,196.0
2018-07-18 11:05,,20.34,2258,20.4,20.34,20.37,,352.0
2018-07-18 11:10,,20.37,2258,20.37,20.34,20.34,,135.0
2018-07-18 11:15,,20.39,2258,20.39,20.35,20.37,,143.0
2018-07-18 11:20,,20.38,2258,20.39,20.34,20.39,,371.0
2018-07-18 11:25,,20.33,2258,20.38,20.32,20.38,,497.0
2018-07-18 11:30,,20.33,2258,20.38,20.29,20.33,,968.0
2018-07-18 13:05,,20.27,2258,20.37,20.26,20.33,,1150.0
2018-07-18 13:10,,20.27,2258,20.3,20.2,20.27,,1060.0
2018-07-18 13:15,,20.31,2258,20.35,20.27,20.27,,1082.0
2018-07-18 13:20,,20.36,2258,20.36,20.3,20.31,,900.0
2018-07-18 13:25,,20.26,2258,20.38,20.25,20.36,,3103.0
2018-07-18 13:30,,20.24,2258,20.3,20.23,20.26,,1524.0
2018-07-18 13:35,,20.26,2258,20.35,20.24,20.24,,719.0
2018-07-18 13:40,,20.26,2258,20.29,20.25,20.29,,332.0
2018-07-18 13:45,,20.11,2258,20.26,20.11,20.26,,1464.0
2018-07-18 13:50,,20.08,2258,20.15,20.08,20.11,,2461.0
2018-07-18 13:55,,20.09,2258,20.12,20.07,20.09,,920.0
2018-07-18 14:00,,20.1,2258,20.12,20.08,20.09,,1727.0
2018-07-18 14:05,,20.08,2258,20.1,20.08,20.1,,779.0
2018-07-18 14:10,,20.05,2258,20.08,20.0,20.08,,2775.0
2018-07-18 14:15,,19.97,2258,20.05,19.92,20.05,,3378.0
2018-07-18 14:20,,19.98,2258,19.99,19.83,19.97,,1459.0
2018-07-18 14:25,,20.0,2258,20.01,19.98,19.98,,556.0
2018-07-18 14:30,,20.08,2258,20.11,19.97,20.0,,1586.0
2018-07-18 14:35,,20.08,2258,20.12,20.03,20.07,,431.0
2018-07-18 14:40,,20.03,2258,20.08,20.03,20.08,,443.0
2018-07-18 14:45,,20.03,2258,20.03,20.0,20.03,,1611.0
2018-07-18 14:50,,19.98,2258,20.03,19.98,20.03,,987.0
2018-07-18 14:55,,19.97,2258,20.0,19.96,19.98,,659.0
2018-07-18 15:00,,19.95,2258,19.98,19.95,19.97,,1402.0
2018-07-19 09:35,,20.1,2258,20.14,19.97,19.97,,1967.0
2018-07-19 09:40,,20.22,2258,20.28,20.04,20.09,,2588.0
2018-07-19 09:45,,20.2,2258,20.24,20.18,20.23,,1696.0
2018-07-19 09:50,,20.23,2258,20.25,20.2,20.24,,1239.0
2018-07-19 09:55,,20.19,2258,20.23,20.05,20.23,,1066.0
2018-07-19 10:00,,20.14,2258,20.19,20.07,20.19,,517.0
2018-07-19 10:05,,20.05,2258,20.14,20.0,20.14,,502.0
2018-07-19 10:10,,20.07,2258,20.1,20.04,20.05,,617.0
2018-07-19 10:15,,20.06,2258,20.09,20.05,20.07,,1074.0
2018-07-19 10:20,,19.99,2258,20.06,19.99,20.06,,868.0
2018-07-19 10:25,,20.01,2258,20.05,19.97,19.99,,442.0
2018-07-19 10:30,,20.06,2258,20.07,20.0,20.01,,719.0
2018-07-19 10:35,,20.08,2258,20.08,20.02,20.06,,634.0
2018-07-19 10:40,,20.06,2258,20.09,20.03,20.08,,240.0
2018-07-19 10:45,,20.02,2258,20.06,20.0,20.06,,298.0
2018-07-19 10:50,,20.05,2258,20.06,20.0,20.02,,243.0
2018-07-19 10:55,,20.04,2258,20.05,20.04,20.05,,154.0
2018-07-19 11:00,,20.02,2258,20.06,20.01,20.04,,217.0
2018-07-19 11:05,,19.96,2258,20.03,19.96,20.02,,359.0
2018-07-19 11:10,,19.99,2258,20.0,19.95,19.96,,271.0
2018-07-19 11:15,,20.02,2258,20.03,19.99,19.99,,547.0
2018-07-19 11:20,,20.04,2258,20.04,19.99,20.02,,803.0
2018-07-19 11:25,,20.0,2258,20.05,19.99,20.04,,825.0
2018-07-19 11:30,,20.0,2258,20.0,19.95,20.0,,496.0
2018-07-19 13:05,,19.95,2258,20.0,19.91,20.0,,492.0
2018-07-19 13:10,,19.96,2258,19.96,19.94,19.95,,443.0
2018-07-19 13:15,,19.89,2258,19.96,19.89,19.96,,408.0
2018-07-19 13:20,,19.86,2258,19.89,19.77,19.88,,755.0
2018-07-19 13:25,,19.94,2258,20.0,19.85,19.86,,893.0
2018-07-19 13:30,,19.86,2258,19.95,19.86,19.94,,381.0
2018-07-19 13:35,,19.85,2258,19.9,19.84,19.86,,266.0
2018-07-19 13:40,,19.94,2258,19.94,19.82,19.85,,781.0
2018-07-19 13:45,,19.95,2258,19.96,19.9,19.94,,247.0
2018-07-19 13:50,,20.01,2258,20.01,19.95,19.95,,858.0
2018-07-19 13:55,,19.98,2258,20.02,19.95,20.01,,646.0
2018-07-19 14:00,,19.95,2258,19.98,19.94,19.98,,580.0
2018-07-19 14:05,,19.93,2258,19.98,19.91,19.95,,261.0
2018-07-19 14:10,,19.94,2258,19.95,19.91,19.93,,231.0
2018-07-19 14:15,,19.95,2258,19.95,19.93,19.94,,88.0
2018-07-19 14:20,,19.97,2258,19.97,19.9,19.95,,503.0
2018-07-19 14:25,,19.93,2258,19.98,19.86,19.97,,725.0
2018-07-19 14:30,,19.9,2258,19.95,19.89,19.93,,1056.0
2018-07-19 14:35,,19.72,2258,19.9,19.7,19.9,,2262.0
2018-07-19 14:40,,19.63,2258,19.72,19.62,19.72,,1919.0
2018-07-19 14:45,,19.68,2258,19.69,19.62,19.63,,1939.0
2018-07-19 14:50,,19.76,2258,19.79,19.66,19.68,,4072.0
2018-07-19 14:55,,19.77,2258,19.8,19.76,19.76,,1434.0
2018-07-19 15:00,,19.78,2258,19.78,19.76,19.77,,857.0
2018-07-20 09:35,,19.68,2258,19.97,19.61,19.77,,3095.0
2018-07-20 09:40,,19.68,2258,19.78,19.63,19.68,,1228.0
2018-07-20 09:45,,19.69,2258,19.78,19.66,19.66,,1001.0
2018-07-20 09:50,,19.7,2258,19.72,19.62,19.69,,871.0
2018-07-20 09:55,,19.69,2258,19.72,19.68,19.7,,946.0
2018-07-20 10:00,,19.84,2258,19.85,19.65,19.69,,1673.0
2018-07-20 10:05,,19.9,2258,19.91,19.78,19.84,,828.0
2018-07-20 10:10,,19.7,2258,19.93,19.7,19.9,,1346.0
2018-07-20 10:15,,19.85,2258,19.85,19.7,19.7,,938.0
2018-07-20 10:20,,19.85,2258,19.89,19.84,19.85,,455.0
2018-07-20 10:25,,19.84,2258,19.88,19.84,19.85,,384.0
2018-07-20 10:30,,19.86,2258,19.89,19.82,19.84,,523.0
2018-07-20 10:35,,19.9,2258,19.93,19.87,19.89,,612.0
2018-07-20 10:40,,19.93,2258,19.93,19.87,19.9,,196.0
2018-07-20 10:45,,19.88,2258,19.97,19.84,19.93,,509.0
2018-07-20 10:50,,19.9,2258,19.9,19.85,19.88,,278.0
2018-07-20 10:55,,19.84,2258,19.9,19.8,19.9,,171.0
2018-07-20 11:00,,19.88,2258,19.88,19.83,19.84,,115.0
2018-07-20 11:05,,19.74,2258,19.88,19.74,19.88,,681.0
2018-07-20 11:10,,19.79,2258,19.85,19.72,19.74,,665.0
2018-07-20 11:15,,19.74,2258,19.82,19.74,19.79,,139.0
2018-07-20 11:20,,19.71,2258,19.77,19.66,19.74,,1302.0
2018-07-20 11:25,,19.71,2258,19.76,19.71,19.71,,422.0
2018-07-20 11:30,,19.68,2258,19.71,19.68,19.71,,575.0
2018-07-20 13:05,,19.75,2258,19.76,19.66,19.68,,301.0
2018-07-20 13:10,,19.78,2258,19.78,19.7,19.75,,623.0
2018-07-20 13:15,,19.8,2258,19.8,19.73,19.78,,752.0
2018-07-20 13:20,,19.79,2258,19.8,19.75,19.8,,493.0
2018-07-20 13:25,,19.79,2258,19.81,19.79,19.79,,202.0
2018-07-20 13:30,,19.87,2258,19.87,19.76,19.79,,820.0
2018-07-20 13:35,,19.84,2258,19.87,19.81,19.87,,434.0
2018-07-20 13:40,,19.79,2258,19.86,19.78,19.84,,536.0
2018-07-20 13:45,,19.75,2258,19.84,19.75,19.79,,1322.0
2018-07-20 13:50,,19.69,2258,19.77,19.68,19.75,,1793.0
2018-07-20 13:55,,19.64,2258,19.74,19.6,19.69,,1693.0
2018-07-20 14:00,,19.74,2258,19.75,19.63,19.64,,1215.0
2018-07-20 14:05,,19.71,2258,19.79,19.7,19.74,,1103.0
2018-07-20 14:10,,19.65,2258,19.73,19.6,19.71,,1520.0
2018-07-20 14:15,,19.63,2258,19.67,19.6,19.65,,1854.0
2018-07-20 14:20,,19.66,2258,19.73,19.61,19.63,,829.0
2018-07-20 14:25,,19.75,2258,19.77,19.66,19.66,,441.0
2018-07-20 14:30,,19.76,2258,19.78,19.76,19.77,,704.0
2018-07-20 14:35,,19.83,2258,19.85,19.76,19.76,,1053.0
2018-07-20 14:40,,19.85,2258,19.87,19.77,19.83,,624.0
2018-07-20 14:45,,19.86,2258,19.88,19.83,19.85,,810.0
2018-07-20 14:50,,19.79,2258,19.86,19.75,19.86,,1158.0
2018-07-20 14:55,,19.83,2258,19.84,19.75,19.76,,737.0
2018-07-20 15:00,,19.76,2258,19.83,19.76,19.83,,232.0
2018-07-23 09:35,,19.8,2258,19.88,19.56,19.8,,2134.0
2018-07-23 09:40,,19.93,2258,19.97,19.78,19.8,,2000.0
2018-07-23 09:45,,20.05,2258,20.05,19.89,19.93,,2359.0
2018-07-23 09:50,,20.11,2258,20.14,19.98,20.05,,2937.0
2018-07-23 09:55,,20.15,2258,20.15,20.08,20.11,,2207.0
2018-07-23 10:00,,20.2,2258,20.22,20.14,20.15,,3055.0
2018-07-23 10:05,,20.17,2258,20.2,20.15,20.2,,1555.0
2018-07-23 10:10,,20.25,2258,20.25,20.15,20.17,,1995.0
2018-07-23 10:15,,20.25,2258,20.3,20.21,20.24,,1582.0
2018-07-23 10:20,,20.24,2258,20.25,20.22,20.25,,372.0
2018-07-23 10:25,,20.2,2258,20.24,20.18,20.24,,832.0
2018-07-23 10:30,,20.21,2258,20.22,20.19,20.2,,744.0
2018-07-23 10:35,,20.22,2258,20.23,20.18,20.21,,835.0
2018-07-23 10:40,,20.29,2258,20.29,20.2,20.22,,1428.0
2018-07-23 10:45,,20.27,2258,20.3,20.26,20.29,,956.0
2018-07-23 10:50,,20.27,2258,20.36,20.26,20.27,,2265.0
2018-07-23 10:55,,20.33,2258,20.34,20.28,20.28,,1248.0
2018-07-23 11:00,,20.28,2258,20.35,20.28,20.33,,1069.0
2018-07-23 11:05,,20.31,2258,20.34,20.28,20.28,,666.0
2018-07-23 11:10,,20.34,2258,20.36,20.31,20.31,,1650.0
2018-07-23 11:15,,20.4,2258,20.4,20.34,20.34,,1313.0
2018-07-23 11:20,,20.43,2258,20.44,20.39,20.4,,1183.0
2018-07-23 11:25,,20.43,2258,20.43,20.37,20.43,,1379.0
2018-07-23 11:30,,20.45,2258,20.45,20.4,20.42,,1059.0
2018-07-23 13:05,,20.45,2258,20.49,20.43,20.45,,5346.0
2018-07-23 13:10,,20.42,2258,20.47,20.4,20.45,,2639.0
2018-07-23 13:15,,20.4,2258,20.42,20.34,20.42,,1166.0
2018-07-23 13:20,,20.32,2258,20.4,20.32,20.4,,636.0
2018-07-23 13:25,,20.28,2258,20.32,20.28,20.32,,410.0
2018-07-23 13:30,,20.29,2258,20.29,20.23,20.28,,1061.0
2018-07-23 13:35,,20.29,2258,20.3,20.25,20.29,,1359.0
2018-07-23 13:40,,20.34,2258,20.35,20.29,20.29,,1066.0
2018-07-23 13:45,,20.38,2258,20.38,20.33,20.34,,904.0
2018-07-23 13:50,,20.39,2258,20.39,20.34,20.38,,1098.0
2018-07-23 13:55,,20.39,2258,20.4,20.37,20.4,,933.0
2018-07-23 14:00,,20.33,2258,20.4,20.33,20.39,,1066.0
2018-07-23 14:05,,20.38,2258,20.39,20.33,20.33,,1045.0
2018-07-23 14:10,,20.39,2258,20.4,20.36,20.38,,1155.0
2018-07-23 14:15,,20.46,2258,20.48,20.4,20.4,,2985.0
2018-07-23 14:20,,20.52,2258,20.53,20.43,20.44,,2862.0
2018-07-23 14:25,,20.52,2258,20.53,20.48,20.52,,1980.0
2018-07-23 14:30,,20.5,2258,20.52,20.46,20.52,,1764.0
2018-07-23 14:35,,20.48,2258,20.51,20.47,20.5,,1210.0
2018-07-23 14:40,,20.46,2258,20.49,20.46,20.48,,1169.0
2018-07-23 14:45,,20.49,2258,20.49,20.46,20.46,,959.0
2018-07-23 14:50,,20.68,2258,20.69,20.49,20.49,,7237.0
2018-07-23 14:55,,20.67,2258,20.7,20.63,20.68,,4233.0
2018-07-23 15:00,,20.69,2258,20.69,20.67,20.68,,1969.0
2018-07-24 09:35,,20.54,2258,20.8,20.51,20.8,,3342.0
2018-07-24 09:40,,20.64,2258,20.65,20.45,20.54,,1931.0
2018-07-24 09:45,,20.68,2258,20.77,20.53,20.62,,2273.0
2018-07-24 09:50,,20.67,2258,20.75,20.6,20.68,,1926.0
2018-07-24 09:55,,20.54,2258,20.67,20.52,20.67,,1191.0
2018-07-24 10:00,,20.58,2258,20.61,20.49,20.54,,2868.0
2018-07-24 10:05,,20.62,2258,20.65,20.58,20.58,,1385.0
2018-07-24 10:10,,20.68,2258,20.69,20.61,20.62,,1618.0
2018-07-24 10:15,,20.68,2258,20.69,20.62,20.68,,911.0
2018-07-24 10:20,,20.7,2258,20.7,20.61,20.68,,1618.0
2018-07-24 10:25,,20.77,2258,20.79,20.7,20.7,,1384.0
2018-07-24 10:30,,20.72,2258,20.79,20.72,20.77,,933.0
2018-07-24 10:35,,20.68,2258,20.74,20.66,20.72,,1020.0
2018-07-24 10:40,,20.68,2258,20.69,20.63,20.68,,593.0
2018-07-24 10:45,,20.67,2258,20.68,20.64,20.68,,645.0
2018-07-24 10:50,,20.66,2258,20.67,20.63,20.67,,652.0
2018-07-24 10:55,,20.63,2258,20.67,20.63,20.65,,593.0
2018-07-24 11:00,,20.66,2258,20.66,20.63,20.63,,510.0
2018-07-24 11:05,,20.68,2258,20.68,20.62,20.65,,465.0
2018-07-24 11:10,,20.77,2258,20.79,20.68,20.68,,1884.0
2018-07-24 11:15,,20.72,2258,20.77,20.65,20.77,,721.0
2018-07-24 11:20,,20.72,2258,20.72,20.68,20.72,,431.0
2018-07-24 11:25,,20.7,2258,20.72,20.68,20.72,,313.0
2018-07-24 11:30,,20.72,2258,20.72,20.68,20.7,,530.0
2018-07-24 13:05,,20.74,2258,20.75,20.71,20.72,,722.0
2018-07-24 13:10,,20.75,2258,20.75,20.72,20.74,,635.0
2018-07-24 13:15,,20.79,2258,20.79,20.74,20.75,,517.0
2018-07-24 13:20,,20.74,2258,20.79,20.74,20.79,,472.0
2018-07-24 13:25,,20.69,2258,20.75,20.66,20.74,,2043.0
2018-07-24 13:30,,20.67,2258,20.73,20.65,20.69,,714.0
2018-07-24 13:35,,20.65,2258,20.68,20.61,20.67,,687.0
2018-07-24 13:40,,20.68,2258,20.68,20.62,20.65,,931.0
2018-07-24 13:45,,20.64,2258,20.68,20.63,20.68,,495.0
2018-07-24 13:50,,20.65,2258,20.66,20.63,20.64,,747.0
2018-07-24 13:55,,20.62,2258,20.64,20.58,20.64,,1471.0
2018-07-24 14:00,,20.58,2258,20.65,20.58,20.62,,991.0
2018-07-24 14:05,,20.58,2258,20.61,20.55,20.57,,959.0
2018-07-24 14:10,,20.56,2258,20.61,20.55,20.58,,828.0
2018-07-24 14:15,,20.58,2258,20.64,20.56,20.56,,1166.0
2018-07-24 14:20,,20.58,2258,20.59,20.55,20.58,,409.0
2018-07-24 14:25,,20.57,2258,20.58,20.55,20.58,,307.0
2018-07-24 14:30,,20.58,2258,20.59,20.55,20.57,,921.0
2018-07-24 14:35,,20.56,2258,20.58,20.55,20.58,,1432.0
2018-07-24 14:40,,20.55,2258,20.58,20.55,20.56,,1929.0
2018-07-24 14:45,,20.56,2258,20.58,20.55,20.55,,2490.0
2018-07-24 14:50,,20.57,2258,20.58,20.55,20.57,,1366.0
2018-07-24 14:55,,20.57,2258,20.57,20.55,20.57,,1812.0
2018-07-24 15:00,,20.56,2258,20.57,20.55,20.57,,1112.0
2018-07-25 09:35,,20.46,2258,20.56,20.41,20.56,,1305.0
2018-07-25 09:40,,20.46,2258,20.54,20.46,20.46,,546.0
2018-07-25 09:45,,20.43,2258,20.46,20.42,20.46,,1311.0
2018-07-25 09:50,,20.38,2258,20.45,20.21,20.43,,2017.0
2018-07-25 09:55,,20.46,2258,20.46,20.31,20.38,,958.0
2018-07-25 10:00,,20.36,2258,20.46,20.36,20.46,,576.0
2018-07-25 10:05,,20.35,2258,20.37,20.31,20.36,,856.0
2018-07-25 10:10,,20.34,2258,20.35,20.33,20.35,,476.0
2018-07-25 10:15,,20.34,2258,20.35,20.33,20.34,,309.0
2018-07-25 10:20,,20.27,2258,20.34,20.25,20.34,,1255.0
2018-07-25 10:25,,20.29,2258,20.31,20.27,20.27,,330.0
2018-07-25 10:30,,20.26,2258,20.31,20.24,20.29,,709.0
2018-07-25 10:35,,20.24,2258,20.31,20.24,20.26,,434.0
2018-07-25 10:40,,20.27,2258,20.3,20.24,20.24,,226.0
2018-07-25 10:45,,20.25,2258,20.3,20.24,20.27,,316.0
2018-07-25 10:50,,20.28,2258,20.31,20.25,20.25,,285.0
2018-07-25 10:55,,20.3,2258,20.3,20.25,20.28,,321.0
2018-07-25 11:00,,20.28,2258,20.3,20.25,20.3,,154.0
2018-07-25 11:05,,20.3,2258,20.3,20.26,20.26,,205.0
2018-07-25 11:10,,20.27,2258,20.31,20.27,20.3,,299.0
2018-07-25 11:15,,20.3,2258,20.31,20.26,20.27,,320.0
2018-07-25 11:20,,20.3,2258,20.32,20.26,20.3,,249.0
2018-07-25 11:25,,20.3,2258,20.32,20.26,20.3,,791.0
2018-07-25 11:30,,20.3,2258,20.32,20.3,20.3,,316.0
2018-07-25 13:05,,20.28,2258,20.32,20.26,20.3,,946.0
2018-07-25 13:10,,20.26,2258,20.29,20.26,20.28,,586.0
2018-07-25 13:15,,20.26,2258,20.28,20.25,20.26,,599.0
2018-07-25 13:20,,20.2,2258,20.26,20.2,20.25,,1145.0
2018-07-25 13:25,,20.02,2258,20.2,20.02,20.2,,2716.0
2018-07-25 13:30,,20.08,2258,20.08,20.01,20.02,,1483.0
2018-07-25 13:35,,20.04,2258,20.08,20.01,20.08,,1621.0
2018-07-25 13:40,,20.08,2258,20.11,20.01,20.04,,1096.0
2018-07-25 13:45,,20.01,2258,20.08,20.01,20.08,,951.0
2018-07-25 13:50,,20.02,2258,20.02,19.98,20.01,,1184.0
2018-07-25 13:55,,19.98,2258,20.01,19.98,20.01,,872.0
2018-07-25 14:00,,19.98,2258,19.99,19.95,19.98,,1367.0
2018-07-25 14:05,,19.99,2258,20.03,19.96,19.98,,1281.0
2018-07-25 14:10,,20.02,2258,20.03,19.98,19.99,,742.0
2018-07-25 14:15,,20.05,2258,20.05,20.01,20.02,,661.0
2018-07-25 14:20,,20.05,2258,20.05,20.01,20.05,,466.0
2018-07-25 14:25,,20.05,2258,20.08,20.05,20.05,,684.0
2018-07-25 14:30,,20.07,2258,20.07,20.01,20.05,,493.0
2018-07-25 14:35,,20.08,2258,20.08,20.02,20.07,,178.0
2018-07-25 14:40,,20.02,2258,20.08,20.0,20.08,,802.0
2018-07-25 14:45,,20.02,2258,20.05,20.01,20.02,,461.0
2018-07-25 14:50,,20.06,2258,20.06,20.01,20.02,,799.0
2018-07-25 14:55,,20.1,2258,20.11,20.05,20.06,,2219.0
2018-07-25 15:00,,20.07,2258,20.09,20.03,20.09,,862.0
2018-07-26 09:35,,19.93,2258,20.11,19.91,20.07,,1173.0
2018-07-26 09:40,,19.85,2258,19.94,19.78,19.93,,2137.0
2018-07-26 09:45,,19.8,2258,19.88,19.8,19.85,,641.0
2018-07-26 09:50,,19.84,2258,19.84,19.73,19.8,,1000.0
2018-07-26 09:55,,19.78,2258,19.86,19.75,19.86,,565.0
2018-07-26 10:00,,19.64,2258,19.81,19.64,19.78,,1983.0
2018-07-26 10:05,,19.7,2258,19.73,19.62,19.64,,2049.0
2018-07-26 10:10,,19.72,2258,19.78,19.7,19.7,,1076.0
2018-07-26 10:15,,19.7,2258,19.74,19.67,19.72,,1567.0
2018-07-26 10:20,,19.72,2258,19.77,19.7,19.7,,843.0
2018-07-26 10:25,,19.72,2258,19.77,19.7,19.72,,702.0
2018-07-26 10:30,,19.71,2258,19.76,19.7,19.72,,910.0
2018-07-26 10:35,,19.66,2258,19.71,19.66,19.71,,929.0
2018-07-26 10:40,,19.61,2258,19.69,19.61,19.66,,1503.0
2018-07-26 10:45,,19.58,2258,19.62,19.57,19.61,,2308.0
2018-07-26 10:50,,19.6,2258,19.62,19.57,19.58,,538.0
2018-07-26 10:55,,19.62,2258,19.62,19.57,19.6,,576.0
2018-07-26 11:00,,19.58,2258,19.67,19.58,19.62,,471.0
2018-07-26 11:05,,19.49,2258,19.58,19.47,19.58,,4068.0
2018-07-26 11:10,,19.58,2258,19.6,19.49,19.49,,1002.0
2018-07-26 11:15,,19.55,2258,19.59,19.52,19.58,,802.0
2018-07-26 11:20,,19.53,2258,19.55,19.49,19.55,,1766.0
2018-07-26 11:25,,19.5,2258,19.54,19.48,19.53,,431.0
2018-07-26 11:30,,19.54,2258,19.55,19.5,19.5,,155.0
2018-07-26 13:05,,19.3,2258,19.54,19.29,19.54,,3271.0
2018-07-26 13:10,,19.29,2258,19.37,19.27,19.3,,697.0
2018-07-26 13:15,,19.24,2258,19.29,19.2,19.29,,2529.0
2018-07-26 13:20,,19.27,2258,19.29,19.23,19.24,,971.0
2018-07-26 13:25,,19.3,2258,19.3,19.24,19.27,,586.0
2018-07-26 13:30,,19.38,2258,19.38,19.29,19.29,,344.0
2018-07-26 13:35,,19.5,2258,19.52,19.4,19.4,,647.0
2018-07-26 13:40,,19.48,2258,19.5,19.46,19.5,,467.0
2018-07-26 13:45,,19.49,2258,19.52,19.45,19.48,,653.0
2018-07-26 13:50,,19.52,2258,19.52,19.45,19.49,,439.0
2018-07-26 13:55,,19.47,2258,19.54,19.46,19.52,,529.0
2018-07-26 14:00,,19.56,2258,19.58,19.47,19.47,,441.0
2018-07-26 14:05,,19.52,2258,19.59,19.52,19.56,,398.0
2018-07-26 14:10,,19.53,2258,19.6,19.51,19.52,,459.0
2018-07-26 14:15,,19.5,2258,19.6,19.5,19.53,,671.0
2018-07-26 14:20,,19.5,2258,19.52,19.49,19.5,,488.0
2018-07-26 14:25,,19.54,2258,19.57,19.5,19.5,,146.0
2018-07-26 14:30,,19.57,2258,19.6,19.52,19.55,,398.0
2018-07-26 14:35,,19.6,2258,19.6,19.53,19.57,,311.0
2018-07-26 14:40,,19.61,2258,19.61,19.53,19.6,,412.0
2018-07-26 14:45,,19.7,2258,19.71,19.59,19.61,,1116.0
2018-07-26 14:50,,19.68,2258,19.71,19.67,19.7,,1203.0
2018-07-26 14:55,,19.65,2258,19.7,19.63,19.68,,785.0
2018-07-26 15:00,,19.61,2258,19.65,19.6,19.65,,195.0
2018-07-27 09:35,,19.45,2258,19.5,19.4,19.43,,405.0
2018-07-27 09:40,,19.57,2258,19.57,19.45,19.45,,396.0
2018-07-27 09:45,,19.55,2258,19.57,19.49,19.57,,235.0
2018-07-27 09:50,,19.46,2258,19.55,19.45,19.55,,375.0
2018-07-27 09:55,,19.37,2258,19.46,19.37,19.46,,514.0
2018-07-27 10:00,,19.4,2258,19.4,19.31,19.37,,511.0
2018-07-27 10:05,,19.33,2258,19.42,19.33,19.4,,485.0
2018-07-27 10:10,,19.32,2258,19.41,19.32,19.33,,388.0
2018-07-27 10:15,,19.39,2258,19.39,19.3,19.31,,342.0
2018-07-27 10:20,,19.31,2258,19.39,19.31,19.39,,266.0
2018-07-27 10:25,,19.41,2258,19.43,19.25,19.31,,788.0
2018-07-27 10:30,,19.43,2258,19.43,19.38,19.41,,140.0
2018-07-27 10:35,,19.38,2258,19.43,19.37,19.43,,151.0
2018-07-27 10:40,,19.36,2258,19.39,19.36,19.38,,139.0
2018-07-27 10:45,,19.37,2258,19.37,19.3,19.36,,107.0
2018-07-27 10:50,,19.37,2258,19.37,19.3,19.37,,188.0
2018-07-27 10:55,,19.5,2258,19.5,19.37,19.37,,361.0
2018-07-27 11:00,,19.53,2258,19.55,19.47,19.5,,249.0
2018-07-27 11:05,,19.55,2258,19.55,19.53,19.53,,82.0
2018-07-27 11:10,,19.5,2258,19.57,19.5,19.55,,175.0
2018-07-27 11:15,,19.43,2258,19.5,19.42,19.5,,39.0
2018-07-27 11:20,,19.48,2258,19.48,19.43,19.43,,91.0
2018-07-27 11:25,,19.48,2258,19.48,19.42,19.48,,189.0
2018-07-27 11:30,,19.48,2258,19.48,19.42,19.48,,127.0
2018-07-27 13:05,,19.48,2258,19.48,19.42,19.48,,195.0
2018-07-27 13:10,,19.55,2258,19.55,19.46,19.48,,188.0
2018-07-27 13:15,,19.57,2258,19.58,19.5,19.57,,158.0
2018-07-27 13:20,,19.58,2258,19.59,19.51,19.57,,250.0
2018-07-27 13:25,,19.59,2258,19.59,19.55,19.58,,152.0
2018-07-27 13:30,,19.55,2258,19.6,19.55,19.59,,169.0
2018-07-27 13:35,,19.54,2258,19.55,19.52,19.55,,69.0
2018-07-27 13:40,,19.48,2258,19.54,19.48,19.54,,89.0
2018-07-27 13:45,,19.57,2258,19.6,19.46,19.48,,260.0
2018-07-27 13:50,,19.61,2258,19.62,19.5,19.57,,315.0
2018-07-27 13:55,,19.62,2258,19.65,19.61,19.61,,260.0
2018-07-27 14:00,,19.58,2258,19.62,19.58,19.62,,107.0
2018-07-27 14:05,,19.54,2258,19.6,19.54,19.58,,146.0
2018-07-27 14:10,,19.46,2258,19.57,19.46,19.54,,222.0
2018-07-27 14:15,,19.47,2258,19.51,19.45,19.46,,243.0
2018-07-27 14:20,,19.42,2258,19.47,19.42,19.47,,285.0
2018-07-27 14:25,,19.48,2258,19.53,19.41,19.42,,487.0
2018-07-27 14:30,,19.48,2258,19.49,19.43,19.48,,303.0
2018-07-27 14:35,,19.5,2258,19.51,19.48,19.48,,112.0
2018-07-27 14:40,,19.49,2258,19.51,19.47,19.5,,267.0
2018-07-27 14:45,,19.44,2258,19.49,19.43,19.49,,167.0
2018-07-27 14:50,,19.39,2258,19.46,19.35,19.44,,708.0
2018-07-27 14:55,,19.45,2258,19.5,19.35,19.39,,756.0
2018-07-27 15:00,,19.5,2258,19.6,19.39,19.45,,429.0
2018-07-30 09:35,,19.59,2258,19.61,19.4,19.5,,814.0
2018-07-30 09:40,,19.46,2258,19.55,19.42,19.53,,835.0
2018-07-30 09:45,,19.33,2258,19.51,19.21,19.46,,1097.0
2018-07-30 09:50,,19.39,2258,19.4,19.32,19.36,,637.0
2018-07-30 09:55,,19.42,2258,19.55,19.36,19.39,,702.0
2018-07-30 10:00,,19.49,2258,19.49,19.42,19.42,,202.0
2018-07-30 10:05,,19.42,2258,19.51,19.41,19.49,,533.0
2018-07-30 10:10,,19.45,2258,19.45,19.4,19.42,,158.0
2018-07-30 10:15,,19.46,2258,19.47,19.38,19.45,,500.0
2018-07-30 10:20,,19.39,2258,19.47,19.39,19.46,,154.0
2018-07-30 10:25,,19.34,2258,19.42,19.3,19.4,,734.0
2018-07-30 10:30,,19.39,2258,19.4,19.34,19.34,,186.0
2018-07-30 10:35,,19.38,2258,19.39,19.32,19.39,,142.0
2018-07-30 10:40,,19.4,2258,19.4,19.32,19.38,,325.0
2018-07-30 10:45,,19.35,2258,19.41,19.34,19.4,,145.0
2018-07-30 10:50,,19.38,2258,19.39,19.35,19.35,,162.0
2018-07-30 10:55,,19.28,2258,19.38,19.28,19.38,,621.0
2018-07-30 11:00,,19.23,2258,19.33,19.23,19.28,,815.0
2018-07-30 11:05,,19.25,2258,19.25,19.23,19.23,,145.0
2018-07-30 11:10,,19.33,2258,19.35,19.25,19.25,,127.0
2018-07-30 11:15,,19.3,2258,19.34,19.3,19.33,,93.0
2018-07-30 11:20,,19.3,2258,19.34,19.26,19.3,,158.0
2018-07-30 11:25,,19.3,2258,19.34,19.27,19.3,,77.0
2018-07-30 11:30,,19.33,2258,19.33,19.3,19.3,,69.0
2018-07-30 13:05,,19.32,2258,19.33,19.26,19.33,,294.0
2018-07-30 13:10,,19.33,2258,19.33,19.27,19.32,,376.0
2018-07-30 13:15,,19.3,2258,19.35,19.3,19.33,,91.0
2018-07-30 13:20,,19.35,2258,19.35,19.3,19.3,,456.0
2018-07-30 13:25,,19.34,2258,19.35,19.3,19.35,,231.0
2018-07-30 13:30,,19.33,2258,19.4,19.31,19.34,,619.0
2018-07-30 13:35,,19.31,2258,19.39,19.3,19.33,,262.0
2018-07-30 13:40,,19.29,2258,19.33,19.29,19.31,,315.0
2018-07-30 13:45,,19.31,2258,19.33,19.29,19.33,,360.0
2018-07-30 13:50,,19.37,2258,19.41,19.3,19.31,,604.0
2018-07-30 13:55,,19.36,2258,19.45,19.36,19.37,,223.0
2018-07-30 14:00,,19.36,2258,19.4,19.29,19.36,,534.0
2018-07-30 14:05,,19.35,2258,19.36,19.28,19.36,,348.0
2018-07-30 14:10,,19.35,2258,19.36,19.3,19.36,,466.0
2018-07-30 14:15,,19.36,2258,19.44,19.35,19.35,,785.0
2018-07-30 14:20,,19.38,2258,19.45,19.36,19.36,,230.0
2018-07-30 14:25,,19.52,2258,19.55,19.38,19.38,,342.0
2018-07-30 14:30,,19.49,2258,19.52,19.46,19.52,,417.0
2018-07-30 14:35,,19.46,2258,19.49,19.46,19.49,,672.0
2018-07-30 14:40,,19.45,2258,19.5,19.45,19.48,,429.0
2018-07-30 14:45,,19.48,2258,19.56,19.45,19.45,,3391.0
2018-07-30 14:50,,19.47,2258,19.56,19.47,19.48,,-4226.0
2018-07-30 14:55,,19.5,2258,19.53,19.47,19.47,,491.0
2018-07-30 15:00,,19.48,2258,19.53,19.48,19.48,,430.0
2018-07-31 09:35,,19.31,2258,19.38,19.13,19.13,,672.0
2018-07-31 09:40,,19.35,2258,19.4,19.31,19.31,,211.0
2018-07-31 09:45,,19.37,2258,19.38,19.3,19.35,,875.0
2018-07-31 09:50,,19.31,2258,19.37,19.31,19.37,,402.0
2018-07-31 09:55,,19.33,2258,19.37,19.31,19.31,,150.0
2018-07-31 10:00,,19.29,2258,19.34,19.29,19.33,,814.0
2018-07-31 10:05,,19.25,2258,19.29,19.23,19.29,,325.0
2018-07-31 10:10,,19.25,2258,19.25,19.24,19.25,,113.0
2018-07-31 10:15,,19.25,2258,19.34,19.25,19.25,,71.0
2018-07-31 10:20,,19.26,2258,19.3,19.24,19.25,,91.0
2018-07-31 10:25,,19.27,2258,19.3,19.26,19.26,,67.0
2018-07-31 10:30,,19.32,2258,19.32,19.26,19.27,,221.0
2018-07-31 10:35,,19.26,2258,19.32,19.26,19.32,,203.0
2018-07-31 10:40,,19.39,2258,19.39,19.26,19.26,,481.0
2018-07-31 10:45,,19.4,2258,19.43,19.39,19.39,,74.0
2018-07-31 10:50,,19.37,2258,19.4,19.37,19.4,,63.0
2018-07-31 10:55,,19.37,2258,19.38,19.37,19.37,,114.0
2018-07-31 11:00,,19.36,2258,19.39,19.36,19.37,,57.0
2018-07-31 11:05,,19.38,2258,19.38,19.35,19.36,,58.0
2018-07-31 11:10,,19.37,2258,19.38,19.37,19.38,,5.0
2018-07-31 11:15,,19.34,2258,19.42,19.34,19.37,,160.0
2018-07-31 11:20,,19.34,2258,19.35,19.33,19.34,,98.0
2018-07-31 11:25,,19.33,2258,19.38,19.33,19.34,,159.0
2018-07-31 11:30,,19.33,2258,19.34,19.33,19.33,,31.0
2018-07-31 13:05,,19.38,2258,19.39,19.33,19.33,,99.0
2018-07-31 13:10,,19.43,2258,19.43,19.38,19.38,,75.0
2018-07-31 13:15,,19.42,2258,19.43,19.39,19.43,,38.0
2018-07-31 13:20,,19.38,2258,19.42,19.38,19.42,,32.0
2018-07-31 13:25,,19.32,2258,19.38,19.32,19.38,,60.0
2018-07-31 13:30,,19.3,2258,19.34,19.29,19.32,,144.0
2018-07-31 13:35,,19.33,2258,19.34,19.29,19.3,,139.0
2018-07-31 13:40,,19.4,2258,19.4,19.31,19.33,,130.0
2018-07-31 13:45,,19.36,2258,19.4,19.33,19.4,,276.0
2018-07-31 13:50,,19.41,2258,19.41,19.36,19.36,,176.0
2018-07-31 13:55,,19.38,2258,19.42,19.38,19.41,,97.0
2018-07-31 14:00,,19.38,2258,19.39,19.38,19.38,,103.0
2018-07-31 14:05,,19.39,2258,19.41,19.38,19.38,,84.0
2018-07-31 14:10,,19.39,2258,19.4,19.39,19.4,,46.0
2018-07-31 14:15,,19.4,2258,19.4,19.39,19.39,,53.0
2018-07-31 14:20,,19.43,2258,19.43,19.4,19.4,,149.0
2018-07-31 14:25,,19.42,2258,19.43,19.42,19.43,,61.0
2018-07-31 14:30,,19.41,2258,19.43,19.41,19.42,,50.0
2018-07-31 14:35,,19.4,2258,19.42,19.37,19.41,,428.0
2018-07-31 14:40,,19.51,2258,19.51,19.37,19.4,,775.0
2018-07-31 14:45,,19.6,2258,19.65,19.5,19.51,,993.0
2018-07-31 14:50,,19.59,2258,19.63,19.59,19.6,,886.0
2018-07-31 14:55,,19.57,2258,19.62,19.57,19.59,,489.0
2018-07-31 15:00,,19.61,2258,19.61,19.57,19.57,,316.0
2018-08-01 09:35,,19.51,2258,19.61,19.5,19.6,,742.0
2018-08-01 09:40,,19.52,2258,19.64,19.51,19.51,,152.0
2018-08-01 09:45,,19.64,2258,19.64,19.52,19.52,,246.0
2018-08-01 09:50,,19.6,2258,19.65,19.6,19.64,,295.0
2018-08-01 09:55,,19.57,2258,19.64,19.57,19.6,,89.0
2018-08-01 10:00,,19.59,2258,19.61,19.55,19.58,,317.0
2018-08-01 10:05,,19.62,2258,19.63,19.58,19.59,,458.0
2018-08-01 10:10,,19.65,2258,19.66,19.61,19.62,,2120.0
2018-08-01 10:15,,19.69,2258,19.72,19.65,19.65,,1256.0
2018-08-01 10:20,,19.65,2258,19.73,19.65,19.69,,659.0
2018-08-01 10:25,,19.65,2258,19.7,19.63,19.65,,645.0
2018-08-01 10:30,,19.67,2258,19.72,19.65,19.65,,259.0
2018-08-01 10:35,,19.7,2258,19.7,19.67,19.67,,192.0
2018-08-01 10:40,,19.68,2258,19.72,19.68,19.69,,241.0
2018-08-01 10:45,,19.62,2258,19.69,19.61,19.68,,1183.0
2018-08-01 10:50,,19.66,2258,19.66,19.61,19.62,,503.0
2018-08-01 10:55,,19.63,2258,19.67,19.61,19.66,,444.0
2018-08-01 11:00,,19.67,2258,19.69,19.63,19.63,,508.0
2018-08-01 11:05,,19.71,2258,19.72,19.64,19.67,,423.0
2018-08-01 11:10,,19.76,2258,19.8,19.7,19.71,,1107.0
2018-08-01 11:15,,19.76,2258,19.8,19.7,19.76,,589.0
2018-08-01 11:20,,19.75,2258,19.79,19.71,19.76,,416.0
2018-08-01 11:25,,19.79,2258,19.8,19.74,19.75,,607.0
2018-08-01 11:30,,19.77,2258,19.8,19.77,19.79,,330.0
2018-08-01 13:05,,19.75,2258,19.79,19.7,19.76,,113.0
2018-08-01 13:10,,19.72,2258,19.76,19.7,19.75,,228.0
2018-08-01 13:15,,19.72,2258,19.74,19.72,19.72,,340.0
2018-08-01 13:20,,19.72,2258,19.72,19.72,19.72,,118.0
2018-08-01 13:25,,19.66,2258,19.71,19.66,19.71,,415.0
2018-08-01 13:30,,19.64,2258,19.67,19.64,19.66,,264.0
2018-08-01 13:35,,19.62,2258,19.66,19.62,19.64,,584.0
2018-08-01 13:40,,19.6,2258,19.65,19.57,19.62,,1598.0
2018-08-01 13:45,,19.58,2258,19.65,19.57,19.65,,318.0
2018-08-01 13:50,,19.65,2258,19.65,19.57,19.58,,438.0
2018-08-01 13:55,,19.65,2258,19.65,19.61,19.65,,232.0
2018-08-01 14:00,,19.58,2258,19.67,19.58,19.65,,326.0
2018-08-01 14:05,,19.62,2258,19.65,19.58,19.58,,515.0
2018-08-01 14:10,,19.65,2258,19.65,19.59,19.62,,241.0
2018-08-01 14:15,,19.61,2258,19.66,19.6,19.65,,397.0
2018-08-01 14:20,,19.61,2258,19.65,19.61,19.61,,1218.0
2018-08-01 14:25,,19.6,2258,19.63,19.57,19.61,,692.0
2018-08-01 14:30,,19.55,2258,19.61,19.55,19.6,,485.0
2018-08-01 14:35,,19.54,2258,19.62,19.54,19.55,,682.0
2018-08-01 14:40,,19.53,2258,19.55,19.45,19.54,,474.0
2018-08-01 14:45,,19.49,2258,19.53,19.46,19.53,,339.0
2018-08-01 14:50,,19.48,2258,19.51,19.48,19.5,,409.0
2018-08-01 14:55,,19.4,2258,19.48,19.39,19.48,,633.0
2018-08-01 15:00,,19.35,2258,19.4,19.35,19.4,,532.0
2018-08-02 09:35,,19.28,2258,19.36,19.18,19.36,,636.0
2018-08-02 09:40,,19.2,2258,19.28,19.2,19.28,,716.0
2018-08-02 09:45,,19.06,2258,19.2,19.06,19.2,,1284.0
2018-08-02 09:50,,19.05,2258,19.12,19.04,19.06,,486.0
2018-08-02 09:55,,19.0,2258,19.06,19.0,19.05,,808.0
2018-08-02 10:00,,18.9,2258,19.02,18.85,19.0,,1193.0
2018-08-02 10:05,,18.91,2258,18.97,18.88,18.9,,633.0
2018-08-02 10:10,,18.96,2258,18.98,18.91,18.91,,281.0
2018-08-02 10:15,,19.0,2258,19.0,18.92,18.96,,691.0
2018-08-02 10:20,,18.97,2258,19.03,18.97,19.0,,271.0
2018-08-02 10:25,,19.02,2258,19.04,18.97,18.97,,246.0
2018-08-02 10:30,,19.02,2258,19.05,18.99,19.02,,452.0
2018-08-02 10:35,,19.05,2258,19.05,19.0,19.02,,391.0
2018-08-02 10:40,,19.03,2258,19.06,19.03,19.05,,54.0
2018-08-02 10:45,,18.98,2258,19.05,18.98,19.03,,162.0
2018-08-02 10:50,,18.91,2258,18.98,18.9,18.98,,288.0
2018-08-02 10:55,,18.95,2258,18.95,18.88,18.91,,533.0
2018-08-02 11:00,,18.91,2258,18.95,18.91,18.95,,57.0
2018-08-02 11:05,,18.9,2258,18.92,18.9,18.91,,144.0
2018-08-02 11:10,,18.9,2258,18.91,18.88,18.9,,298.0
2018-08-02 11:15,,18.87,2258,18.9,18.86,18.9,,290.0
2018-08-02 11:20,,18.86,2258,18.87,18.86,18.87,,155.0
2018-08-02 11:25,,18.8,2258,18.86,18.8,18.86,,1247.0
2018-08-02 11:30,,18.79,2258,18.82,18.79,18.8,,416.0
2018-08-02 13:05,,18.52,2258,18.79,18.5,18.79,,1804.0
2018-08-02 13:10,,18.53,2258,18.58,18.51,18.52,,417.0
2018-08-02 13:15,,18.51,2258,18.55,18.51,18.53,,478.0
2018-08-02 13:20,,18.46,2258,18.52,18.46,18.52,,709.0
2018-08-02 13:25,,18.56,2258,18.56,18.46,18.46,,198.0
2018-08-02 13:30,,18.55,2258,18.6,18.51,18.54,,390.0
2018-08-02 13:35,,18.71,2258,18.73,18.55,18.55,,222.0
2018-08-02 13:40,,18.7,2258,18.71,18.55,18.71,,601.0
2018-08-02 13:45,,18.79,2258,18.79,18.6,18.7,,658.0
2018-08-02 13:50,,18.85,2258,18.89,18.79,18.79,,650.0
2018-08-02 13:55,,18.88,2258,18.88,18.85,18.85,,279.0
2018-08-02 14:00,,18.95,2258,18.95,18.87,18.88,,564.0
2018-08-02 14:05,,18.9,2258,18.95,18.89,18.95,,307.0
2018-08-02 14:10,,18.98,2258,18.98,18.9,18.9,,529.0
2018-08-02 14:15,,19.03,2258,19.03,18.98,18.98,,518.0
2018-08-02 14:20,,18.9,2258,19.03,18.9,19.03,,282.0
2018-08-02 14:25,,18.82,2258,18.9,18.8,18.9,,217.0
2018-08-02 14:30,,18.9,2258,18.9,18.82,18.82,,88.0
2018-08-02 14:35,,19.04,2258,19.04,18.9,18.9,,292.0
2018-08-02 14:40,,18.95,2258,19.04,18.95,19.04,,292.0
2018-08-02 14:45,,18.9,2258,18.95,18.9,18.95,,777.0
2018-08-02 14:50,,18.84,2258,18.97,18.84,18.9,,408.0
2018-08-02 14:55,,18.88,2258,18.95,18.84,18.84,,209.0
2018-08-02 15:00,,18.83,2258,18.88,18.83,18.88,,483.0
2018-08-03 09:35,,19.01,2258,19.18,18.6,18.6,,899.0
2018-08-03 09:40,,18.91,2258,19.01,18.82,19.01,,578.0
2018-08-03 09:45,,19.03,2258,19.05,18.91,18.91,,674.0
2018-08-03 09:50,,18.95,2258,19.03,18.95,19.03,,260.0
2018-08-03 09:55,,18.91,2258,19.02,18.91,18.97,,228.0
2018-08-03 10:00,,18.92,2258,18.95,18.9,18.91,,224.0
2018-08-03 10:05,,18.93,2258,18.94,18.88,18.91,,326.0
2018-08-03 10:10,,18.93,2258,18.95,18.87,18.93,,478.0
2018-08-03 10:15,,19.03,2258,19.03,18.93,18.93,,403.0
2018-08-03 10:20,,19.06,2258,19.07,18.98,19.03,,525.0
2018-08-03 10:25,,19.12,2258,19.12,19.03,19.06,,528.0
2018-08-03 10:30,,19.12,2258,19.13,19.1,19.12,,431.0
2018-08-03 10:35,,19.06,2258,19.12,19.06,19.12,,618.0
2018-08-03 10:40,,19.07,2258,19.07,19.0,19.06,,283.0
2018-08-03 10:45,,19.04,2258,19.07,18.97,19.07,,278.0
2018-08-03 10:50,,19.07,2258,19.07,19.02,19.04,,454.0
2018-08-03 10:55,,19.1,2258,19.11,19.07,19.07,,556.0
2018-08-03 11:00,,19.11,2258,19.12,19.08,19.1,,348.0
2018-08-03 11:05,,19.07,2258,19.12,19.03,19.11,,298.0
2018-08-03 11:10,,19.12,2258,19.12,19.03,19.07,,463.0
2018-08-03 11:15,,19.12,2258,19.15,19.03,19.12,,388.0
2018-08-03 11:20,,19.06,2258,19.19,19.06,19.12,,445.0
2018-08-03 11:25,,19.18,2258,19.18,19.04,19.06,,341.0
2018-08-03 11:30,,19.18,2258,19.19,19.15,19.18,,290.0
2018-08-03 13:05,,19.2,2258,19.2,19.09,19.18,,464.0
2018-08-03 13:10,,19.18,2258,19.2,19.15,19.2,,197.0
2018-08-03 13:15,,19.3,2258,19.3,19.15,19.18,,578.0
2018-08-03 13:20,,19.28,2258,19.3,19.28,19.3,,289.0
2018-08-03 13:25,,19.24,2258,19.29,19.17,19.28,,374.0
2018-08-03 13:30,,19.24,2258,19.27,19.24,19.24,,208.0
2018-08-03 13:35,,19.23,2258,19.24,19.19,19.24,,150.0
2018-08-03 13:40,,19.2,2258,19.23,19.15,19.23,,150.0
2018-08-03 13:45,,19.22,2258,19.22,19.18,19.18,,92.0
2018-08-03 13:50,,19.18,2258,19.22,19.15,19.22,,383.0
2018-08-03 13:55,,19.14,2258,19.19,19.12,19.18,,120.0
2018-08-03 14:00,,19.14,2258,19.14,19.1,19.14,,210.0
2018-08-03 14:05,,19.12,2258,19.14,19.1,19.14,,239.0
2018-08-03 14:10,,19.13,2258,19.15,19.11,19.12,,131.0
2018-08-03 14:15,,19.08,2258,19.13,19.08,19.13,,570.0
2018-08-03 14:20,,19.04,2258,19.1,18.98,19.08,,715.0
2018-08-03 14:25,,19.07,2258,19.09,19.04,19.04,,184.0
2018-08-03 14:30,,19.11,2258,19.11,19.07,19.07,,501.0
2018-08-03 14:35,,19.09,2258,19.13,19.08,19.11,,416.0
2018-08-03 14:40,,19.06,2258,19.09,19.06,19.09,,723.0
2018-08-03 14:45,,19.04,2258,19.07,19.01,19.06,,491.0
2018-08-03 14:50,,19.0,2258,19.07,19.0,19.04,,422.0
2018-08-03 14:55,,19.02,2258,19.04,19.0,19.0,,689.0
2018-08-03 15:00,,19.07,2258,19.07,19.02,19.02,,797.0
2018-08-06 09:35,,19.32,2258,19.39,19.0,19.08,,1995.0
2018-08-06 09:40,,19.34,2258,19.47,19.16,19.32,,2053.0
2018-08-06 09:45,,19.34,2258,19.37,19.26,19.36,,827.0
2018-08-06 09:50,,19.52,2258,19.53,19.3,19.34,,1990.0
2018-08-06 09:55,,19.42,2258,19.58,19.42,19.52,,601.0
2018-08-06 10:00,,19.51,2258,19.52,19.34,19.34,,789.0
2018-08-06 10:05,,19.6,2258,19.6,19.48,19.51,,1068.0
2018-08-06 10:10,,19.62,2258,19.63,19.55,19.6,,916.0
2018-08-06 10:15,,19.67,2258,19.67,19.56,19.62,,1066.0
2018-08-06 10:20,,19.62,2258,19.7,19.62,19.67,,1074.0
2018-08-06 10:25,,19.5,2258,19.62,19.45,19.62,,392.0
2018-08-06 10:30,,19.7,2258,19.7,19.5,19.5,,2039.0
2018-08-06 10:35,,19.72,2258,19.74,19.61,19.7,,1006.0
2018-08-06 10:40,,19.75,2258,19.76,19.7,19.72,,774.0
2018-08-06 10:45,,19.7,2258,19.75,19.65,19.75,,717.0
2018-08-06 10:50,,19.57,2258,19.71,19.55,19.7,,733.0
2018-08-06 10:55,,19.55,2258,19.65,19.55,19.57,,1004.0
2018-08-06 11:00,,19.62,2258,19.64,19.54,19.54,,327.0
2018-08-06 11:05,,19.53,2258,19.62,19.52,19.62,,375.0
2018-08-06 11:10,,19.53,2258,19.55,19.46,19.53,,609.0
2018-08-06 11:15,,19.46,2258,19.53,19.45,19.53,,380.0
2018-08-06 11:20,,19.45,2258,19.47,19.45,19.46,,670.0
2018-08-06 11:25,,19.31,2258,19.46,19.3,19.45,,656.0
2018-08-06 11:30,,19.33,2258,19.35,19.31,19.31,,331.0
2018-08-06 13:05,,19.14,2258,19.33,19.12,19.33,,919.0
2018-08-06 13:10,,19.14,2258,19.24,19.14,19.14,,213.0
2018-08-06 13:15,,19.2,2258,19.2,19.07,19.15,,709.0
2018-08-06 13:20,,19.25,2258,19.25,19.2,19.2,,348.0
2018-08-06 13:25,,19.19,2258,19.26,19.16,19.25,,694.0
2018-08-06 13:30,,19.18,2258,19.19,19.17,19.19,,148.0
2018-08-06 13:35,,19.2,2258,19.25,19.18,19.18,,110.0
2018-08-06 13:40,,19.19,2258,19.2,19.18,19.2,,157.0
2018-08-06 13:45,,19.17,2258,19.19,19.17,19.19,,173.0
2018-08-06 13:50,,19.16,2258,19.18,19.16,19.17,,119.0
2018-08-06 13:55,,19.18,2258,19.18,19.15,19.16,,126.0
2018-08-06 14:00,,19.17,2258,19.18,19.14,19.18,,269.0
2018-08-06 14:05,,19.15,2258,19.17,19.15,19.17,,202.0
2018-08-06 14:10,,19.08,2258,19.16,19.08,19.15,,357.0
2018-08-06 14:15,,19.05,2258,19.08,19.01,19.08,,693.0
2018-08-06 14:20,,18.97,2258,19.08,18.97,19.02,,533.0
2018-08-06 14:25,,18.99,2258,19.0,18.97,18.97,,451.0
2018-08-06 14:30,,19.07,2258,19.07,18.98,18.99,,587.0
2018-08-06 14:35,,19.02,2258,19.07,18.99,19.07,,404.0
2018-08-06 14:40,,19.07,2258,19.07,19.0,19.02,,1070.0
2018-08-06 14:45,,19.14,2258,19.15,19.04,19.07,,1143.0
2018-08-06 14:50,,19.05,2258,19.17,19.05,19.14,,505.0
2018-08-06 14:55,,19.03,2258,19.05,19.01,19.05,,475.0
2018-08-06 15:00,,19.05,2258,19.08,19.01,19.03,,377.0
2018-08-07 09:35,,19.36,2258,19.36,19.01,19.03,,1454.0
2018-08-07 09:40,,19.28,2258,19.38,19.2,19.36,,1149.0
2018-08-07 09:45,,19.15,2258,19.27,19.12,19.27,,1236.0
2018-08-07 09:50,,19.05,2258,19.15,19.05,19.15,,307.0
2018-08-07 09:55,,19.05,2258,19.09,19.05,19.05,,484.0
2018-08-07 10:00,,18.92,2258,19.05,18.91,19.05,,1003.0
2018-08-07 10:05,,18.9,2258,19.0,18.9,18.92,,1156.0
2018-08-07 10:10,,18.73,2258,18.9,18.71,18.9,,1036.0
2018-08-07 10:15,,18.82,2258,18.84,18.67,18.73,,985.0
2018-08-07 10:20,,18.74,2258,18.83,18.73,18.82,,378.0
2018-08-07 10:25,,18.76,2258,18.8,18.72,18.74,,464.0
2018-08-07 10:30,,18.99,2258,18.99,18.76,18.76,,415.0
2018-08-07 10:35,,18.97,2258,19.0,18.91,18.99,,333.0
2018-08-07 10:40,,18.8,2258,18.97,18.8,18.97,,532.0
2018-08-07 10:45,,18.88,2258,18.96,18.8,18.8,,95.0
2018-08-07 10:50,,18.96,2258,18.97,18.88,18.88,,153.0
2018-08-07 10:55,,19.18,2258,19.2,18.96,18.96,,637.0
2018-08-07 11:00,,19.11,2258,19.19,19.11,19.18,,288.0
2018-08-07 11:05,,19.15,2258,19.15,19.09,19.11,,468.0
2018-08-07 11:10,,19.16,2258,19.16,19.13,19.15,,392.0
2018-08-07 11:15,,19.16,2258,19.17,19.15,19.16,,791.0
2018-08-07 11:20,,19.13,2258,19.17,19.12,19.16,,843.0
2018-08-07 11:25,,19.14,2258,19.14,19.11,19.13,,680.0
2018-08-07 11:30,,19.14,2258,19.15,19.13,19.14,,516.0
2018-08-07 13:05,,19.21,2258,19.22,19.14,19.14,,2385.0
2018-08-07 13:10,,19.24,2258,19.25,19.2,19.21,,706.0
2018-08-07 13:15,,19.24,2258,19.25,19.24,19.25,,1297.0
2018-08-07 13:20,,19.25,2258,19.25,19.22,19.24,,1251.0
2018-08-07 13:25,,19.24,2258,19.25,19.22,19.25,,729.0
2018-08-07 13:30,,19.25,2258,19.26,19.24,19.24,,1268.0
2018-08-07 13:35,,19.26,2258,19.26,19.25,19.25,,694.0
2018-08-07 13:40,,19.26,2258,19.26,19.25,19.26,,628.0
2018-08-07 13:45,,19.25,2258,19.26,19.25,19.26,,509.0
2018-08-07 13:50,,19.25,2258,19.26,19.24,19.25,,243.0
2018-08-07 13:55,,19.26,2258,19.27,19.25,19.25,,1034.0
2018-08-07 14:00,,19.27,2258,19.27,19.26,19.26,,666.0
2018-08-07 14:05,,19.28,2258,19.28,19.27,19.27,,1113.0
2018-08-07 14:10,,19.27,2258,19.28,19.26,19.28,,724.0
2018-08-07 14:15,,19.28,2258,19.28,19.26,19.27,,836.0
2018-08-07 14:20,,19.33,2258,19.33,19.28,19.28,,3195.0
2018-08-07 14:25,,19.36,2258,19.36,19.32,19.33,,2042.0
2018-08-07 14:30,,19.36,2258,19.36,19.35,19.36,,663.0
2018-08-07 14:35,,19.33,2258,19.36,19.31,19.36,,1404.0
2018-08-07 14:40,,19.35,2258,19.35,19.32,19.32,,1970.0
2018-08-07 14:45,,19.35,2258,19.35,19.34,19.35,,564.0
2018-08-07 14:50,,19.35,2258,19.35,19.33,19.35,,1037.0
2018-08-07 14:55,,19.33,2258,19.35,19.31,19.35,,1819.0
2018-08-07 15:00,,19.32,2258,19.34,19.32,19.33,,626.0
2018-08-08 09:35,,19.36,2258,19.45,19.14,19.45,,981.0
2018-08-08 09:40,,19.35,2258,19.39,19.34,19.36,,522.0
2018-08-08 09:45,,19.27,2258,19.38,19.27,19.35,,575.0
2018-08-08 09:50,,19.29,2258,19.32,19.26,19.27,,383.0
2018-08-08 09:55,,19.32,2258,19.33,19.29,19.29,,412.0
2018-08-08 10:00,,19.3,2258,19.33,19.27,19.32,,531.0
2018-08-08 10:05,,19.34,2258,19.34,19.3,19.3,,584.0
2018-08-08 10:10,,19.33,2258,19.35,19.32,19.34,,459.0
2018-08-08 10:15,,19.31,2258,19.34,19.31,19.33,,399.0
2018-08-08 10:20,,19.32,2258,19.32,19.3,19.31,,224.0
2018-08-08 10:25,,19.32,2258,19.32,19.28,19.32,,305.0
2018-08-08 10:30,,19.29,2258,19.32,19.28,19.32,,235.0
2018-08-08 10:35,,19.26,2258,19.29,19.25,19.29,,264.0
2018-08-08 10:40,,19.24,2258,19.26,19.21,19.26,,229.0
2018-08-08 10:45,,19.23,2258,19.25,19.21,19.24,,173.0
2018-08-08 10:50,,19.25,2258,19.25,19.23,19.23,,317.0
2018-08-08 10:55,,19.23,2258,19.25,19.23,19.25,,160.0
2018-08-08 11:00,,19.16,2258,19.24,19.15,19.23,,1064.0
2018-08-08 11:05,,19.19,2258,19.22,19.16,19.16,,174.0
2018-08-08 11:10,,19.2,2258,19.21,19.1,19.19,,730.0
2018-08-08 11:15,,19.16,2258,19.2,19.13,19.2,,140.0
2018-08-08 11:20,,19.15,2258,19.17,19.15,19.16,,91.0
2018-08-08 11:25,,19.18,2258,19.18,19.15,19.15,,78.0
2018-08-08 11:30,,19.16,2258,19.18,19.16,19.18,,42.0
2018-08-08 13:05,,19.18,2258,19.19,19.16,19.16,,184.0
2018-08-08 13:10,,19.2,2258,19.21,19.18,19.18,,81.0
2018-08-08 13:15,,19.23,2258,19.25,19.2,19.2,,329.0
2018-08-08 13:20,,19.26,2258,19.27,19.22,19.23,,518.0
2018-08-08 13:25,,19.27,2258,19.28,19.25,19.26,,352.0
2018-08-08 13:30,,19.23,2258,19.28,19.22,19.27,,294.0
2018-08-08 13:35,,19.21,2258,19.26,19.2,19.23,,285.0
2018-08-08 13:40,,19.22,2258,19.22,19.17,19.21,,417.0
2018-08-08 13:45,,19.2,2258,19.22,19.19,19.22,,241.0
2018-08-08 13:50,,19.17,2258,19.2,19.15,19.2,,352.0
2018-08-08 13:55,,19.19,2258,19.19,19.13,19.19,,322.0
2018-08-08 14:00,,19.19,2258,19.2,19.14,19.19,,315.0
2018-08-08 14:05,,19.19,2258,19.19,19.13,19.19,,487.0
2018-08-08 14:10,,19.2,2258,19.2,19.13,19.19,,383.0
2018-08-08 14:15,,19.19,2258,19.2,19.14,19.2,,465.0
2018-08-08 14:20,,19.2,2258,19.2,19.16,19.19,,397.0
2018-08-08 14:25,,19.18,2258,19.21,19.18,19.2,,620.0
2018-08-08 14:30,,19.15,2258,19.2,19.15,19.18,,843.0
2018-08-08 14:35,,19.15,2258,19.19,19.11,19.15,,519.0
2018-08-08 14:40,,19.15,2258,19.15,19.07,19.15,,840.0
2018-08-08 14:45,,19.1,2258,19.15,19.09,19.15,,297.0
2018-08-08 14:50,,19.12,2258,19.15,19.08,19.1,,740.0
2018-08-08 14:55,,19.12,2258,19.14,19.1,19.12,,392.0
2018-08-08 15:00,,19.11,2258,19.12,19.11,19.12,,147.0
2018-08-09 09:35,,19.18,2258,19.18,19.0,19.12,,198.0
2018-08-09 09:40,,19.17,2258,19.21,19.09,19.18,,253.0
2018-08-09 09:45,,19.22,2258,19.22,19.17,19.17,,222.0
2018-08-09 09:50,,19.2,2258,19.22,19.19,19.22,,278.0
2018-08-09 09:55,,19.14,2258,19.21,19.12,19.2,,596.0
2018-08-09 10:00,,19.18,2258,19.18,19.12,19.14,,46.0
2018-08-09 10:05,,19.21,2258,19.23,19.16,19.18,,478.0
2018-08-09 10:10,,19.19,2258,19.21,19.19,19.21,,319.0
2018-08-09 10:15,,19.19,2258,19.19,19.17,19.19,,493.0
2018-08-09 10:20,,19.2,2258,19.21,19.19,19.19,,1455.0
2018-08-09 10:25,,19.2,2258,19.21,19.19,19.2,,1398.0
2018-08-09 10:30,,19.2,2258,19.2,19.19,19.2,,1251.0
2018-08-09 10:35,,19.22,2258,19.22,19.19,19.2,,1994.0
2018-08-09 10:40,,19.29,2258,19.29,19.22,19.22,,3482.0
2018-08-09 10:45,,19.34,2258,19.35,19.3,19.3,,1917.0
2018-08-09 10:50,,19.38,2258,19.38,19.35,19.35,,2230.0
2018-08-09 10:55,,19.38,2258,19.4,19.37,19.38,,1560.0
2018-08-09 11:00,,19.39,2258,19.4,19.38,19.38,,894.0
2018-08-09 11:05,,19.43,2258,19.45,19.38,19.39,,1593.0
2018-08-09 11:10,,19.37,2258,19.43,19.37,19.43,,664.0
2018-08-09 11:15,,19.4,2258,19.42,19.37,19.37,,462.0
2018-08-09 11:20,,19.41,2258,19.41,19.37,19.4,,703.0
2018-08-09 11:25,,19.42,2258,19.42,19.4,19.41,,931.0
2018-08-09 11:30,,19.43,2258,19.43,19.42,19.42,,819.0
2018-08-09 13:05,,19.49,2258,19.49,19.41,19.43,,1708.0
2018-08-09 13:10,,19.49,2258,19.5,19.48,19.49,,1099.0
2018-08-09 13:15,,19.49,2258,19.5,19.48,19.49,,1160.0
2018-08-09 13:20,,19.49,2258,19.51,19.48,19.49,,1088.0
2018-08-09 13:25,,19.54,2258,19.54,19.49,19.49,,2189.0
2018-08-09 13:30,,19.49,2258,19.54,19.48,19.54,,883.0
2018-08-09 13:35,,19.43,2258,19.5,19.43,19.49,,451.0
2018-08-09 13:40,,19.47,2258,19.48,19.41,19.43,,697.0
2018-08-09 13:45,,19.48,2258,19.49,19.46,19.47,,531.0
2018-08-09 13:50,,19.5,2258,19.5,19.45,19.49,,862.0
2018-08-09 13:55,,19.48,2258,19.5,19.48,19.5,,398.0
2018-08-09 14:00,,19.49,2258,19.5,19.41,19.48,,1457.0
2018-08-09 14:05,,19.44,2258,19.49,19.44,19.49,,64.0
2018-08-09 14:10,,19.45,2258,19.45,19.44,19.44,,211.0
2018-08-09 14:15,,19.44,2258,19.45,19.43,19.45,,269.0
2018-08-09 14:20,,19.42,2258,19.44,19.42,19.44,,311.0
2018-08-09 14:25,,19.37,2258,19.42,19.37,19.42,,401.0
2018-08-09 14:30,,19.38,2258,19.38,19.36,19.37,,325.0
2018-08-09 14:35,,19.39,2258,19.39,19.37,19.38,,490.0
2018-08-09 14:40,,19.38,2258,19.39,19.38,19.39,,266.0
2018-08-09 14:45,,19.4,2258,19.4,19.38,19.38,,308.0
2018-08-09 14:50,,19.41,2258,19.41,19.38,19.4,,869.0
2018-08-09 14:55,,19.39,2258,19.42,19.39,19.41,,1734.0
2018-08-09 15:00,,19.4,2258,19.4,19.39,19.39,,837.0
2018-08-10 09:35,,19.52,2258,19.55,19.42,19.5,,904.0
2018-08-10 09:40,,19.55,2258,19.6,19.51,19.52,,1343.0
2018-08-10 09:45,,19.53,2258,19.57,19.49,19.55,,1455.0
2018-08-10 09:50,,19.55,2258,19.55,19.5,19.53,,1507.0
2018-08-10 09:55,,19.56,2258,19.56,19.53,19.55,,867.0
2018-08-10 10:00,,19.57,2258,19.57,19.55,19.56,,1247.0
2018-08-10 10:05,,19.56,2258,19.57,19.55,19.57,,816.0
2018-08-10 10:10,,19.5,2258,19.56,19.48,19.56,,901.0
2018-08-10 10:15,,19.45,2258,19.5,19.45,19.5,,747.0
2018-08-10 10:20,,19.45,2258,19.45,19.44,19.44,,309.0
2018-08-10 10:25,,19.44,2258,19.45,19.4,19.45,,762.0
2018-08-10 10:30,,19.34,2258,19.44,19.32,19.44,,905.0
2018-08-10 10:35,,19.21,2258,19.34,19.21,19.34,,1180.0
2018-08-10 10:40,,19.24,2258,19.28,19.21,19.21,,609.0
2018-08-10 10:45,,19.3,2258,19.3,19.23,19.24,,687.0
2018-08-10 10:50,,19.33,2258,19.33,19.29,19.3,,606.0
2018-08-10 10:55,,19.32,2258,19.34,19.27,19.33,,946.0
2018-08-10 11:00,,19.3,2258,19.32,19.3,19.32,,277.0
2018-08-10 11:05,,19.32,2258,19.32,19.2,19.3,,1432.0
2018-08-10 11:10,,19.25,2258,19.32,19.2,19.32,,443.0
2018-08-10 11:15,,19.2,2258,19.25,19.18,19.25,,704.0
2018-08-10 11:20,,19.22,2258,19.25,19.18,19.2,,327.0
2018-08-10 11:25,,19.25,2258,19.25,19.22,19.22,,370.0
2018-08-10 11:30,,19.3,2258,19.32,19.22,19.25,,293.0
2018-08-10 13:05,,19.33,2258,19.33,19.28,19.3,,295.0
2018-08-10 13:10,,19.32,2258,19.33,19.3,19.33,,60.0
2018-08-10 13:15,,19.32,2258,19.32,19.26,19.32,,113.0
2018-08-10 13:20,,19.32,2258,19.32,19.32,19.32,,60.0
2018-08-10 13:25,,19.33,2258,19.33,19.26,19.32,,136.0
2018-08-10 13:30,,19.27,2258,19.33,19.22,19.33,,397.0
2018-08-10 13:35,,19.27,2258,19.27,19.26,19.27,,76.0
2018-08-10 13:40,,19.31,2258,19.31,19.21,19.27,,258.0
2018-08-10 13:45,,19.31,2258,19.31,19.3,19.31,,58.0
2018-08-10 13:50,,19.33,2258,19.33,19.23,19.31,,114.0
2018-08-10 13:55,,19.34,2258,19.34,19.33,19.33,,163.0
2018-08-10 14:00,,19.34,2258,19.34,19.33,19.34,,395.0
2018-08-10 14:05,,19.34,2258,19.34,19.29,19.34,,90.0
2018-08-10 14:10,,19.34,2258,19.34,19.34,19.34,,93.0
2018-08-10 14:15,,19.34,2258,19.34,19.31,19.34,,108.0
2018-08-10 14:20,,19.34,2258,19.34,19.32,19.34,,169.0
2018-08-10 14:25,,19.33,2258,19.34,19.32,19.34,,162.0
2018-08-10 14:30,,19.34,2258,19.34,19.33,19.33,,222.0
2018-08-10 14:35,,19.38,2258,19.38,19.33,19.34,,332.0
2018-08-10 14:40,,19.41,2258,19.42,19.38,19.38,,620.0
2018-08-10 14:45,,19.39,2258,19.41,19.38,19.41,,809.0
2018-08-10 14:50,,19.39,2258,19.4,19.38,19.39,,742.0
2018-08-10 14:55,,19.39,2258,19.4,19.37,19.39,,605.0
2018-08-10 15:00,,19.37,2258,19.39,19.37,19.39,,693.0
2018-08-13 09:35,,19.23,2258,19.35,19.0,19.28,,738.0
2018-08-13 09:40,,19.39,2258,19.39,19.22,19.23,,340.0
2018-08-13 09:45,,19.25,2258,19.4,19.25,19.39,,360.0
2018-08-13 09:50,,19.32,2258,19.37,19.23,19.25,,166.0
2018-08-13 09:55,,19.31,2258,19.33,19.24,19.32,,142.0
2018-08-13 10:00,,19.25,2258,19.32,19.25,19.31,,367.0
2018-08-13 10:05,,19.24,2258,19.26,19.23,19.25,,306.0
2018-08-13 10:10,,19.22,2258,19.24,19.22,19.24,,219.0
2018-08-13 10:15,,19.26,2258,19.3,19.22,19.22,,242.0
2018-08-13 10:20,,19.22,2258,19.29,19.21,19.26,,304.0
2018-08-13 10:25,,19.3,2258,19.3,19.2,19.22,,1053.0
2018-08-13 10:30,,19.18,2258,19.3,19.18,19.3,,280.0
2018-08-13 10:35,,19.05,2258,19.18,19.02,19.18,,629.0
2018-08-13 10:40,,19.05,2258,19.05,19.01,19.05,,393.0
2018-08-13 10:45,,19.05,2258,19.05,19.03,19.05,,197.0
2018-08-13 10:50,,19.02,2258,19.05,19.02,19.05,,339.0
2018-08-13 10:55,,18.98,2258,19.02,18.9,19.02,,1165.0
2018-08-13 11:00,,18.86,2258,18.98,18.86,18.98,,469.0
2018-08-13 11:05,,18.91,2258,18.95,18.86,18.86,,193.0
2018-08-13 11:10,,18.94,2258,19.0,18.91,18.91,,425.0
2018-08-13 11:15,,18.97,2258,18.99,18.93,18.94,,119.0
2018-08-13 11:20,,18.97,2258,18.97,18.95,18.97,,93.0
2018-08-13 11:25,,18.98,2258,18.99,18.96,18.97,,145.0
2018-08-13 11:30,,18.95,2258,18.98,18.95,18.98,,98.0
2018-08-13 13:05,,18.93,2258,18.99,18.93,18.95,,95.0
2018-08-13 13:10,,18.94,2258,18.95,18.93,18.93,,58.0
2018-08-13 13:15,,18.81,2258,18.94,18.8,18.94,,843.0
2018-08-13 13:20,,18.81,2258,18.88,18.8,18.81,,815.0
2018-08-13 13:25,,18.88,2258,18.88,18.8,18.81,,1148.0
2018-08-13 13:30,,18.89,2258,18.93,18.87,18.88,,186.0
2018-08-13 13:35,,18.89,2258,18.91,18.89,18.89,,373.0
2018-08-13 13:40,,18.89,2258,18.9,18.89,18.89,,371.0
2018-08-13 13:45,,18.9,2258,18.9,18.89,18.89,,211.0
2018-08-13 13:50,,19.0,2258,19.0,18.9,18.9,,251.0
2018-08-13 13:55,,18.96,2258,19.02,18.96,19.0,,142.0
2018-08-13 14:00,,18.98,2258,18.98,18.96,18.96,,381.0
2018-08-13 14:05,,19.03,2258,19.03,18.98,18.98,,254.0
2018-08-13 14:10,,19.05,2258,19.05,19.03,19.03,,220.0
2018-08-13 14:15,,19.05,2258,19.05,19.03,19.05,,144.0
2018-08-13 14:20,,19.0,2258,19.07,19.0,19.05,,391.0
2018-08-13 14:25,,19.0,2258,19.0,18.97,19.0,,537.0
2018-08-13 14:30,,19.01,2258,19.01,18.95,18.95,,447.0
2018-08-13 14:35,,19.11,2258,19.17,19.01,19.01,,439.0
2018-08-13 14:40,,19.08,2258,19.15,19.07,19.11,,406.0
2018-08-13 14:45,,19.0,2258,19.09,19.0,19.08,,854.0
2018-08-13 14:50,,19.01,2258,19.05,18.98,19.0,,380.0
2018-08-13 14:55,,19.05,2258,19.07,19.01,19.01,,573.0
2018-08-13 15:00,,19.05,2258,19.06,19.04,19.05,,208.0
2018-08-14 09:35,,19.02,2258,19.19,19.02,19.06,,640.0
2018-08-14 09:40,,18.91,2258,19.03,18.91,19.02,,266.0
2018-08-14 09:45,,18.92,2258,18.95,18.91,18.91,,237.0
2018-08-14 09:50,,19.01,2258,19.01,18.92,18.92,,179.0
2018-08-14 09:55,,19.08,2258,19.08,18.98,19.01,,161.0
2018-08-14 10:00,,19.05,2258,19.08,19.01,19.08,,104.0
2018-08-14 10:05,,19.05,2258,19.07,19.02,19.05,,130.0
2018-08-14 10:10,,19.02,2258,19.05,19.0,19.05,,121.0
2018-08-14 10:15,,19.05,2258,19.06,19.01,19.02,,207.0
2018-08-14 10:20,,19.11,2258,19.11,19.03,19.05,,342.0
2018-08-14 10:25,,19.16,2258,19.16,19.09,19.11,,283.0
2018-08-14 10:30,,19.17,2258,19.17,19.13,19.16,,221.0
2018-08-14 10:35,,19.15,2258,19.17,19.15,19.17,,210.0
2018-08-14 10:40,,19.17,2258,19.17,19.13,19.15,,331.0
2018-08-14 10:45,,19.12,2258,19.17,19.08,19.17,,400.0
2018-08-14 10:50,,19.08,2258,19.13,19.04,19.12,,77.0
2018-08-14 10:55,,19.07,2258,19.08,19.0,19.08,,694.0
2018-08-14 11:00,,19.06,2258,19.07,19.02,19.07,,56.0
2018-08-14 11:05,,19.05,2258,19.06,19.0,19.06,,146.0
2018-08-14 11:10,,19.05,2258,19.05,19.02,19.05,,180.0
2018-08-14 11:15,,19.03,2258,19.05,19.0,19.05,,244.0
2018-08-14 11:20,,19.01,2258,19.03,19.01,19.03,,28.0
2018-08-14 11:25,,19.03,2258,19.03,19.0,19.01,,38.0
2018-08-14 11:30,,19.04,2258,19.04,18.99,19.02,,551.0
2018-08-14 13:05,,19.03,2258,19.04,19.03,19.04,,110.0
2018-08-14 13:10,,18.99,2258,19.03,18.99,19.03,,39.0
2018-08-14 13:15,,19.04,2258,19.04,18.99,18.99,,66.0
2018-08-14 13:20,,19.03,2258,19.04,19.02,19.04,,70.0
2018-08-14 13:25,,19.01,2258,19.03,19.0,19.03,,90.0
2018-08-14 13:30,,19.0,2258,19.03,18.98,19.01,,232.0
2018-08-14 13:35,,18.99,2258,19.0,18.96,19.0,,144.0
2018-08-14 13:40,,19.0,2258,19.0,18.98,18.99,,81.0
2018-08-14 13:45,,18.99,2258,19.04,18.98,19.0,,126.0
2018-08-14 13:50,,19.04,2258,19.04,18.98,18.99,,88.0
2018-08-14 13:55,,19.03,2258,19.07,18.98,19.04,,465.0
2018-08-14 14:00,,18.99,2258,19.07,18.98,19.03,,392.0
2018-08-14 14:05,,19.0,2258,19.06,18.98,18.99,,372.0
2018-08-14 14:10,,19.05,2258,19.06,18.99,19.0,,552.0
2018-08-14 14:15,,18.98,2258,19.06,18.98,19.05,,598.0
2018-08-14 14:20,,19.0,2258,19.04,18.98,18.98,,131.0
2018-08-14 14:25,,19.0,2258,19.01,19.0,19.0,,85.0
2018-08-14 14:30,,19.02,2258,19.04,19.0,19.0,,174.0
2018-08-14 14:35,,19.01,2258,19.04,19.01,19.02,,379.0
2018-08-14 14:40,,19.0,2258,19.02,18.99,19.01,,519.0
2018-08-14 14:45,,19.0,2258,19.0,18.99,19.0,,232.0
2018-08-14 14:50,,19.01,2258,19.03,19.0,19.0,,304.0
2018-08-14 14:55,,19.0,2258,19.01,19.0,19.01,,572.0
2018-08-14 15:00,,19.0,2258,19.0,18.99,19.0,,275.0
2018-08-15 09:35,,19.06,2258,19.13,19.0,19.0,,363.0
2018-08-15 09:40,,18.95,2258,19.06,18.9,19.06,,393.0
2018-08-15 09:45,,19.02,2258,19.02,18.95,18.95,,81.0
2018-08-15 09:50,,18.97,2258,19.04,18.97,19.02,,189.0
2018-08-15 09:55,,18.92,2258,19.0,18.92,18.97,,272.0
2018-08-15 10:00,,18.95,2258,18.95,18.92,18.92,,151.0
2018-08-15 10:05,,18.93,2258,18.99,18.93,18.95,,52.0
2018-08-15 10:10,,18.95,2258,18.96,18.93,18.93,,123.0
2018-08-15 10:15,,18.92,2258,18.99,18.92,18.95,,256.0
2018-08-15 10:20,,18.9,2258,18.93,18.89,18.92,,817.0
2018-08-15 10:25,,18.81,2258,18.9,18.81,18.9,,452.0
2018-08-15 10:30,,18.75,2258,18.82,18.75,18.81,,585.0
2018-08-15 10:35,,18.75,2258,18.79,18.69,18.75,,515.0
2018-08-15 10:40,,18.8,2258,18.8,18.75,18.75,,358.0
2018-08-15 10:45,,18.8,2258,18.81,18.79,18.8,,311.0
2018-08-15 10:50,,18.82,2258,18.82,18.8,18.8,,110.0
2018-08-15 10:55,,18.8,2258,18.83,18.79,18.82,,131.0
2018-08-15 11:00,,18.8,2258,18.8,18.79,18.8,,32.0
2018-08-15 11:05,,18.79,2258,18.8,18.78,18.8,,84.0
2018-08-15 11:10,,18.71,2258,18.79,18.69,18.79,,714.0
2018-08-15 11:15,,18.74,2258,18.75,18.68,18.71,,708.0
2018-08-15 11:20,,18.67,2258,18.74,18.65,18.74,,571.0
2018-08-15 11:25,,18.6,2258,18.67,18.6,18.67,,458.0
2018-08-15 11:30,,18.61,2258,18.62,18.6,18.6,,72.0
2018-08-15 13:05,,18.51,2258,18.62,18.51,18.61,,647.0
2018-08-15 13:10,,18.49,2258,18.56,18.45,18.51,,864.0
2018-08-15 13:15,,18.41,2258,18.52,18.41,18.49,,782.0
2018-08-15 13:20,,18.33,2258,18.42,18.33,18.41,,956.0
2018-08-15 13:25,,18.3,2258,18.37,18.3,18.33,,799.0
2018-08-15 13:30,,18.42,2258,18.42,18.28,18.32,,505.0
2018-08-15 13:35,,18.35,2258,18.42,18.35,18.42,,513.0
2018-08-15 13:40,,18.34,2258,18.35,18.3,18.35,,517.0
2018-08-15 13:45,,18.3,2258,18.4,18.3,18.34,,550.0
2018-08-15 13:50,,18.29,2258,18.34,18.29,18.3,,524.0
2018-08-15 13:55,,18.26,2258,18.3,18.26,18.29,,511.0
2018-08-15 14:00,,18.25,2258,18.27,18.22,18.26,,791.0
2018-08-15 14:05,,18.2,2258,18.25,18.18,18.25,,1434.0
2018-08-15 14:10,,18.28,2258,18.29,18.2,18.2,,419.0
2018-08-15 14:15,,18.35,2258,18.36,18.28,18.28,,435.0
2018-08-15 14:20,,18.32,2258,18.36,18.29,18.35,,346.0
2018-08-15 14:25,,18.28,2258,18.32,18.28,18.32,,200.0
2018-08-15 14:30,,18.29,2258,18.3,18.25,18.28,,426.0
2018-08-15 14:35,,18.21,2258,18.29,18.21,18.29,,384.0
2018-08-15 14:40,,18.21,2258,18.24,18.18,18.21,,1595.0
2018-08-15 14:45,,18.21,2258,18.25,18.2,18.21,,687.0
2018-08-15 14:50,,18.2,2258,18.21,18.18,18.21,,1103.0
2018-08-15 14:55,,18.16,2258,18.2,18.15,18.2,,2226.0
2018-08-15 15:00,,18.15,2258,18.16,18.13,18.16,,578.0
2018-08-16 09:35,,17.7,2258,17.98,17.63,17.98,,1572.0
2018-08-16 09:40,,17.75,2258,17.96,17.7,17.7,,1545.0
2018-08-16 09:45,,17.83,2258,17.89,17.71,17.75,,1728.0
2018-08-16 09:50,,17.95,2258,17.96,17.78,17.83,,1135.0
2018-08-16 09:55,,17.98,2258,17.99,17.86,17.95,,757.0
2018-08-16 10:00,,18.0,2258,18.07,17.96,17.98,,727.0
2018-08-16 10:05,,18.11,2258,18.12,18.0,18.0,,801.0
2018-08-16 10:10,,18.15,2258,18.17,18.08,18.11,,1381.0
2018-08-16 10:15,,18.18,2258,18.18,18.14,18.15,,447.0
2018-08-16 10:20,,18.15,2258,18.19,18.12,18.18,,861.0
2018-08-16 10:25,,18.1,2258,18.16,18.08,18.15,,651.0
2018-08-16 10:30,,18.02,2258,18.1,18.0,18.1,,415.0
2018-08-16 10:35,,18.08,2258,18.08,18.0,18.02,,570.0
2018-08-16 10:40,,18.09,2258,18.16,18.08,18.08,,451.0
2018-08-16 10:45,,18.02,2258,18.13,18.0,18.09,,764.0
2018-08-16 10:50,,18.04,2258,18.05,17.99,18.05,,1218.0
2018-08-16 10:55,,18.03,2258,18.09,18.03,18.04,,971.0
2018-08-16 11:00,,18.07,2258,18.1,18.02,18.03,,889.0
2018-08-16 11:05,,18.18,2258,18.18,18.07,18.07,,1009.0
2018-08-16 11:10,,18.2,2258,18.26,18.16,18.18,,525.0
2018-08-16 11:15,,18.2,2258,18.26,18.18,18.2,,554.0
2018-08-16 11:20,,18.19,2258,18.23,18.17,18.2,,384.0
2018-08-16 11:25,,18.1,2258,18.22,18.08,18.19,,153.0
2018-08-16 11:30,,18.07,2258,18.1,18.07,18.1,,182.0
2018-08-16 13:05,,18.24,2258,18.26,18.06,18.07,,474.0
2018-08-16 13:10,,18.3,2258,18.32,18.24,18.24,,581.0
2018-08-16 13:15,,18.31,2258,18.32,18.3,18.3,,316.0
2018-08-16 13:20,,18.3,2258,18.33,18.3,18.31,,304.0
2018-08-16 13:25,,18.26,2258,18.3,18.25,18.3,,90.0
2018-08-16 13:30,,18.3,2258,18.31,18.26,18.26,,261.0
2018-08-16 13:35,,18.3,2258,18.34,18.28,18.3,,555.0
2018-08-16 13:40,,18.26,2258,18.31,18.26,18.3,,211.0
2018-08-16 13:45,,18.27,2258,18.27,18.25,18.26,,159.0
2018-08-16 13:50,,18.21,2258,18.27,18.21,18.27,,748.0
2018-08-16 13:55,,18.1,2258,18.22,18.1,18.21,,194.0
2018-08-16 14:00,,18.1,2258,18.1,18.05,18.1,,1715.0
2018-08-16 14:05,,18.12,2258,18.18,18.1,18.1,,398.0
2018-08-16 14:10,,18.15,2258,18.18,18.12,18.12,,140.0
2018-08-16 14:15,,18.11,2258,18.18,18.11,18.15,,290.0
2018-08-16 14:20,,18.25,2258,18.3,18.1,18.11,,974.0
2018-08-16 14:25,,18.2,2258,18.25,18.16,18.25,,601.0
2018-08-16 14:30,,18.27,2258,18.27,18.2,18.2,,576.0
2018-08-16 14:35,,18.27,2258,18.27,18.26,18.27,,182.0
2018-08-16 14:40,,18.28,2258,18.28,18.24,18.27,,626.0
2018-08-16 14:45,,18.3,2258,18.32,18.26,18.27,,1216.0
2018-08-16 14:50,,18.26,2258,18.31,18.25,18.3,,777.0
2018-08-16 14:55,,18.22,2258,18.26,18.16,18.26,,867.0
2018-08-16 15:00,,18.15,2258,18.22,18.15,18.22,,304.0
2018-08-17 09:35,,18.34,2258,18.55,18.12,18.49,,1069.0
2018-08-17 09:40,,18.37,2258,18.4,18.3,18.34,,451.0
2018-08-17 09:45,,18.36,2258,18.43,18.35,18.36,,1126.0
2018-08-17 09:50,,18.32,2258,18.37,18.32,18.36,,356.0
2018-08-17 09:55,,18.28,2258,18.32,18.26,18.32,,376.0
2018-08-17 10:00,,18.26,2258,18.29,18.25,18.28,,178.0
2018-08-17 10:05,,18.26,2258,18.29,18.25,18.26,,78.0
2018-08-17 10:10,,18.25,2258,18.27,18.19,18.26,,358.0
2018-08-17 10:15,,18.25,2258,18.27,18.22,18.25,,185.0
2018-08-17 10:20,,18.26,2258,18.26,18.18,18.25,,272.0
2018-08-17 10:25,,18.2,2258,18.26,18.2,18.26,,112.0
2018-08-17 10:30,,18.13,2258,18.2,18.13,18.2,,294.0
2018-08-17 10:35,,18.18,2258,18.19,18.11,18.13,,429.0
2018-08-17 10:40,,18.18,2258,18.21,18.18,18.18,,430.0
2018-08-17 10:45,,18.2,2258,18.23,18.18,18.18,,1310.0
2018-08-17 10:50,,18.2,2258,18.24,18.18,18.2,,830.0
2018-08-17 10:55,,18.19,2258,18.2,18.17,18.2,,1151.0
2018-08-17 11:00,,18.21,2258,18.21,18.16,18.19,,542.0
2018-08-17 11:05,,18.19,2258,18.25,18.18,18.21,,1227.0
2018-08-17 11:10,,18.25,2258,18.28,18.19,18.19,,1050.0
2018-08-17 11:15,,18.22,2258,18.26,18.21,18.25,,530.0
2018-08-17 11:20,,18.21,2258,18.24,18.2,18.22,,326.0
2018-08-17 11:25,,18.18,2258,18.22,18.16,18.21,,928.0
2018-08-17 11:30,,18.16,2258,18.22,18.16,18.18,,353.0
2018-08-17 13:05,,18.09,2258,18.16,18.09,18.16,,478.0
2018-08-17 13:10,,18.12,2258,18.13,18.1,18.1,,442.0
2018-08-17 13:15,,18.15,2258,18.15,18.11,18.12,,984.0
2018-08-17 13:20,,18.15,2258,18.16,18.13,18.15,,916.0
2018-08-17 13:25,,18.22,2258,18.24,18.15,18.15,,3212.0
2018-08-17 13:30,,18.22,2258,18.23,18.22,18.22,,1803.0
2018-08-17 13:35,,18.2,2258,18.22,18.17,18.22,,1036.0
2018-08-17 13:40,,18.15,2258,18.2,18.13,18.2,,1422.0
2018-08-17 13:45,,18.15,2258,18.18,18.12,18.15,,1364.0
2018-08-17 13:50,,18.16,2258,18.17,18.14,18.15,,1673.0
2018-08-17 13:55,,18.18,2258,18.18,18.16,18.16,,1155.0
2018-08-17 14:00,,18.17,2258,18.18,18.17,18.18,,1206.0
2018-08-17 14:05,,18.14,2258,18.17,18.14,18.17,,1268.0
2018-08-17 14:10,,18.14,2258,18.15,18.13,18.14,,921.0
2018-08-17 14:15,,18.14,2258,18.14,18.12,18.14,,748.0
2018-08-17 14:20,,18.14,2258,18.14,18.11,18.14,,732.0
2018-08-17 14:25,,18.11,2258,18.14,18.11,18.14,,590.0
2018-08-17 14:30,,18.07,2258,18.11,18.06,18.11,,947.0
2018-08-17 14:35,,18.06,2258,18.08,18.05,18.07,,1056.0
2018-08-17 14:40,,18.04,2258,18.06,18.01,18.06,,647.0
2018-08-17 14:45,,18.01,2258,18.04,18.01,18.04,,1105.0
2018-08-17 14:50,,18.03,2258,18.05,17.99,18.01,,1178.0
2018-08-17 14:55,,17.99,2258,18.12,17.99,18.12,,469.0
2018-08-17 15:00,,17.98,2258,17.99,17.98,17.99,,150.0
2018-08-20 09:35,,17.86,2258,18.06,17.76,17.8,,1129.0
2018-08-20 09:40,,18.15,2258,18.21,17.86,17.86,,504.0
2018-08-20 09:45,,18.0,2258,18.15,18.0,18.15,,541.0
2018-08-20 09:50,,17.95,2258,18.0,17.88,18.0,,530.0
2018-08-20 09:55,,17.97,2258,18.0,17.91,17.95,,331.0
2018-08-20 10:00,,18.03,2258,18.03,17.97,17.97,,311.0
2018-08-20 10:05,,18.0,2258,18.03,18.0,18.03,,458.0
2018-08-20 10:10,,18.12,2258,18.14,18.0,18.0,,865.0
2018-08-20 10:15,,18.06,2258,18.14,18.0,18.12,,670.0
2018-08-20 10:20,,18.0,2258,18.06,17.99,18.06,,383.0
2018-08-20 10:25,,18.0,2258,18.05,17.98,18.0,,827.0
2018-08-20 10:30,,18.05,2258,18.05,18.0,18.0,,327.0
2018-08-20 10:35,,18.05,2258,18.09,18.04,18.05,,381.0
2018-08-20 10:40,,18.05,2258,18.07,18.04,18.07,,313.0
2018-08-20 10:45,,18.02,2258,18.05,18.02,18.05,,633.0
2018-08-20 10:50,,17.99,2258,18.03,17.95,18.02,,389.0
2018-08-20 10:55,,17.98,2258,18.01,17.95,17.99,,383.0
2018-08-20 11:00,,18.0,2258,18.0,17.96,17.99,,257.0
2018-08-20 11:05,,17.98,2258,18.0,17.94,18.0,,961.0
2018-08-20 11:10,,17.9,2258,17.98,17.85,17.98,,869.0
2018-08-20 11:15,,17.85,2258,17.98,17.85,17.9,,635.0
2018-08-20 11:20,,17.9,2258,17.94,17.77,17.85,,776.0
2018-08-20 11:25,,17.84,2258,17.9,17.7,17.9,,881.0
2018-08-20 11:30,,17.69,2258,17.76,17.68,17.76,,999.0
2018-08-20 13:05,,17.71,2258,17.75,17.69,17.69,,828.0
2018-08-20 13:10,,17.73,2258,17.73,17.69,17.7,,284.0
2018-08-20 13:15,,17.75,2258,17.75,17.71,17.73,,173.0
2018-08-20 13:20,,17.8,2258,17.8,17.73,17.75,,165.0
2018-08-20 13:25,,17.82,2258,17.82,17.77,17.8,,77.0
2018-08-20 13:30,,17.82,2258,17.83,17.8,17.82,,276.0
2018-08-20 13:35,,17.78,2258,17.82,17.78,17.82,,577.0
2018-08-20 13:40,,17.77,2258,17.8,17.77,17.78,,293.0
2018-08-20 13:45,,17.7,2258,17.77,17.7,17.77,,972.0
2018-08-20 13:50,,17.61,2258,17.7,17.61,17.7,,542.0
2018-08-20 13:55,,17.68,2258,17.68,17.61,17.61,,906.0
2018-08-20 14:00,,17.69,2258,17.75,17.68,17.68,,811.0
2018-08-20 14:05,,17.71,2258,17.71,17.69,17.69,,491.0
2018-08-20 14:10,,17.81,2258,17.81,17.71,17.71,,288.0
2018-08-20 14:15,,17.85,2258,17.85,17.8,17.81,,339.0
2018-08-20 14:20,,17.88,2258,17.89,17.84,17.85,,806.0
2018-08-20 14:25,,17.88,2258,17.88,17.85,17.88,,244.0
2018-08-20 14:30,,17.98,2258,17.98,17.88,17.88,,761.0
2018-08-20 14:35,,18.11,2258,18.11,17.96,17.98,,464.0
2018-08-20 14:40,,18.04,2258,18.11,18.0,18.11,,336.0
2018-08-20 14:45,,17.99,2258,18.05,17.99,18.04,,261.0
2018-08-20 14:50,,18.03,2258,18.1,18.01,18.05,,148.0
2018-08-20 14:55,,18.05,2258,18.08,18.0,18.03,,208.0
2018-08-20 15:00,,18.05,2258,18.05,18.04,18.05,,135.0
2018-08-21 09:35,,18.08,2258,18.21,17.97,17.97,,397.0
2018-08-21 09:40,,18.19,2258,18.19,18.03,18.08,,442.0
2018-08-21 09:45,,18.27,2258,18.28,18.11,18.2,,737.0
2018-08-21 09:50,,18.33,2258,18.33,18.25,18.27,,1477.0
2018-08-21 09:55,,18.25,2258,18.35,18.25,18.33,,786.0
2018-08-21 10:00,,18.25,2258,18.27,18.23,18.25,,899.0
2018-08-21 10:05,,18.24,2258,18.25,18.23,18.25,,649.0
2018-08-21 10:10,,18.26,2258,18.28,18.24,18.24,,1506.0
2018-08-21 10:15,,18.28,2258,18.28,18.26,18.26,,983.0
2018-08-21 10:20,,18.33,2258,18.33,18.28,18.28,,1989.0
2018-08-21 10:25,,18.32,2258,18.33,18.32,18.33,,1186.0
2018-08-21 10:30,,18.34,2258,18.34,18.31,18.32,,635.0
2018-08-21 10:35,,18.34,2258,18.34,18.32,18.34,,757.0
2018-08-21 10:40,,18.36,2258,18.36,18.33,18.34,,981.0
2018-08-21 10:45,,18.43,2258,18.43,18.36,18.36,,1609.0
2018-08-21 10:50,,18.43,2258,18.43,18.42,18.43,,1296.0
2018-08-21 10:55,,18.51,2258,18.52,18.42,18.43,,2667.0
2018-08-21 11:00,,18.5,2258,18.54,18.49,18.52,,1531.0
2018-08-21 11:05,,18.52,2258,18.52,18.49,18.5,,1166.0
2018-08-21 11:10,,18.48,2258,18.52,18.46,18.52,,959.0
2018-08-21 11:15,,18.52,2258,18.53,18.45,18.48,,2402.0
2018-08-21 11:20,,18.62,2258,18.68,18.52,18.52,,2341.0
2018-08-21 11:25,,18.71,2258,18.76,18.65,18.68,,3557.0
2018-08-21 11:30,,18.74,2258,18.74,18.7,18.73,,1412.0
2018-08-21 13:05,,18.74,2258,18.75,18.67,18.74,,1476.0
2018-08-21 13:10,,18.74,2258,18.77,18.7,18.74,,2094.0
2018-08-21 13:15,,18.73,2258,18.76,18.72,18.74,,572.0
2018-08-21 13:20,,18.77,2258,18.77,18.73,18.73,,812.0
2018-08-21 13:25,,18.78,2258,18.78,18.76,18.76,,1014.0
2018-08-21 13:30,,18.77,2258,18.83,18.77,18.78,,1993.0
2018-08-21 13:35,,18.8,2258,18.8,18.77,18.77,,596.0
2018-08-21 13:40,,18.69,2258,18.8,18.69,18.8,,765.0
2018-08-21 13:45,,18.63,2258,18.7,18.63,18.69,,787.0
2018-08-21 13:50,,18.63,2258,18.67,18.63,18.63,,400.0
2018-08-21 13:55,,18.65,2258,18.65,18.61,18.63,,767.0
2018-08-21 14:00,,18.67,2258,18.67,18.63,18.63,,1624.0
2018-08-21 14:05,,18.73,2258,18.75,18.67,18.67,,2089.0
2018-08-21 14:10,,18.72,2258,18.73,18.69,18.73,,813.0
2018-08-21 14:15,,18.72,2258,18.72,18.7,18.72,,703.0
2018-08-21 14:20,,18.73,2258,18.73,18.71,18.72,,832.0
2018-08-21 14:25,,18.71,2258,18.73,18.68,18.73,,825.0
2018-08-21 14:30,,18.72,2258,18.72,18.68,18.71,,981.0
2018-08-21 14:35,,18.72,2258,18.74,18.72,18.72,,1182.0
2018-08-21 14:40,,18.75,2258,18.75,18.72,18.72,,1660.0
2018-08-21 14:45,,18.77,2258,18.77,18.74,18.75,,1877.0
2018-08-21 14:50,,18.74,2258,18.77,18.74,18.76,,1180.0
2018-08-21 14:55,,18.74,2258,18.77,18.74,18.74,,1352.0
2018-08-21 15:00,,18.73,2258,18.75,18.73,18.74,,430.0
2018-08-22 09:35,,18.57,2258,18.8,18.52,18.8,,541.0
2018-08-22 09:40,,18.62,2258,18.73,18.57,18.57,,700.0
2018-08-22 09:45,,18.64,2258,18.69,18.58,18.62,,245.0
2018-08-22 09:50,,18.62,2258,18.65,18.57,18.64,,204.0
2018-08-22 09:55,,18.61,2258,18.62,18.56,18.62,,436.0
2018-08-22 10:00,,18.55,2258,18.62,18.51,18.61,,714.0
2018-08-22 10:05,,18.52,2258,18.55,18.46,18.55,,658.0
2018-08-22 10:10,,18.55,2258,18.55,18.51,18.52,,377.0
2018-08-22 10:15,,18.54,2258,18.55,18.51,18.55,,442.0
2018-08-22 10:20,,18.54,2258,18.54,18.52,18.54,,389.0
2018-08-22 10:25,,18.68,2258,18.68,18.53,18.54,,843.0
2018-08-22 10:30,,18.67,2258,18.69,18.65,18.68,,613.0
2018-08-22 10:35,,18.66,2258,18.69,18.55,18.67,,337.0
2018-08-22 10:40,,18.6,2258,18.66,18.6,18.66,,154.0
2018-08-22 10:45,,18.61,2258,18.63,18.53,18.6,,212.0
2018-08-22 10:50,,18.61,2258,18.61,18.54,18.61,,151.0
2018-08-22 10:55,,18.62,2258,18.63,18.56,18.61,,112.0
2018-08-22 11:00,,18.63,2258,18.63,18.56,18.62,,308.0
2018-08-22 11:05,,18.56,2258,18.63,18.56,18.63,,141.0
2018-08-22 11:10,,18.62,2258,18.63,18.56,18.56,,315.0
2018-08-22 11:15,,18.61,2258,18.62,18.58,18.62,,48.0
2018-08-22 11:20,,18.58,2258,18.61,18.58,18.61,,3.0
2018-08-22 11:25,,18.58,2258,18.59,18.56,18.58,,47.0
2018-08-22 11:30,,18.59,2258,18.59,18.58,18.58,,3.0
2018-08-22 13:05,,18.65,2258,18.66,18.58,18.59,,519.0
2018-08-22 13:10,,18.67,2258,18.67,18.56,18.65,,468.0
2018-08-22 13:15,,18.63,2258,18.67,18.57,18.67,,62.0
2018-08-22 13:20,,18.65,2258,18.65,18.62,18.63,,443.0
2018-08-22 13:25,,18.63,2258,18.65,18.61,18.65,,170.0
2018-08-22 13:30,,18.6,2258,18.64,18.59,18.63,,275.0
2018-08-22 13:35,,18.59,2258,18.6,18.58,18.6,,169.0
2018-08-22 13:40,,18.6,2258,18.64,18.54,18.59,,1255.0
2018-08-22 13:45,,18.63,2258,18.64,18.59,18.6,,499.0
2018-08-22 13:50,,18.63,2258,18.63,18.59,18.63,,175.0
2018-08-22 13:55,,18.63,2258,18.65,18.56,18.63,,2139.0
2018-08-22 14:00,,18.61,2258,18.63,18.59,18.63,,90.0
2018-08-22 14:05,,18.61,2258,18.61,18.6,18.61,,201.0
2018-08-22 14:10,,18.61,2258,18.61,18.6,18.61,,158.0
2018-08-22 14:15,,18.6,2258,18.61,18.58,18.61,,131.0
2018-08-22 14:20,,18.61,2258,18.61,18.6,18.6,,85.0
2018-08-22 14:25,,18.58,2258,18.61,18.57,18.61,,46.0
2018-08-22 14:30,,18.54,2258,18.58,18.53,18.58,,225.0
2018-08-22 14:35,,18.58,2258,18.6,18.5,18.54,,2118.0
2018-08-22 14:40,,18.58,2258,18.58,18.53,18.58,,363.0
2018-08-22 14:45,,18.59,2258,18.59,18.49,18.58,,729.0
2018-08-22 14:50,,18.49,2258,18.59,18.49,18.59,,588.0
2018-08-22 14:55,,18.52,2258,18.56,18.48,18.49,,971.0
2018-08-22 15:00,,18.51,2258,18.54,18.5,18.52,,64.0
2018-08-23 09:35,,18.45,2258,18.59,18.37,18.51,,980.0
2018-08-23 09:40,,18.41,2258,18.51,18.37,18.42,,637.0
2018-08-23 09:45,,18.3,2258,18.45,18.25,18.41,,999.0
2018-08-23 09:50,,18.22,2258,18.33,18.22,18.3,,1099.0
2018-08-23 09:55,,18.24,2258,18.3,18.23,18.3,,558.0
2018-08-23 10:00,,18.22,2258,18.29,18.21,18.24,,478.0
2018-08-23 10:05,,18.3,2258,18.32,18.21,18.22,,555.0
2018-08-23 10:10,,18.31,2258,18.34,18.23,18.3,,1025.0
2018-08-23 10:15,,18.25,2258,18.31,18.24,18.31,,1030.0
2018-08-23 10:20,,18.28,2258,18.35,18.25,18.25,,992.0
2018-08-23 10:25,,18.39,2258,18.4,18.26,18.28,,936.0
2018-08-23 10:30,,18.35,2258,18.4,18.31,18.39,,230.0
2018-08-23 10:35,,18.31,2258,18.36,18.27,18.35,,224.0
2018-08-23 10:40,,18.27,2258,18.31,18.26,18.31,,468.0
2018-08-23 10:45,,18.33,2258,18.36,18.22,18.26,,988.0
2018-08-23 10:50,,18.29,2258,18.33,18.26,18.33,,138.0
2018-08-23 10:55,,18.3,2258,18.31,18.22,18.29,,278.0
2018-08-23 11:00,,18.28,2258,18.3,18.22,18.3,,208.0
2018-08-23 11:05,,18.31,2258,18.32,18.24,18.28,,308.0
2018-08-23 11:10,,18.25,2258,18.31,18.24,18.31,,142.0
2018-08-23 11:15,,18.22,2258,18.25,18.22,18.25,,184.0
2018-08-23 11:20,,18.24,2258,18.27,18.22,18.22,,163.0
2018-08-23 11:25,,18.21,2258,18.27,18.2,18.24,,361.0
2018-08-23 11:30,,18.27,2258,18.29,18.18,18.21,,720.0
2018-08-23 13:05,,18.2,2258,18.3,18.19,18.27,,569.0
2018-08-23 13:10,,18.25,2258,18.29,18.2,18.2,,86.0
2018-08-23 13:15,,18.24,2258,18.25,18.2,18.25,,472.0
2018-08-23 13:20,,18.19,2258,18.24,18.17,18.24,,244.0
2018-08-23 13:25,,18.2,2258,18.2,18.16,18.19,,176.0
2018-08-23 13:30,,18.32,2258,18.32,18.2,18.2,,457.0
2018-08-23 13:35,,18.3,2258,18.35,18.29,18.32,,631.0
2018-08-23 13:40,,18.3,2258,18.3,18.27,18.3,,534.0
2018-08-23 13:45,,18.29,2258,18.35,18.26,18.3,,274.0
2018-08-23 13:50,,18.29,2258,18.29,18.24,18.29,,276.0
2018-08-23 13:55,,18.32,2258,18.33,18.29,18.29,,545.0
2018-08-23 14:00,,18.32,2258,18.32,18.31,18.32,,253.0
2018-08-23 14:05,,18.3,2258,18.32,18.3,18.32,,253.0
2018-08-23 14:10,,18.31,2258,18.31,18.3,18.3,,140.0
2018-08-23 14:15,,18.31,2258,18.31,18.3,18.31,,312.0
2018-08-23 14:20,,18.34,2258,18.35,18.31,18.31,,565.0
2018-08-23 14:25,,18.37,2258,18.38,18.34,18.34,,306.0
2018-08-23 14:30,,18.43,2258,18.43,18.37,18.37,,362.0
2018-08-23 14:35,,18.43,2258,18.43,18.41,18.43,,177.0
2018-08-23 14:40,,18.43,2258,18.44,18.42,18.43,,178.0
2018-08-23 14:45,,18.4,2258,18.45,18.4,18.43,,595.0
2018-08-23 14:50,,18.3,2258,18.45,18.3,18.4,,376.0
2018-08-23 14:55,,18.35,2258,18.4,18.3,18.3,,371.0
2018-08-23 15:00,,18.34,2258,18.36,18.34,18.35,,197.0
2018-08-24 09:35,,18.32,2258,18.39,18.25,18.34,,440.0
2018-08-24 09:40,,18.37,2258,18.38,18.32,18.32,,159.0
2018-08-24 09:45,,18.34,2258,18.38,18.33,18.37,,151.0
2018-08-24 09:50,,18.31,2258,18.35,18.29,18.34,,589.0
2018-08-24 09:55,,18.32,2258,18.32,18.3,18.31,,60.0
2018-08-24 10:00,,18.41,2258,18.42,18.32,18.32,,687.0
2018-08-24 10:05,,18.44,2258,18.46,18.38,18.41,,586.0
2018-08-24 10:10,,18.46,2258,18.46,18.43,18.45,,464.0
2018-08-24 10:15,,18.6,2258,18.6,18.46,18.46,,1266.0
2018-08-24 10:20,,18.59,2258,18.6,18.57,18.6,,555.0
2018-08-24 10:25,,18.65,2258,18.65,18.58,18.59,,1372.0
2018-08-24 10:30,,18.63,2258,18.65,18.6,18.65,,779.0
2018-08-24 10:35,,18.6,2258,18.64,18.6,18.64,,475.0
2018-08-24 10:40,,18.57,2258,18.61,18.55,18.6,,554.0
2018-08-24 10:45,,18.52,2258,18.6,18.52,18.57,,518.0
2018-08-24 10:50,,18.58,2258,18.58,18.51,18.52,,486.0
2018-08-24 10:55,,18.59,2258,18.64,18.56,18.58,,1443.0
2018-08-24 11:00,,18.64,2258,18.64,18.59,18.59,,511.0
2018-08-24 11:05,,18.66,2258,18.66,18.64,18.64,,586.0
2018-08-24 11:10,,18.68,2258,18.68,18.66,18.66,,643.0
2018-08-24 11:15,,18.66,2258,18.68,18.65,18.68,,502.0
2018-08-24 11:20,,18.72,2258,18.73,18.65,18.66,,826.0
2018-08-24 11:25,,18.73,2258,18.73,18.71,18.72,,465.0
2018-08-24 11:30,,18.75,2258,18.75,18.72,18.73,,339.0
2018-08-24 13:05,,18.68,2258,18.75,18.65,18.75,,608.0
2018-08-24 13:10,,18.71,2258,18.74,18.66,18.68,,461.0
2018-08-24 13:15,,18.72,2258,18.72,18.69,18.71,,530.0
2018-08-24 13:20,,18.73,2258,18.73,18.71,18.72,,713.0
2018-08-24 13:25,,18.75,2258,18.75,18.67,18.73,,405.0
2018-08-24 13:30,,18.73,2258,18.75,18.67,18.75,,297.0
2018-08-24 13:35,,18.74,2258,18.74,18.68,18.73,,312.0
2018-08-24 13:40,,18.75,2258,18.8,18.7,18.74,,2047.0
2018-08-24 13:45,,18.79,2258,18.8,18.74,18.75,,868.0
2018-08-24 13:50,,18.81,2258,18.82,18.79,18.79,,882.0
2018-08-24 13:55,,18.82,2258,18.83,18.79,18.81,,709.0
2018-08-24 14:00,,18.83,2258,18.83,18.79,18.82,,692.0
2018-08-24 14:05,,18.84,2258,18.84,18.81,18.83,,916.0
2018-08-24 14:10,,18.85,2258,18.86,18.82,18.84,,1093.0
2018-08-24 14:15,,18.84,2258,18.85,18.81,18.85,,855.0
2018-08-24 14:20,,18.83,2258,18.85,18.82,18.84,,646.0
2018-08-24 14:25,,18.81,2258,18.84,18.75,18.83,,454.0
2018-08-24 14:30,,18.82,2258,18.83,18.8,18.81,,750.0
2018-08-24 14:35,,18.84,2258,18.84,18.79,18.82,,572.0
2018-08-24 14:40,,18.8,2258,18.84,18.75,18.8,,1060.0
2018-08-24 14:45,,18.8,2258,18.83,18.8,18.8,,1267.0
2018-08-24 14:50,,18.77,2258,18.82,18.77,18.8,,1789.0
2018-08-24 14:55,,18.75,2258,18.78,18.74,18.77,,970.0
2018-08-24 15:00,,18.78,2258,18.8,18.74,18.75,,331.0
2018-08-27 09:35,,18.74,2258,18.8,18.62,18.76,,596.0
2018-08-27 09:40,,18.83,2258,18.83,18.72,18.74,,414.0
2018-08-27 09:45,,18.94,2258,18.94,18.83,18.83,,458.0
2018-08-27 09:50,,19.0,2258,19.05,18.93,18.94,,738.0
2018-08-27 09:55,,19.0,2258,19.0,18.96,19.0,,365.0
2018-08-27 10:00,,19.0,2258,19.0,18.95,19.0,,607.0
2018-08-27 10:05,,19.0,2258,19.0,18.95,19.0,,460.0
2018-08-27 10:10,,19.08,2258,19.08,18.99,19.0,,525.0
2018-08-27 10:15,,19.09,2258,19.1,19.06,19.08,,704.0
2018-08-27 10:20,,19.07,2258,19.11,19.06,19.09,,496.0
2018-08-27 10:25,,19.1,2258,19.11,19.07,19.07,,953.0
2018-08-27 10:30,,19.12,2258,19.12,19.1,19.11,,865.0
2018-08-27 10:35,,19.13,2258,19.14,19.11,19.12,,475.0
2018-08-27 10:40,,19.1,2258,19.15,19.08,19.13,,1185.0
2018-08-27 10:45,,19.11,2258,19.11,19.08,19.1,,916.0
2018-08-27 10:50,,19.11,2258,19.11,19.1,19.11,,480.0
2018-08-27 10:55,,19.14,2258,19.14,19.11,19.11,,721.0
2018-08-27 11:00,,19.14,2258,19.15,19.13,19.14,,415.0
2018-08-27 11:05,,19.13,2258,19.14,19.13,19.14,,364.0
2018-08-27 11:10,,19.15,2258,19.15,19.13,19.13,,367.0
2018-08-27 11:15,,19.14,2258,19.16,19.14,19.15,,522.0
2018-08-27 11:20,,19.17,2258,19.17,19.14,19.14,,710.0
2018-08-27 11:25,,19.16,2258,19.18,19.16,19.17,,297.0
2018-08-27 11:30,,19.17,2258,19.17,19.15,19.16,,219.0
2018-08-27 13:05,,19.18,2258,19.18,19.16,19.17,,579.0
2018-08-27 13:10,,19.16,2258,19.18,19.15,19.18,,345.0
2018-08-27 13:15,,19.18,2258,19.18,19.15,19.16,,505.0
2018-08-27 13:20,,19.21,2258,19.21,19.17,19.18,,1508.0
2018-08-27 13:25,,19.25,2258,19.26,19.2,19.21,,520.0
2018-08-27 13:30,,19.2,2258,19.28,19.19,19.25,,956.0
2018-08-27 13:35,,19.18,2258,19.2,19.17,19.2,,304.0
2018-08-27 13:40,,19.2,2258,19.2,19.18,19.18,,455.0
2018-08-27 13:45,,19.15,2258,19.2,19.12,19.2,,667.0
2018-08-27 13:50,,19.13,2258,19.15,19.11,19.15,,588.0
2018-08-27 13:55,,19.14,2258,19.15,19.13,19.13,,426.0
2018-08-27 14:00,,19.21,2258,19.21,19.14,19.14,,1344.0
2018-08-27 14:05,,19.21,2258,19.22,19.2,19.21,,1127.0
2018-08-27 14:10,,19.2,2258,19.21,19.18,19.21,,2083.0
2018-08-27 14:15,,19.19,2258,19.2,19.18,19.2,,1884.0
2018-08-27 14:20,,19.2,2258,19.2,19.18,19.19,,2330.0
2018-08-27 14:25,,19.18,2258,19.2,19.17,19.2,,1684.0
2018-08-27 14:30,,19.17,2258,19.18,19.15,19.18,,703.0
2018-08-27 14:35,,19.17,2258,19.17,19.14,19.17,,680.0
2018-08-27 14:40,,19.14,2258,19.18,19.13,19.17,,612.0
2018-08-27 14:45,,19.14,2258,19.16,19.14,19.14,,508.0
2018-08-27 14:50,,19.15,2258,19.17,19.14,19.14,,654.0
2018-08-27 14:55,,19.18,2258,19.18,19.16,19.17,,1367.0
2018-08-27 15:00,,19.18,2258,19.18,19.16,19.18,,464.0
2018-08-28 09:35,,19.19,2258,19.34,19.1,19.32,,1585.0
2018-08-28 09:40,,19.17,2258,19.19,19.15,19.19,,570.0
2018-08-28 09:45,,19.18,2258,19.19,19.08,19.17,,757.0
2018-08-28 09:50,,19.17,2258,19.18,19.11,19.18,,409.0
2018-08-28 09:55,,19.15,2258,19.18,19.1,19.17,,681.0
2018-08-28 10:00,,19.17,2258,19.17,19.1,19.15,,486.0
2018-08-28 10:05,,19.11,2258,19.18,19.05,19.17,,571.0
2018-08-28 10:10,,19.08,2258,19.14,19.05,19.11,,420.0
2018-08-28 10:15,,19.09,2258,19.11,19.04,19.08,,585.0
2018-08-28 10:20,,19.06,2258,19.1,19.05,19.09,,446.0
2018-08-28 10:25,,19.09,2258,19.1,19.05,19.06,,439.0
2018-08-28 10:30,,19.17,2258,19.17,19.06,19.09,,424.0
2018-08-28 10:35,,19.17,2258,19.18,19.15,19.15,,353.0
2018-08-28 10:40,,19.16,2258,19.18,19.16,19.17,,440.0
2018-08-28 10:45,,19.15,2258,19.18,19.15,19.16,,188.0
2018-08-28 10:50,,19.08,2258,19.15,19.08,19.15,,804.0
2018-08-28 10:55,,19.1,2258,19.1,19.08,19.08,,152.0
2018-08-28 11:00,,19.08,2258,19.14,19.08,19.1,,393.0
2018-08-28 11:05,,19.1,2258,19.11,19.08,19.08,,187.0
2018-08-28 11:10,,19.08,2258,19.11,19.08,19.1,,197.0
2018-08-28 11:15,,19.08,2258,19.11,19.07,19.08,,211.0
2018-08-28 11:20,,19.15,2258,19.15,19.08,19.09,,356.0
2018-08-28 11:25,,19.14,2258,19.15,19.1,19.15,,144.0
2018-08-28 11:30,,19.12,2258,19.15,19.1,19.14,,140.0
2018-08-28 13:05,,19.11,2258,19.15,19.09,19.12,,288.0
2018-08-28 13:10,,19.08,2258,19.11,19.08,19.11,,150.0
2018-08-28 13:15,,19.06,2258,19.1,19.03,19.08,,930.0
2018-08-28 13:20,,19.09,2258,19.09,19.05,19.06,,386.0
2018-08-28 13:25,,19.06,2258,19.1,19.05,19.09,,348.0
2018-08-28 13:30,,19.06,2258,19.1,19.06,19.06,,219.0
2018-08-28 13:35,,19.11,2258,19.11,19.05,19.06,,581.0
2018-08-28 13:40,,19.09,2258,19.12,19.06,19.11,,418.0
2018-08-28 13:45,,19.1,2258,19.12,19.07,19.09,,611.0
2018-08-28 13:50,,19.06,2258,19.12,19.06,19.1,,489.0
2018-08-28 13:55,,19.08,2258,19.11,19.05,19.06,,224.0
2018-08-28 14:00,,19.1,2258,19.1,19.05,19.08,,262.0
2018-08-28 14:05,,19.11,2258,19.11,19.05,19.1,,222.0
2018-08-28 14:10,,19.07,2258,19.12,19.06,19.11,,196.0
2018-08-28 14:15,,19.06,2258,19.12,19.06,19.07,,166.0
2018-08-28 14:20,,19.1,2258,19.12,19.06,19.06,,368.0
2018-08-28 14:25,,19.1,2258,19.13,19.1,19.1,,339.0
2018-08-28 14:30,,19.09,2258,19.13,19.09,19.1,,209.0
2018-08-28 14:35,,19.13,2258,19.14,19.09,19.09,,285.0
2018-08-28 14:40,,19.16,2258,19.16,19.14,19.14,,555.0
2018-08-28 14:45,,19.19,2258,19.19,19.16,19.16,,797.0
2018-08-28 14:50,,19.18,2258,19.19,19.16,19.19,,553.0
2018-08-28 14:55,,19.19,2258,19.19,19.16,19.18,,532.0
2018-08-28 15:00,,19.18,2258,19.2,19.18,19.19,,453.0
2018-08-29 09:35,,19.1,2258,19.17,19.03,19.14,,766.0
2018-08-29 09:40,,19.12,2258,19.15,19.03,19.1,,199.0
2018-08-29 09:45,,19.12,2258,19.18,19.1,19.12,,265.0
2018-08-29 09:50,,19.14,2258,19.17,19.12,19.12,,202.0
2018-08-29 09:55,,19.14,2258,19.14,19.13,19.14,,116.0
2018-08-29 10:00,,19.15,2258,19.15,19.13,19.14,,276.0
2018-08-29 10:05,,19.15,2258,19.15,19.14,19.15,,110.0
2018-08-29 10:10,,19.15,2258,19.16,19.14,19.15,,142.0
2018-08-29 10:15,,19.14,2258,19.15,19.13,19.15,,91.0
2018-08-29 10:20,,19.14,2258,19.14,19.13,19.14,,223.0
2018-08-29 10:25,,19.14,2258,19.15,19.13,19.14,,260.0
2018-08-29 10:30,,19.19,2258,19.19,19.13,19.14,,803.0
2018-08-29 10:35,,19.14,2258,19.2,19.14,19.19,,191.0
2018-08-29 10:40,,19.18,2258,19.19,19.14,19.14,,125.0
2018-08-29 10:45,,19.17,2258,19.19,19.14,19.18,,166.0
2018-08-29 10:50,,19.15,2258,19.17,19.15,19.17,,31.0
2018-08-29 10:55,,19.13,2258,19.15,19.12,19.15,,104.0
2018-08-29 11:00,,19.12,2258,19.15,19.12,19.13,,70.0
2018-08-29 11:05,,19.13,2258,19.14,19.12,19.12,,10.0
2018-08-29 11:10,,19.1,2258,19.13,19.1,19.13,,271.0
2018-08-29 11:15,,19.11,2258,19.14,19.1,19.1,,235.0
2018-08-29 11:20,,19.07,2258,19.13,19.05,19.11,,703.0
2018-08-29 11:25,,19.1,2258,19.13,19.05,19.07,,294.0
2018-08-29 11:30,,19.06,2258,19.1,19.06,19.1,,98.0
2018-08-29 13:05,,19.06,2258,19.11,19.05,19.06,,200.0
2018-08-29 13:10,,19.11,2258,19.11,19.06,19.06,,47.0
2018-08-29 13:15,,19.1,2258,19.16,19.09,19.11,,564.0
2018-08-29 13:20,,19.13,2258,19.13,19.1,19.1,,34.0
2018-08-29 13:25,,19.1,2258,19.13,19.07,19.13,,268.0
2018-08-29 13:30,,19.08,2258,19.1,19.06,19.1,,140.0
2018-08-29 13:35,,19.1,2258,19.12,19.08,19.08,,203.0
2018-08-29 13:40,,19.06,2258,19.12,19.06,19.1,,158.0
2018-08-29 13:45,,19.1,2258,19.1,19.05,19.07,,142.0
2018-08-29 13:50,,19.1,2258,19.1,19.03,19.1,,595.0
2018-08-29 13:55,,19.1,2258,19.1,19.04,19.1,,251.0
2018-08-29 14:00,,19.09,2258,19.1,19.03,19.1,,240.0
2018-08-29 14:05,,19.08,2258,19.09,19.03,19.09,,79.0
2018-08-29 14:10,,19.07,2258,19.08,19.05,19.08,,6.0
2018-08-29 14:15,,19.08,2258,19.08,19.05,19.07,,15.0
2018-08-29 14:20,,19.09,2258,19.09,19.05,19.08,,192.0
2018-08-29 14:25,,19.06,2258,19.1,19.05,19.09,,114.0
2018-08-29 14:30,,19.02,2258,19.1,19.02,19.06,,533.0
2018-08-29 14:35,,19.05,2258,19.09,19.02,19.02,,202.0
2018-08-29 14:40,,19.08,2258,19.09,19.05,19.05,,208.0
2018-08-29 14:45,,19.05,2258,19.1,19.03,19.08,,306.0
2018-08-29 14:50,,19.04,2258,19.09,19.04,19.05,,184.0
2018-08-29 14:55,,19.04,2258,19.09,19.04,19.04,,442.0
2018-08-29 15:00,,19.05,2258,19.09,19.04,19.04,,83.0
2018-08-30 09:35,,19.12,2258,19.14,18.9,18.95,,271.0
2018-08-30 09:40,,19.02,2258,19.12,19.02,19.12,,366.0
2018-08-30 09:45,,19.1,2258,19.1,19.02,19.02,,242.0
2018-08-30 09:50,,19.1,2258,19.11,19.05,19.1,,190.0
2018-08-30 09:55,,19.1,2258,19.12,19.05,19.1,,209.0
2018-08-30 10:00,,19.11,2258,19.12,19.07,19.1,,113.0
2018-08-30 10:05,,19.12,2258,19.12,19.08,19.11,,137.0
2018-08-30 10:10,,19.13,2258,19.13,19.09,19.12,,169.0
2018-08-30 10:15,,19.13,2258,19.2,19.1,19.13,,379.0
2018-08-30 10:20,,19.04,2258,19.15,19.04,19.13,,327.0
2018-08-30 10:25,,19.15,2258,19.15,19.04,19.04,,192.0
2018-08-30 10:30,,19.05,2258,19.15,19.05,19.15,,228.0
2018-08-30 10:35,,19.09,2258,19.09,19.05,19.05,,144.0
2018-08-30 10:40,,18.99,2258,19.1,18.99,19.09,,877.0
2018-08-30 10:45,,18.99,2258,19.01,18.9,18.99,,582.0
2018-08-30 10:50,,18.98,2258,18.99,18.89,18.99,,496.0
2018-08-30 10:55,,18.97,2258,18.98,18.9,18.98,,475.0
2018-08-30 11:00,,18.9,2258,18.97,18.89,18.97,,134.0
2018-08-30 11:05,,18.95,2258,18.95,18.88,18.9,,287.0
2018-08-30 11:10,,18.9,2258,18.95,18.88,18.95,,303.0
2018-08-30 11:15,,18.86,2258,18.9,18.78,18.9,,467.0
2018-08-30 11:20,,18.87,2258,18.87,18.8,18.86,,224.0
2018-08-30 11:25,,18.78,2258,18.87,18.78,18.87,,283.0
2018-08-30 11:30,,18.8,2258,18.8,18.78,18.78,,181.0
2018-08-30 13:05,,18.79,2258,18.83,18.68,18.8,,770.0
2018-08-30 13:10,,18.8,2258,18.8,18.68,18.79,,889.0
2018-08-30 13:15,,18.79,2258,18.8,18.7,18.8,,509.0
2018-08-30 13:20,,18.84,2258,18.85,18.78,18.79,,654.0
2018-08-30 13:25,,18.85,2258,18.85,18.81,18.84,,78.0
2018-08-30 13:30,,18.81,2258,18.85,18.81,18.85,,542.0
2018-08-30 13:35,,18.85,2258,18.85,18.8,18.81,,60.0
2018-08-30 13:40,,18.84,2258,18.85,18.84,18.85,,48.0
2018-08-30 13:45,,18.87,2258,18.87,18.84,18.84,,277.0
2018-08-30 13:50,,18.88,2258,18.89,18.86,18.87,,395.0
2018-08-30 13:55,,18.89,2258,18.89,18.84,18.88,,306.0
2018-08-30 14:00,,18.85,2258,18.89,18.85,18.89,,25.0
2018-08-30 14:05,,18.83,2258,18.86,18.83,18.85,,45.0
2018-08-30 14:10,,18.88,2258,18.88,18.83,18.83,,123.0
2018-08-30 14:15,,18.89,2258,18.9,18.8,18.88,,711.0
2018-08-30 14:20,,18.9,2258,18.9,18.82,18.89,,279.0
2018-08-30 14:25,,18.89,2258,18.9,18.86,18.9,,199.0
2018-08-30 14:30,,18.87,2258,18.94,18.83,18.89,,234.0
2018-08-30 14:35,,18.94,2258,18.94,18.84,18.87,,428.0
2018-08-30 14:40,,18.91,2258,18.94,18.83,18.94,,396.0
2018-08-30 14:45,,18.83,2258,18.94,18.78,18.91,,1115.0
2018-08-30 14:50,,18.9,2258,18.93,18.72,18.83,,832.0
2018-08-30 14:55,,18.82,2258,18.9,18.82,18.9,,500.0
2018-08-30 15:00,,18.81,2258,18.82,18.78,18.82,,104.0
2018-08-31 09:35,,19.0,2258,19.08,18.76,18.76,,595.0
2018-08-31 09:40,,18.9,2258,19.04,18.86,19.0,,476.0
2018-08-31 09:45,,18.93,2258,18.93,18.88,18.9,,378.0
2018-08-31 09:50,,18.99,2258,19.04,18.87,18.93,,670.0
2018-08-31 09:55,,19.03,2258,19.04,18.9,18.99,,470.0
2018-08-31 10:00,,19.03,2258,19.05,19.0,19.03,,275.0
2018-08-31 10:05,,19.04,2258,19.07,18.99,19.03,,363.0
2018-08-31 10:10,,19.02,2258,19.03,18.9,19.03,,347.0
2018-08-31 10:15,,18.95,2258,19.03,18.93,19.02,,170.0
2018-08-31 10:20,,18.99,2258,19.01,18.9,18.95,,267.0
2018-08-31 10:25,,18.99,2258,19.0,18.92,18.99,,100.0
2018-08-31 10:30,,19.0,2258,19.0,18.93,18.99,,219.0
2018-08-31 10:35,,19.0,2258,19.0,18.94,19.0,,172.0
2018-08-31 10:40,,19.0,2258,19.01,18.95,19.0,,165.0
2018-08-31 10:45,,19.02,2258,19.02,18.97,19.0,,204.0
2018-08-31 10:50,,19.02,2258,19.02,18.96,19.02,,109.0
2018-08-31 10:55,,19.06,2258,19.07,18.96,19.02,,843.0
2018-08-31 11:00,,19.1,2258,19.1,19.01,19.06,,593.0
2018-08-31 11:05,,19.1,2258,19.1,19.06,19.1,,428.0
2018-08-31 11:10,,19.11,2258,19.12,19.08,19.1,,891.0
2018-08-31 11:15,,19.15,2258,19.15,19.11,19.11,,368.0
2018-08-31 11:20,,19.15,2258,19.15,19.12,19.15,,242.0
2018-08-31 11:25,,19.11,2258,19.15,19.11,19.15,,154.0
2018-08-31 11:30,,19.09,2258,19.14,19.09,19.11,,121.0
2018-08-31 13:05,,19.1,2258,19.13,19.09,19.09,,112.0
2018-08-31 13:10,,19.1,2258,19.12,19.1,19.1,,116.0
2018-08-31 13:15,,19.11,2258,19.11,19.09,19.1,,286.0
2018-08-31 13:20,,19.1,2258,19.13,19.07,19.11,,145.0
2018-08-31 13:25,,19.11,2258,19.12,19.1,19.1,,24.0
2018-08-31 13:30,,19.25,2258,19.26,19.1,19.11,,1973.0
2018-08-31 13:35,,19.24,2258,19.26,19.23,19.25,,633.0
2018-08-31 13:40,,19.2,2258,19.24,19.2,19.24,,202.0
2018-08-31 13:45,,19.19,2258,19.2,19.16,19.2,,268.0
2018-08-31 13:50,,19.18,2258,19.2,19.15,19.19,,161.0
2018-08-31 13:55,,19.19,2258,19.21,19.15,19.18,,290.0
2018-08-31 14:00,,19.18,2258,19.21,19.18,19.19,,183.0
2018-08-31 14:05,,19.13,2258,19.2,19.13,19.18,,126.0
2018-08-31 14:10,,19.15,2258,19.17,19.13,19.16,,214.0
2018-08-31 14:15,,19.16,2258,19.16,19.14,19.15,,187.0
2018-08-31 14:20,,19.15,2258,19.19,19.15,19.16,,433.0
2018-08-31 14:25,,19.18,2258,19.2,19.14,19.15,,382.0
2018-08-31 14:30,,19.19,2258,19.19,19.16,19.18,,130.0
2018-08-31 14:35,,19.1,2258,19.21,19.1,19.19,,642.0
2018-08-31 14:40,,19.11,2258,19.14,19.1,19.1,,72.0
2018-08-31 14:45,,19.11,2258,19.13,19.1,19.11,,439.0
2018-08-31 14:50,,19.11,2258,19.12,19.1,19.11,,451.0
2018-08-31 14:55,,19.12,2258,19.15,19.11,19.11,,372.0
2018-08-31 15:00,,19.12,2258,19.14,19.11,19.12,,318.0
2018-09-03 09:35,,19.05,2258,19.16,18.9,19.12,,674.0
2018-09-03 09:40,,19.0,2258,19.05,18.91,19.05,,320.0
2018-09-03 09:45,,18.89,2258,19.0,18.83,19.0,,188.0
2018-09-03 09:50,,18.72,2258,18.89,18.71,18.89,,550.0
2018-09-03 09:55,,18.8,2258,18.9,18.7,18.72,,661.0
2018-09-03 10:00,,18.8,2258,19.0,18.8,18.8,,314.0
2018-09-03 10:05,,18.75,2258,18.82,18.73,18.8,,302.0
2018-09-03 10:10,,18.76,2258,18.9,18.75,18.75,,383.0
2018-09-03 10:15,,18.77,2258,18.9,18.75,18.76,,321.0
2018-09-03 10:20,,18.76,2258,18.86,18.76,18.77,,211.0
2018-09-03 10:25,,18.75,2258,18.84,18.75,18.76,,199.0
2018-09-03 10:30,,18.72,2258,18.76,18.71,18.75,,372.0
2018-09-03 10:35,,18.73,2258,18.75,18.7,18.72,,230.0
2018-09-03 10:40,,18.7,2258,18.8,18.69,18.73,,864.0
2018-09-03 10:45,,18.74,2258,18.78,18.68,18.7,,481.0
2018-09-03 10:50,,18.7,2258,18.74,18.63,18.74,,987.0
2018-09-03 10:55,,18.7,2258,18.7,18.63,18.7,,392.0
2018-09-03 11:00,,18.64,2258,18.7,18.64,18.7,,272.0
2018-09-03 11:05,,18.61,2258,18.69,18.52,18.64,,667.0
2018-09-03 11:10,,18.55,2258,18.63,18.54,18.61,,663.0
2018-09-03 11:15,,18.52,2258,18.6,18.48,18.55,,941.0
2018-09-03 11:20,,18.62,2258,18.8,18.52,18.52,,383.0
2018-09-03 11:25,,18.63,2258,18.63,18.54,18.62,,264.0
2018-09-03 11:30,,18.72,2258,18.76,18.62,18.63,,412.0
2018-09-03 13:05,,18.72,2258,18.76,18.69,18.72,,169.0
2018-09-03 13:10,,18.76,2258,18.76,18.72,18.72,,260.0
2018-09-03 13:15,,18.7,2258,18.8,18.7,18.76,,179.0
2018-09-03 13:20,,18.76,2258,18.78,18.62,18.7,,245.0
2018-09-03 13:25,,18.75,2258,18.77,18.7,18.76,,109.0
2018-09-03 13:30,,18.76,2258,18.76,18.71,18.75,,59.0
2018-09-03 13:35,,18.76,2258,18.76,18.7,18.76,,29.0
2018-09-03 13:40,,18.75,2258,18.76,18.71,18.76,,36.0
2018-09-03 13:45,,18.76,2258,18.76,18.74,18.75,,40.0
2018-09-03 13:50,,18.72,2258,18.76,18.71,18.76,,79.0
2018-09-03 13:55,,18.74,2258,18.74,18.71,18.72,,112.0
2018-09-03 14:00,,18.74,2258,18.74,18.72,18.74,,68.0
2018-09-03 14:05,,18.74,2258,18.74,18.72,18.74,,76.0
2018-09-03 14:10,,18.79,2258,18.79,18.7,18.74,,589.0
2018-09-03 14:15,,18.87,2258,18.87,18.77,18.79,,320.0
2018-09-03 14:20,,18.84,2258,18.87,18.83,18.87,,232.0
2018-09-03 14:25,,18.82,2258,18.86,18.81,18.84,,182.0
2018-09-03 14:30,,18.82,2258,18.87,18.81,18.82,,215.0
2018-09-03 14:35,,18.82,2258,18.83,18.74,18.82,,329.0
2018-09-03 14:40,,18.81,2258,18.85,18.81,18.82,,165.0
2018-09-03 14:45,,18.83,2258,18.83,18.78,18.81,,247.0
2018-09-03 14:50,,18.82,2258,18.83,18.79,18.83,,169.0
2018-09-03 14:55,,18.92,2258,18.92,18.79,18.82,,1860.0
2018-09-03 15:00,,18.99,2258,19.0,18.92,18.92,,459.0
2018-09-04 09:35,,19.04,2258,19.17,18.98,18.98,,1508.0
2018-09-04 09:40,,19.14,2258,19.15,19.04,19.04,,379.0
2018-09-04 09:45,,19.17,2258,19.18,19.14,19.14,,693.0
2018-09-04 09:50,,19.18,2258,19.2,19.16,19.18,,1031.0
2018-09-04 09:55,,19.18,2258,19.21,19.18,19.18,,462.0
2018-09-04 10:00,,19.11,2258,19.19,19.11,19.18,,382.0
2018-09-04 10:05,,19.13,2258,19.15,19.11,19.11,,924.0
2018-09-04 10:10,,19.07,2258,19.13,19.07,19.13,,1051.0
2018-09-04 10:15,,19.11,2258,19.14,19.07,19.07,,285.0
2018-09-04 10:20,,19.12,2258,19.13,19.11,19.11,,134.0
2018-09-04 10:25,,19.12,2258,19.13,19.11,19.12,,179.0
2018-09-04 10:30,,19.13,2258,19.13,19.12,19.12,,231.0
2018-09-04 10:35,,19.19,2258,19.21,19.13,19.13,,1461.0
2018-09-04 10:40,,19.2,2258,19.22,19.18,19.19,,798.0
2018-09-04 10:45,,19.18,2258,19.2,19.17,19.2,,297.0
2018-09-04 10:50,,19.21,2258,19.23,19.17,19.18,,1062.0
2018-09-04 10:55,,19.17,2258,19.21,19.16,19.21,,263.0
2018-09-04 11:00,,19.21,2258,19.21,19.16,19.17,,75.0
2018-09-04 11:05,,19.13,2258,19.21,19.13,19.21,,306.0
2018-09-04 11:10,,19.13,2258,19.14,19.13,19.13,,1167.0
2018-09-04 11:15,,19.16,2258,19.16,19.13,19.13,,148.0
2018-09-04 11:20,,19.17,2258,19.18,19.15,19.16,,118.0
2018-09-04 11:25,,19.18,2258,19.19,19.16,19.17,,231.0
2018-09-04 11:30,,19.19,2258,19.19,19.18,19.18,,84.0
2018-09-04 13:05,,19.2,2258,19.2,19.19,19.19,,227.0
2018-09-04 13:10,,19.19,2258,19.2,19.19,19.2,,121.0
2018-09-04 13:15,,19.19,2258,19.19,19.18,19.19,,116.0
2018-09-04 13:20,,19.2,2258,19.2,19.18,19.19,,294.0
2018-09-04 13:25,,19.27,2258,19.27,19.19,19.2,,2743.0
2018-09-04 13:30,,19.36,2258,19.39,19.28,19.28,,1070.0
2018-09-04 13:35,,19.36,2258,19.38,19.3,19.36,,323.0
2018-09-04 13:40,,19.34,2258,19.36,19.31,19.36,,137.0
2018-09-04 13:45,,19.3,2258,19.34,19.3,19.34,,505.0
2018-09-04 13:50,,19.32,2258,19.32,19.26,19.3,,278.0
2018-09-04 13:55,,19.27,2258,19.32,19.24,19.32,,261.0
2018-09-04 14:00,,19.3,2258,19.3,19.27,19.27,,48.0
2018-09-04 14:05,,19.29,2258,19.3,19.28,19.3,,294.0
2018-09-04 14:10,,19.3,2258,19.32,19.29,19.29,,883.0
2018-09-04 14:15,,19.35,2258,19.35,19.3,19.3,,945.0
2018-09-04 14:20,,19.32,2258,19.35,19.31,19.35,,197.0
2018-09-04 14:25,,19.31,2258,19.34,19.3,19.34,,344.0
2018-09-04 14:30,,19.3,2258,19.31,19.29,19.31,,201.0
2018-09-04 14:35,,19.29,2258,19.3,19.28,19.3,,77.0
2018-09-04 14:40,,19.3,2258,19.31,19.29,19.29,,494.0
2018-09-04 14:45,,19.29,2258,19.31,19.29,19.3,,370.0
2018-09-04 14:50,,19.28,2258,19.3,19.28,19.29,,497.0
2018-09-04 14:55,,19.17,2258,19.28,19.15,19.28,,658.0
2018-09-04 15:00,,19.2,2258,19.2,19.16,19.17,,457.0
2018-09-05 09:35,,19.31,2258,19.32,19.02,19.2,,764.0
2018-09-05 09:40,,19.3,2258,19.31,19.24,19.3,,391.0
2018-09-05 09:45,,19.23,2258,19.3,19.23,19.3,,235.0
2018-09-05 09:50,,19.23,2258,19.24,19.21,19.23,,548.0
2018-09-05 09:55,,19.15,2258,19.24,19.15,19.23,,377.0
2018-09-05 10:00,,19.17,2258,19.23,19.15,19.15,,158.0
2018-09-05 10:05,,19.15,2258,19.18,19.15,19.17,,212.0
2018-09-05 10:10,,19.22,2258,19.24,19.15,19.15,,337.0
2018-09-05 10:15,,19.23,2258,19.23,19.22,19.22,,274.0
2018-09-05 10:20,,19.21,2258,19.24,19.17,19.23,,182.0
2018-09-05 10:25,,19.22,2258,19.24,19.21,19.21,,144.0
2018-09-05 10:30,,19.22,2258,19.24,19.22,19.22,,280.0
2018-09-05 10:35,,19.24,2258,19.24,19.22,19.22,,426.0
2018-09-05 10:40,,19.27,2258,19.3,19.24,19.24,,937.0
2018-09-05 10:45,,19.29,2258,19.31,19.27,19.27,,265.0
2018-09-05 10:50,,19.2,2258,19.29,19.2,19.29,,288.0
2018-09-05 10:55,,19.25,2258,19.26,19.18,19.26,,228.0
2018-09-05 11:00,,19.16,2258,19.25,19.16,19.25,,583.0
2018-09-05 11:05,,19.11,2258,19.16,19.11,19.16,,172.0
2018-09-05 11:10,,19.1,2258,19.13,19.09,19.11,,307.0
2018-09-05 11:15,,19.12,2258,19.16,19.09,19.1,,245.0
2018-09-05 11:20,,19.14,2258,19.18,19.12,19.12,,97.0
2018-09-05 11:25,,19.1,2258,19.15,19.1,19.14,,383.0
2018-09-05 11:30,,19.11,2258,19.15,19.1,19.1,,232.0
2018-09-05 13:05,,19.1,2258,19.15,19.1,19.11,,293.0
2018-09-05 13:10,,19.1,2258,19.12,19.06,19.1,,377.0
2018-09-05 13:15,,19.17,2258,19.17,19.1,19.1,,114.0
2018-09-05 13:20,,19.2,2258,19.21,19.1,19.17,,67.0
2018-09-05 13:25,,19.12,2258,19.2,19.1,19.2,,164.0
2018-09-05 13:30,,19.1,2258,19.18,19.1,19.12,,81.0
2018-09-05 13:35,,19.19,2258,19.19,19.1,19.1,,258.0
2018-09-05 13:40,,19.18,2258,19.19,19.08,19.19,,404.0
2018-09-05 13:45,,19.12,2258,19.18,19.12,19.18,,41.0
2018-09-05 13:50,,19.17,2258,19.17,19.11,19.12,,165.0
2018-09-05 13:55,,19.08,2258,19.17,19.08,19.17,,263.0
2018-09-05 14:00,,19.1,2258,19.11,19.05,19.08,,642.0
2018-09-05 14:05,,19.08,2258,19.12,19.02,19.1,,432.0
2018-09-05 14:10,,19.14,2258,19.15,19.08,19.08,,214.0
2018-09-05 14:15,,19.14,2258,19.16,19.1,19.14,,266.0
2018-09-05 14:20,,19.12,2258,19.15,19.06,19.14,,370.0
2018-09-05 14:25,,19.11,2258,19.14,19.0,19.12,,945.0
2018-09-05 14:30,,19.15,2258,19.15,19.07,19.13,,359.0
2018-09-05 14:35,,19.11,2258,19.15,19.07,19.15,,363.0
2018-09-05 14:40,,19.12,2258,19.16,19.09,19.13,,452.0
2018-09-05 14:45,,19.11,2258,19.17,19.1,19.12,,432.0
2018-09-05 14:50,,19.11,2258,19.18,19.1,19.11,,445.0
2018-09-05 14:55,,19.08,2258,19.11,19.04,19.11,,565.0
2018-09-05 15:00,,19.04,2258,19.1,19.04,19.08,,230.0
2018-09-06 09:35,,19.0,2258,19.0,18.87,19.0,,789.0
2018-09-06 09:40,,19.08,2258,19.09,18.94,19.0,,147.0
2018-09-06 09:45,,19.05,2258,19.14,19.01,19.08,,399.0
2018-09-06 09:50,,19.09,2258,19.15,19.05,19.05,,166.0
2018-09-06 09:55,,19.08,2258,19.1,19.07,19.09,,85.0
2018-09-06 10:00,,19.12,2258,19.12,19.07,19.08,,166.0
2018-09-06 10:05,,19.15,2258,19.15,19.07,19.12,,126.0
2018-09-06 10:10,,19.11,2258,19.15,19.07,19.15,,221.0
2018-09-06 10:15,,19.02,2258,19.11,18.92,19.11,,533.0
2018-09-06 10:20,,19.01,2258,19.02,18.92,19.02,,314.0
2018-09-06 10:25,,18.94,2258,19.01,18.94,19.01,,102.0
2018-09-06 10:30,,18.99,2258,19.08,18.94,18.94,,224.0
2018-09-06 10:35,,19.04,2258,19.05,18.99,18.99,,103.0
2018-09-06 10:40,,19.02,2258,19.04,19.02,19.04,,3.0
2018-09-06 10:45,,19.0,2258,19.02,18.99,19.02,,60.0
2018-09-06 10:50,,19.03,2258,19.05,19.0,19.0,,51.0
2018-09-06 10:55,,19.01,2258,19.09,19.0,19.03,,79.0
2018-09-06 11:00,,19.01,2258,19.05,19.01,19.01,,72.0
2018-09-06 11:05,,18.94,2258,19.02,18.91,19.01,,671.0
2018-09-06 11:10,,18.9,2258,18.94,18.9,18.94,,99.0
2018-09-06 11:15,,18.95,2258,18.95,18.9,18.9,,100.0
2018-09-06 11:20,,18.93,2258,18.95,18.91,18.95,,37.0
2018-09-06 11:25,,19.02,2258,19.02,18.93,18.93,,51.0
2018-09-06 11:30,,18.98,2258,19.02,18.97,19.02,,14.0
2018-09-06 13:05,,18.92,2258,18.98,18.9,18.98,,182.0
2018-09-06 13:10,,18.97,2258,18.98,18.91,18.97,,222.0
2018-09-06 13:15,,18.95,2258,18.97,18.91,18.97,,61.0
2018-09-06 13:20,,18.9,2258,18.95,18.9,18.91,,114.0
2018-09-06 13:25,,18.9,2258,18.94,18.9,18.9,,78.0
2018-09-06 13:30,,18.92,2258,18.93,18.9,18.9,,47.0
2018-09-06 13:35,,18.91,2258,18.93,18.91,18.92,,77.0
2018-09-06 13:40,,18.93,2258,18.93,18.9,18.91,,90.0
2018-09-06 13:45,,18.93,2258,18.94,18.9,18.93,,217.0
2018-09-06 13:50,,18.88,2258,18.93,18.88,18.93,,123.0
2018-09-06 13:55,,18.94,2258,18.95,18.88,18.88,,248.0
2018-09-06 14:00,,18.91,2258,18.94,18.91,18.94,,70.0
2018-09-06 14:05,,18.96,2258,18.97,18.87,18.91,,349.0
2018-09-06 14:10,,18.95,2258,18.96,18.85,18.96,,193.0
2018-09-06 14:15,,18.86,2258,18.95,18.85,18.95,,287.0
2018-09-06 14:20,,18.8,2258,18.89,18.79,18.86,,461.0
2018-09-06 14:25,,18.79,2258,18.82,18.77,18.8,,614.0
2018-09-06 14:30,,18.81,2258,18.81,18.78,18.79,,745.0
2018-09-06 14:35,,18.79,2258,18.81,18.77,18.8,,779.0
2018-09-06 14:40,,18.76,2258,18.8,18.76,18.79,,689.0
2018-09-06 14:45,,18.71,2258,18.77,18.7,18.76,,1888.0
2018-09-06 14:50,,18.71,2258,18.72,18.68,18.71,,1359.0
2018-09-06 14:55,,18.67,2258,18.71,18.67,18.71,,1462.0
2018-09-06 15:00,,18.69,2258,18.69,18.66,18.67,,163.0
2018-09-07 09:35,,19.02,2258,19.1,18.63,18.63,,814.0
2018-09-07 09:40,,19.12,2258,19.13,19.02,19.02,,579.0
2018-09-07 09:45,,19.09,2258,19.11,19.09,19.11,,251.0
2018-09-07 09:50,,19.13,2258,19.13,19.08,19.09,,720.0
2018-09-07 09:55,,19.1,2258,19.14,19.07,19.13,,156.0
2018-09-07 10:00,,19.12,2258,19.12,19.07,19.1,,309.0
2018-09-07 10:05,,19.15,2258,19.16,19.08,19.12,,1038.0
2018-09-07 10:10,,19.09,2258,19.15,19.08,19.15,,476.0
2018-09-07 10:15,,19.1,2258,19.12,19.06,19.09,,120.0
2018-09-07 10:20,,19.1,2258,19.11,19.05,19.1,,93.0
2018-09-07 10:25,,19.09,2258,19.1,19.02,19.1,,404.0
2018-09-07 10:30,,19.02,2258,19.09,19.01,19.04,,612.0
2018-09-07 10:35,,19.01,2258,19.07,18.9,19.06,,668.0
2018-09-07 10:40,,18.98,2258,18.99,18.93,18.95,,35.0
2018-09-07 10:45,,18.92,2258,18.98,18.92,18.98,,53.0
2018-09-07 10:50,,18.89,2258,18.92,18.85,18.92,,189.0
2018-09-07 10:55,,18.88,2258,18.9,18.86,18.89,,145.0
2018-09-07 11:00,,18.9,2258,18.9,18.88,18.9,,81.0
2018-09-07 11:05,,18.95,2258,18.95,18.88,18.9,,164.0
2018-09-07 11:10,,19.0,2258,19.04,18.93,18.95,,304.0
2018-09-07 11:15,,18.98,2258,19.04,18.95,19.04,,169.0
2018-09-07 11:20,,18.94,2258,19.0,18.93,18.98,,445.0
2018-09-07 11:25,,18.92,2258,18.98,18.84,18.94,,228.0
2018-09-07 11:30,,18.91,2258,18.95,18.87,18.92,,234.0
2018-09-07 13:05,,18.98,2258,18.98,18.8,18.91,,827.0
2018-09-07 13:10,,18.97,2258,19.0,18.93,18.99,,304.0
2018-09-07 13:15,,19.05,2258,19.06,18.93,18.97,,297.0
2018-09-07 13:20,,18.98,2258,19.05,18.95,19.05,,252.0
2018-09-07 13:25,,19.0,2258,19.0,18.98,18.98,,72.0
2018-09-07 13:30,,19.01,2258,19.06,18.94,19.0,,161.0
2018-09-07 13:35,,18.97,2258,19.05,18.94,19.01,,347.0
2018-09-07 13:40,,19.0,2258,19.08,18.97,18.97,,526.0
2018-09-07 13:45,,19.09,2258,19.09,19.0,19.0,,590.0
2018-09-07 13:50,,19.05,2258,19.1,19.01,19.09,,579.0
2018-09-07 13:55,,19.04,2258,19.06,19.0,19.05,,324.0
2018-09-07 14:00,,19.07,2258,19.08,19.03,19.04,,392.0
2018-09-07 14:05,,19.0,2258,19.07,18.98,19.07,,174.0
2018-09-07 14:10,,19.07,2258,19.07,18.96,19.0,,601.0
2018-09-07 14:15,,19.08,2258,19.09,19.07,19.07,,548.0
2018-09-07 14:20,,19.11,2258,19.12,19.07,19.08,,942.0
2018-09-07 14:25,,19.08,2258,19.11,19.08,19.11,,254.0
2018-09-07 14:30,,19.1,2258,19.11,19.07,19.08,,329.0
2018-09-07 14:35,,19.1,2258,19.11,19.09,19.1,,386.0
2018-09-07 14:40,,19.1,2258,19.11,19.08,19.09,,222.0
2018-09-07 14:45,,19.09,2258,19.11,19.04,19.1,,417.0
2018-09-07 14:50,,19.04,2258,19.09,19.0,19.09,,218.0
2018-09-07 14:55,,19.01,2258,19.04,19.0,19.04,,278.0
2018-09-07 15:00,,18.98,2258,19.01,18.98,19.01,,166.0
2018-09-10 09:35,,18.96,2258,19.18,18.82,18.82,,629.0
2018-09-10 09:40,,19.09,2258,19.1,18.95,18.96,,461.0
2018-09-10 09:45,,18.97,2258,19.09,18.97,19.09,,227.0
2018-09-10 09:50,,19.09,2258,19.09,18.93,18.97,,813.0
2018-09-10 09:55,,19.11,2258,19.12,19.09,19.09,,746.0
2018-09-10 10:00,,19.05,2258,19.15,18.97,19.11,,1017.0
2018-09-10 10:05,,19.07,2258,19.08,19.02,19.05,,70.0
2018-09-10 10:10,,19.03,2258,19.09,19.03,19.07,,186.0
2018-09-10 10:15,,19.08,2258,19.09,18.96,19.03,,678.0
2018-09-10 10:20,,19.0,2258,19.08,19.0,19.08,,136.0
2018-09-10 10:25,,18.96,2258,19.04,18.96,19.0,,184.0
2018-09-10 10:30,,18.99,2258,19.01,18.96,18.96,,199.0
2018-09-10 10:35,,19.0,2258,19.02,18.96,18.99,,152.0
2018-09-10 10:40,,18.94,2258,19.02,18.9,19.0,,183.0
2018-09-10 10:45,,18.93,2258,19.02,18.93,18.94,,256.0
2018-09-10 10:50,,18.9,2258,18.99,18.9,18.93,,331.0
2018-09-10 10:55,,19.0,2258,19.0,18.9,18.9,,212.0
2018-09-10 11:00,,18.9,2258,19.0,18.9,19.0,,157.0
2018-09-10 11:05,,18.93,2258,18.93,18.88,18.9,,145.0
2018-09-10 11:10,,18.89,2258,18.95,18.89,18.93,,143.0
2018-09-10 11:15,,18.85,2258,18.9,18.82,18.89,,455.0
2018-09-10 11:20,,18.86,2258,18.9,18.85,18.85,,110.0
2018-09-10 11:25,,18.9,2258,18.9,18.8,18.86,,460.0
2018-09-10 11:30,,18.86,2258,18.93,18.84,18.9,,108.0
2018-09-10 13:05,,18.91,2258,18.93,18.8,18.86,,212.0
2018-09-10 13:10,,18.91,2258,18.91,18.86,18.91,,14.0
2018-09-10 13:15,,18.86,2258,18.93,18.86,18.91,,104.0
2018-09-10 13:20,,18.89,2258,18.89,18.8,18.86,,112.0
2018-09-10 13:25,,18.88,2258,18.9,18.85,18.89,,28.0
2018-09-10 13:30,,18.87,2258,18.89,18.87,18.88,,44.0
2018-09-10 13:35,,18.89,2258,18.93,18.87,18.87,,60.0
2018-09-10 13:40,,18.8,2258,18.93,18.8,18.89,,246.0
2018-09-10 13:45,,18.8,2258,18.85,18.78,18.8,,343.0
2018-09-10 13:50,,18.76,2258,18.8,18.75,18.8,,239.0
2018-09-10 13:55,,18.73,2258,18.76,18.73,18.76,,184.0
2018-09-10 14:00,,18.7,2258,18.73,18.65,18.73,,685.0
2018-09-10 14:05,,18.6,2258,18.7,18.6,18.7,,514.0
2018-09-10 14:10,,18.54,2258,18.61,18.54,18.6,,494.0
2018-09-10 14:15,,18.55,2258,18.56,18.53,18.54,,426.0
2018-09-10 14:20,,18.4,2258,18.55,18.36,18.55,,1513.0
2018-09-10 14:25,,18.28,2258,18.4,18.28,18.4,,1554.0
2018-09-10 14:30,,18.34,2258,18.37,18.28,18.3,,1396.0
2018-09-10 14:35,,18.35,2258,18.43,18.32,18.34,,2441.0
2018-09-10 14:40,,18.31,2258,18.36,18.28,18.36,,1574.0
2018-09-10 14:45,,18.19,2258,18.43,18.18,18.3,,1986.0
2018-09-10 14:50,,18.19,2258,18.21,18.18,18.19,,1300.0
2018-09-10 14:55,,18.28,2258,18.3,18.18,18.19,,946.0
2018-09-10 15:00,,18.25,2258,18.28,18.2,18.28,,329.0
2018-09-11 09:35,,18.16,2258,18.65,18.1,18.26,,2719.0
2018-09-11 09:40,,18.05,2258,18.21,17.98,18.16,,2332.0
2018-09-11 09:45,,17.94,2258,18.08,17.85,18.05,,2251.0
2018-09-11 09:50,,17.99,2258,18.08,17.92,17.94,,1758.0
2018-09-11 09:55,,17.81,2258,18.0,17.81,17.99,,2237.0
2018-09-11 10:00,,17.4,2258,17.83,17.4,17.81,,3536.0
2018-09-11 10:05,,16.64,2258,17.57,16.5,17.4,,8473.0
2018-09-11 10:10,,17.14,2258,17.27,16.61,16.64,,3069.0
2018-09-11 10:15,,17.12,2258,17.25,17.08,17.15,,2495.0
2018-09-11 10:20,,17.07,2258,17.1,17.0,17.09,,1888.0
2018-09-11 10:25,,17.01,2258,17.08,17.0,17.07,,1549.0
2018-09-11 10:30,,16.99,2258,17.01,16.91,17.01,,1829.0
2018-09-11 10:35,,16.73,2258,16.99,16.71,16.99,,1959.0
2018-09-11 10:40,,16.62,2258,16.75,16.53,16.73,,3623.0
2018-09-11 10:45,,16.6,2258,16.64,16.43,16.62,,7590.0
2018-09-11 10:50,,16.55,2258,16.65,16.52,16.6,,1277.0
2018-09-11 10:55,,16.57,2258,16.58,16.51,16.55,,1455.0
2018-09-11 11:00,,16.54,2258,16.6,16.54,16.57,,825.0
2018-09-11 11:05,,16.44,2258,16.58,16.44,16.53,,3022.0
2018-09-11 11:10,,16.44,2258,16.5,16.43,16.44,,4601.0
2018-09-11 11:15,,16.56,2258,16.56,16.44,16.44,,1339.0
2018-09-11 11:20,,16.56,2258,16.56,16.49,16.56,,1106.0
2018-09-11 11:25,,16.56,2258,16.62,16.52,16.56,,1359.0
2018-09-11 11:30,,16.58,2258,16.58,16.52,16.56,,1063.0
2018-09-11 13:05,,16.49,2258,16.64,16.46,16.58,,2421.0
2018-09-11 13:10,,16.43,2258,16.48,16.43,16.45,,2821.0
2018-09-11 13:15,,16.43,2258,16.43,16.43,16.43,,523.0
2018-09-11 13:20,,16.43,2258,16.43,16.43,16.43,,327.0
2018-09-11 13:25,,16.43,2258,16.43,16.43,16.43,,247.0
2018-09-11 13:30,,16.43,2258,16.43,16.43,16.43,,774.0
2018-09-11 13:35,,16.43,2258,16.43,16.43,16.43,,2274.0
2018-09-11 13:40,,16.51,2258,16.54,16.43,16.43,,1004.0
2018-09-11 13:45,,16.44,2258,16.5,16.43,16.5,,1599.0
2018-09-11 13:50,,16.43,2258,16.44,16.43,16.44,,2077.0
2018-09-11 13:55,,16.43,2258,16.43,16.43,16.43,,1896.0
2018-09-11 14:00,,16.43,2258,16.44,16.43,16.43,,792.0
2018-09-11 14:05,,16.43,2258,16.43,16.43,16.43,,346.0
2018-09-11 14:10,,16.43,2258,16.43,16.43,16.43,,306.0
2018-09-11 14:15,,16.43,2258,16.43,16.43,16.43,,165.0
2018-09-11 14:20,,16.43,2258,16.43,16.43,16.43,,248.0
2018-09-11 14:25,,16.43,2258,16.43,16.43,16.43,,183.0
2018-09-11 14:30,,16.43,2258,16.43,16.43,16.43,,132.0
2018-09-11 14:35,,16.43,2258,16.43,16.43,16.43,,311.0
2018-09-11 14:40,,16.43,2258,16.43,16.43,16.43,,60.0
2018-09-11 14:45,,16.43,2258,16.43,16.43,16.43,,163.0
2018-09-11 14:50,,16.43,2258,16.43,16.43,16.43,,198.0
2018-09-11 14:55,,16.43,2258,16.43,16.43,16.43,,217.0
2018-09-11 15:00,,16.43,2258,16.43,16.43,16.43,,231.0
2018-09-12 09:35,,16.5,2258,16.56,16.0,16.0,,7079.0
2018-09-12 09:40,,16.65,2258,16.66,16.48,16.5,,4364.0
2018-09-12 09:45,,16.55,2258,16.68,16.5,16.65,,2057.0
2018-09-12 09:50,,16.44,2258,16.63,16.43,16.55,,1414.0
2018-09-12 09:55,,16.34,2258,16.44,16.3,16.44,,1184.0
2018-09-12 10:00,,16.38,2258,16.4,16.28,16.34,,1285.0
2018-09-12 10:05,,16.12,2258,16.38,16.05,16.38,,2715.0
2018-09-12 10:10,,16.01,2258,16.21,15.8,16.12,,4652.0
2018-09-12 10:15,,16.08,2258,16.15,16.0,16.01,,1841.0
2018-09-12 10:20,,16.15,2258,16.18,16.05,16.08,,1267.0
2018-09-12 10:25,,16.24,2258,16.33,16.13,16.15,,1629.0
2018-09-12 10:30,,16.36,2258,16.36,16.18,16.2,,1418.0
2018-09-12 10:35,,16.33,2258,16.4,16.25,16.36,,874.0
2018-09-12 10:40,,16.16,2258,16.33,16.05,16.33,,2055.0
2018-09-12 10:45,,16.16,2258,16.2,16.07,16.16,,1590.0
2018-09-12 10:50,,16.07,2258,16.22,16.07,16.16,,707.0
2018-09-12 10:55,,16.06,2258,16.22,16.05,16.07,,914.0
2018-09-12 11:00,,16.1,2258,16.18,16.06,16.08,,1220.0
2018-09-12 11:05,,16.19,2258,16.28,16.1,16.2,,1604.0
2018-09-12 11:10,,16.13,2258,16.27,16.1,16.27,,871.0
2018-09-12 11:15,,16.07,2258,16.23,16.07,16.13,,742.0
2018-09-12 11:20,,16.1,2258,16.2,16.07,16.07,,755.0
2018-09-12 11:25,,16.09,2258,16.21,16.08,16.1,,691.0
2018-09-12 11:30,,16.17,2258,16.18,16.09,16.09,,326.0
2018-09-12 13:05,,16.09,2258,16.19,16.08,16.17,,914.0
2018-09-12 13:10,,16.09,2258,16.21,16.09,16.1,,699.0
2018-09-12 13:15,,16.11,2258,16.21,16.09,16.19,,673.0
2018-09-12 13:20,,16.09,2258,16.24,16.09,16.11,,747.0
2018-09-12 13:25,,16.09,2258,16.15,16.08,16.11,,402.0
2018-09-12 13:30,,16.19,2258,16.23,16.08,16.09,,729.0
2018-09-12 13:35,,16.19,2258,16.19,16.14,16.19,,94.0
2018-09-12 13:40,,16.35,2258,16.38,16.17,16.19,,999.0
2018-09-12 13:45,,16.37,2258,16.37,16.25,16.35,,395.0
2018-09-12 13:50,,16.37,2258,16.38,16.35,16.37,,130.0
2018-09-12 13:55,,16.28,2258,16.37,16.25,16.37,,222.0
2018-09-12 14:00,,16.19,2258,16.29,16.18,16.28,,158.0
2018-09-12 14:05,,16.3,2258,16.31,16.17,16.19,,87.0
2018-09-12 14:10,,16.29,2258,16.35,16.25,16.28,,164.0
2018-09-12 14:15,,16.34,2258,16.35,16.28,16.29,,233.0
2018-09-12 14:20,,16.25,2258,16.38,16.21,16.34,,567.0
2018-09-12 14:25,,16.33,2258,16.37,16.18,16.25,,313.0
2018-09-12 14:30,,16.28,2258,16.33,16.18,16.33,,246.0
2018-09-12 14:35,,16.18,2258,16.28,16.15,16.28,,1059.0
2018-09-12 14:40,,16.22,2258,16.26,16.15,16.18,,953.0
2018-09-12 14:45,,16.25,2258,16.25,16.18,16.18,,379.0
2018-09-12 14:50,,16.2,2258,16.25,16.2,16.25,,349.0
2018-09-12 14:55,,16.26,2258,16.28,16.13,16.2,,1136.0
2018-09-12 15:00,,16.29,2258,16.3,16.26,16.29,,173.0
2018-09-13 09:35,,16.35,2258,16.48,16.27,16.4,,1732.0
2018-09-13 09:40,,16.35,2258,16.35,16.29,16.35,,743.0
2018-09-13 09:45,,16.37,2258,16.37,16.29,16.35,,699.0
2018-09-13 09:50,,16.32,2258,16.4,16.32,16.37,,169.0
2018-09-13 09:55,,16.39,2258,16.39,16.32,16.32,,434.0
2018-09-13 10:00,,16.51,2258,16.54,16.38,16.38,,1210.0
2018-09-13 10:05,,16.48,2258,16.51,16.41,16.46,,670.0
2018-09-13 10:10,,16.42,2258,16.49,16.4,16.48,,855.0
2018-09-13 10:15,,16.4,2258,16.46,16.4,16.45,,363.0
2018-09-13 10:20,,16.42,2258,16.45,16.38,16.4,,627.0
2018-09-13 10:25,,16.38,2258,16.45,16.38,16.42,,294.0
2018-09-13 10:30,,16.37,2258,16.43,16.36,16.38,,513.0
2018-09-13 10:35,,16.35,2258,16.38,16.35,16.37,,166.0
2018-09-13 10:40,,16.39,2258,16.43,16.35,16.35,,310.0
2018-09-13 10:45,,16.39,2258,16.42,16.36,16.39,,248.0
2018-09-13 10:50,,16.34,2258,16.4,16.33,16.35,,265.0
2018-09-13 10:55,,16.38,2258,16.38,16.33,16.34,,130.0
2018-09-13 11:00,,16.38,2258,16.38,16.35,16.35,,117.0
2018-09-13 11:05,,16.38,2258,16.4,16.35,16.38,,303.0
2018-09-13 11:10,,16.38,2258,16.42,16.36,16.38,,206.0
2018-09-13 11:15,,16.42,2258,16.42,16.36,16.39,,232.0
2018-09-13 11:20,,16.38,2258,16.41,16.36,16.36,,133.0
2018-09-13 11:25,,16.36,2258,16.4,16.36,16.38,,412.0
2018-09-13 11:30,,16.37,2258,16.39,16.36,16.36,,59.0
2018-09-13 13:05,,16.34,2258,16.41,16.34,16.37,,520.0
2018-09-13 13:10,,16.35,2258,16.37,16.33,16.34,,237.0
2018-09-13 13:15,,16.35,2258,16.36,16.31,16.35,,422.0
2018-09-13 13:20,,16.32,2258,16.35,16.31,16.32,,101.0
2018-09-13 13:25,,16.38,2258,16.38,16.31,16.32,,287.0
2018-09-13 13:30,,16.38,2258,16.4,16.35,16.38,,229.0
2018-09-13 13:35,,16.38,2258,16.39,16.33,16.38,,126.0
2018-09-13 13:40,,16.4,2258,16.44,16.36,16.38,,600.0
2018-09-13 13:45,,16.42,2258,16.43,16.4,16.4,,64.0
2018-09-13 13:50,,16.43,2258,16.45,16.42,16.42,,374.0
2018-09-13 13:55,,16.44,2258,16.46,16.4,16.43,,499.0
2018-09-13 14:00,,16.41,2258,16.46,16.4,16.44,,269.0
2018-09-13 14:05,,16.45,2258,16.46,16.41,16.41,,141.0
2018-09-13 14:10,,16.49,2258,16.5,16.44,16.45,,1096.0
2018-09-13 14:15,,16.5,2258,16.5,16.46,16.49,,174.0
2018-09-13 14:20,,16.49,2258,16.52,16.49,16.5,,427.0
2018-09-13 14:25,,16.46,2258,16.51,16.45,16.49,,97.0
2018-09-13 14:30,,16.46,2258,16.47,16.43,16.46,,339.0
2018-09-13 14:35,,16.45,2258,16.48,16.44,16.46,,251.0
2018-09-13 14:40,,16.48,2258,16.49,16.44,16.45,,237.0
2018-09-13 14:45,,16.49,2258,16.49,16.43,16.48,,620.0
2018-09-13 14:50,,16.48,2258,16.52,16.45,16.49,,485.0
2018-09-13 14:55,,16.46,2258,16.48,16.45,16.48,,380.0
2018-09-13 15:00,,16.46,2258,16.47,16.46,16.46,,179.0
2018-09-14 09:35,,16.71,2258,16.74,16.49,16.49,,2080.0
2018-09-14 09:40,,16.95,2258,17.0,16.71,16.71,,3572.0
2018-09-14 09:45,,17.21,2258,17.21,16.93,16.96,,2784.0
2018-09-14 09:50,,17.79,2258,17.8,17.18,17.21,,3148.0
2018-09-14 09:55,,17.43,2258,17.79,17.32,17.79,,3017.0
2018-09-14 10:00,,17.36,2258,17.45,17.2,17.43,,1597.0
2018-09-14 10:05,,17.27,2258,17.36,17.25,17.36,,506.0
2018-09-14 10:10,,17.28,2258,17.36,17.26,17.26,,978.0
2018-09-14 10:15,,17.26,2258,17.31,17.22,17.28,,530.0
2018-09-14 10:20,,17.19,2258,17.26,17.17,17.26,,574.0
2018-09-14 10:25,,17.02,2258,17.19,17.0,17.18,,804.0
2018-09-14 10:30,,17.04,2258,17.08,17.01,17.02,,447.0
2018-09-14 10:35,,17.12,2258,17.12,17.03,17.04,,215.0
2018-09-14 10:40,,17.11,2258,17.18,17.11,17.12,,404.0
2018-09-14 10:45,,17.05,2258,17.12,17.02,17.11,,526.0
2018-09-14 10:50,,17.11,2258,17.11,17.05,17.05,,222.0
2018-09-14 10:55,,17.11,2258,17.12,17.09,17.11,,116.0
2018-09-14 11:00,,17.09,2258,17.12,17.09,17.11,,143.0
2018-09-14 11:05,,17.11,2258,17.11,17.06,17.09,,83.0
2018-09-14 11:10,,17.08,2258,17.13,17.08,17.11,,190.0
2018-09-14 11:15,,17.09,2258,17.13,17.07,17.08,,77.0
2018-09-14 11:20,,17.06,2258,17.09,17.06,17.09,,233.0
2018-09-14 11:25,,17.06,2258,17.09,17.06,17.06,,65.0
2018-09-14 11:30,,17.12,2258,17.12,17.07,17.08,,155.0
2018-09-14 13:05,,17.06,2258,17.14,16.96,17.12,,2369.0
2018-09-14 13:10,,17.1,2258,17.15,17.06,17.06,,1055.0
2018-09-14 13:15,,17.31,2258,17.35,17.1,17.1,,685.0
2018-09-14 13:20,,17.39,2258,17.4,17.28,17.31,,1124.0
2018-09-14 13:25,,17.46,2258,17.46,17.39,17.39,,643.0
2018-09-14 13:30,,17.34,2258,17.47,17.34,17.45,,529.0
2018-09-14 13:35,,17.23,2258,17.35,17.22,17.34,,278.0
2018-09-14 13:40,,17.26,2258,17.28,17.23,17.23,,75.0
2018-09-14 13:45,,17.26,2258,17.33,17.26,17.26,,317.0
2018-09-14 13:50,,17.26,2258,17.28,17.25,17.26,,81.0
2018-09-14 13:55,,17.26,2258,17.26,17.25,17.26,,270.0
2018-09-14 14:00,,17.25,2258,17.27,17.25,17.26,,219.0
2018-09-14 14:05,,17.22,2258,17.27,17.22,17.26,,440.0
2018-09-14 14:10,,17.11,2258,17.24,17.1,17.22,,409.0
2018-09-14 14:15,,17.11,2258,17.16,17.09,17.11,,378.0
2018-09-14 14:20,,17.13,2258,17.2,17.12,17.12,,197.0
2018-09-14 14:25,,17.15,2258,17.2,17.13,17.13,,116.0
2018-09-14 14:30,,17.1,2258,17.15,17.1,17.15,,319.0
2018-09-14 14:35,,17.06,2258,17.11,17.04,17.1,,730.0
2018-09-14 14:40,,17.08,2258,17.08,17.06,17.07,,328.0
2018-09-14 14:45,,17.06,2258,17.11,17.06,17.08,,600.0
2018-09-14 14:50,,17.07,2258,17.07,17.05,17.06,,665.0
2018-09-14 14:55,,17.07,2258,17.07,17.06,17.07,,638.0
2018-09-14 15:00,,17.06,2258,17.07,17.06,17.07,,516.0
2018-09-17 09:35,,16.99,2258,17.22,16.88,17.19,,1196.0
2018-09-17 09:40,,16.82,2258,16.99,16.8,16.99,,674.0
2018-09-17 09:45,,16.8,2258,16.84,16.8,16.81,,1217.0
2018-09-17 09:50,,16.8,2258,16.83,16.71,16.8,,805.0
2018-09-17 09:55,,16.75,2258,16.84,16.73,16.8,,283.0
2018-09-17 10:00,,16.72,2258,16.8,16.72,16.78,,346.0
2018-09-17 10:05,,16.82,2258,16.82,16.72,16.72,,441.0
2018-09-17 10:10,,16.89,2258,16.89,16.8,16.82,,362.0
2018-09-17 10:15,,16.99,2258,16.99,16.85,16.89,,227.0
2018-09-17 10:20,,16.95,2258,16.99,16.93,16.99,,172.0
2018-09-17 10:25,,16.98,2258,16.99,16.93,16.95,,329.0
2018-09-17 10:30,,17.17,2258,17.18,16.98,16.98,,594.0
2018-09-17 10:35,,17.12,2258,17.18,17.08,17.17,,762.0
2018-09-17 10:40,,17.15,2258,17.19,17.12,17.12,,379.0
2018-09-17 10:45,,17.19,2258,17.23,17.15,17.15,,455.0
2018-09-17 10:50,,17.24,2258,17.28,17.17,17.19,,624.0
2018-09-17 10:55,,17.25,2258,17.28,17.22,17.24,,681.0
2018-09-17 11:00,,17.18,2258,17.25,17.18,17.25,,265.0
2018-09-17 11:05,,17.16,2258,17.19,17.03,17.18,,679.0
2018-09-17 11:10,,17.2,2258,17.21,17.12,17.16,,409.0
2018-09-17 11:15,,17.15,2258,17.24,17.11,17.2,,386.0
2018-09-17 11:20,,17.19,2258,17.23,17.15,17.15,,233.0
2018-09-17 11:25,,17.11,2258,17.19,17.07,17.19,,203.0
2018-09-17 11:30,,17.11,2258,17.12,17.05,17.11,,125.0
2018-09-17 13:05,,17.0,2258,17.11,17.0,17.11,,251.0
2018-09-17 13:10,,16.96,2258,17.09,16.96,17.0,,157.0
2018-09-17 13:15,,16.95,2258,17.07,16.95,16.96,,127.0
2018-09-17 13:20,,16.97,2258,17.04,16.94,16.95,,179.0
2018-09-17 13:25,,16.9,2258,17.0,16.88,16.97,,422.0
2018-09-17 13:30,,16.87,2258,16.95,16.87,16.9,,303.0
2018-09-17 13:35,,16.87,2258,16.96,16.86,16.87,,415.0
2018-09-17 13:40,,16.87,2258,16.95,16.87,16.87,,273.0
2018-09-17 13:45,,16.88,2258,16.93,16.87,16.87,,226.0
2018-09-17 13:50,,16.95,2258,16.95,16.87,16.88,,225.0
2018-09-17 13:55,,17.14,2258,17.16,16.97,16.97,,269.0
2018-09-17 14:00,,17.08,2258,17.16,17.05,17.14,,168.0
2018-09-17 14:05,,17.09,2258,17.1,17.05,17.08,,222.0
2018-09-17 14:10,,17.03,2258,17.1,17.03,17.09,,81.0
2018-09-17 14:15,,16.96,2258,17.03,16.93,17.03,,107.0
2018-09-17 14:20,,16.96,2258,17.01,16.96,16.96,,123.0
2018-09-17 14:25,,17.07,2258,17.07,16.95,16.96,,77.0
2018-09-17 14:30,,17.01,2258,17.07,17.01,17.07,,109.0
2018-09-17 14:35,,16.92,2258,17.01,16.89,17.01,,352.0
2018-09-17 14:40,,16.92,2258,16.94,16.89,16.92,,128.0
2018-09-17 14:45,,16.94,2258,16.94,16.92,16.92,,97.0
2018-09-17 14:50,,16.94,2258,17.0,16.94,16.94,,219.0
2018-09-17 14:55,,16.89,2258,17.01,16.89,16.94,,574.0
2018-09-17 15:00,,16.89,2258,16.9,16.89,16.89,,405.0
2018-09-18 09:35,,16.82,2258,16.9,16.7,16.83,,891.0
2018-09-18 09:40,,16.8,2258,16.93,16.76,16.82,,432.0
2018-09-18 09:45,,16.96,2258,16.96,16.8,16.8,,531.0
2018-09-18 09:50,,16.98,2258,17.0,16.9,16.96,,442.0
2018-09-18 09:55,,17.0,2258,17.0,16.91,16.98,,671.0
2018-09-18 10:00,,17.02,2258,17.05,16.95,17.0,,445.0
2018-09-18 10:05,,17.08,2258,17.08,16.96,17.02,,653.0
2018-09-18 10:10,,17.12,2258,17.15,17.07,17.08,,516.0
2018-09-18 10:15,,17.13,2258,17.15,17.11,17.12,,309.0
2018-09-18 10:20,,17.1,2258,17.13,17.06,17.13,,288.0
2018-09-18 10:25,,17.14,2258,17.15,17.09,17.1,,268.0
2018-09-18 10:30,,17.08,2258,17.15,17.05,17.14,,337.0
2018-09-18 10:35,,17.06,2258,17.12,17.02,17.09,,410.0
2018-09-18 10:40,,17.06,2258,17.1,17.03,17.03,,299.0
2018-09-18 10:45,,17.05,2258,17.1,17.05,17.1,,373.0
2018-09-18 10:50,,17.06,2258,17.09,17.02,17.05,,453.0
2018-09-18 10:55,,17.11,2258,17.14,17.03,17.06,,695.0
2018-09-18 11:00,,17.08,2258,17.11,17.07,17.11,,540.0
2018-09-18 11:05,,17.1,2258,17.1,17.07,17.08,,277.0
2018-09-18 11:10,,17.1,2258,17.15,17.08,17.1,,486.0
2018-09-18 11:15,,17.12,2258,17.15,17.1,17.1,,285.0
2018-09-18 11:20,,17.04,2258,17.13,17.04,17.12,,533.0
2018-09-18 11:25,,17.06,2258,17.07,17.0,17.04,,805.0
2018-09-18 11:30,,17.08,2258,17.14,17.06,17.06,,210.0
2018-09-18 13:05,,17.15,2258,17.16,17.08,17.08,,761.0
2018-09-18 13:10,,17.13,2258,17.16,17.11,17.15,,589.0
2018-09-18 13:15,,17.12,2258,17.15,17.1,17.13,,255.0
2018-09-18 13:20,,17.1,2258,17.12,17.08,17.12,,448.0
2018-09-18 13:25,,17.05,2258,17.12,17.05,17.1,,480.0
2018-09-18 13:30,,17.06,2258,17.09,17.05,17.05,,146.0
2018-09-18 13:35,,17.1,2258,17.1,17.01,17.06,,650.0
2018-09-18 13:40,,17.08,2258,17.11,17.06,17.1,,421.0
2018-09-18 13:45,,17.14,2258,17.14,17.07,17.08,,253.0
2018-09-18 13:50,,17.14,2258,17.14,17.11,17.14,,239.0
2018-09-18 13:55,,17.25,2258,17.25,17.12,17.14,,1125.0
2018-09-18 14:00,,17.24,2258,17.26,17.21,17.26,,401.0
2018-09-18 14:05,,17.3,2258,17.31,17.24,17.24,,868.0
2018-09-18 14:10,,17.32,2258,17.35,17.3,17.3,,580.0
2018-09-18 14:15,,17.28,2258,17.33,17.24,17.32,,517.0
2018-09-18 14:20,,17.32,2258,17.32,17.28,17.28,,368.0
2018-09-18 14:25,,17.32,2258,17.33,17.31,17.32,,598.0
2018-09-18 14:30,,17.34,2258,17.34,17.3,17.32,,685.0
2018-09-18 14:35,,17.33,2258,17.35,17.32,17.34,,836.0
2018-09-18 14:40,,17.31,2258,17.35,17.28,17.33,,1682.0
2018-09-18 14:45,,17.27,2258,17.32,17.26,17.31,,1210.0
2018-09-18 14:50,,17.21,2258,17.27,17.21,17.27,,790.0
2018-09-18 14:55,,17.11,2258,17.21,17.1,17.21,,1311.0
2018-09-18 15:00,,17.26,2258,17.3,17.1,17.1,,284.0
2018-09-19 09:35,,17.46,2258,17.46,17.2,17.25,,1003.0
2018-09-19 09:40,,17.51,2258,17.57,17.43,17.46,,1993.0
2018-09-19 09:45,,17.5,2258,17.55,17.43,17.51,,2148.0
2018-09-19 09:50,,17.53,2258,17.56,17.45,17.5,,1454.0
2018-09-19 09:55,,17.57,2258,17.58,17.46,17.53,,2347.0
2018-09-19 10:00,,17.51,2258,17.58,17.5,17.57,,2245.0
2018-09-19 10:05,,17.64,2258,17.73,17.5,17.51,,1600.0
2018-09-19 10:10,,17.77,2258,17.82,17.6,17.64,,3155.0
2018-09-19 10:15,,17.9,2258,17.92,17.78,17.78,,2164.0
2018-09-19 10:20,,17.8,2258,18.02,17.8,17.98,,3415.0
2018-09-19 10:25,,17.77,2258,17.86,17.76,17.8,,978.0
2018-09-19 10:30,,17.8,2258,17.81,17.73,17.77,,933.0
2018-09-19 10:35,,17.74,2258,17.81,17.74,17.8,,775.0
2018-09-19 10:40,,17.73,2258,17.79,17.7,17.74,,910.0
2018-09-19 10:45,,17.71,2258,17.78,17.68,17.73,,1064.0
2018-09-19 10:50,,17.73,2258,17.75,17.7,17.71,,600.0
2018-09-19 10:55,,17.65,2258,17.74,17.65,17.73,,790.0
2018-09-19 11:00,,17.63,2258,17.67,17.61,17.65,,624.0
2018-09-19 11:05,,17.65,2258,17.65,17.6,17.63,,501.0
2018-09-19 11:10,,17.59,2258,17.65,17.57,17.65,,838.0
2018-09-19 11:15,,17.63,2258,17.64,17.55,17.59,,726.0
2018-09-19 11:20,,17.61,2258,17.63,17.6,17.63,,593.0
2018-09-19 11:25,,17.55,2258,17.66,17.55,17.61,,358.0
2018-09-19 11:30,,17.6,2258,17.62,17.53,17.59,,338.0
2018-09-19 13:05,,17.63,2258,17.7,17.56,17.64,,303.0
2018-09-19 13:10,,17.61,2258,17.69,17.59,17.63,,683.0
2018-09-19 13:15,,17.6,2258,17.75,17.55,17.61,,1320.0
2018-09-19 13:20,,17.64,2258,17.73,17.6,17.6,,790.0
2018-09-19 13:25,,17.68,2258,17.71,17.6,17.64,,737.0
2018-09-19 13:30,,17.53,2258,17.67,17.53,17.6,,1184.0
2018-09-19 13:35,,17.48,2258,17.55,17.48,17.53,,978.0
2018-09-19 13:40,,17.5,2258,17.55,17.45,17.48,,1058.0
2018-09-19 13:45,,17.47,2258,17.5,17.4,17.5,,1063.0
2018-09-19 13:50,,17.5,2258,17.5,17.41,17.47,,1362.0
2018-09-19 13:55,,17.5,2258,17.5,17.41,17.5,,1732.0
2018-09-19 14:00,,17.49,2258,17.55,17.4,17.5,,2499.0
2018-09-19 14:05,,17.47,2258,17.53,17.43,17.49,,870.0
2018-09-19 14:10,,17.4,2258,17.51,17.4,17.47,,932.0
2018-09-19 14:15,,17.4,2258,17.48,17.38,17.4,,827.0
2018-09-19 14:20,,17.4,2258,17.49,17.4,17.4,,901.0
2018-09-19 14:25,,17.4,2258,17.5,17.38,17.4,,851.0
2018-09-19 14:30,,17.42,2258,17.49,17.4,17.4,,1114.0
2018-09-19 14:35,,17.38,2258,17.55,17.36,17.42,,1916.0
2018-09-19 14:40,,17.37,2258,17.45,17.35,17.36,,1352.0
2018-09-19 14:45,,17.3,2258,17.45,17.3,17.37,,2125.0
2018-09-19 14:50,,17.3,2258,17.34,17.25,17.34,,1097.0
2018-09-19 14:55,,17.25,2258,17.3,17.23,17.3,,597.0
2018-09-19 15:00,,17.3,2258,17.3,17.23,17.25,,271.0
2018-09-20 09:35,,17.48,2258,17.69,17.36,17.36,,950.0
2018-09-20 09:40,,17.48,2258,17.55,17.47,17.48,,362.0
2018-09-20 09:45,,17.47,2258,17.51,17.43,17.48,,425.0
2018-09-20 09:50,,17.55,2258,17.6,17.46,17.47,,421.0
2018-09-20 09:55,,17.6,2258,17.63,17.54,17.55,,527.0
2018-09-20 10:00,,17.63,2258,17.64,17.59,17.6,,512.0
2018-09-20 10:05,,17.59,2258,17.63,17.58,17.63,,217.0
2018-09-20 10:10,,17.58,2258,17.6,17.57,17.59,,271.0
2018-09-20 10:15,,17.59,2258,17.6,17.5,17.58,,1148.0
2018-09-20 10:20,,17.55,2258,17.6,17.55,17.59,,635.0
2018-09-20 10:25,,17.6,2258,17.6,17.55,17.55,,571.0
2018-09-20 10:30,,17.52,2258,17.6,17.51,17.58,,635.0
2018-09-20 10:35,,17.5,2258,17.52,17.47,17.52,,733.0
2018-09-20 10:40,,17.52,2258,17.52,17.48,17.5,,371.0
2018-09-20 10:45,,17.58,2258,17.59,17.52,17.52,,304.0
2018-09-20 10:50,,17.58,2258,17.58,17.5,17.58,,471.0
2018-09-20 10:55,,17.54,2258,17.59,17.52,17.58,,328.0
2018-09-20 11:00,,17.6,2258,17.6,17.53,17.54,,312.0
2018-09-20 11:05,,17.55,2258,17.6,17.54,17.6,,312.0
2018-09-20 11:10,,17.59,2258,17.6,17.55,17.55,,260.0
2018-09-20 11:15,,17.59,2258,17.59,17.55,17.59,,127.0
2018-09-20 11:20,,17.54,2258,17.59,17.52,17.59,,357.0
2018-09-20 11:25,,17.58,2258,17.58,17.52,17.54,,365.0
2018-09-20 11:30,,17.54,2258,17.58,17.53,17.58,,121.0
2018-09-20 13:05,,17.55,2258,17.55,17.53,17.54,,320.0
2018-09-20 13:10,,17.59,2258,17.59,17.52,17.55,,217.0
2018-09-20 13:15,,17.59,2258,17.59,17.52,17.59,,223.0
2018-09-20 13:20,,17.59,2258,17.59,17.53,17.59,,183.0
2018-09-20 13:25,,17.6,2258,17.6,17.54,17.59,,186.0
2018-09-20 13:30,,17.57,2258,17.6,17.56,17.6,,170.0
2018-09-20 13:35,,17.6,2258,17.6,17.57,17.57,,207.0
2018-09-20 13:40,,17.59,2258,17.6,17.56,17.6,,290.0
2018-09-20 13:45,,17.58,2258,17.59,17.55,17.59,,214.0
2018-09-20 13:50,,17.65,2258,17.65,17.55,17.58,,677.0
2018-09-20 13:55,,17.63,2258,17.67,17.6,17.65,,422.0
2018-09-20 14:00,,17.64,2258,17.65,17.6,17.63,,390.0
2018-09-20 14:05,,17.63,2258,17.65,17.6,17.64,,182.0
2018-09-20 14:10,,17.61,2258,17.65,17.56,17.63,,372.0
2018-09-20 14:15,,17.55,2258,17.64,17.55,17.61,,328.0
2018-09-20 14:20,,17.62,2258,17.63,17.55,17.57,,459.0
2018-09-20 14:25,,17.58,2258,17.63,17.55,17.6,,309.0
2018-09-20 14:30,,17.55,2258,17.58,17.49,17.58,,944.0
2018-09-20 14:35,,17.49,2258,17.56,17.49,17.55,,631.0
2018-09-20 14:40,,17.5,2258,17.55,17.44,17.55,,478.0
2018-09-20 14:45,,17.46,2258,17.55,17.45,17.5,,1587.0
2018-09-20 14:50,,17.44,2258,17.54,17.44,17.46,,2056.0
2018-09-20 14:55,,17.45,2258,17.5,17.43,17.44,,818.0
2018-09-20 15:00,,17.48,2258,17.49,17.45,17.45,,113.0
2018-09-21 09:35,,17.53,2258,17.65,17.52,17.52,,553.0
2018-09-21 09:40,,17.45,2258,17.55,17.43,17.53,,308.0
2018-09-21 09:45,,17.37,2258,17.46,17.37,17.45,,468.0
2018-09-21 09:50,,17.31,2258,17.37,17.3,17.37,,355.0
2018-09-21 09:55,,17.33,2258,17.34,17.3,17.31,,291.0
2018-09-21 10:00,,17.16,2258,17.33,17.16,17.33,,812.0
2018-09-21 10:05,,17.17,2258,17.22,17.16,17.16,,661.0
2018-09-21 10:10,,17.16,2258,17.17,17.15,17.17,,349.0
2018-09-21 10:15,,17.17,2258,17.17,17.15,17.16,,433.0
2018-09-21 10:20,,17.13,2258,17.18,17.13,17.17,,528.0
2018-09-21 10:25,,17.08,2258,17.14,17.04,17.13,,843.0
2018-09-21 10:30,,16.93,2258,17.08,16.93,17.08,,1261.0
2018-09-21 10:35,,16.9,2258,16.96,16.89,16.93,,1766.0
2018-09-21 10:40,,16.92,2258,16.92,16.87,16.9,,741.0
2018-09-21 10:45,,16.99,2258,17.0,16.9,16.92,,961.0
2018-09-21 10:50,,16.97,2258,16.99,16.95,16.99,,406.0
2018-09-21 10:55,,16.99,2258,17.02,16.97,16.97,,305.0
2018-09-21 11:00,,16.98,2258,16.99,16.95,16.99,,497.0
2018-09-21 11:05,,16.98,2258,16.99,16.96,16.98,,543.0
2018-09-21 11:10,,16.98,2258,16.99,16.97,16.98,,307.0
2018-09-21 11:15,,17.04,2258,17.04,16.97,16.98,,485.0
2018-09-21 11:20,,17.07,2258,17.07,17.02,17.04,,259.0
2018-09-21 11:25,,17.27,2258,17.33,17.07,17.07,,488.0
2018-09-21 11:30,,17.21,2258,17.27,17.14,17.27,,537.0
2018-09-21 13:05,,17.32,2258,17.35,17.2,17.21,,958.0
2018-09-21 13:10,,17.38,2258,17.41,17.32,17.32,,462.0
2018-09-21 13:15,,17.4,2258,17.43,17.38,17.38,,276.0
2018-09-21 13:20,,17.46,2258,17.5,17.37,17.39,,778.0
2018-09-21 13:25,,17.48,2258,17.48,17.4,17.45,,341.0
2018-09-21 13:30,,17.5,2258,17.5,17.48,17.48,,327.0
2018-09-21 13:35,,17.49,2258,17.51,17.48,17.5,,644.0
2018-09-21 13:40,,17.45,2258,17.52,17.45,17.49,,700.0
2018-09-21 13:45,,17.45,2258,17.46,17.4,17.45,,307.0
2018-09-21 13:50,,17.49,2258,17.5,17.45,17.45,,325.0
2018-09-21 13:55,,17.47,2258,17.5,17.46,17.49,,264.0
2018-09-21 14:00,,17.47,2258,17.5,17.45,17.47,,730.0
2018-09-21 14:05,,17.5,2258,17.5,17.46,17.48,,357.0
2018-09-21 14:10,,17.52,2258,17.52,17.47,17.5,,307.0
2018-09-21 14:15,,17.66,2258,17.68,17.52,17.52,,1185.0
2018-09-21 14:20,,17.66,2258,17.66,17.63,17.66,,494.0
2018-09-21 14:25,,17.69,2258,17.72,17.66,17.66,,754.0
2018-09-21 14:30,,17.65,2258,17.7,17.64,17.69,,661.0
2018-09-21 14:35,,17.7,2258,17.7,17.65,17.65,,801.0
2018-09-21 14:40,,17.65,2258,17.7,17.6,17.7,,276.0
2018-09-21 14:45,,17.66,2258,17.69,17.61,17.65,,593.0
2018-09-21 14:50,,17.68,2258,17.68,17.62,17.66,,300.0
2018-09-21 14:55,,17.57,2258,17.7,17.57,17.68,,674.0
2018-09-21 15:00,,17.53,2258,17.57,17.52,17.57,,638.0
2018-09-25 09:35,,17.53,2258,17.58,17.35,17.35,,813.0
2018-09-25 09:40,,17.45,2258,17.53,17.26,17.53,,518.0
2018-09-25 09:45,,17.4,2258,17.45,17.4,17.45,,417.0
2018-09-25 09:50,,17.46,2258,17.46,17.39,17.4,,515.0
2018-09-25 09:55,,17.54,2258,17.57,17.46,17.52,,234.0
2018-09-25 10:00,,17.58,2258,17.58,17.5,17.54,,343.0
2018-09-25 10:05,,17.65,2258,17.73,17.58,17.58,,666.0
2018-09-25 10:10,,17.68,2258,17.7,17.65,17.65,,176.0
2018-09-25 10:15,,17.6,2258,17.68,17.6,17.68,,137.0
2018-09-25 10:20,,17.56,2258,17.61,17.56,17.6,,277.0
2018-09-25 10:25,,17.6,2258,17.62,17.56,17.56,,306.0
2018-09-25 10:30,,17.56,2258,17.6,17.51,17.6,,284.0
2018-09-25 10:35,,17.56,2258,17.62,17.53,17.56,,357.0
2018-09-25 10:40,,17.68,2258,17.68,17.58,17.58,,448.0
2018-09-25 10:45,,17.65,2258,17.68,17.62,17.68,,103.0
2018-09-25 10:50,,17.59,2258,17.65,17.58,17.65,,402.0
2018-09-25 10:55,,17.59,2258,17.62,17.58,17.61,,365.0
2018-09-25 11:00,,17.63,2258,17.63,17.59,17.59,,171.0
2018-09-25 11:05,,17.62,2258,17.63,17.62,17.63,,153.0
2018-09-25 11:10,,17.62,2258,17.63,17.61,17.62,,610.0
2018-09-25 11:15,,17.62,2258,17.63,17.61,17.62,,71.0
2018-09-25 11:20,,17.61,2258,17.65,17.61,17.63,,289.0
2018-09-25 11:25,,17.59,2258,17.62,17.58,17.61,,387.0
2018-09-25 11:30,,17.61,2258,17.61,17.59,17.59,,163.0
2018-09-25 13:05,,17.6,2258,17.61,17.6,17.61,,171.0
2018-09-25 13:10,,17.6,2258,17.6,17.58,17.6,,257.0
2018-09-25 13:15,,17.57,2258,17.6,17.56,17.6,,277.0
2018-09-25 13:20,,17.56,2258,17.6,17.56,17.57,,343.0
2018-09-25 13:25,,17.54,2258,17.56,17.53,17.56,,62.0
2018-09-25 13:30,,17.58,2258,17.59,17.52,17.54,,209.0
2018-09-25 13:35,,17.56,2258,17.58,17.55,17.58,,145.0
2018-09-25 13:40,,17.51,2258,17.56,17.51,17.56,,111.0
2018-09-25 13:45,,17.53,2258,17.53,17.51,17.51,,47.0
2018-09-25 13:50,,17.52,2258,17.53,17.51,17.53,,59.0
2018-09-25 13:55,,17.59,2258,17.59,17.51,17.52,,427.0
2018-09-25 14:00,,17.55,2258,17.59,17.55,17.59,,16.0
2018-09-25 14:05,,17.6,2258,17.6,17.55,17.55,,118.0
2018-09-25 14:10,,17.61,2258,17.62,17.6,17.6,,74.0
2018-09-25 14:15,,17.65,2258,17.65,17.61,17.61,,289.0
2018-09-25 14:20,,17.7,2258,17.7,17.65,17.65,,484.0
2018-09-25 14:25,,17.72,2258,17.73,17.7,17.7,,254.0
2018-09-25 14:30,,17.69,2258,17.73,17.67,17.72,,588.0
2018-09-25 14:35,,17.69,2258,17.7,17.66,17.69,,506.0
2018-09-25 14:40,,17.69,2258,17.7,17.63,17.69,,86.0
2018-09-25 14:45,,17.7,2258,17.75,17.67,17.69,,1190.0
2018-09-25 14:50,,17.69,2258,17.76,17.69,17.7,,606.0
2018-09-25 14:55,,17.6,2258,17.7,17.6,17.69,,458.0
2018-09-25 15:00,,17.67,2258,17.7,17.6,17.6,,393.0
2018-09-26 09:35,,17.95,2258,17.95,17.62,17.75,,1178.0
2018-09-26 09:40,,18.12,2258,18.13,17.95,17.95,,2938.0
2018-09-26 09:45,,18.29,2258,18.37,18.12,18.12,,3405.0
2018-09-26 09:50,,18.24,2258,18.29,18.12,18.29,,3489.0
2018-09-26 09:55,,18.07,2258,18.27,18.03,18.24,,2483.0
2018-09-26 10:00,,18.15,2258,18.15,18.1,18.1,,1370.0
2018-09-26 10:05,,18.22,2258,18.23,18.15,18.15,,992.0
2018-09-26 10:10,,18.32,2258,18.35,18.22,18.22,,2240.0
2018-09-26 10:15,,18.46,2258,18.48,18.32,18.32,,2655.0
2018-09-26 10:20,,18.53,2258,18.55,18.46,18.47,,1977.0
2018-09-26 10:25,,18.68,2258,18.68,18.5,18.53,,2875.0
2018-09-26 10:30,,18.89,2258,18.9,18.68,18.68,,3401.0
2018-09-26 10:35,,18.88,2258,19.03,18.82,18.89,,3597.0
2018-09-26 10:40,,18.7,2258,18.9,18.65,18.83,,1664.0
2018-09-26 10:45,,18.68,2258,18.7,18.65,18.7,,767.0
2018-09-26 10:50,,18.79,2258,18.79,18.65,18.68,,1037.0
2018-09-26 10:55,,18.73,2258,18.79,18.72,18.79,,466.0
2018-09-26 11:00,,18.78,2258,18.81,18.73,18.73,,1502.0
2018-09-26 11:05,,18.78,2258,18.81,18.77,18.78,,972.0
2018-09-26 11:10,,18.66,2258,18.78,18.64,18.78,,818.0
2018-09-26 11:15,,18.68,2258,18.71,18.6,18.66,,551.0
2018-09-26 11:20,,18.6,2258,18.68,18.55,18.68,,743.0
2018-09-26 11:25,,18.68,2258,18.7,18.59,18.6,,605.0
2018-09-26 11:30,,18.66,2258,18.68,18.63,18.68,,447.0
2018-09-26 13:05,,18.69,2258,18.7,18.66,18.66,,1240.0
2018-09-26 13:10,,18.7,2258,18.7,18.69,18.69,,463.0
2018-09-26 13:15,,18.69,2258,18.7,18.63,18.7,,456.0
2018-09-26 13:20,,18.65,2258,18.69,18.61,18.69,,514.0
2018-09-26 13:25,,18.66,2258,18.66,18.62,18.65,,310.0
2018-09-26 13:30,,18.67,2258,18.67,18.6,18.66,,803.0
2018-09-26 13:35,,18.63,2258,18.69,18.63,18.67,,536.0
2018-09-26 13:40,,18.62,2258,18.65,18.59,18.63,,726.0
2018-09-26 13:45,,18.64,2258,18.64,18.61,18.62,,427.0
2018-09-26 13:50,,18.65,2258,18.67,18.63,18.64,,642.0
2018-09-26 13:55,,18.63,2258,18.66,18.6,18.65,,587.0
2018-09-26 14:00,,18.62,2258,18.63,18.55,18.63,,1101.0
2018-09-26 14:05,,18.61,2258,18.63,18.57,18.62,,606.0
2018-09-26 14:10,,18.57,2258,18.63,18.57,18.61,,530.0
2018-09-26 14:15,,18.56,2258,18.59,18.51,18.57,,847.0
2018-09-26 14:20,,18.57,2258,18.58,18.55,18.56,,777.0
2018-09-26 14:25,,18.6,2258,18.62,18.57,18.57,,633.0
2018-09-26 14:30,,18.59,2258,18.61,18.56,18.6,,508.0
2018-09-26 14:35,,18.59,2258,18.59,18.55,18.59,,598.0
2018-09-26 14:40,,18.51,2258,18.59,18.48,18.59,,2398.0
2018-09-26 14:45,,18.52,2258,18.53,18.5,18.51,,722.0
2018-09-26 14:50,,18.57,2258,18.57,18.5,18.52,,1146.0
2018-09-26 14:55,,18.55,2258,18.62,18.52,18.57,,1220.0
2018-09-26 15:00,,18.53,2258,18.55,18.53,18.55,,240.0
2018-09-27 09:35,,18.66,2258,18.79,18.33,18.38,,2719.0
2018-09-27 09:40,,18.66,2258,18.75,18.62,18.68,,1049.0
2018-09-27 09:45,,18.63,2258,18.7,18.62,18.66,,447.0
2018-09-27 09:50,,18.66,2258,18.69,18.6,18.63,,222.0
2018-09-27 09:55,,18.67,2258,18.75,18.65,18.66,,906.0
2018-09-27 10:00,,18.65,2258,18.73,18.64,18.67,,1312.0
2018-09-27 10:05,,18.58,2258,18.69,18.56,18.65,,1290.0
2018-09-27 10:10,,18.58,2258,18.58,18.44,18.58,,669.0
2018-09-27 10:15,,18.58,2258,18.64,18.56,18.58,,329.0
2018-09-27 10:20,,18.49,2258,18.64,18.48,18.58,,358.0
2018-09-27 10:25,,18.55,2258,18.58,18.48,18.49,,493.0
2018-09-27 10:30,,18.5,2258,18.6,18.5,18.55,,361.0
2018-09-27 10:35,,18.46,2258,18.53,18.45,18.5,,359.0
2018-09-27 10:40,,18.59,2258,18.59,18.46,18.46,,394.0
2018-09-27 10:45,,18.58,2258,18.66,18.49,18.49,,830.0
2018-09-27 10:50,,18.55,2258,18.6,18.53,18.58,,85.0
2018-09-27 10:55,,18.55,2258,18.56,18.53,18.55,,103.0
2018-09-27 11:00,,18.66,2258,18.66,18.53,18.55,,790.0
2018-09-27 11:05,,18.71,2258,18.74,18.66,18.66,,629.0
2018-09-27 11:10,,18.76,2258,18.76,18.66,18.71,,535.0
2018-09-27 11:15,,18.78,2258,18.86,18.76,18.76,,845.0
2018-09-27 11:20,,18.75,2258,18.82,18.75,18.78,,432.0
2018-09-27 11:25,,18.76,2258,18.78,18.7,18.75,,341.0
2018-09-27 11:30,,18.77,2258,18.77,18.7,18.76,,176.0
2018-09-27 13:05,,18.63,2258,18.77,18.61,18.77,,523.0
2018-09-27 13:10,,18.61,2258,18.63,18.61,18.63,,88.0
2018-09-27 13:15,,18.54,2258,18.61,18.54,18.61,,309.0
2018-09-27 13:20,,18.5,2258,18.55,18.49,18.54,,353.0
2018-09-27 13:25,,18.52,2258,18.55,18.49,18.5,,315.0
2018-09-27 13:30,,18.51,2258,18.6,18.5,18.52,,254.0
2018-09-27 13:35,,18.52,2258,18.54,18.49,18.51,,159.0
2018-09-27 13:40,,18.51,2258,18.56,18.5,18.52,,141.0
2018-09-27 13:45,,18.43,2258,18.51,18.43,18.51,,363.0
2018-09-27 13:50,,18.44,2258,18.46,18.4,18.43,,244.0
2018-09-27 13:55,,18.38,2258,18.44,18.33,18.44,,356.0
2018-09-27 14:00,,18.34,2258,18.41,18.33,18.34,,426.0
2018-09-27 14:05,,18.4,2258,18.4,18.33,18.34,,495.0
2018-09-27 14:10,,18.35,2258,18.4,18.34,18.4,,122.0
2018-09-27 14:15,,18.4,2258,18.49,18.35,18.35,,255.0
2018-09-27 14:20,,18.43,2258,18.43,18.4,18.4,,181.0
2018-09-27 14:25,,18.42,2258,18.46,18.4,18.43,,492.0
2018-09-27 14:30,,18.42,2258,18.43,18.4,18.42,,251.0
2018-09-27 14:35,,18.41,2258,18.42,18.38,18.42,,947.0
2018-09-27 14:40,,18.34,2258,18.41,18.34,18.41,,527.0
2018-09-27 14:45,,18.36,2258,18.37,18.3,18.34,,550.0
2018-09-27 14:50,,18.32,2258,18.36,18.32,18.36,,496.0
2018-09-27 14:55,,18.33,2258,18.48,18.31,18.32,,859.0
2018-09-27 15:00,,18.47,2258,18.49,18.33,18.33,,96.0
2018-09-28 09:35,,18.47,2258,18.5,18.21,18.42,,921.0
2018-09-28 09:40,,18.45,2258,18.52,18.44,18.47,,599.0
2018-09-28 09:45,,18.47,2258,18.5,18.42,18.45,,853.0
2018-09-28 09:50,,18.46,2258,18.52,18.43,18.47,,756.0
2018-09-28 09:55,,18.5,2258,18.5,18.43,18.46,,670.0
2018-09-28 10:00,,18.6,2258,18.64,18.44,18.5,,1585.0
2018-09-28 10:05,,18.6,2258,18.62,18.6,18.6,,639.0
2018-09-28 10:10,,18.57,2258,18.6,18.51,18.6,,763.0
2018-09-28 10:15,,18.63,2258,18.63,18.52,18.57,,2067.0
2018-09-28 10:20,,18.78,2258,18.8,18.6,18.63,,1807.0
2018-09-28 10:25,,18.9,2258,18.9,18.78,18.8,,1546.0
2018-09-28 10:30,,18.96,2258,18.96,18.8,18.9,,2081.0
2018-09-28 10:35,,19.0,2258,19.07,18.83,18.96,,3865.0
2018-09-28 10:40,,19.13,2258,19.14,19.0,19.0,,2540.0
2018-09-28 10:45,,19.05,2258,19.15,19.02,19.13,,1423.0
2018-09-28 10:50,,18.94,2258,19.05,18.9,19.05,,1179.0
2018-09-28 10:55,,18.95,2258,19.01,18.92,18.94,,867.0
2018-09-28 11:00,,18.98,2258,19.0,18.94,18.95,,961.0
2018-09-28 11:05,,19.01,2258,19.03,18.95,18.98,,1883.0
2018-09-28 11:10,,18.96,2258,19.01,18.95,19.01,,1324.0
2018-09-28 11:15,,18.92,2258,18.99,18.92,18.96,,444.0
2018-09-28 11:20,,18.91,2258,18.97,18.9,18.92,,680.0
2018-09-28 11:25,,18.83,2258,18.91,18.83,18.9,,1393.0
2018-09-28 11:30,,18.83,2258,18.95,18.83,18.83,,1331.0
2018-09-28 13:05,,18.86,2258,18.9,18.79,18.83,,806.0
2018-09-28 13:10,,18.94,2258,18.95,18.86,18.86,,811.0
2018-09-28 13:15,,18.92,2258,18.95,18.9,18.94,,437.0
2018-09-28 13:20,,19.0,2258,19.01,18.9,18.92,,963.0
2018-09-28 13:25,,19.11,2258,19.11,18.95,19.0,,1284.0
2018-09-28 13:30,,19.3,2258,19.32,19.11,19.11,,3902.0
2018-09-28 13:35,,19.2,2258,19.3,19.18,19.3,,876.0
2018-09-28 13:40,,19.18,2258,19.21,19.15,19.2,,609.0
2018-09-28 13:45,,19.21,2258,19.23,19.13,19.18,,905.0
2018-09-28 13:50,,19.15,2258,19.21,19.08,19.21,,809.0
2018-09-28 13:55,,19.11,2258,19.16,19.07,19.15,,815.0
2018-09-28 14:00,,19.11,2258,19.13,19.04,19.11,,1023.0
2018-09-28 14:05,,19.1,2258,19.12,19.05,19.11,,415.0
2018-09-28 14:10,,19.09,2258,19.13,19.04,19.1,,683.0
2018-09-28 14:15,,19.1,2258,19.11,19.06,19.09,,823.0
2018-09-28 14:20,,19.06,2258,19.11,19.0,19.1,,1068.0
2018-09-28 14:25,,19.15,2258,19.15,19.06,19.06,,1089.0
2018-09-28 14:30,,19.19,2258,19.3,19.15,19.15,,2656.0
2018-09-28 14:35,,19.11,2258,19.19,19.07,19.19,,1142.0
2018-09-28 14:40,,19.12,2258,19.15,19.11,19.14,,588.0
2018-09-28 14:45,,19.08,2258,19.12,19.05,19.12,,474.0
2018-09-28 14:50,,19.05,2258,19.09,19.04,19.08,,827.0
2018-09-28 14:55,,19.09,2258,19.09,19.05,19.05,,349.0
2018-09-28 15:00,,19.08,2258,19.09,19.07,19.09,,540.0
2018-10-08 09:35,,18.86,2258,19.01,18.52,18.6,,3932.0
2018-10-08 09:40,,19.03,2258,19.05,18.85,18.86,,1551.0
2018-10-08 09:45,,19.01,2258,19.05,18.88,19.03,,3961.0
2018-10-08 09:50,,18.91,2258,19.01,18.9,19.01,,3026.0
2018-10-08 09:55,,18.89,2258,19.0,18.88,18.91,,706.0
2018-10-08 10:00,,18.85,2258,18.97,18.85,18.89,,868.0
2018-10-08 10:05,,18.77,2258,18.85,18.73,18.85,,680.0
2018-10-08 10:10,,18.75,2258,18.8,18.74,18.77,,302.0
2018-10-08 10:15,,18.78,2258,18.79,18.75,18.75,,166.0
2018-10-08 10:20,,18.79,2258,18.8,18.75,18.78,,799.0
2018-10-08 10:25,,18.9,2258,18.9,18.78,18.79,,367.0
2018-10-08 10:30,,18.9,2258,18.94,18.82,18.89,,2582.0
2018-10-08 10:35,,19.01,2258,19.01,18.9,18.94,,1388.0
2018-10-08 10:40,,19.0,2258,19.04,19.0,19.01,,245.0
2018-10-08 10:45,,19.0,2258,19.02,18.98,19.0,,680.0
2018-10-08 10:50,,18.9,2258,19.01,18.9,19.0,,690.0
2018-10-08 10:55,,18.96,2258,18.96,18.9,18.9,,382.0
2018-10-08 11:00,,18.9,2258,19.01,18.9,18.96,,624.0
2018-10-08 11:05,,18.82,2258,18.94,18.82,18.94,,905.0
2018-10-08 11:10,,18.85,2258,18.87,18.8,18.82,,630.0
2018-10-08 11:15,,18.85,2258,18.89,18.79,18.85,,270.0
2018-10-08 11:20,,18.85,2258,18.87,18.8,18.85,,145.0
2018-10-08 11:25,,18.85,2258,18.86,18.85,18.85,,61.0
2018-10-08 11:30,,18.91,2258,18.91,18.85,18.87,,31.0
2018-10-08 13:05,,18.91,2258,18.93,18.91,18.91,,175.0
2018-10-08 13:10,,18.92,2258,18.93,18.91,18.91,,51.0
2018-10-08 13:15,,18.91,2258,18.93,18.89,18.92,,208.0
2018-10-08 13:20,,18.95,2258,18.97,18.91,18.91,,454.0
2018-10-08 13:25,,18.96,2258,18.96,18.94,18.95,,235.0
2018-10-08 13:30,,18.91,2258,18.96,18.91,18.96,,270.0
2018-10-08 13:35,,18.85,2258,18.93,18.85,18.91,,1584.0
2018-10-08 13:40,,18.84,2258,18.88,18.8,18.85,,1057.0
2018-10-08 13:45,,18.82,2258,18.88,18.82,18.84,,702.0
2018-10-08 13:50,,18.85,2258,18.9,18.82,18.82,,178.0
2018-10-08 13:55,,18.87,2258,18.89,18.85,18.85,,201.0
2018-10-08 14:00,,18.86,2258,18.88,18.86,18.87,,113.0
2018-10-08 14:05,,18.85,2258,18.88,18.85,18.86,,286.0
2018-10-08 14:10,,18.81,2258,18.85,18.8,18.85,,491.0
2018-10-08 14:15,,18.85,2258,18.89,18.8,18.81,,754.0
2018-10-08 14:20,,18.8,2258,18.85,18.8,18.85,,477.0
2018-10-08 14:25,,18.75,2258,18.8,18.75,18.8,,616.0
2018-10-08 14:30,,18.77,2258,18.82,18.75,18.75,,121.0
2018-10-08 14:35,,18.75,2258,18.8,18.75,18.77,,307.0
2018-10-08 14:40,,18.84,2258,18.86,18.75,18.76,,486.0
2018-10-08 14:45,,18.83,2258,18.84,18.81,18.84,,335.0
2018-10-08 14:50,,18.76,2258,18.85,18.75,18.83,,511.0
2018-10-08 14:55,,18.85,2258,18.85,18.72,18.76,,676.0
2018-10-08 15:00,,18.82,2258,18.85,18.79,18.85,,131.0
2018-10-09 09:35,,18.95,2258,19.04,18.89,18.9,,710.0
2018-10-09 09:40,,18.84,2258,18.98,18.7,18.95,,748.0
2018-10-09 09:45,,18.71,2258,18.88,18.71,18.84,,489.0
2018-10-09 09:50,,18.84,2258,18.84,18.71,18.71,,393.0
2018-10-09 09:55,,18.8,2258,18.84,18.8,18.84,,178.0
2018-10-09 10:00,,18.82,2258,18.84,18.8,18.8,,285.0
2018-10-09 10:05,,18.86,2258,18.87,18.8,18.82,,500.0
2018-10-09 10:10,,18.89,2258,18.92,18.85,18.86,,839.0
2018-10-09 10:15,,18.8,2258,18.89,18.8,18.89,,229.0
2018-10-09 10:20,,18.8,2258,18.85,18.8,18.8,,137.0
2018-10-09 10:25,,18.78,2258,18.82,18.78,18.8,,161.0
2018-10-09 10:30,,18.76,2258,18.82,18.76,18.78,,137.0
2018-10-09 10:35,,18.81,2258,18.82,18.76,18.76,,155.0
2018-10-09 10:40,,18.73,2258,18.82,18.71,18.81,,477.0
2018-10-09 10:45,,18.66,2258,18.74,18.66,18.73,,276.0
2018-10-09 10:50,,18.58,2258,18.69,18.58,18.66,,395.0
2018-10-09 10:55,,18.52,2258,18.59,18.52,18.58,,442.0
2018-10-09 11:00,,18.55,2258,18.6,18.52,18.52,,331.0
2018-10-09 11:05,,18.55,2258,18.59,18.53,18.55,,326.0
2018-10-09 11:10,,18.51,2258,18.58,18.43,18.55,,1018.0
2018-10-09 11:15,,18.44,2258,18.51,18.43,18.51,,403.0
2018-10-09 11:20,,18.5,2258,18.5,18.32,18.43,,856.0
2018-10-09 11:25,,18.61,2258,18.72,18.46,18.5,,512.0
2018-10-09 11:30,,18.62,2258,18.69,18.55,18.61,,377.0
2018-10-09 13:05,,18.69,2258,18.7,18.55,18.62,,370.0
2018-10-09 13:10,,18.9,2258,18.9,18.65,18.69,,557.0
2018-10-09 13:15,,18.83,2258,18.9,18.81,18.9,,223.0
2018-10-09 13:20,,18.86,2258,18.87,18.82,18.83,,149.0
2018-10-09 13:25,,18.87,2258,18.9,18.83,18.86,,264.0
2018-10-09 13:30,,18.93,2258,18.93,18.87,18.87,,182.0
2018-10-09 13:35,,18.99,2258,19.01,18.93,18.93,,1927.0
2018-10-09 13:40,,19.0,2258,19.05,18.99,18.99,,1098.0
2018-10-09 13:45,,18.92,2258,19.0,18.92,19.0,,715.0
2018-10-09 13:50,,18.78,2258,18.95,18.76,18.92,,863.0
2018-10-09 13:55,,18.87,2258,18.88,18.78,18.78,,142.0
2018-10-09 14:00,,18.8,2258,18.86,18.8,18.86,,713.0
2018-10-09 14:05,,18.78,2258,18.8,18.72,18.8,,798.0
2018-10-09 14:10,,18.76,2258,18.8,18.75,18.78,,261.0
2018-10-09 14:15,,18.75,2258,18.78,18.72,18.76,,1239.0
2018-10-09 14:20,,18.74,2258,18.82,18.73,18.75,,1521.0
2018-10-09 14:25,,18.74,2258,18.75,18.74,18.74,,248.0
2018-10-09 14:30,,18.69,2258,18.77,18.67,18.74,,882.0
2018-10-09 14:35,,18.61,2258,18.7,18.61,18.69,,634.0
2018-10-09 14:40,,18.6,2258,18.63,18.6,18.61,,402.0
2018-10-09 14:45,,18.6,2258,18.65,18.6,18.6,,1068.0
2018-10-09 14:50,,18.6,2258,18.64,18.6,18.61,,609.0
2018-10-09 14:55,,18.65,2258,18.65,18.58,18.6,,467.0
2018-10-09 15:00,,18.64,2258,18.65,18.62,18.65,,159.0
2018-10-10 09:35,,18.94,2258,19.09,18.72,18.72,,1139.0
2018-10-10 09:40,,18.88,2258,18.95,18.88,18.94,,464.0
2018-10-10 09:45,,19.05,2258,19.05,18.88,18.88,,1867.0
2018-10-10 09:50,,19.07,2258,19.08,18.99,19.05,,736.0
2018-10-10 09:55,,19.1,2258,19.18,19.06,19.07,,878.0
2018-10-10 10:00,,18.95,2258,19.1,18.93,19.1,,493.0
2018-10-10 10:05,,18.92,2258,19.1,18.92,18.95,,888.0
2018-10-10 10:10,,18.96,2258,19.08,18.92,18.92,,959.0
2018-10-10 10:15,,18.97,2258,19.0,18.95,18.96,,128.0
2018-10-10 10:20,,18.91,2258,18.97,18.91,18.97,,255.0
2018-10-10 10:25,,18.88,2258,18.92,18.87,18.91,,173.0
2018-10-10 10:30,,18.9,2258,18.9,18.83,18.88,,247.0
2018-10-10 10:35,,18.83,2258,18.9,18.82,18.9,,77.0
2018-10-10 10:40,,18.81,2258,18.83,18.81,18.83,,143.0
2018-10-10 10:45,,18.7,2258,18.82,18.7,18.81,,308.0
2018-10-10 10:50,,18.75,2258,18.75,18.7,18.7,,242.0
2018-10-10 10:55,,18.7,2258,18.75,18.7,18.74,,212.0
2018-10-10 11:00,,18.59,2258,18.68,18.57,18.68,,316.0
2018-10-10 11:05,,18.74,2258,18.74,18.55,18.59,,805.0
2018-10-10 11:10,,18.66,2258,18.74,18.62,18.74,,204.0
2018-10-10 11:15,,18.66,2258,18.68,18.65,18.66,,67.0
2018-10-10 11:20,,18.67,2258,18.67,18.64,18.66,,137.0
2018-10-10 11:25,,18.68,2258,18.69,18.67,18.67,,93.0
2018-10-10 11:30,,18.74,2258,18.74,18.68,18.68,,40.0
2018-10-10 13:05,,18.74,2258,18.75,18.74,18.74,,168.0
2018-10-10 13:10,,18.73,2258,18.74,18.73,18.74,,17.0
2018-10-10 13:15,,18.72,2258,18.75,18.7,18.73,,231.0
2018-10-10 13:20,,18.82,2258,18.82,18.72,18.72,,191.0
2018-10-10 13:25,,18.84,2258,18.95,18.81,18.82,,139.0
2018-10-10 13:30,,18.91,2258,18.92,18.84,18.84,,104.0
2018-10-10 13:35,,18.87,2258,18.93,18.87,18.91,,89.0
2018-10-10 13:40,,18.8,2258,18.87,18.8,18.87,,173.0
2018-10-10 13:45,,18.76,2258,18.8,18.72,18.8,,155.0
2018-10-10 13:50,,18.76,2258,18.8,18.76,18.76,,49.0
2018-10-10 13:55,,18.81,2258,18.81,18.76,18.76,,18.0
2018-10-10 14:00,,18.85,2258,18.86,18.81,18.81,,112.0
2018-10-10 14:05,,18.97,2258,18.99,18.85,18.85,,666.0
2018-10-10 14:10,,18.95,2258,19.01,18.94,18.99,,718.0
2018-10-10 14:15,,18.88,2258,19.01,18.88,18.95,,789.0
2018-10-10 14:20,,18.87,2258,18.88,18.8,18.88,,684.0
2018-10-10 14:25,,18.88,2258,18.91,18.87,18.87,,196.0
2018-10-10 14:30,,18.93,2258,19.0,18.88,18.88,,400.0
2018-10-10 14:40,,18.92,2258,18.92,18.81,18.88,,246.0
2018-10-10 14:45,,19.0,2258,19.06,18.89,18.92,,1431.0
2018-10-10 14:50,,18.91,2258,19.0,18.91,19.0,,157.0
2018-10-10 14:55,,18.93,2258,18.97,18.88,18.91,,220.0
2018-10-10 15:00,,18.9,2258,18.93,18.9,18.93,,128.0
2018-10-11 09:35,,18.52,2258,18.57,18.05,18.3,,1946.0
2018-10-11 09:40,,18.65,2258,18.66,18.51,18.54,,847.0
2018-10-11 09:45,,18.86,2258,18.92,18.64,18.65,,1890.0
2018-10-11 09:50,,19.05,2258,19.08,18.86,18.86,,1786.0
2018-10-11 09:55,,19.12,2258,19.15,19.04,19.05,,2162.0
2018-10-11 10:00,,18.99,2258,19.12,18.9,19.12,,986.0
2018-10-11 10:05,,18.72,2258,19.0,18.71,18.99,,640.0
2018-10-11 10:10,,18.62,2258,18.79,18.61,18.72,,1281.0
2018-10-11 10:15,,18.9,2258,18.96,18.62,18.62,,1076.0
2018-10-11 10:20,,18.85,2258,18.98,18.84,18.9,,999.0
2018-10-11 10:25,,18.8,2258,18.89,18.76,18.85,,1100.0
2018-10-11 10:30,,18.75,2258,18.88,18.73,18.8,,705.0
2018-10-11 10:35,,18.75,2258,18.78,18.73,18.75,,322.0
2018-10-11 10:40,,18.8,2258,18.87,18.73,18.75,,619.0
2018-10-11 10:45,,18.8,2258,18.86,18.75,18.8,,314.0
2018-10-11 10:50,,18.75,2258,18.83,18.75,18.8,,564.0
2018-10-11 10:55,,18.6,2258,18.79,18.57,18.75,,1131.0
2018-10-11 11:00,,18.61,2258,18.7,18.6,18.6,,669.0
2018-10-11 11:05,,18.59,2258,18.68,18.55,18.61,,501.0
2018-10-11 11:10,,18.47,2258,18.63,18.47,18.59,,794.0
2018-10-11 11:15,,18.52,2258,18.56,18.43,18.47,,1462.0
2018-10-11 11:20,,18.27,2258,18.73,18.22,18.52,,1660.0
2018-10-11 11:25,,18.33,2258,18.39,18.24,18.27,,1072.0
2018-10-11 11:30,,18.42,2258,18.55,18.33,18.33,,279.0
2018-10-11 13:05,,18.33,2258,18.42,18.31,18.42,,524.0
2018-10-11 13:10,,18.33,2258,18.34,18.31,18.33,,355.0
2018-10-11 13:15,,18.33,2258,18.36,18.3,18.3,,649.0
2018-10-11 13:20,,18.11,2258,18.34,18.11,18.33,,1916.0
2018-10-11 13:25,,18.38,2258,18.38,18.07,18.11,,1200.0
2018-10-11 13:30,,18.26,2258,18.42,18.25,18.36,,685.0
2018-10-11 13:35,,18.36,2258,18.36,18.25,18.26,,478.0
2018-10-11 13:40,,18.5,2258,18.54,18.35,18.36,,571.0
2018-10-11 13:45,,18.36,2258,18.5,18.36,18.45,,448.0
2018-10-11 13:50,,18.35,2258,18.38,18.33,18.36,,357.0
2018-10-11 13:55,,18.33,2258,18.35,18.3,18.35,,395.0
2018-10-11 14:00,,18.3,2258,18.35,18.3,18.33,,716.0
2018-10-11 14:05,,18.36,2258,18.36,18.24,18.3,,930.0
2018-10-11 14:10,,18.38,2258,18.39,18.27,18.35,,734.0
2018-10-11 14:15,,18.26,2258,18.39,18.26,18.38,,669.0
2018-10-11 14:20,,18.11,2258,18.26,18.11,18.26,,547.0
2018-10-11 14:25,,18.18,2258,18.2,18.1,18.11,,504.0
2018-10-11 14:30,,18.1,2258,18.18,18.08,18.18,,1048.0
2018-10-11 14:35,,18.12,2258,18.18,18.1,18.1,,610.0
2018-10-11 14:40,,18.11,2258,18.17,18.11,18.12,,667.0
2018-10-11 14:45,,18.11,2258,18.15,18.04,18.12,,718.0
2018-10-11 14:50,,18.15,2258,18.16,18.11,18.11,,407.0
2018-10-11 14:55,,18.18,2258,18.18,18.09,18.15,,1172.0
2018-10-11 15:00,,18.18,2258,18.18,18.15,18.18,,447.0
2018-10-12 09:35,,18.89,2258,18.91,18.51,18.6,,6096.0
2018-10-12 09:40,,19.02,2258,19.02,18.81,18.89,,4467.0
2018-10-12 09:45,,19.02,2258,19.07,18.98,19.02,,3510.0
2018-10-12 09:50,,18.67,2258,19.02,18.64,19.02,,2729.0
2018-10-12 09:55,,18.68,2258,18.79,18.64,18.67,,1973.0
2018-10-12 10:00,,18.6,2258,18.7,18.6,18.68,,1111.0
2018-10-12 10:05,,18.45,2258,18.6,18.38,18.6,,1772.0
2018-10-12 10:10,,18.38,2258,18.45,18.22,18.45,,2008.0
2018-10-12 10:15,,18.48,2258,18.49,18.33,18.38,,1834.0
2018-10-12 10:20,,18.63,2258,18.67,18.39,18.48,,2745.0
2018-10-12 10:25,,18.63,2258,18.73,18.59,18.63,,971.0
2018-10-12 10:30,,18.68,2258,18.7,18.63,18.64,,899.0
2018-10-12 10:35,,18.74,2258,18.87,18.68,18.68,,2823.0
2018-10-12 10:40,,18.66,2258,18.74,18.66,18.74,,2732.0
2018-10-12 10:45,,18.74,2258,18.78,18.64,18.66,,882.0
2018-10-12 10:50,,18.6,2258,18.76,18.5,18.74,,2082.0
2018-10-12 10:55,,18.59,2258,18.71,18.58,18.6,,1451.0
2018-10-12 11:00,,18.73,2258,18.73,18.57,18.59,,1085.0
2018-10-12 11:05,,18.77,2258,18.8,18.69,18.73,,2113.0
2018-10-12 11:10,,18.76,2258,18.78,18.71,18.77,,553.0
2018-10-12 11:15,,18.7,2258,18.78,18.67,18.76,,882.0
2018-10-12 11:20,,18.78,2258,18.78,18.69,18.7,,1591.0
2018-10-12 11:25,,18.8,2258,18.86,18.74,18.78,,1717.0
2018-10-12 11:30,,18.86,2258,18.86,18.8,18.8,,391.0
2018-10-12 13:05,,18.95,2258,18.99,18.85,18.86,,1215.0
2018-10-12 13:10,,19.0,2258,19.0,18.94,18.95,,1245.0
2018-10-12 13:15,,18.94,2258,19.01,18.94,19.0,,2366.0
2018-10-12 13:20,,18.89,2258,18.94,18.87,18.94,,471.0
2018-10-12 13:25,,19.0,2258,19.0,18.89,18.89,,839.0
2018-10-12 13:30,,18.99,2258,19.0,18.98,19.0,,470.0
2018-10-12 13:35,,18.99,2258,18.99,18.95,18.99,,611.0
2018-10-12 13:40,,18.98,2258,18.99,18.96,18.99,,489.0
2018-10-12 13:45,,18.99,2258,19.0,18.97,18.98,,461.0
2018-10-12 13:50,,18.95,2258,19.0,18.92,19.0,,469.0
2018-10-12 13:55,,18.87,2258,18.95,18.86,18.95,,919.0
2018-10-12 14:00,,18.93,2258,18.93,18.87,18.87,,599.0
2018-10-12 14:05,,18.98,2258,18.98,18.92,18.93,,994.0
2018-10-12 14:10,,18.98,2258,18.99,18.92,18.98,,1331.0
2018-10-12 14:15,,19.01,2258,19.02,18.98,18.98,,2187.0
2018-10-12 14:20,,19.07,2258,19.08,19.01,19.01,,2905.0
2018-10-12 14:25,,19.15,2258,19.2,19.07,19.07,,2082.0
2018-10-12 14:30,,19.1,2258,19.17,19.1,19.15,,517.0
2018-10-12 14:35,,18.99,2258,19.13,18.95,19.1,,569.0
2018-10-12 14:40,,18.98,2258,19.0,18.94,18.98,,463.0
2018-10-12 14:45,,18.93,2258,19.0,18.93,18.98,,826.0
2018-10-12 14:50,,18.98,2258,19.0,18.89,18.93,,902.0
2018-10-12 14:55,,19.0,2258,19.0,18.9,18.9,,1182.0
2018-10-12 15:00,,19.05,2258,19.05,19.0,19.0,,468.0
2018-10-15 09:35,,19.33,2258,19.48,19.12,19.12,,4847.0
2018-10-15 09:40,,19.19,2258,19.4,19.19,19.33,,2671.0
2018-10-15 09:45,,19.33,2258,19.35,19.15,19.19,,3055.0
2018-10-15 09:50,,19.5,2258,19.5,19.32,19.33,,5877.0
2018-10-15 09:55,,20.09,2258,20.09,19.5,19.5,,7628.0
2018-10-15 10:00,,19.95,2258,20.15,19.95,20.09,,4402.0
2018-10-15 10:05,,19.75,2258,19.9,19.64,19.83,,3034.0
2018-10-15 10:10,,19.75,2258,19.93,19.74,19.75,,1380.0
2018-10-15 10:15,,19.69,2258,19.78,19.67,19.75,,913.0
2018-10-15 10:20,,19.66,2258,19.71,19.64,19.69,,1024.0
2018-10-15 10:25,,19.4,2258,19.67,19.32,19.66,,1072.0
2018-10-15 10:30,,19.3,2258,19.45,19.26,19.4,,1467.0
2018-10-15 10:35,,19.18,2258,19.3,19.14,19.3,,2178.0
2018-10-15 10:40,,19.2,2258,19.21,19.15,19.18,,1259.0
2018-10-15 10:45,,19.21,2258,19.21,19.17,19.19,,1627.0
2018-10-15 10:50,,19.2,2258,19.21,19.17,19.21,,1232.0
2018-10-15 10:55,,19.29,2258,19.3,19.2,19.2,,1482.0
2018-10-15 11:00,,19.3,2258,19.3,19.26,19.29,,825.0
2018-10-15 11:05,,19.42,2258,19.44,19.29,19.3,,952.0
2018-10-15 11:10,,19.46,2258,19.46,19.36,19.42,,982.0
2018-10-15 11:15,,19.43,2258,19.49,19.4,19.46,,1106.0
2018-10-15 11:20,,19.45,2258,19.55,19.42,19.43,,1127.0
2018-10-15 11:25,,19.37,2258,19.45,19.27,19.45,,1201.0
2018-10-15 11:30,,19.35,2258,19.45,19.26,19.37,,867.0
2018-10-15 13:05,,19.27,2258,19.35,19.24,19.35,,1628.0
2018-10-15 13:10,,19.35,2258,19.35,19.27,19.27,,374.0
2018-10-15 13:15,,19.26,2258,19.35,19.26,19.35,,455.0
2018-10-15 13:20,,19.25,2258,19.26,19.21,19.26,,378.0
2018-10-15 13:25,,19.27,2258,19.27,19.22,19.25,,192.0
2018-10-15 13:30,,19.32,2258,19.35,19.23,19.24,,450.0
2018-10-15 13:35,,19.29,2258,19.4,19.29,19.32,,440.0
2018-10-15 13:40,,19.32,2258,19.36,19.3,19.3,,206.0
2018-10-15 13:45,,19.34,2258,19.36,19.32,19.32,,138.0
2018-10-15 13:50,,19.33,2258,19.34,19.31,19.34,,298.0
2018-10-15 13:55,,19.19,2258,19.33,19.18,19.33,,440.0
2018-10-15 14:00,,19.19,2258,19.19,19.16,19.19,,272.0
2018-10-15 14:05,,19.2,2258,19.24,19.16,19.19,,349.0
2018-10-15 14:10,,19.05,2258,19.22,19.04,19.2,,677.0
2018-10-15 14:15,,18.94,2258,19.08,18.78,19.05,,1515.0
2018-10-15 14:20,,18.86,2258,18.95,18.86,18.94,,596.0
2018-10-15 14:25,,18.9,2258,18.96,18.72,18.86,,1275.0
2018-10-15 14:30,,18.68,2258,18.95,18.66,18.9,,1233.0
2018-10-15 14:35,,18.71,2258,18.76,18.62,18.68,,1852.0
2018-10-15 14:40,,18.96,2258,19.0,18.7,18.71,,1689.0
2018-10-15 14:45,,18.85,2258,19.12,18.85,18.96,,2790.0
2018-10-15 14:50,,18.86,2258,18.95,18.74,18.85,,1542.0
2018-10-15 14:55,,19.12,2258,19.13,18.86,18.86,,910.0
2018-10-15 15:00,,19.12,2258,19.13,19.08,19.12,,661.0
2018-10-16 09:35,,18.82,2258,19.11,18.6,19.11,,1732.0
2018-10-16 09:40,,18.65,2258,18.83,18.61,18.82,,1126.0
2018-10-16 09:45,,18.72,2258,18.74,18.65,18.65,,520.0
2018-10-16 09:50,,18.74,2258,18.77,18.7,18.72,,1159.0
2018-10-16 09:55,,18.74,2258,18.75,18.69,18.74,,732.0
2018-10-16 10:00,,18.8,2258,18.81,18.67,18.74,,1788.0
2018-10-16 10:05,,18.84,2258,18.89,18.77,18.8,,573.0
2018-10-16 10:10,,18.89,2258,18.93,18.84,18.84,,1092.0
2018-10-16 10:15,,18.86,2258,18.9,18.84,18.89,,742.0
2018-10-16 10:20,,18.7,2258,18.86,18.7,18.86,,1758.0
2018-10-16 10:25,,18.68,2258,18.76,18.63,18.7,,649.0
2018-10-16 10:30,,18.67,2258,18.76,18.65,18.69,,403.0
2018-10-16 10:35,,18.73,2258,18.73,18.56,18.67,,3217.0
2018-10-16 10:40,,18.56,2258,18.73,18.55,18.73,,711.0
2018-10-16 10:45,,18.63,2258,18.66,18.55,18.56,,361.0
2018-10-16 10:50,,18.67,2258,18.67,18.57,18.59,,435.0
2018-10-16 10:55,,18.84,2258,18.85,18.67,18.67,,641.0
2018-10-16 11:00,,18.72,2258,18.84,18.64,18.84,,504.0
2018-10-16 11:05,,18.69,2258,18.73,18.64,18.72,,108.0
2018-10-16 11:10,,18.71,2258,18.71,18.57,18.69,,499.0
2018-10-16 11:15,,18.67,2258,18.71,18.55,18.71,,310.0
2018-10-16 11:20,,18.71,2258,18.72,18.67,18.67,,113.0
2018-10-16 11:25,,18.59,2258,18.71,18.55,18.71,,348.0
2018-10-16 11:30,,18.53,2258,18.59,18.5,18.59,,853.0
2018-10-16 13:05,,18.46,2258,18.53,18.46,18.53,,408.0
2018-10-16 13:10,,18.36,2258,18.46,18.36,18.46,,737.0
2018-10-16 13:15,,18.2,2258,18.37,18.2,18.36,,1361.0
2018-10-16 13:20,,18.2,2258,18.24,18.08,18.2,,1734.0
2018-10-16 13:25,,18.38,2258,18.38,18.14,18.2,,590.0
2018-10-16 13:30,,18.36,2258,18.49,18.35,18.38,,290.0
2018-10-16 13:35,,18.2,2258,18.36,18.15,18.36,,673.0
2018-10-16 13:40,,18.2,2258,18.33,18.16,18.2,,635.0
2018-10-16 13:45,,18.32,2258,18.32,18.2,18.2,,317.0
2018-10-16 13:50,,18.35,2258,18.39,18.22,18.32,,391.0
2018-10-16 13:55,,18.4,2258,18.46,18.28,18.35,,372.0
2018-10-16 14:00,,18.33,2258,18.46,18.3,18.4,,649.0
2018-10-16 14:05,,18.4,2258,18.4,18.3,18.33,,932.0
2018-10-16 14:10,,18.3,2258,18.38,18.3,18.33,,411.0
2018-10-16 14:15,,18.3,2258,18.38,18.28,18.3,,924.0
2018-10-16 14:20,,18.2,2258,18.32,18.18,18.3,,606.0
2018-10-16 14:25,,18.21,2258,18.3,18.2,18.2,,713.0
2018-10-16 14:30,,18.17,2258,18.21,18.15,18.21,,1149.0
2018-10-16 14:35,,18.1,2258,18.18,18.07,18.17,,1543.0
2018-10-16 14:40,,18.1,2258,18.14,18.1,18.1,,312.0
2018-10-16 14:45,,18.06,2258,18.17,18.06,18.11,,563.0
2018-10-16 14:50,,18.1,2258,18.13,18.05,18.06,,752.0
2018-10-16 14:55,,18.11,2258,18.17,18.1,18.1,,486.0
2018-10-16 15:00,,18.11,2258,18.14,18.11,18.11,,336.0
2018-10-17 09:35,,18.3,2258,18.47,18.26,18.39,,1167.0
2018-10-17 09:40,,18.21,2258,18.33,18.13,18.3,,388.0
2018-10-17 09:45,,18.18,2258,18.25,18.15,18.21,,404.0
2018-10-17 09:50,,18.2,2258,18.2,18.16,18.18,,364.0
2018-10-17 09:55,,18.18,2258,18.2,18.13,18.2,,388.0
2018-10-17 10:00,,18.21,2258,18.25,18.13,18.18,,374.0
2018-10-17 10:05,,18.26,2258,18.33,18.12,18.21,,879.0
2018-10-17 10:10,,18.3,2258,18.36,18.2,18.26,,673.0
2018-10-17 10:15,,18.34,2258,18.37,18.26,18.3,,270.0
2018-10-17 10:20,,18.37,2258,18.37,18.3,18.35,,529.0
2018-10-17 10:25,,18.46,2258,18.49,18.37,18.38,,1315.0
2018-10-17 10:30,,18.49,2258,18.6,18.49,18.5,,625.0
2018-10-17 10:35,,18.59,2258,18.6,18.49,18.49,,508.0
2018-10-17 10:40,,18.57,2258,18.64,18.52,18.59,,791.0
2018-10-17 10:45,,18.56,2258,18.58,18.54,18.57,,504.0
2018-10-17 10:50,,18.59,2258,18.6,18.55,18.56,,397.0
2018-10-17 10:55,,18.52,2258,18.6,18.5,18.57,,551.0
2018-10-17 11:00,,18.52,2258,18.57,18.49,18.52,,374.0
2018-10-17 11:05,,18.43,2258,18.56,18.43,18.52,,268.0
2018-10-17 11:10,,18.4,2258,18.48,18.34,18.43,,851.0
2018-10-17 11:15,,18.35,2258,18.46,18.34,18.42,,141.0
2018-10-17 11:20,,18.37,2258,18.43,18.35,18.35,,185.0
2018-10-17 11:25,,18.32,2258,18.41,18.2,18.37,,367.0
2018-10-17 11:30,,18.35,2258,18.41,18.32,18.32,,151.0
2018-10-17 13:05,,18.4,2258,18.44,18.27,18.35,,363.0
2018-10-17 13:10,,18.35,2258,18.4,18.28,18.4,,130.0
2018-10-17 13:15,,18.33,2258,18.35,18.22,18.35,,1042.0
2018-10-17 13:20,,18.29,2258,18.33,18.22,18.33,,194.0
2018-10-17 13:25,,18.28,2258,18.3,18.22,18.29,,475.0
2018-10-17 13:30,,18.31,2258,18.35,18.22,18.28,,585.0
2018-10-17 13:35,,18.28,2258,18.31,18.22,18.31,,340.0
2018-10-17 13:40,,18.42,2258,18.43,18.21,18.28,,885.0
2018-10-17 13:45,,18.36,2258,18.42,18.22,18.42,,204.0
2018-10-17 13:50,,18.32,2258,18.42,18.23,18.36,,533.0
2018-10-17 13:55,,18.4,2258,18.5,18.32,18.41,,678.0
2018-10-17 14:00,,18.32,2258,18.45,18.31,18.4,,265.0
2018-10-17 14:05,,18.31,2258,18.39,18.26,18.32,,241.0
2018-10-17 14:10,,18.29,2258,18.4,18.29,18.31,,497.0
2018-10-17 14:15,,18.37,2258,18.38,18.29,18.29,,328.0
2018-10-17 14:20,,18.44,2258,18.56,18.37,18.37,,773.0
2018-10-17 14:25,,18.42,2258,18.5,18.39,18.44,,468.0
2018-10-17 14:30,,18.48,2258,18.52,18.42,18.42,,421.0
2018-10-17 14:35,,18.47,2258,18.52,18.43,18.48,,460.0
2018-10-17 14:40,,18.51,2258,18.53,18.45,18.47,,547.0
2018-10-17 14:45,,18.52,2258,18.54,18.5,18.51,,464.0
2018-10-17 14:50,,18.42,2258,18.52,18.42,18.52,,344.0
2018-10-17 14:55,,18.54,2258,18.54,18.4,18.48,,829.0
2018-10-17 15:00,,18.53,2258,18.56,18.5,18.54,,323.0
2018-10-18 09:35,,18.21,2258,18.65,18.08,18.65,,2133.0
2018-10-18 09:40,,18.37,2258,18.45,18.16,18.21,,2769.0
2018-10-18 09:45,,18.49,2258,18.54,18.25,18.37,,4036.0
2018-10-18 09:50,,18.46,2258,18.53,18.4,18.49,,795.0
2018-10-18 09:55,,18.5,2258,18.51,18.39,18.46,,738.0
2018-10-18 10:00,,18.42,2258,18.54,18.41,18.5,,1144.0
2018-10-18 10:05,,18.27,2258,18.42,18.24,18.42,,486.0
2018-10-18 10:10,,18.13,2258,18.34,18.13,18.27,,703.0
2018-10-18 10:15,,18.15,2258,18.15,18.07,18.13,,1041.0
2018-10-18 10:20,,18.16,2258,18.3,18.15,18.15,,350.0
2018-10-18 10:25,,18.24,2258,18.34,18.15,18.16,,771.0
2018-10-18 10:30,,18.16,2258,18.28,18.16,18.24,,389.0
2018-10-18 10:35,,18.38,2258,18.5,18.15,18.16,,1140.0
2018-10-18 10:40,,18.37,2258,18.47,18.25,18.38,,1112.0
2018-10-18 10:45,,18.35,2258,18.37,18.27,18.37,,583.0
2018-10-18 10:50,,18.36,2258,18.48,18.28,18.36,,752.0
2018-10-18 10:55,,18.38,2258,18.5,18.36,18.36,,293.0
2018-10-18 11:00,,18.37,2258,18.47,18.37,18.37,,336.0
2018-10-18 11:05,,18.27,2258,18.37,18.25,18.37,,119.0
2018-10-18 11:10,,18.21,2258,18.41,18.21,18.27,,836.0
2018-10-18 11:15,,18.23,2258,18.27,18.18,18.21,,371.0
2018-10-18 11:20,,18.29,2258,18.35,18.2,18.23,,911.0
2018-10-18 11:25,,18.21,2258,18.29,18.15,18.19,,746.0
2018-10-18 11:30,,18.15,2258,18.27,18.15,18.21,,324.0
2018-10-18 13:05,,18.09,2258,18.19,18.07,18.15,,1157.0
2018-10-18 13:10,,18.13,2258,18.18,18.08,18.09,,705.0
2018-10-18 13:15,,18.14,2258,18.24,18.12,18.13,,839.0
2018-10-18 13:20,,18.13,2258,18.25,18.13,18.19,,1080.0
2018-10-18 13:25,,18.17,2258,18.2,18.12,18.13,,653.0
2018-10-18 13:30,,18.06,2258,18.18,18.06,18.17,,840.0
2018-10-18 13:35,,17.65,2258,18.07,17.65,18.06,,2122.0
2018-10-18 13:40,,17.69,2258,17.73,17.2,17.73,,3543.0
2018-10-18 13:45,,17.95,2258,17.98,17.61,17.69,,1908.0
2018-10-18 13:50,,17.8,2258,17.99,17.8,17.95,,1192.0
2018-10-18 13:55,,17.68,2258,17.82,17.65,17.81,,894.0
2018-10-18 14:00,,17.4,2258,17.68,17.33,17.68,,1975.0
2018-10-18 14:05,,17.16,2258,17.4,17.0,17.4,,3582.0
2018-10-18 14:10,,17.35,2258,17.38,17.15,17.18,,2048.0
2018-10-18 14:15,,17.28,2258,17.6,17.28,17.35,,987.0
2018-10-18 14:20,,17.27,2258,17.5,17.16,17.28,,1619.0
2018-10-18 14:25,,17.38,2258,17.4,17.24,17.27,,509.0
2018-10-18 14:30,,17.34,2258,17.4,17.33,17.39,,330.0
2018-10-18 14:35,,17.23,2258,17.35,17.16,17.34,,917.0
2018-10-18 14:40,,17.2,2258,17.23,17.1,17.23,,1988.0
2018-10-18 14:45,,17.29,2258,17.3,17.18,17.2,,1225.0
2018-10-18 14:50,,17.31,2258,17.33,17.24,17.29,,802.0
2018-10-18 14:55,,17.34,2258,17.34,17.25,17.3,,890.0
2018-10-18 15:00,,17.34,2258,17.34,17.33,17.34,,248.0
2018-10-19 09:35,,17.35,2258,17.37,17.02,17.03,,2378.0
2018-10-19 09:40,,17.53,2258,17.53,17.29,17.35,,2482.0
2018-10-19 09:45,,17.43,2258,17.6,17.43,17.53,,1221.0
2018-10-19 09:50,,17.45,2258,17.46,17.36,17.43,,2320.0
2018-10-19 09:55,,17.5,2258,17.5,17.4,17.45,,1114.0
2018-10-19 10:00,,17.25,2258,17.53,17.23,17.52,,1302.0
2018-10-19 10:05,,17.16,2258,17.2,17.11,17.2,,706.0
2018-10-19 10:10,,17.21,2258,17.3,17.13,17.17,,638.0
2018-10-19 10:15,,17.1,2258,17.26,17.1,17.21,,500.0
2018-10-19 10:20,,17.14,2258,17.24,17.1,17.1,,488.0
2018-10-19 10:25,,17.22,2258,17.22,17.13,17.14,,315.0
2018-10-19 10:30,,17.3,2258,17.3,17.15,17.22,,537.0
2018-10-19 10:35,,17.3,2258,17.36,17.22,17.3,,892.0
2018-10-19 10:40,,17.35,2258,17.35,17.27,17.3,,621.0
2018-10-19 10:45,,17.33,2258,17.45,17.3,17.35,,767.0
2018-10-19 10:50,,17.32,2258,17.34,17.3,17.34,,332.0
2018-10-19 10:55,,17.5,2258,17.53,17.3,17.32,,1207.0
2018-10-19 11:00,,17.6,2258,17.6,17.4,17.5,,991.0
2018-10-19 11:05,,17.61,2258,17.65,17.54,17.6,,945.0
2018-10-19 11:10,,17.58,2258,17.65,17.55,17.61,,948.0
2018-10-19 11:15,,17.51,2258,17.58,17.42,17.58,,486.0
2018-10-19 11:20,,17.49,2258,17.54,17.42,17.51,,561.0
2018-10-19 11:25,,17.4,2258,17.49,17.32,17.49,,463.0
2018-10-19 11:30,,17.36,2258,17.45,17.32,17.4,,528.0
2018-10-19 13:05,,17.47,2258,17.49,17.34,17.36,,777.0
2018-10-19 13:10,,17.46,2258,17.5,17.34,17.47,,1404.0
2018-10-19 13:15,,17.41,2258,17.56,17.4,17.49,,607.0
2018-10-19 13:20,,17.6,2258,17.6,17.41,17.41,,749.0
2018-10-19 13:25,,17.68,2258,17.75,17.6,17.6,,815.0
2018-10-19 13:30,,17.65,2258,17.71,17.62,17.68,,437.0
2018-10-19 13:35,,17.8,2258,17.8,17.6,17.65,,993.0
2018-10-19 13:40,,17.8,2258,17.84,17.74,17.8,,563.0
2018-10-19 13:45,,18.1,2258,18.1,17.8,17.8,,2036.0
2018-10-19 13:50,,18.15,2258,18.15,17.98,18.1,,1971.0
2018-10-19 13:55,,18.54,2258,18.54,18.2,18.2,,2855.0
2018-10-19 14:00,,18.61,2258,18.7,18.5,18.54,,2562.0
2018-10-19 14:05,,18.64,2258,18.7,18.6,18.61,,1791.0
2018-10-19 14:10,,18.66,2258,18.69,18.64,18.64,,1777.0
2018-10-19 14:15,,18.58,2258,18.67,18.55,18.66,,2287.0
2018-10-19 14:20,,18.54,2258,18.58,18.5,18.58,,2762.0
2018-10-19 14:25,,18.58,2258,18.58,18.5,18.54,,914.0
2018-10-19 14:30,,18.68,2258,18.7,18.54,18.58,,2439.0
2018-10-19 14:35,,18.36,2258,18.7,18.36,18.68,,2385.0
2018-10-19 14:40,,18.58,2258,18.6,18.3,18.36,,3231.0
2018-10-19 14:45,,18.58,2258,18.61,18.57,18.59,,910.0
2018-10-19 14:50,,18.63,2258,18.65,18.55,18.58,,1463.0
2018-10-19 14:55,,18.73,2258,18.74,18.63,18.63,,3464.0
2018-10-19 15:00,,18.8,2258,18.8,18.73,18.73,,1348.0
2018-10-22 09:35,,19.23,2258,19.25,18.89,18.91,,3229.0
2018-10-22 09:40,,19.28,2258,19.38,19.2,19.23,,3157.0
2018-10-22 09:45,,19.37,2258,19.47,19.25,19.28,,1379.0
2018-10-22 09:50,,19.35,2258,19.39,19.34,19.37,,884.0
2018-10-22 09:55,,19.29,2258,19.35,19.28,19.34,,1174.0
2018-10-22 10:00,,19.32,2258,19.32,19.25,19.29,,1195.0
2018-10-22 10:05,,19.45,2258,19.53,19.27,19.32,,3733.0
2018-10-22 10:10,,19.4,2258,19.45,19.3,19.45,,3710.0
2018-10-22 10:15,,19.34,2258,19.45,19.34,19.4,,3336.0
2018-10-22 10:20,,19.34,2258,19.4,19.33,19.34,,3454.0
2018-10-22 10:25,,19.32,2258,19.35,19.23,19.31,,2538.0
2018-10-22 10:30,,19.1,2258,19.32,19.1,19.32,,2554.0
2018-10-22 10:35,,19.31,2258,19.32,19.07,19.1,,4254.0
2018-10-22 10:40,,19.29,2258,19.31,19.18,19.31,,629.0
2018-10-22 10:45,,19.3,2258,19.36,19.28,19.29,,1746.0
2018-10-22 10:50,,19.42,2258,19.42,19.3,19.3,,1108.0
2018-10-22 10:55,,19.46,2258,19.48,19.42,19.42,,1214.0
2018-10-22 11:00,,19.42,2258,19.46,19.42,19.46,,227.0
2018-10-22 11:05,,19.4,2258,19.45,19.4,19.42,,853.0
2018-10-22 11:10,,19.16,2258,19.41,19.16,19.4,,3213.0
2018-10-22 11:15,,19.36,2258,19.36,19.15,19.16,,1910.0
2018-10-22 11:20,,19.36,2258,19.44,19.28,19.37,,2164.0
2018-10-22 11:25,,19.4,2258,19.4,19.35,19.36,,574.0
2018-10-22 11:30,,19.47,2258,19.47,19.36,19.4,,1287.0
2018-10-22 13:05,,19.67,2258,19.68,19.47,19.47,,4908.0
2018-10-22 13:10,,19.8,2258,19.8,19.64,19.67,,1767.0
2018-10-22 13:15,,19.9,2258,19.95,19.8,19.8,,2644.0
2018-10-22 13:20,,19.94,2258,19.95,19.89,19.91,,1524.0
2018-10-22 13:25,,19.84,2258,19.94,19.84,19.94,,1014.0
2018-10-22 13:30,,19.86,2258,19.86,19.81,19.84,,1823.0
2018-10-22 13:35,,19.71,2258,19.87,19.7,19.86,,3510.0
2018-10-22 13:40,,19.75,2258,19.75,19.5,19.71,,2335.0
2018-10-22 13:45,,19.65,2258,19.78,19.65,19.75,,379.0
2018-10-22 13:50,,19.66,2258,19.66,19.62,19.65,,376.0
2018-10-22 13:55,,19.68,2258,19.69,19.65,19.66,,227.0
2018-10-22 14:00,,19.59,2258,19.68,19.59,19.68,,402.0
2018-10-22 14:05,,19.57,2258,19.6,19.57,19.59,,241.0
2018-10-22 14:10,,19.57,2258,19.57,19.53,19.57,,424.0
2018-10-22 14:15,,19.52,2258,19.58,19.52,19.57,,333.0
2018-10-22 14:20,,19.5,2258,19.54,19.5,19.53,,440.0
2018-10-22 14:25,,19.62,2258,19.68,19.5,19.5,,956.0
2018-10-22 14:30,,19.6,2258,19.64,19.6,19.62,,818.0
2018-10-22 14:35,,19.55,2258,19.61,19.55,19.6,,925.0
2018-10-22 14:40,,19.47,2258,19.55,19.4,19.55,,1054.0
2018-10-22 14:45,,19.54,2258,19.55,19.45,19.47,,853.0
2018-10-22 14:50,,19.6,2258,19.68,19.54,19.54,,1447.0
2018-10-22 14:55,,19.72,2258,19.72,19.54,19.6,,2226.0
2018-10-22 15:00,,19.72,2258,19.72,19.71,19.72,,837.0
2018-10-23 09:35,,19.46,2258,19.92,19.39,19.72,,2046.0
2018-10-23 09:40,,19.46,2258,19.49,19.42,19.47,,1469.0
2018-10-23 09:45,,19.46,2258,19.59,19.46,19.46,,1959.0
2018-10-23 09:50,,19.44,2258,19.49,19.43,19.46,,769.0
2018-10-23 09:55,,19.44,2258,19.48,19.43,19.44,,978.0
2018-10-23 10:00,,19.45,2258,19.47,19.44,19.44,,608.0
2018-10-23 10:05,,19.44,2258,19.47,19.42,19.45,,2508.0
2018-10-23 10:10,,19.35,2258,19.44,19.33,19.44,,3032.0
2018-10-23 10:15,,19.34,2258,19.36,19.32,19.35,,831.0
2018-10-23 10:20,,19.25,2258,19.34,19.21,19.34,,1576.0
2018-10-23 10:25,,19.25,2258,19.27,19.23,19.26,,765.0
2018-10-23 10:30,,19.1,2258,19.25,19.1,19.25,,1441.0
2018-10-23 10:35,,18.99,2258,19.11,18.99,19.1,,1863.0
2018-10-23 10:40,,19.1,2258,19.28,18.95,18.99,,1766.0
2018-10-23 10:45,,19.11,2258,19.23,19.1,19.1,,635.0
2018-10-23 10:50,,19.1,2258,19.15,19.1,19.11,,598.0
2018-10-23 10:55,,19.13,2258,19.15,19.09,19.1,,450.0
2018-10-23 11:00,,19.09,2258,19.15,19.09,19.13,,1123.0
2018-10-23 11:05,,19.1,2258,19.12,19.09,19.09,,759.0
2018-10-23 11:10,,19.05,2258,19.1,19.01,19.1,,1047.0
2018-10-23 11:15,,19.06,2258,19.12,19.05,19.05,,893.0
2018-10-23 11:20,,19.04,2258,19.08,19.02,19.06,,669.0
2018-10-23 11:25,,19.08,2258,19.1,19.02,19.03,,943.0
2018-10-23 11:30,,19.09,2258,19.1,19.08,19.08,,369.0
2018-10-23 13:05,,18.97,2258,19.09,18.95,19.09,,2887.0
2018-10-23 13:10,,19.05,2258,19.05,18.96,18.98,,332.0
2018-10-23 13:15,,18.97,2258,19.05,18.95,19.04,,389.0
2018-10-23 13:20,,18.93,2258,18.98,18.93,18.97,,268.0
2018-10-23 13:25,,18.96,2258,18.98,18.87,18.93,,778.0
2018-10-23 13:30,,18.8,2258,18.96,18.79,18.96,,936.0
2018-10-23 13:35,,18.68,2258,18.83,18.68,18.8,,1283.0
2018-10-23 13:40,,18.55,2258,18.74,18.55,18.68,,1696.0
2018-10-23 13:45,,18.67,2258,18.67,18.54,18.55,,1565.0
2018-10-23 13:50,,18.7,2258,18.73,18.65,18.67,,528.0
2018-10-23 13:55,,18.68,2258,18.73,18.67,18.7,,335.0
2018-10-23 14:00,,18.69,2258,18.7,18.67,18.68,,566.0
2018-10-23 14:05,,18.56,2258,18.7,18.55,18.69,,1633.0
2018-10-23 14:10,,18.45,2258,18.58,18.4,18.56,,2196.0
2018-10-23 14:15,,18.67,2258,18.74,18.45,18.45,,3375.0
2018-10-23 14:20,,18.44,2258,18.67,18.44,18.67,,3150.0
2018-10-23 14:25,,18.62,2258,18.69,18.44,18.5,,329.0
2018-10-23 14:30,,18.65,2258,18.71,18.62,18.62,,319.0
2018-10-23 14:35,,18.56,2258,18.65,18.55,18.62,,404.0
2018-10-23 14:40,,18.59,2258,18.63,18.54,18.56,,341.0
2018-10-23 14:45,,18.51,2258,18.6,18.48,18.59,,916.0
2018-10-23 14:50,,18.48,2258,18.55,18.46,18.51,,1123.0
2018-10-23 14:55,,18.56,2258,18.63,18.48,18.48,,1095.0
2018-10-23 15:00,,18.61,2258,18.63,18.56,18.56,,541.0
2018-10-24 09:35,,18.66,2258,18.74,18.43,18.74,,1336.0
2018-10-24 09:40,,18.62,2258,18.66,18.58,18.66,,611.0
2018-10-24 09:45,,18.49,2258,18.64,18.48,18.62,,797.0
2018-10-24 09:50,,18.63,2258,18.63,18.32,18.49,,931.0
2018-10-24 09:55,,18.61,2258,18.74,18.54,18.63,,974.0
2018-10-24 10:00,,18.56,2258,18.66,18.5,18.61,,473.0
2018-10-24 10:05,,18.56,2258,18.56,18.43,18.55,,724.0
2018-10-24 10:10,,18.44,2258,18.56,18.41,18.56,,278.0
2018-10-24 10:15,,18.48,2258,18.48,18.4,18.44,,372.0
2018-10-24 10:20,,18.41,2258,18.5,18.4,18.48,,709.0
2018-10-24 10:25,,18.29,2258,18.41,18.2,18.41,,1516.0
2018-10-24 10:30,,18.29,2258,18.3,18.23,18.29,,934.0
2018-10-24 10:35,,18.13,2258,18.3,18.13,18.29,,960.0
2018-10-24 10:40,,18.19,2258,18.19,18.12,18.13,,469.0
2018-10-24 10:45,,18.17,2258,18.23,18.16,18.19,,327.0
2018-10-24 10:50,,18.17,2258,18.17,18.15,18.17,,281.0
2018-10-24 10:55,,18.3,2258,18.3,18.17,18.17,,683.0
2018-10-24 11:00,,18.39,2258,18.39,18.25,18.3,,390.0
2018-10-24 11:05,,18.37,2258,18.4,18.3,18.39,,700.0
2018-10-24 11:10,,18.5,2258,18.5,18.35,18.37,,942.0
2018-10-24 11:15,,18.5,2258,18.5,18.43,18.5,,1389.0
2018-10-24 11:20,,18.5,2258,18.53,18.49,18.5,,356.0
2018-10-24 11:25,,18.42,2258,18.5,18.41,18.5,,310.0
2018-10-24 11:30,,18.41,2258,18.45,18.39,18.42,,298.0
2018-10-24 13:05,,18.49,2258,18.56,18.41,18.41,,313.0
2018-10-24 13:10,,18.33,2258,18.49,18.31,18.49,,831.0
2018-10-24 13:15,,18.35,2258,18.37,18.3,18.33,,473.0
2018-10-24 13:20,,18.28,2258,18.35,18.28,18.35,,145.0
2018-10-24 13:25,,18.25,2258,18.3,18.19,18.28,,484.0
2018-10-24 13:30,,18.28,2258,18.33,18.22,18.25,,172.0
2018-10-24 13:35,,18.17,2258,18.28,18.16,18.28,,1329.0
2018-10-24 13:40,,18.16,2258,18.2,18.16,18.17,,998.0
2018-10-24 13:45,,18.16,2258,18.2,18.16,18.16,,1056.0
2018-10-24 13:50,,18.1,2258,18.17,18.1,18.17,,1223.0
2018-10-24 13:55,,18.17,2258,18.24,18.1,18.1,,602.0
2018-10-24 14:00,,18.18,2258,18.22,18.17,18.17,,207.0
2018-10-24 14:05,,18.2,2258,18.2,18.18,18.18,,160.0
2018-10-24 14:10,,18.2,2258,18.28,18.19,18.2,,295.0
2018-10-24 14:15,,18.2,2258,18.23,18.19,18.2,,419.0
2018-10-24 14:20,,18.11,2258,18.2,18.1,18.2,,795.0
2018-10-24 14:25,,17.98,2258,18.14,17.98,18.11,,1741.0
2018-10-24 14:30,,18.07,2258,18.08,17.98,17.98,,1142.0
2018-10-24 14:35,,18.08,2258,18.08,18.05,18.07,,288.0
2018-10-24 14:40,,18.08,2258,18.18,18.08,18.08,,342.0
2018-10-24 14:45,,18.09,2258,18.11,18.0,18.08,,1090.0
2018-10-24 14:50,,18.09,2258,18.09,18.07,18.08,,443.0
2018-10-24 14:55,,18.13,2258,18.13,18.09,18.09,,277.0
2018-10-24 15:00,,18.11,2258,18.13,18.11,18.13,,703.0
2018-10-25 09:35,,17.6,2258,17.7,17.38,17.7,,2293.0
2018-10-25 09:40,,17.49,2258,17.65,17.49,17.6,,1971.0
2018-10-25 09:45,,17.59,2258,17.59,17.48,17.5,,900.0
2018-10-25 09:50,,17.59,2258,17.67,17.51,17.59,,1409.0
2018-10-25 09:55,,17.66,2258,17.73,17.58,17.59,,963.0
2018-10-25 10:00,,17.71,2258,17.71,17.6,17.66,,637.0
2018-10-25 10:05,,17.81,2258,17.89,17.71,17.71,,1019.0
2018-10-25 10:10,,17.83,2258,17.89,17.79,17.81,,434.0
2018-10-25 10:15,,17.78,2258,17.88,17.78,17.84,,313.0
2018-10-25 10:20,,17.72,2258,17.8,17.72,17.78,,353.0
2018-10-25 10:25,,17.66,2258,17.73,17.62,17.72,,450.0
2018-10-25 10:30,,17.66,2258,17.68,17.65,17.66,,666.0
2018-10-25 10:35,,17.56,2258,17.66,17.56,17.66,,681.0
2018-10-25 10:40,,17.46,2258,17.56,17.46,17.56,,1098.0
2018-10-25 10:45,,17.4,2258,17.46,17.39,17.46,,1286.0
2018-10-25 10:50,,17.38,2258,17.4,17.37,17.4,,875.0
2018-10-25 10:55,,17.43,2258,17.5,17.37,17.38,,540.0
2018-10-25 11:00,,17.44,2258,17.54,17.4,17.43,,672.0
2018-10-25 11:05,,17.42,2258,17.52,17.42,17.44,,109.0
2018-10-25 11:10,,17.4,2258,17.43,17.38,17.43,,457.0
2018-10-25 11:15,,17.41,2258,17.45,17.37,17.37,,321.0
2018-10-25 11:20,,17.42,2258,17.44,17.35,17.41,,1335.0
2018-10-25 11:25,,17.39,2258,17.42,17.35,17.42,,496.0
2018-10-25 11:30,,17.25,2258,17.39,17.05,17.39,,1449.0
2018-10-25 13:05,,17.25,2258,17.42,17.24,17.25,,518.0
2018-10-25 13:10,,17.2,2258,17.34,17.11,17.25,,639.0
2018-10-25 13:15,,17.21,2258,17.22,17.15,17.2,,586.0
2018-10-25 13:20,,17.16,2258,17.24,17.13,17.21,,837.0
2018-10-25 13:25,,17.06,2258,17.17,17.0,17.17,,2656.0
2018-10-25 13:30,,17.13,2258,17.16,17.09,17.15,,496.0
2018-10-25 13:35,,17.25,2258,17.28,17.13,17.13,,703.0
2018-10-25 13:40,,17.25,2258,17.28,17.25,17.25,,300.0
2018-10-25 13:45,,17.25,2258,17.3,17.22,17.25,,700.0
2018-10-25 13:50,,17.41,2258,17.42,17.26,17.29,,567.0
2018-10-25 13:55,,17.39,2258,17.42,17.37,17.42,,550.0
2018-10-25 14:00,,17.38,2258,17.39,17.31,17.39,,381.0
2018-10-25 14:05,,17.47,2258,17.47,17.37,17.38,,577.0
2018-10-25 14:10,,17.53,2258,17.54,17.44,17.47,,803.0
2018-10-25 14:15,,17.59,2258,17.65,17.53,17.53,,642.0
2018-10-25 14:20,,17.6,2258,17.62,17.58,17.59,,607.0
2018-10-25 14:25,,17.72,2258,17.72,17.59,17.6,,799.0
2018-10-25 14:30,,17.89,2258,17.91,17.72,17.72,,1467.0
2018-10-25 14:35,,17.75,2258,17.9,17.6,17.89,,902.0
2018-10-25 14:40,,17.79,2258,17.83,17.75,17.75,,763.0
2018-10-25 14:45,,17.83,2258,17.83,17.79,17.79,,1009.0
2018-10-25 14:50,,17.81,2258,17.84,17.79,17.83,,790.0
2018-10-25 14:55,,17.81,2258,17.82,17.75,17.81,,1126.0
2018-10-25 15:00,,17.83,2258,17.84,17.81,17.81,,340.0
2018-10-26 09:35,,18.1,2258,18.39,18.02,18.02,,4699.0
2018-10-26 09:40,,18.0,2258,18.2,17.95,18.1,,5677.0
2018-10-26 09:45,,18.25,2258,18.25,17.89,18.0,,4768.0
2018-10-26 09:50,,18.38,2258,18.38,18.14,18.24,,2385.0
2018-10-26 09:55,,18.37,2258,18.43,18.22,18.38,,2847.0
2018-10-26 10:00,,18.28,2258,18.39,18.21,18.37,,1469.0
2018-10-26 10:05,,18.1,2258,18.29,18.06,18.28,,1723.0
2018-10-26 10:10,,18.04,2258,18.12,17.93,18.1,,1600.0
2018-10-26 10:15,,18.0,2258,18.09,17.97,18.05,,1121.0
2018-10-26 10:20,,18.0,2258,18.04,18.0,18.0,,826.0
2018-10-26 10:25,,17.89,2258,18.01,17.89,18.0,,920.0
2018-10-26 10:30,,17.85,2258,17.89,17.8,17.89,,899.0
2018-10-26 10:35,,17.81,2258,17.85,17.81,17.85,,831.0
2018-10-26 10:40,,17.81,2258,17.83,17.77,17.81,,1300.0
2018-10-26 10:45,,17.79,2258,17.83,17.77,17.81,,963.0
2018-10-26 10:50,,17.72,2258,17.8,17.7,17.79,,784.0
2018-10-26 10:55,,17.72,2258,17.8,17.7,17.72,,951.0
2018-10-26 11:00,,17.51,2258,17.72,17.51,17.72,,1009.0
2018-10-26 11:05,,17.53,2258,17.62,17.51,17.51,,751.0
2018-10-26 11:10,,17.56,2258,17.58,17.52,17.53,,1042.0
2018-10-26 11:15,,17.52,2258,17.57,17.5,17.55,,1021.0
2018-10-26 11:20,,17.56,2258,17.57,17.5,17.52,,1032.0
2018-10-26 11:25,,17.55,2258,17.66,17.5,17.56,,973.0
2018-10-26 11:30,,17.57,2258,17.57,17.5,17.53,,495.0
2018-10-26 13:05,,17.5,2258,17.61,17.5,17.57,,1055.0
2018-10-26 13:10,,17.31,2258,17.51,17.31,17.5,,853.0
2018-10-26 13:15,,17.24,2258,17.31,17.19,17.31,,1078.0
2018-10-26 13:20,,17.29,2258,17.29,17.15,17.24,,1286.0
2018-10-26 13:25,,17.31,2258,17.39,17.27,17.29,,1232.0
2018-10-26 13:30,,17.38,2258,17.41,17.29,17.31,,1312.0
2018-10-26 13:35,,17.57,2258,17.61,17.38,17.38,,883.0
2018-10-26 13:40,,17.36,2258,17.57,17.35,17.57,,1012.0
2018-10-26 13:45,,17.48,2258,17.5,17.32,17.36,,675.0
2018-10-26 13:50,,17.28,2258,17.48,17.28,17.48,,1083.0
2018-10-26 13:55,,17.25,2258,17.36,17.25,17.28,,1159.0
2018-10-26 14:00,,17.31,2258,17.34,17.23,17.25,,698.0
2018-10-26 14:05,,17.3,2258,17.33,17.24,17.31,,604.0
2018-10-26 14:10,,17.48,2258,17.48,17.3,17.3,,420.0
2018-10-26 14:15,,17.64,2258,17.64,17.42,17.47,,562.0
2018-10-26 14:20,,17.49,2258,17.64,17.46,17.64,,437.0
2018-10-26 14:25,,17.51,2258,17.51,17.48,17.49,,258.0
2018-10-26 14:30,,17.47,2258,17.6,17.47,17.51,,750.0
2018-10-26 14:35,,17.47,2258,17.49,17.46,17.47,,335.0
2018-10-26 14:40,,17.58,2258,17.58,17.47,17.47,,596.0
2018-10-26 14:45,,17.54,2258,17.58,17.52,17.58,,422.0
2018-10-26 14:50,,17.44,2258,17.54,17.4,17.54,,642.0
2018-10-26 14:55,,17.48,2258,17.48,17.3,17.44,,644.0
2018-10-26 15:00,,17.47,2258,17.5,17.47,17.48,,320.0
2018-10-29 09:35,,17.34,2258,17.47,17.2,17.47,,1707.0
2018-10-29 09:40,,17.29,2258,17.35,17.26,17.34,,792.0
2018-10-29 09:45,,17.22,2258,17.28,17.13,17.28,,1692.0
2018-10-29 09:50,,17.36,2258,17.39,17.22,17.22,,940.0
2018-10-29 09:55,,17.39,2258,17.49,17.35,17.36,,843.0
2018-10-29 10:00,,17.36,2258,17.43,17.36,17.39,,578.0
2018-10-29 10:05,,17.37,2258,17.4,17.31,17.36,,409.0
2018-10-29 10:10,,17.25,2258,17.37,17.22,17.37,,474.0
2018-10-29 10:15,,17.3,2258,17.3,17.2,17.25,,643.0
2018-10-29 10:20,,17.23,2258,17.3,17.2,17.3,,1011.0
2018-10-29 10:25,,17.06,2258,17.23,17.0,17.23,,3212.0
2018-10-29 10:30,,16.8,2258,17.06,16.75,17.06,,3242.0
2018-10-29 10:35,,16.85,2258,16.86,16.8,16.81,,2425.0
2018-10-29 10:40,,16.65,2258,16.85,16.6,16.85,,2967.0
2018-10-29 10:45,,16.68,2258,16.73,16.6,16.65,,2078.0
2018-10-29 10:50,,16.98,2258,17.06,16.68,16.68,,2589.0
2018-10-29 10:55,,16.91,2258,17.0,16.8,16.98,,1470.0
2018-10-29 11:00,,16.78,2258,16.91,16.75,16.91,,1356.0
2018-10-29 11:05,,16.72,2258,16.81,16.69,16.78,,1652.0
2018-10-29 11:10,,16.66,2258,16.72,16.6,16.72,,1752.0
2018-10-29 11:15,,16.75,2258,16.75,16.62,16.66,,1569.0
2018-10-29 11:20,,16.82,2258,16.84,16.74,16.75,,619.0
2018-10-29 11:25,,16.88,2258,16.96,16.73,16.82,,1210.0
2018-10-29 11:30,,16.83,2258,16.94,16.83,16.88,,152.0
2018-10-29 13:05,,16.7,2258,16.83,16.7,16.83,,1515.0
2018-10-29 13:10,,16.6,2258,16.7,16.6,16.7,,1113.0
2018-10-29 13:15,,16.59,2258,16.64,16.59,16.6,,810.0
2018-10-29 13:20,,16.51,2258,16.59,16.5,16.59,,1709.0
2018-10-29 13:25,,16.45,2258,16.5,16.41,16.5,,2166.0
2018-10-29 13:30,,16.45,2258,16.45,16.4,16.44,,868.0
2018-10-29 13:35,,16.48,2258,16.48,16.42,16.45,,1728.0
2018-10-29 13:40,,16.45,2258,16.48,16.44,16.48,,564.0
2018-10-29 13:45,,16.43,2258,16.45,16.42,16.45,,969.0
2018-10-29 13:50,,16.59,2258,16.59,16.4,16.43,,2689.0
2018-10-29 13:55,,16.51,2258,16.59,16.49,16.59,,668.0
2018-10-29 14:00,,16.4,2258,16.51,16.4,16.51,,834.0
2018-10-29 14:05,,16.4,2258,16.41,16.37,16.4,,1488.0
2018-10-29 14:10,,16.38,2258,16.4,16.37,16.4,,1082.0
2018-10-29 14:15,,16.23,2258,16.38,16.23,16.38,,2731.0
2018-10-29 14:20,,16.24,2258,16.26,16.21,16.23,,1605.0
2018-10-29 14:25,,16.2,2258,16.26,16.2,16.24,,1347.0
2018-10-29 14:30,,16.16,2258,16.19,16.12,16.18,,1442.0
2018-10-29 14:35,,16.14,2258,16.17,16.13,16.16,,1125.0
2018-10-29 14:40,,16.27,2258,16.29,16.13,16.14,,2769.0
2018-10-29 14:45,,16.3,2258,16.39,16.26,16.27,,1443.0
2018-10-29 14:50,,16.44,2258,16.44,16.3,16.3,,1156.0
2018-10-29 14:55,,16.59,2258,16.59,16.42,16.44,,1057.0
2018-10-29 15:00,,16.6,2258,16.6,16.58,16.59,,502.0
2018-10-30 09:35,,16.53,2258,16.67,16.35,16.6,,1614.0
2018-10-30 09:40,,16.5,2258,16.57,16.47,16.53,,1072.0
2018-10-30 09:45,,16.26,2258,16.56,16.21,16.5,,1175.0
2018-10-30 09:50,,16.16,2258,16.29,16.03,16.29,,1669.0
2018-10-30 09:55,,16.17,2258,16.22,16.12,16.16,,1508.0
2018-10-30 10:00,,16.12,2258,16.2,16.11,16.17,,1337.0
2018-10-30 10:05,,16.14,2258,16.2,16.1,16.12,,2399.0
2018-10-30 10:10,,15.94,2258,16.16,15.9,16.14,,4101.0
2018-10-30 10:15,,16.04,2258,16.04,15.88,15.94,,2536.0
2018-10-30 10:20,,16.18,2258,16.25,15.97,16.03,,1187.0
2018-10-30 10:25,,16.22,2258,16.24,16.14,16.18,,747.0
2018-10-30 10:30,,16.34,2258,16.34,16.21,16.22,,1096.0
2018-10-30 10:35,,16.29,2258,16.35,16.2,16.34,,1062.0
2018-10-30 10:40,,16.43,2258,16.49,16.26,16.29,,1962.0
2018-10-30 10:45,,16.66,2258,16.66,16.42,16.42,,1532.0
2018-10-30 10:50,,16.65,2258,16.72,16.62,16.66,,2681.0
2018-10-30 10:55,,16.87,2258,16.87,16.61,16.65,,1638.0
2018-10-30 11:00,,17.1,2258,17.14,16.86,16.87,,3077.0
2018-10-30 11:05,,17.05,2258,17.1,17.0,17.1,,2448.0
2018-10-30 11:10,,17.12,2258,17.12,17.05,17.05,,2032.0
2018-10-30 11:15,,17.1,2258,17.12,17.0,17.11,,1674.0
2018-10-30 11:20,,16.98,2258,17.13,16.98,17.1,,1537.0
2018-10-30 11:25,,16.95,2258,17.0,16.91,16.98,,612.0
2018-10-30 11:30,,17.05,2258,17.06,16.94,16.95,,610.0
2018-10-30 13:05,,17.15,2258,17.15,17.0,17.05,,1616.0
2018-10-30 13:10,,17.16,2258,17.32,17.15,17.15,,1845.0
2018-10-30 13:15,,17.14,2258,17.25,17.14,17.16,,652.0
2018-10-30 13:20,,17.14,2258,17.17,17.12,17.14,,779.0
2018-10-30 13:25,,17.12,2258,17.18,17.12,17.14,,633.0
2018-10-30 13:30,,17.03,2258,17.17,16.94,17.12,,1348.0
2018-10-30 13:35,,16.97,2258,17.05,16.95,17.03,,916.0
2018-10-30 13:40,,16.93,2258,17.01,16.91,16.97,,941.0
2018-10-30 13:45,,16.94,2258,17.05,16.92,16.93,,1101.0
2018-10-30 13:50,,16.93,2258,16.99,16.91,16.94,,594.0
2018-10-30 13:55,,16.91,2258,16.98,16.83,16.93,,1121.0
2018-10-30 14:00,,17.04,2258,17.04,16.9,16.91,,550.0
2018-10-30 14:05,,16.95,2258,17.07,16.95,17.04,,728.0
2018-10-30 14:10,,16.87,2258,17.0,16.87,16.95,,468.0
2018-10-30 14:15,,16.91,2258,16.93,16.87,16.87,,367.0
2018-10-30 14:20,,16.91,2258,17.0,16.9,16.91,,535.0
2018-10-30 14:25,,16.99,2258,17.01,16.91,16.91,,482.0
2018-10-30 14:30,,17.03,2258,17.04,16.94,16.99,,637.0
2018-10-30 14:35,,16.93,2258,17.05,16.93,17.03,,678.0
2018-10-30 14:40,,16.98,2258,17.02,16.93,16.93,,602.0
2018-10-30 14:45,,16.95,2258,17.02,16.95,16.98,,643.0
2018-10-30 14:50,,16.96,2258,16.96,16.88,16.95,,1443.0
2018-10-30 14:55,,16.96,2258,16.99,16.95,16.96,,541.0
2018-10-30 15:00,,16.96,2258,16.98,16.96,16.96,,482.0
2018-10-31 09:35,,16.99,2258,17.12,16.84,16.99,,1303.0
2018-10-31 09:40,,17.02,2258,17.18,16.98,16.99,,1152.0
2018-10-31 09:45,,17.0,2258,17.11,16.99,17.02,,921.0
2018-10-31 09:50,,17.03,2258,17.05,16.94,17.0,,1184.0
2018-10-31 09:55,,17.16,2258,17.18,16.94,17.03,,1446.0
2018-10-31 10:00,,17.15,2258,17.23,17.09,17.15,,2513.0
2018-10-31 10:05,,17.14,2258,17.18,17.04,17.15,,1940.0
2018-10-31 10:10,,17.2,2258,17.27,17.06,17.14,,2103.0
2018-10-31 10:15,,17.45,2258,17.65,17.2,17.2,,4165.0
2018-10-31 10:20,,17.38,2258,17.5,17.37,17.45,,1134.0
2018-10-31 10:25,,17.32,2258,17.41,17.31,17.38,,785.0
2018-10-31 10:30,,17.36,2258,17.46,17.31,17.32,,914.0
2018-10-31 10:35,,17.35,2258,17.38,17.31,17.36,,864.0
2018-10-31 10:40,,17.38,2258,17.4,17.3,17.35,,814.0
2018-10-31 10:45,,17.35,2258,17.38,17.28,17.38,,1564.0
2018-10-31 10:50,,17.25,2258,17.35,17.24,17.35,,1006.0
2018-10-31 10:55,,17.24,2258,17.35,17.24,17.25,,1167.0
2018-10-31 11:00,,17.21,2258,17.31,17.2,17.24,,1096.0
2018-10-31 11:05,,17.28,2258,17.29,17.2,17.21,,872.0
2018-10-31 11:10,,17.26,2258,17.31,17.21,17.28,,932.0
2018-10-31 11:15,,17.27,2258,17.32,17.22,17.26,,720.0
2018-10-31 11:20,,17.24,2258,17.32,17.22,17.27,,688.0
2018-10-31 11:25,,17.27,2258,17.32,17.21,17.24,,1380.0
2018-10-31 11:30,,17.26,2258,17.37,17.24,17.24,,1152.0
2018-10-31 13:05,,17.28,2258,17.36,17.26,17.26,,778.0
2018-10-31 13:10,,17.37,2258,17.37,17.26,17.28,,685.0
2018-10-31 13:15,,17.35,2258,17.36,17.27,17.29,,688.0
2018-10-31 13:20,,17.34,2258,17.35,17.27,17.35,,359.0
2018-10-31 13:25,,17.4,2258,17.4,17.31,17.34,,374.0
2018-10-31 13:30,,17.36,2258,17.46,17.31,17.4,,992.0
2018-10-31 13:35,,17.36,2258,17.43,17.35,17.36,,579.0
2018-10-31 13:40,,17.39,2258,17.4,17.35,17.36,,442.0
2018-10-31 13:45,,17.36,2258,17.39,17.31,17.39,,1068.0
2018-10-31 13:50,,17.28,2258,17.41,17.24,17.36,,1165.0
2018-10-31 13:55,,17.26,2258,17.33,17.2,17.28,,510.0
2018-10-31 14:00,,17.33,2258,17.38,17.26,17.26,,143.0
2018-10-31 14:05,,17.23,2258,17.35,17.23,17.33,,315.0
2018-10-31 14:10,,17.27,2258,17.27,17.23,17.23,,101.0
2018-10-31 14:15,,17.26,2258,17.27,17.26,17.27,,157.0
2018-10-31 14:20,,17.25,2258,17.26,17.25,17.26,,24.0
2018-10-31 14:25,,17.25,2258,17.25,17.23,17.25,,129.0
2018-10-31 14:30,,17.25,2258,17.25,17.22,17.25,,802.0
2018-10-31 14:35,,17.14,2258,17.26,17.14,17.25,,894.0
2018-10-31 14:40,,17.09,2258,17.14,17.05,17.14,,669.0
2018-10-31 14:45,,17.06,2258,17.13,17.06,17.09,,1042.0
2018-10-31 14:50,,17.13,2258,17.15,17.05,17.06,,1819.0
2018-10-31 14:55,,17.2,2258,17.22,17.12,17.2,,687.0
2018-10-31 15:00,,17.2,2258,17.2,17.16,17.2,,283.0
2018-11-01 09:35,,17.36,2258,17.5,17.2,17.2,,1681.0
2018-11-01 09:40,,17.34,2258,17.39,17.28,17.36,,838.0
2018-11-01 09:45,,17.35,2258,17.38,17.32,17.32,,603.0
2018-11-01 09:50,,17.39,2258,17.4,17.3,17.35,,1673.0
2018-11-01 09:55,,17.39,2258,17.4,17.33,17.39,,1013.0
2018-11-01 10:00,,17.36,2258,17.43,17.36,17.39,,1283.0
2018-11-01 10:05,,17.36,2258,17.4,17.33,17.36,,1166.0
2018-11-01 10:10,,17.3,2258,17.36,17.25,17.36,,1673.0
2018-11-01 10:15,,17.29,2258,17.34,17.28,17.3,,302.0
2018-11-01 10:20,,17.29,2258,17.3,17.28,17.29,,647.0
2018-11-01 10:25,,17.4,2258,17.4,17.28,17.29,,853.0
2018-11-01 10:30,,17.44,2258,17.44,17.37,17.4,,817.0
2018-11-01 10:35,,17.42,2258,17.49,17.42,17.44,,1035.0
2018-11-01 10:40,,17.42,2258,17.45,17.42,17.42,,286.0
2018-11-01 10:45,,17.4,2258,17.45,17.4,17.42,,232.0
2018-11-01 10:50,,17.4,2258,17.44,17.38,17.4,,255.0
2018-11-01 10:55,,17.41,2258,17.41,17.4,17.41,,83.0
2018-11-01 11:00,,17.46,2258,17.46,17.41,17.41,,382.0
2018-11-01 11:05,,17.47,2258,17.47,17.45,17.46,,280.0
2018-11-01 11:10,,17.48,2258,17.48,17.46,17.47,,322.0
2018-11-01 11:15,,17.53,2258,17.53,17.47,17.48,,1558.0
2018-11-01 11:20,,17.5,2258,17.54,17.48,17.53,,521.0
2018-11-01 11:25,,17.5,2258,17.51,17.48,17.5,,415.0
2018-11-01 11:30,,17.49,2258,17.5,17.48,17.5,,255.0
2018-11-01 13:05,,17.5,2258,17.51,17.49,17.49,,255.0
2018-11-01 13:10,,17.48,2258,17.5,17.48,17.5,,193.0
2018-11-01 13:15,,17.5,2258,17.52,17.48,17.48,,361.0
2018-11-01 13:20,,17.52,2258,17.52,17.5,17.5,,255.0
2018-11-01 13:25,,17.54,2258,17.55,17.51,17.52,,811.0
2018-11-01 13:30,,17.55,2258,17.57,17.54,17.54,,520.0
2018-11-01 13:35,,17.52,2258,17.57,17.5,17.55,,889.0
2018-11-01 13:40,,17.49,2258,17.52,17.48,17.52,,398.0
2018-11-01 13:45,,17.53,2258,17.53,17.46,17.49,,882.0
2018-11-01 13:50,,17.51,2258,17.56,17.51,17.53,,1216.0
2018-11-01 13:55,,17.53,2258,17.54,17.51,17.53,,312.0
2018-11-01 14:00,,17.56,2258,17.57,17.53,17.53,,633.0
2018-11-01 14:05,,17.7,2258,17.71,17.54,17.56,,3251.0
2018-11-01 14:10,,17.67,2258,17.71,17.65,17.7,,1261.0
2018-11-01 14:15,,17.51,2258,17.67,17.48,17.65,,628.0
2018-11-01 14:20,,17.62,2258,17.65,17.51,17.51,,898.0
2018-11-01 14:25,,17.69,2258,17.7,17.57,17.62,,1692.0
2018-11-01 14:30,,17.68,2258,17.7,17.64,17.69,,1052.0
2018-11-01 14:35,,17.7,2258,17.71,17.64,17.67,,1862.0
2018-11-01 14:40,,17.65,2258,17.71,17.65,17.7,,692.0
2018-11-01 14:45,,17.58,2258,17.66,17.53,17.65,,483.0
2018-11-01 14:50,,17.6,2258,17.63,17.56,17.58,,393.0
2018-11-01 14:55,,17.6,2258,17.61,17.58,17.6,,392.0
2018-11-01 15:00,,17.61,2258,17.61,17.6,17.6,,513.0
2018-11-02 09:35,,18.05,2258,18.23,18.05,18.1,,4479.0
2018-11-02 09:40,,17.95,2258,18.05,17.88,18.05,,2050.0
2018-11-02 09:45,,18.0,2258,18.01,17.91,17.95,,1354.0
2018-11-02 09:50,,17.92,2258,18.01,17.91,18.0,,1417.0
2018-11-02 09:55,,18.0,2258,18.03,17.9,17.92,,1361.0
2018-11-02 10:00,,17.94,2258,18.0,17.93,18.0,,766.0
2018-11-02 10:05,,17.94,2258,17.96,17.93,17.94,,352.0
2018-11-02 10:10,,17.95,2258,17.96,17.94,17.94,,566.0
2018-11-02 10:15,,17.97,2258,17.97,17.94,17.95,,348.0
2018-11-02 10:20,,18.1,2258,18.14,17.97,17.97,,1783.0
2018-11-02 10:25,,18.12,2258,18.14,18.05,18.1,,585.0
2018-11-02 10:30,,18.04,2258,18.13,18.02,18.12,,736.0
2018-11-02 10:35,,18.14,2258,18.15,18.04,18.04,,486.0
2018-11-02 10:40,,18.05,2258,18.15,18.05,18.14,,196.0
2018-11-02 10:45,,18.11,2258,18.12,18.05,18.05,,278.0
2018-11-02 10:50,,18.1,2258,18.15,18.08,18.11,,746.0
2018-11-02 10:55,,18.11,2258,18.12,18.07,18.1,,334.0
2018-11-02 11:00,,18.16,2258,18.16,18.1,18.12,,466.0
2018-11-02 11:05,,18.08,2258,18.16,18.08,18.16,,405.0
2018-11-02 11:10,,18.17,2258,18.18,18.07,18.08,,709.0
2018-11-02 11:15,,18.21,2258,18.21,18.16,18.17,,1018.0
2018-11-02 11:20,,18.23,2258,18.23,18.19,18.22,,642.0
2018-11-02 11:25,,18.27,2258,18.27,18.23,18.23,,1144.0
2018-11-02 11:30,,18.26,2258,18.28,18.26,18.27,,291.0
2018-11-02 13:05,,18.33,2258,18.36,18.26,18.26,,1324.0
2018-11-02 13:10,,18.31,2258,18.33,18.3,18.33,,500.0
2018-11-02 13:15,,18.29,2258,18.35,18.28,18.31,,563.0
2018-11-02 13:20,,18.27,2258,18.28,18.19,18.28,,638.0
2018-11-02 13:25,,18.22,2258,18.3,18.22,18.27,,339.0
2018-11-02 13:30,,18.24,2258,18.25,18.2,18.22,,156.0
2018-11-02 13:35,,18.24,2258,18.26,18.21,18.24,,272.0
2018-11-02 13:40,,18.21,2258,18.24,18.21,18.24,,283.0
2018-11-02 13:45,,18.24,2258,18.24,18.2,18.21,,548.0
2018-11-02 13:50,,18.28,2258,18.28,18.24,18.24,,670.0
2018-11-02 13:55,,18.27,2258,18.29,18.26,18.28,,1079.0
2018-11-02 14:00,,18.25,2258,18.27,18.25,18.27,,571.0
2018-11-02 14:05,,18.23,2258,18.26,18.23,18.25,,769.0
2018-11-02 14:10,,18.21,2258,18.24,18.21,18.23,,55.0
2018-11-02 14:15,,18.3,2258,18.3,18.21,18.21,,1093.0
2018-11-02 14:20,,18.29,2258,18.3,18.24,18.3,,435.0
2018-11-02 14:25,,18.28,2258,18.3,18.26,18.29,,232.0
2018-11-02 14:30,,18.28,2258,18.28,18.27,18.28,,558.0
2018-11-02 14:35,,18.29,2258,18.29,18.27,18.28,,954.0
2018-11-02 14:40,,18.28,2258,18.3,18.27,18.29,,1134.0
2018-11-02 14:45,,18.29,2258,18.3,18.27,18.29,,1007.0
2018-11-02 14:50,,18.3,2258,18.32,18.27,18.29,,1548.0
2018-11-02 14:55,,18.32,2258,18.34,18.3,18.3,,790.0
2018-11-02 15:00,,18.32,2258,18.32,18.3,18.32,,370.0
2018-11-05 09:35,,18.17,2258,18.28,18.17,18.28,,1581.0
2018-11-05 09:40,,18.43,2258,18.43,18.11,18.17,,1539.0
2018-11-05 09:45,,18.32,2258,18.43,18.3,18.43,,1257.0
2018-11-05 09:50,,18.36,2258,18.36,18.3,18.32,,296.0
2018-11-05 09:55,,18.43,2258,18.43,18.35,18.36,,427.0
2018-11-05 10:00,,18.43,2258,18.44,18.38,18.43,,624.0
2018-11-05 10:05,,18.5,2258,18.6,18.43,18.43,,1179.0
2018-11-05 10:10,,18.5,2258,18.5,18.44,18.5,,845.0
2018-11-05 10:15,,18.52,2258,18.54,18.48,18.5,,448.0
2018-11-05 10:20,,18.53,2258,18.54,18.48,18.52,,1120.0
2018-11-05 10:25,,18.55,2258,18.59,18.52,18.53,,655.0
2018-11-05 10:30,,18.65,2258,18.65,18.55,18.55,,851.0
2018-11-05 10:35,,18.5,2258,18.65,18.5,18.65,,873.0
2018-11-05 10:40,,18.62,2258,18.65,18.49,18.5,,1157.0
2018-11-05 10:45,,18.47,2258,18.63,18.47,18.62,,356.0
2018-11-05 10:50,,18.41,2258,18.5,18.41,18.47,,435.0
2018-11-05 10:55,,18.44,2258,18.5,18.4,18.41,,266.0
2018-11-05 11:00,,18.45,2258,18.54,18.43,18.44,,585.0
2018-11-05 11:05,,18.42,2258,18.51,18.42,18.45,,203.0
2018-11-05 11:10,,18.41,2258,18.42,18.4,18.42,,453.0
2018-11-05 11:15,,18.49,2258,18.5,18.4,18.41,,184.0
2018-11-05 11:20,,18.44,2258,18.5,18.44,18.49,,316.0
2018-11-05 11:25,,18.5,2258,18.5,18.44,18.44,,335.0
2018-11-05 11:30,,18.45,2258,18.51,18.45,18.5,,253.0
2018-11-05 13:05,,18.39,2258,18.45,18.39,18.45,,545.0
2018-11-05 13:10,,18.36,2258,18.39,18.36,18.39,,471.0
2018-11-05 13:15,,18.3,2258,18.39,18.3,18.36,,218.0
2018-11-05 13:20,,18.34,2258,18.4,18.2,18.28,,505.0
2018-11-05 13:25,,18.24,2258,18.34,18.21,18.34,,459.0
2018-11-05 13:30,,18.31,2258,18.31,18.24,18.24,,338.0
2018-11-05 13:35,,18.31,2258,18.38,18.3,18.31,,338.0
2018-11-05 13:40,,18.33,2258,18.36,18.31,18.31,,49.0
2018-11-05 13:45,,18.34,2258,18.38,18.33,18.33,,173.0
2018-11-05 13:50,,18.39,2258,18.39,18.33,18.34,,114.0
2018-11-05 13:55,,18.39,2258,18.42,18.35,18.39,,291.0
2018-11-05 14:00,,18.38,2258,18.41,18.37,18.39,,282.0
2018-11-05 14:05,,18.37,2258,18.41,18.37,18.38,,117.0
2018-11-05 14:10,,18.41,2258,18.45,18.37,18.38,,348.0
2018-11-05 14:15,,18.41,2258,18.44,18.4,18.41,,173.0
2018-11-05 14:20,,18.42,2258,18.42,18.39,18.41,,236.0
2018-11-05 14:25,,18.45,2258,18.45,18.42,18.42,,238.0
2018-11-05 14:30,,18.42,2258,18.46,18.42,18.45,,645.0
2018-11-05 14:35,,18.35,2258,18.43,18.33,18.42,,523.0
2018-11-05 14:40,,18.4,2258,18.47,18.35,18.35,,273.0
2018-11-05 14:45,,18.4,2258,18.41,18.36,18.4,,313.0
2018-11-05 14:50,,18.41,2258,18.43,18.39,18.4,,257.0
2018-11-05 14:55,,18.39,2258,18.47,18.38,18.41,,802.0
2018-11-05 15:00,,18.39,2258,18.39,18.39,18.39,,212.0
2018-11-06 09:35,,18.4,2258,18.6,18.36,18.41,,1172.0
2018-11-06 09:40,,18.44,2258,18.45,18.37,18.4,,537.0
2018-11-06 09:45,,18.38,2258,18.45,18.38,18.44,,458.0
2018-11-06 09:50,,18.37,2258,18.4,18.37,18.38,,240.0
2018-11-06 09:55,,18.24,2258,18.37,18.22,18.37,,657.0
2018-11-06 10:00,,18.24,2258,18.34,18.24,18.24,,419.0
2018-11-06 10:05,,18.25,2258,18.27,18.21,18.23,,690.0
2018-11-06 10:10,,18.35,2258,18.4,18.25,18.25,,451.0
2018-11-06 10:15,,18.36,2258,18.4,18.35,18.35,,253.0
2018-11-06 10:20,,18.46,2258,18.46,18.36,18.36,,358.0
2018-11-06 10:25,,18.48,2258,18.49,18.42,18.46,,339.0
2018-11-06 10:30,,18.38,2258,18.48,18.38,18.48,,286.0
2018-11-06 10:35,,18.35,2258,18.38,18.34,18.38,,68.0
2018-11-06 10:40,,18.42,2258,18.46,18.35,18.35,,264.0
2018-11-06 10:45,,18.43,2258,18.45,18.42,18.42,,141.0
2018-11-06 10:50,,18.39,2258,18.45,18.39,18.43,,109.0
2018-11-06 10:55,,18.36,2258,18.39,18.35,18.39,,153.0
2018-11-06 11:00,,18.44,2258,18.45,18.36,18.36,,98.0
2018-11-06 11:05,,18.42,2258,18.44,18.42,18.44,,58.0
2018-11-06 11:10,,18.42,2258,18.43,18.4,18.41,,167.0
2018-11-06 11:15,,18.37,2258,18.43,18.37,18.42,,60.0
2018-11-06 11:20,,18.43,2258,18.43,18.37,18.37,,4.0
2018-11-06 11:25,,18.37,2258,18.43,18.37,18.43,,161.0
2018-11-06 11:30,,18.36,2258,18.37,18.34,18.37,,156.0
2018-11-06 13:05,,18.27,2258,18.36,18.27,18.36,,194.0
2018-11-06 13:10,,18.25,2258,18.27,18.24,18.27,,215.0
2018-11-06 13:15,,18.25,2258,18.27,18.25,18.25,,263.0
2018-11-06 13:20,,18.15,2258,18.25,18.12,18.25,,627.0
2018-11-06 13:25,,18.2,2258,18.2,18.14,18.15,,183.0
2018-11-06 13:30,,18.29,2258,18.3,18.2,18.2,,747.0
2018-11-06 13:35,,18.34,2258,18.34,18.25,18.25,,265.0
2018-11-06 13:40,,18.34,2258,18.37,18.3,18.34,,201.0
2018-11-06 13:45,,18.33,2258,18.35,18.33,18.34,,85.0
2018-11-06 13:50,,18.45,2258,18.45,18.33,18.33,,1041.0
2018-11-06 13:55,,18.41,2258,18.48,18.4,18.45,,185.0
2018-11-06 14:00,,18.44,2258,18.47,18.41,18.41,,168.0
2018-11-06 14:05,,18.38,2258,18.44,18.36,18.44,,148.0
2018-11-06 14:10,,18.4,2258,18.4,18.36,18.38,,139.0
2018-11-06 14:15,,18.45,2258,18.45,18.38,18.4,,66.0
2018-11-06 14:20,,18.45,2258,18.45,18.42,18.45,,104.0
2018-11-06 14:25,,18.44,2258,18.45,18.43,18.45,,120.0
2018-11-06 14:30,,18.46,2258,18.46,18.41,18.44,,154.0
2018-11-06 14:35,,18.47,2258,18.5,18.45,18.45,,663.0
2018-11-06 14:40,,18.52,2258,18.53,18.47,18.47,,943.0
2018-11-06 14:45,,18.49,2258,18.53,18.49,18.52,,550.0
2018-11-06 14:50,,18.5,2258,18.5,18.46,18.49,,422.0
2018-11-06 14:55,,18.5,2258,18.51,18.49,18.5,,672.0
2018-11-06 15:00,,18.49,2258,18.5,18.49,18.49,,192.0
2018-11-07 09:35,,18.42,2258,18.53,18.36,18.45,,435.0
2018-11-07 09:40,,18.38,2258,18.46,18.25,18.42,,590.0
2018-11-07 09:45,,18.41,2258,18.41,18.35,18.38,,215.0
2018-11-07 09:50,,18.48,2258,18.48,18.33,18.41,,236.0
2018-11-07 09:55,,18.43,2258,18.48,18.38,18.48,,259.0
2018-11-07 10:00,,18.49,2258,18.55,18.43,18.43,,439.0
2018-11-07 10:05,,18.51,2258,18.52,18.49,18.49,,64.0
2018-11-07 10:10,,18.5,2258,18.51,18.44,18.51,,142.0
2018-11-07 10:15,,18.49,2258,18.54,18.47,18.5,,153.0
2018-11-07 10:20,,18.48,2258,18.49,18.47,18.49,,68.0
2018-11-07 10:25,,18.45,2258,18.48,18.45,18.48,,77.0
2018-11-07 10:30,,18.44,2258,18.45,18.38,18.45,,130.0
2018-11-07 10:35,,18.38,2258,18.44,18.38,18.44,,168.0
2018-11-07 10:40,,18.38,2258,18.4,18.25,18.38,,309.0
2018-11-07 10:45,,18.32,2258,18.39,18.32,18.38,,136.0
2018-11-07 10:50,,18.43,2258,18.44,18.32,18.32,,270.0
2018-11-07 10:55,,18.38,2258,18.44,18.38,18.38,,155.0
2018-11-07 11:00,,18.43,2258,18.44,18.33,18.44,,191.0
2018-11-07 11:05,,18.42,2258,18.43,18.34,18.43,,248.0
2018-11-07 11:10,,18.4,2258,18.43,18.34,18.41,,475.0
2018-11-07 11:15,,18.42,2258,18.42,18.34,18.4,,513.0
2018-11-07 11:20,,18.34,2258,18.42,18.34,18.42,,185.0
2018-11-07 11:25,,18.38,2258,18.38,18.33,18.34,,160.0
2018-11-07 11:30,,18.36,2258,18.41,18.34,18.38,,131.0
2018-11-07 13:05,,18.49,2258,18.5,18.36,18.36,,1317.0
2018-11-07 13:10,,18.42,2258,18.49,18.37,18.49,,361.0
2018-11-07 13:15,,18.4,2258,18.44,18.4,18.42,,234.0
2018-11-07 13:20,,18.39,2258,18.41,18.38,18.4,,265.0
2018-11-07 13:25,,18.39,2258,18.42,18.38,18.39,,122.0
2018-11-07 13:30,,18.38,2258,18.43,18.37,18.39,,249.0
2018-11-07 13:35,,18.31,2258,18.4,18.31,18.38,,436.0
2018-11-07 13:40,,18.25,2258,18.31,18.25,18.31,,637.0
2018-11-07 13:45,,18.25,2258,18.28,18.23,18.25,,544.0
2018-11-07 13:50,,18.21,2258,18.3,18.21,18.25,,578.0
2018-11-07 13:55,,18.21,2258,18.27,18.2,18.21,,205.0
2018-11-07 14:00,,18.19,2258,18.28,18.17,18.21,,1028.0
2018-11-07 14:05,,18.21,2258,18.25,18.18,18.19,,354.0
2018-11-07 14:10,,18.21,2258,18.22,18.2,18.21,,286.0
2018-11-07 14:15,,18.2,2258,18.25,18.2,18.21,,223.0
2018-11-07 14:20,,18.3,2258,18.37,18.2,18.2,,272.0
2018-11-07 14:25,,18.27,2258,18.36,18.22,18.3,,220.0
2018-11-07 14:30,,18.22,2258,18.27,18.21,18.27,,183.0
2018-11-07 14:35,,18.21,2258,18.25,18.2,18.22,,434.0
2018-11-07 14:40,,18.22,2258,18.25,18.21,18.21,,322.0
2018-11-07 14:45,,18.27,2258,18.28,18.21,18.22,,267.0
2018-11-07 14:50,,18.2,2258,18.28,18.2,18.27,,540.0
2018-11-07 14:55,,18.2,2258,18.25,18.2,18.2,,467.0
2018-11-07 15:00,,18.2,2258,18.22,18.2,18.2,,164.0
2018-11-08 09:35,,18.34,2258,18.4,18.28,18.28,,737.0
2018-11-08 09:40,,18.3,2258,18.38,18.3,18.33,,934.0
2018-11-08 09:45,,18.18,2258,18.34,18.14,18.3,,887.0
2018-11-08 09:50,,18.14,2258,18.2,18.12,18.18,,737.0
2018-11-08 09:55,,18.16,2258,18.2,18.12,18.14,,575.0
2018-11-08 10:00,,18.04,2258,18.16,18.04,18.16,,1143.0
2018-11-08 10:05,,17.85,2258,18.04,17.84,18.04,,3486.0
2018-11-08 10:10,,17.8,2258,17.86,17.79,17.85,,2423.0
2018-11-08 10:15,,17.8,2258,17.82,17.75,17.8,,2870.0
2018-11-08 10:20,,17.82,2258,17.82,17.78,17.8,,1380.0
2018-11-08 10:25,,17.84,2258,17.88,17.8,17.82,,510.0
2018-11-08 10:30,,17.81,2258,17.88,17.81,17.85,,785.0
2018-11-08 10:35,,17.73,2258,17.83,17.71,17.81,,3414.0
2018-11-08 10:40,,17.59,2258,17.73,17.58,17.73,,2559.0
2018-11-08 10:45,,17.57,2258,17.6,17.48,17.5,,3077.0
2018-11-08 10:50,,17.54,2258,17.58,17.5,17.57,,1998.0
2018-11-08 10:55,,17.76,2258,17.8,17.54,17.54,,2051.0
2018-11-08 11:00,,17.78,2258,17.8,17.68,17.76,,644.0
2018-11-08 11:05,,17.83,2258,17.85,17.74,17.78,,498.0
2018-11-08 11:10,,17.78,2258,17.83,17.75,17.83,,231.0
2018-11-08 11:15,,17.8,2258,17.8,17.71,17.78,,229.0
2018-11-08 11:20,,17.78,2258,17.83,17.77,17.8,,196.0
2018-11-08 11:25,,17.79,2258,17.85,17.75,17.78,,271.0
2018-11-08 11:30,,17.8,2258,17.84,17.79,17.79,,141.0
2018-11-08 13:05,,17.8,2258,17.94,17.78,17.8,,1296.0
2018-11-08 13:10,,17.75,2258,17.78,17.72,17.78,,258.0
2018-11-08 13:15,,17.78,2258,17.85,17.75,17.75,,863.0
2018-11-08 13:20,,17.82,2258,17.82,17.78,17.78,,359.0
2018-11-08 13:25,,17.82,2258,17.82,17.76,17.82,,457.0
2018-11-08 13:30,,17.9,2258,17.9,17.77,17.82,,753.0
2018-11-08 13:35,,17.86,2258,17.9,17.84,17.9,,453.0
2018-11-08 13:40,,17.89,2258,17.9,17.86,17.86,,655.0
2018-11-08 13:45,,17.8,2258,17.9,17.77,17.89,,763.0
2018-11-08 13:50,,17.79,2258,17.81,17.79,17.8,,297.0
2018-11-08 13:55,,17.81,2258,17.84,17.76,17.79,,460.0
2018-11-08 14:00,,17.84,2258,17.87,17.8,17.81,,385.0
2018-11-08 14:05,,17.81,2258,17.87,17.8,17.84,,271.0
2018-11-08 14:10,,17.76,2258,17.84,17.76,17.84,,225.0
2018-11-08 14:15,,17.82,2258,17.85,17.76,17.76,,745.0
2018-11-08 14:20,,17.83,2258,17.84,17.79,17.82,,373.0
2018-11-08 14:25,,17.82,2258,17.83,17.79,17.82,,326.0
2018-11-08 14:30,,17.71,2258,17.82,17.7,17.81,,1634.0
2018-11-08 14:35,,17.78,2258,17.79,17.71,17.77,,191.0
2018-11-08 14:40,,17.76,2258,17.78,17.7,17.78,,361.0
2018-11-08 14:45,,17.75,2258,17.78,17.7,17.76,,353.0
2018-11-08 14:50,,17.73,2258,17.75,17.72,17.75,,282.0
2018-11-08 14:55,,17.79,2258,17.8,17.72,17.73,,497.0
2018-11-08 15:00,,17.8,2258,17.8,17.78,17.79,,412.0
2018-11-09 09:35,,17.71,2258,18.05,17.6,17.92,,1874.0
2018-11-09 09:40,,17.69,2258,17.83,17.67,17.71,,458.0
2018-11-09 09:45,,17.65,2258,17.72,17.62,17.69,,833.0
2018-11-09 09:50,,17.9,2258,17.95,17.61,17.65,,1226.0
2018-11-09 09:55,,17.79,2258,17.92,17.71,17.9,,847.0
2018-11-09 10:00,,17.72,2258,17.83,17.7,17.79,,1584.0
2018-11-09 10:05,,17.7,2258,17.8,17.68,17.72,,862.0
2018-11-09 10:10,,17.7,2258,17.86,17.69,17.7,,773.0
2018-11-09 10:15,,17.78,2258,17.96,17.7,17.7,,903.0
2018-11-09 10:20,,17.71,2258,17.87,17.71,17.78,,833.0
2018-11-09 10:25,,17.67,2258,17.79,17.67,17.71,,1345.0
2018-11-09 10:30,,17.8,2258,17.88,17.67,17.67,,1905.0
2018-11-09 10:35,,17.71,2258,17.85,17.71,17.8,,897.0
2018-11-09 10:40,,17.8,2258,17.8,17.69,17.71,,1907.0
2018-11-09 10:45,,17.79,2258,17.82,17.76,17.8,,454.0
2018-11-09 10:50,,17.71,2258,17.82,17.71,17.79,,660.0
2018-11-09 10:55,,17.78,2258,17.8,17.71,17.71,,579.0
2018-11-09 11:00,,17.78,2258,17.82,17.73,17.78,,379.0
2018-11-09 11:05,,17.77,2258,17.8,17.77,17.78,,61.0
2018-11-09 11:10,,17.76,2258,17.77,17.73,17.77,,185.0
2018-11-09 11:15,,17.75,2258,17.81,17.75,17.76,,547.0
2018-11-09 11:20,,17.7,2258,17.79,17.7,17.74,,239.0
2018-11-09 11:25,,17.7,2258,17.71,17.69,17.7,,243.0
2018-11-09 11:30,,17.66,2258,17.69,17.66,17.69,,133.0
2018-11-09 13:05,,17.64,2258,17.68,17.63,17.66,,486.0
2018-11-09 13:10,,17.6,2258,17.64,17.6,17.64,,488.0
2018-11-09 13:15,,17.61,2258,17.64,17.59,17.6,,483.0
2018-11-09 13:20,,17.59,2258,17.62,17.58,17.62,,380.0
2018-11-09 13:25,,17.58,2258,17.61,17.58,17.59,,424.0
2018-11-09 13:30,,17.61,2258,17.61,17.54,17.58,,388.0
2018-11-09 13:35,,17.6,2258,17.64,17.58,17.59,,364.0
2018-11-09 13:40,,17.59,2258,17.63,17.59,17.61,,274.0
2018-11-09 13:45,,17.57,2258,17.6,17.56,17.59,,267.0
2018-11-09 13:50,,17.56,2258,17.6,17.56,17.57,,320.0
2018-11-09 13:55,,17.58,2258,17.61,17.55,17.56,,536.0
2018-11-09 14:00,,17.53,2258,17.6,17.53,17.58,,1500.0
2018-11-09 14:05,,17.43,2258,17.54,17.4,17.53,,2904.0
2018-11-09 14:10,,17.44,2258,17.49,17.43,17.43,,609.0
2018-11-09 14:15,,17.49,2258,17.5,17.42,17.44,,760.0
2018-11-09 14:20,,17.51,2258,17.51,17.47,17.49,,1070.0
2018-11-09 14:25,,17.49,2258,17.51,17.45,17.51,,1075.0
2018-11-09 14:30,,17.47,2258,17.5,17.45,17.49,,640.0
2018-11-09 14:35,,17.45,2258,17.48,17.43,17.47,,899.0
2018-11-09 14:40,,17.41,2258,17.49,17.41,17.45,,996.0
2018-11-09 14:45,,17.49,2258,17.5,17.41,17.41,,1089.0
2018-11-09 14:50,,17.5,2258,17.51,17.48,17.49,,1452.0
2018-11-09 14:55,,17.49,2258,17.54,17.47,17.5,,981.0
2018-11-09 15:00,,17.45,2258,17.5,17.45,17.49,,282.0
2018-11-12 09:35,,17.49,2258,17.69,17.28,17.49,,1708.0
2018-11-12 09:40,,17.46,2258,17.55,17.4,17.49,,2167.0
2018-11-12 09:45,,17.31,2258,17.47,17.3,17.46,,1245.0
2018-11-12 09:50,,17.26,2258,17.37,17.26,17.31,,1494.0
2018-11-12 09:55,,17.15,2258,17.3,17.1,17.26,,2020.0
2018-11-12 10:00,,17.28,2258,17.3,17.14,17.15,,754.0
2018-11-12 10:05,,17.21,2258,17.28,17.17,17.28,,717.0
2018-11-12 10:10,,17.2,2258,17.27,17.18,17.21,,900.0
2018-11-12 10:15,,17.13,2258,17.26,17.13,17.2,,2649.0
2018-11-12 10:20,,17.21,2258,17.24,17.11,17.12,,1741.0
2018-11-12 10:25,,17.27,2258,17.32,17.16,17.21,,1313.0
2018-11-12 10:30,,17.29,2258,17.4,17.25,17.27,,1195.0
2018-11-12 10:35,,17.28,2258,17.33,17.25,17.29,,705.0
2018-11-12 10:40,,17.31,2258,17.31,17.22,17.28,,877.0
2018-11-12 10:45,,17.26,2258,17.32,17.22,17.31,,889.0
2018-11-12 10:50,,17.26,2258,17.32,17.25,17.26,,946.0
2018-11-12 10:55,,17.36,2258,17.45,17.26,17.26,,566.0
2018-11-12 11:00,,17.49,2258,17.55,17.36,17.36,,896.0
2018-11-12 11:05,,17.5,2258,17.53,17.46,17.49,,316.0
2018-11-12 11:10,,17.53,2258,17.55,17.49,17.5,,427.0
2018-11-12 11:15,,17.55,2258,17.57,17.46,17.53,,814.0
2018-11-12 11:20,,17.56,2258,17.57,17.54,17.55,,253.0
2018-11-12 11:25,,17.53,2258,17.56,17.53,17.56,,164.0
2018-11-12 11:30,,17.5,2258,17.53,17.48,17.53,,229.0
2018-11-12 13:05,,17.58,2258,17.58,17.5,17.5,,463.0
2018-11-12 13:10,,17.57,2258,17.59,17.57,17.58,,165.0
2018-11-12 13:15,,17.6,2258,17.6,17.57,17.57,,271.0
2018-11-12 13:20,,17.67,2258,17.68,17.6,17.6,,372.0
2018-11-12 13:25,,17.67,2258,17.68,17.65,17.67,,251.0
2018-11-12 13:30,,17.68,2258,17.68,17.66,17.67,,270.0
2018-11-12 13:35,,17.67,2258,17.68,17.64,17.68,,694.0
2018-11-12 13:40,,17.67,2258,17.68,17.66,17.66,,118.0
2018-11-12 13:45,,17.62,2258,17.67,17.62,17.67,,447.0
2018-11-12 13:50,,17.59,2258,17.63,17.59,17.62,,458.0
2018-11-12 13:55,,17.54,2258,17.59,17.53,17.59,,855.0
2018-11-12 14:00,,17.5,2258,17.58,17.49,17.54,,1292.0
2018-11-12 14:05,,17.57,2258,17.57,17.49,17.5,,359.0
2018-11-12 14:10,,17.63,2258,17.63,17.57,17.57,,299.0
2018-11-12 14:15,,17.62,2258,17.64,17.62,17.63,,210.0
2018-11-12 14:20,,17.63,2258,17.63,17.62,17.62,,79.0
2018-11-12 14:25,,17.66,2258,17.66,17.62,17.63,,524.0
2018-11-12 14:30,,17.67,2258,17.67,17.65,17.66,,335.0
2018-11-12 14:35,,17.66,2258,17.67,17.65,17.67,,477.0
2018-11-12 14:40,,17.72,2258,17.73,17.65,17.66,,1267.0
2018-11-12 14:45,,17.77,2258,17.78,17.72,17.72,,1143.0
2018-11-12 14:50,,17.79,2258,17.8,17.76,17.77,,903.0
2018-11-12 14:55,,17.71,2258,17.79,17.65,17.79,,635.0
2018-11-12 15:00,,17.74,2258,17.74,17.71,17.71,,239.0
2018-11-13 09:35,,17.38,2258,17.5,17.35,17.5,,1611.0
2018-11-13 09:40,,17.39,2258,17.4,17.3,17.38,,1088.0
2018-11-13 09:45,,17.46,2258,17.47,17.36,17.39,,1438.0
2018-11-13 09:50,,17.44,2258,17.46,17.4,17.46,,512.0
2018-11-13 09:55,,17.47,2258,17.49,17.44,17.44,,1425.0
2018-11-13 10:00,,17.48,2258,17.52,17.46,17.47,,684.0
2018-11-13 10:05,,17.58,2258,17.59,17.48,17.48,,215.0
2018-11-13 10:10,,17.64,2258,17.65,17.57,17.58,,816.0
2018-11-13 10:15,,17.61,2258,17.66,17.59,17.64,,571.0
2018-11-13 10:20,,17.61,2258,17.67,17.6,17.61,,763.0
2018-11-13 10:25,,17.52,2258,17.61,17.5,17.61,,1467.0
2018-11-13 10:30,,17.5,2258,17.6,17.45,17.52,,1403.0
2018-11-13 10:35,,17.57,2258,17.58,17.49,17.5,,712.0
2018-11-13 10:40,,17.54,2258,17.6,17.49,17.57,,1072.0
2018-11-13 10:45,,17.45,2258,17.58,17.4,17.54,,1284.0
2018-11-13 10:50,,17.47,2258,17.52,17.43,17.45,,493.0
2018-11-13 10:55,,17.48,2258,17.49,17.42,17.47,,228.0
2018-11-13 11:00,,17.35,2258,17.48,17.35,17.48,,1059.0
2018-11-13 11:05,,17.38,2258,17.4,17.35,17.35,,421.0
2018-11-13 11:10,,17.39,2258,17.45,17.37,17.38,,267.0
2018-11-13 11:15,,17.43,2258,17.5,17.39,17.39,,386.0
2018-11-13 11:20,,17.46,2258,17.53,17.4,17.43,,283.0
2018-11-13 11:25,,17.45,2258,17.48,17.4,17.46,,150.0
2018-11-13 11:30,,17.53,2258,17.55,17.45,17.45,,201.0
2018-11-13 13:05,,17.54,2258,17.6,17.52,17.53,,941.0
2018-11-13 13:10,,17.58,2258,17.58,17.54,17.56,,427.0
2018-11-13 13:15,,17.59,2258,17.59,17.54,17.58,,455.0
2018-11-13 13:20,,17.6,2258,17.62,17.57,17.59,,357.0
2018-11-13 13:25,,17.69,2258,17.69,17.6,17.6,,700.0
2018-11-13 13:30,,17.71,2258,17.72,17.67,17.68,,998.0
2018-11-13 13:35,,17.66,2258,17.71,17.65,17.71,,843.0
2018-11-13 13:40,,17.72,2258,17.72,17.66,17.66,,555.0
2018-11-13 13:45,,17.75,2258,17.75,17.72,17.72,,653.0
2018-11-13 13:50,,17.71,2258,17.76,17.7,17.75,,658.0
2018-11-13 13:55,,17.7,2258,17.72,17.68,17.71,,871.0
2018-11-13 14:00,,17.71,2258,17.74,17.67,17.7,,978.0
2018-11-13 14:05,,17.74,2258,17.75,17.71,17.71,,430.0
2018-11-13 14:10,,17.72,2258,17.77,17.71,17.74,,834.0
2018-11-13 14:15,,17.64,2258,17.73,17.64,17.72,,1697.0
2018-11-13 14:20,,17.64,2258,17.65,17.63,17.64,,387.0
2018-11-13 14:25,,17.69,2258,17.7,17.6,17.64,,794.0
2018-11-13 14:30,,17.68,2258,17.7,17.67,17.69,,460.0
2018-11-13 14:35,,17.71,2258,17.73,17.68,17.68,,615.0
2018-11-13 14:40,,17.62,2258,17.71,17.62,17.71,,1048.0
2018-11-13 14:45,,17.69,2258,17.69,17.62,17.62,,661.0
2018-11-13 14:50,,17.74,2258,17.74,17.69,17.69,,720.0
2018-11-13 14:55,,17.76,2258,17.76,17.73,17.74,,894.0
2018-11-13 15:00,,17.76,2258,17.77,17.75,17.76,,244.0
2018-11-14 09:35,,17.61,2258,17.78,17.58,17.78,,1213.0
2018-11-14 09:40,,17.41,2258,17.64,17.4,17.61,,2981.0
2018-11-14 09:45,,17.35,2258,17.44,17.35,17.41,,3837.0
2018-11-14 09:50,,17.3,2258,17.37,17.26,17.35,,3002.0
2018-11-14 09:55,,17.34,2258,17.38,17.29,17.29,,1989.0
2018-11-14 10:00,,17.3,2258,17.37,17.3,17.34,,1893.0
2018-11-14 10:05,,17.23,2258,17.31,17.23,17.3,,3808.0
2018-11-14 10:10,,16.97,2258,17.23,16.92,17.23,,7426.0
2018-11-14 10:15,,16.96,2258,17.0,16.94,16.97,,5081.0
2018-11-14 10:20,,16.92,2258,17.0,16.8,16.96,,5204.0
2018-11-14 10:25,,17.1,2258,17.14,16.91,16.91,,1555.0
2018-11-14 10:30,,17.08,2258,17.1,17.0,17.1,,1072.0
2018-11-14 10:35,,17.06,2258,17.1,17.03,17.08,,951.0
2018-11-14 10:40,,17.06,2258,17.08,17.04,17.06,,682.0
2018-11-14 10:45,,17.07,2258,17.12,17.06,17.06,,947.0
2018-11-14 10:50,,17.12,2258,17.16,17.07,17.07,,1042.0
2018-11-14 10:55,,17.2,2258,17.24,17.11,17.12,,830.0
2018-11-14 11:00,,17.18,2258,17.21,17.12,17.2,,1933.0
2018-11-14 11:05,,17.13,2258,17.22,17.12,17.18,,1356.0
2018-11-14 11:10,,17.1,2258,17.14,17.09,17.13,,666.0
2018-11-14 11:15,,17.09,2258,17.12,17.09,17.1,,513.0
2018-11-14 11:20,,17.14,2258,17.14,17.08,17.09,,415.0
2018-11-14 11:25,,17.05,2258,17.15,17.05,17.14,,1546.0
2018-11-14 11:30,,17.09,2258,17.09,17.03,17.05,,454.0
2018-11-14 13:05,,17.1,2258,17.12,17.07,17.09,,817.0
2018-11-14 13:10,,17.09,2258,17.1,17.03,17.1,,796.0
2018-11-14 13:15,,17.19,2258,17.2,17.09,17.1,,552.0
2018-11-14 13:20,,17.2,2258,17.21,17.15,17.19,,883.0
2018-11-14 13:25,,17.18,2258,17.23,17.17,17.2,,734.0
2018-11-14 13:30,,17.19,2258,17.21,17.17,17.19,,769.0
2018-11-14 13:35,,17.14,2258,17.2,17.14,17.18,,726.0
2018-11-14 13:40,,17.17,2258,17.18,17.14,17.14,,267.0
2018-11-14 13:45,,17.14,2258,17.19,17.11,17.17,,744.0
2018-11-14 13:50,,17.11,2258,17.14,17.1,17.14,,488.0
2018-11-14 13:55,,17.07,2258,17.12,17.07,17.11,,861.0
2018-11-14 14:00,,17.05,2258,17.07,17.05,17.07,,810.0
2018-11-14 14:05,,17.01,2258,17.06,17.01,17.05,,1517.0
2018-11-14 14:10,,16.98,2258,17.03,16.98,17.01,,2843.0
2018-11-14 14:15,,16.96,2258,17.0,16.95,16.98,,2586.0
2018-11-14 14:20,,17.02,2258,17.03,16.96,16.96,,1242.0
2018-11-14 14:25,,17.05,2258,17.09,17.02,17.02,,910.0
2018-11-14 14:30,,17.07,2258,17.1,17.05,17.05,,542.0
2018-11-14 14:35,,17.06,2258,17.08,17.05,17.07,,1001.0
2018-11-14 14:40,,17.01,2258,17.06,17.01,17.06,,1605.0
2018-11-14 14:45,,17.02,2258,17.02,16.98,17.01,,1143.0
2018-11-14 14:50,,17.02,2258,17.04,17.01,17.02,,878.0
2018-11-14 14:55,,17.1,2258,17.13,17.01,17.02,,1092.0
2018-11-14 15:00,,17.1,2258,17.13,17.1,17.1,,633.0
2018-11-15 09:35,,17.0,2258,17.17,16.9,17.17,,2252.0
2018-11-15 09:40,,16.95,2258,17.04,16.95,17.0,,1486.0
2018-11-15 09:45,,17.03,2258,17.05,16.95,16.95,,989.0
2018-11-15 09:50,,17.06,2258,17.07,16.98,17.03,,1079.0
2018-11-15 09:55,,16.96,2258,17.07,16.95,17.06,,1961.0
2018-11-15 10:00,,17.02,2258,17.04,16.96,16.96,,1918.0
2018-11-15 10:05,,16.95,2258,17.02,16.94,17.02,,1841.0
2018-11-15 10:10,,16.93,2258,16.96,16.91,16.95,,1019.0
2018-11-15 10:15,,16.92,2258,16.96,16.92,16.93,,910.0
2018-11-15 10:20,,16.86,2258,16.96,16.85,16.92,,2743.0
2018-11-15 10:25,,16.95,2258,16.95,16.86,16.86,,948.0
2018-11-15 10:30,,16.88,2258,16.98,16.88,16.95,,1086.0
2018-11-15 10:35,,16.89,2258,16.96,16.86,16.88,,2148.0
2018-11-15 10:40,,16.9,2258,16.94,16.88,16.89,,1072.0
2018-11-15 10:45,,16.9,2258,16.93,16.88,16.9,,1115.0
2018-11-15 10:50,,16.88,2258,16.92,16.88,16.89,,1118.0
2018-11-15 10:55,,16.82,2258,16.89,16.81,16.88,,4358.0
2018-11-15 11:00,,16.81,2258,16.89,16.81,16.82,,1315.0
2018-11-15 11:05,,16.82,2258,16.9,16.81,16.81,,1138.0
2018-11-15 11:10,,16.83,2258,16.88,16.82,16.82,,908.0
2018-11-15 11:15,,16.85,2258,16.89,16.81,16.83,,1019.0
2018-11-15 11:20,,16.93,2258,16.94,16.85,16.85,,223.0
2018-11-15 11:25,,16.92,2258,16.94,16.89,16.93,,331.0
2018-11-15 11:30,,16.95,2258,16.95,16.92,16.92,,834.0
2018-11-15 13:05,,17.0,2258,17.0,16.9,16.95,,1628.0
2018-11-15 13:10,,17.02,2258,17.04,16.93,17.0,,947.0
2018-11-15 13:15,,17.06,2258,17.07,17.0,17.02,,652.0
2018-11-15 13:20,,17.04,2258,17.08,17.02,17.07,,463.0
2018-11-15 13:25,,17.0,2258,17.04,17.0,17.04,,541.0
2018-11-15 13:30,,17.05,2258,17.05,16.98,17.0,,625.0
2018-11-15 13:35,,17.02,2258,17.05,17.01,17.05,,357.0
2018-11-15 13:40,,17.09,2258,17.09,17.0,17.02,,763.0
2018-11-15 13:45,,17.15,2258,17.18,17.09,17.09,,1516.0
2018-11-15 13:50,,17.07,2258,17.15,17.01,17.15,,1266.0
2018-11-15 13:55,,17.1,2258,17.1,17.07,17.07,,732.0
2018-11-15 14:00,,17.08,2258,17.11,17.03,17.1,,761.0
2018-11-15 14:05,,17.07,2258,17.1,17.06,17.08,,515.0
2018-11-15 14:10,,17.02,2258,17.07,17.01,17.07,,463.0
2018-11-15 14:15,,17.08,2258,17.11,17.02,17.02,,953.0
2018-11-15 14:20,,17.07,2258,17.11,17.04,17.09,,592.0
2018-11-15 14:25,,17.03,2258,17.1,17.03,17.07,,720.0
2018-11-15 14:30,,17.04,2258,17.08,17.0,17.03,,3035.0
2018-11-15 14:35,,17.02,2258,17.04,16.99,17.04,,1317.0
2018-11-15 14:40,,17.07,2258,17.09,17.01,17.02,,599.0
2018-11-15 14:45,,17.09,2258,17.1,17.07,17.07,,839.0
2018-11-15 14:50,,17.14,2258,17.14,17.09,17.09,,968.0
2018-11-15 14:55,,17.17,2258,17.17,17.11,17.14,,1667.0
2018-11-15 15:00,,17.19,2258,17.19,17.16,17.17,,1261.0
2018-11-16 09:35,,17.19,2258,17.32,17.03,17.3,,4155.0
2018-11-16 09:40,,17.07,2258,17.19,17.07,17.19,,2006.0
2018-11-16 09:45,,16.92,2258,17.08,16.92,17.07,,3082.0
2018-11-16 09:50,,16.88,2258,16.97,16.87,16.92,,4119.0
2018-11-16 09:55,,16.92,2258,16.92,16.84,16.88,,4210.0
2018-11-16 10:00,,16.9,2258,16.94,16.88,16.92,,1789.0
2018-11-16 10:05,,16.91,2258,16.95,16.9,16.9,,1154.0
2018-11-16 10:10,,16.9,2258,16.95,16.9,16.91,,1264.0
2018-11-16 10:15,,16.89,2258,16.95,16.89,16.9,,660.0
2018-11-16 10:20,,16.86,2258,16.9,16.84,16.89,,2638.0
2018-11-16 10:25,,16.83,2258,16.89,16.81,16.86,,2277.0
2018-11-16 10:30,,16.77,2258,16.88,16.76,16.83,,3761.0
2018-11-16 10:35,,16.74,2258,16.78,16.72,16.77,,2371.0
2018-11-16 10:40,,16.75,2258,16.76,16.71,16.74,,1912.0
2018-11-16 10:45,,16.74,2258,16.76,16.72,16.75,,1337.0
2018-11-16 10:50,,16.72,2258,16.74,16.72,16.74,,805.0
2018-11-16 10:55,,16.75,2258,16.76,16.72,16.72,,1059.0
2018-11-16 11:00,,16.74,2258,16.79,16.74,16.75,,1721.0
2018-11-16 11:05,,16.74,2258,16.77,16.72,16.74,,2052.0
2018-11-16 11:10,,16.72,2258,16.75,16.71,16.74,,2999.0
2018-11-16 11:15,,16.73,2258,16.73,16.7,16.72,,2607.0
2018-11-16 11:20,,16.76,2258,16.77,16.72,16.73,,1529.0
2018-11-16 11:25,,16.9,2258,16.9,16.76,16.76,,1787.0
2018-11-16 11:30,,16.89,2258,16.91,16.81,16.9,,1047.0
2018-11-16 13:05,,16.86,2258,16.91,16.85,16.89,,2399.0
2018-11-16 13:10,,16.83,2258,16.87,16.82,16.86,,1126.0
2018-11-16 13:15,,16.81,2258,16.83,16.78,16.83,,1784.0
2018-11-16 13:20,,16.77,2258,16.81,16.76,16.81,,2077.0
2018-11-16 13:25,,16.75,2258,16.78,16.74,16.77,,1583.0
2018-11-16 13:30,,16.76,2258,16.76,16.74,16.75,,1884.0
2018-11-16 13:35,,16.76,2258,16.77,16.74,16.75,,2003.0
2018-11-16 13:40,,16.76,2258,16.77,16.75,16.77,,1163.0
2018-11-16 13:45,,16.73,2258,16.76,16.72,16.76,,1806.0
2018-11-16 13:50,,16.74,2258,16.74,16.72,16.73,,1366.0
2018-11-16 13:55,,16.85,2258,16.87,16.72,16.74,,3379.0
2018-11-16 14:00,,16.95,2258,16.95,16.85,16.85,,1506.0
2018-11-16 14:05,,16.9,2258,16.95,16.89,16.95,,1886.0
2018-11-16 14:10,,16.92,2258,16.92,16.9,16.9,,1807.0
2018-11-16 14:15,,16.98,2258,16.98,16.91,16.92,,2300.0
2018-11-16 14:20,,16.95,2258,16.98,16.95,16.97,,2065.0
2018-11-16 14:25,,16.97,2258,16.99,16.95,16.95,,3378.0
2018-11-16 14:30,,16.95,2258,16.98,16.95,16.97,,853.0
2018-11-16 14:35,,16.97,2258,16.98,16.94,16.95,,3341.0
2018-11-16 14:40,,17.02,2258,17.03,16.98,16.98,,1955.0
2018-11-16 14:45,,16.99,2258,17.03,16.99,17.02,,2309.0
2018-11-16 14:50,,17.01,2258,17.01,16.99,16.99,,2645.0
2018-11-16 14:55,,16.99,2258,17.01,16.95,17.01,,2516.0
2018-11-16 15:00,,16.99,2258,16.99,16.98,16.99,,874.0
2018-11-19 09:35,,16.9,2258,17.05,16.9,17.03,,3569.0
2018-11-19 09:40,,16.79,2258,16.9,16.76,16.9,,3889.0
2018-11-19 09:45,,16.85,2258,16.89,16.77,16.79,,1585.0
2018-11-19 09:50,,16.88,2258,16.9,16.81,16.85,,1332.0
2018-11-19 09:55,,16.87,2258,16.95,16.85,16.88,,1620.0
2018-11-19 10:00,,16.9,2258,16.94,16.85,16.87,,1040.0
2018-11-19 10:05,,16.93,2258,16.95,16.88,16.9,,1283.0
2018-11-19 10:10,,16.83,2258,16.94,16.83,16.93,,1903.0
2018-11-19 10:15,,16.74,2258,16.83,16.73,16.83,,3889.0
2018-11-19 10:20,,16.67,2258,16.79,16.65,16.74,,5380.0
2018-11-19 10:25,,16.68,2258,16.72,16.65,16.67,,2102.0
2018-11-19 10:30,,16.74,2258,16.77,16.68,16.69,,1018.0
2018-11-19 10:35,,16.79,2258,16.8,16.74,16.74,,518.0
2018-11-19 10:40,,16.71,2258,16.79,16.71,16.79,,1837.0
2018-11-19 10:45,,16.68,2258,16.72,16.68,16.71,,1525.0
2018-11-19 10:50,,16.66,2258,16.72,16.65,16.68,,2643.0
2018-11-19 10:55,,16.63,2258,16.66,16.61,16.66,,3121.0
2018-11-19 11:00,,16.67,2258,16.7,16.63,16.63,,446.0
2018-11-19 11:05,,16.69,2258,16.71,16.67,16.69,,349.0
2018-11-19 11:10,,16.63,2258,16.7,16.63,16.69,,1712.0
2018-11-19 11:15,,16.64,2258,16.66,16.61,16.63,,1829.0
2018-11-19 11:20,,16.66,2258,16.69,16.63,16.64,,548.0
2018-11-19 11:25,,16.65,2258,16.66,16.63,16.66,,846.0
2018-11-19 11:30,,16.65,2258,16.66,16.64,16.65,,196.0
2018-11-19 13:05,,16.55,2258,16.69,16.53,16.65,,4399.0
2018-11-19 13:10,,16.49,2258,16.59,16.48,16.55,,5446.0
2018-11-19 13:15,,16.52,2258,16.54,16.48,16.49,,2323.0
2018-11-19 13:20,,16.58,2258,16.6,16.51,16.52,,1140.0
2018-11-19 13:25,,16.61,2258,16.62,16.58,16.58,,746.0
2018-11-19 13:30,,16.58,2258,16.65,16.58,16.61,,1122.0
2018-11-19 13:35,,16.55,2258,16.59,16.5,16.57,,2662.0
2018-11-19 13:40,,16.62,2258,16.62,16.52,16.55,,1106.0
2018-11-19 13:45,,16.64,2258,16.64,16.6,16.6,,1097.0
2018-11-19 13:50,,16.53,2258,16.64,16.52,16.64,,1742.0
2018-11-19 13:55,,16.59,2258,16.63,16.51,16.53,,1124.0
2018-11-19 14:00,,16.54,2258,16.6,16.54,16.59,,741.0
2018-11-19 14:05,,16.56,2258,16.57,16.53,16.54,,1151.0
2018-11-19 14:10,,16.53,2258,16.56,16.52,16.56,,2587.0
2018-11-19 14:15,,16.51,2258,16.53,16.49,16.53,,5684.0
2018-11-19 14:20,,16.58,2258,16.59,16.51,16.51,,1065.0
2018-11-19 14:25,,16.57,2258,16.63,16.55,16.58,,909.0
2018-11-19 14:30,,16.54,2258,16.59,16.53,16.57,,1210.0
2018-11-19 14:35,,16.57,2258,16.59,16.52,16.55,,891.0
2018-11-19 14:40,,16.59,2258,16.6,16.57,16.57,,1503.0
2018-11-19 14:45,,16.6,2258,16.63,16.57,16.59,,2165.0
2018-11-19 14:50,,16.63,2258,16.67,16.58,16.6,,1743.0
2018-11-19 14:55,,16.65,2258,16.7,16.63,16.63,,3110.0
2018-11-19 15:00,,16.65,2258,16.66,16.63,16.65,,955.0
2018-11-20 09:35,,16.65,2258,16.68,16.58,16.68,,4284.0
2018-11-20 09:40,,16.75,2258,16.78,16.65,16.65,,3004.0
2018-11-20 09:45,,16.72,2258,16.76,16.71,16.75,,1609.0
2018-11-20 09:50,,16.71,2258,16.72,16.7,16.72,,782.0
2018-11-20 09:55,,16.74,2258,16.74,16.71,16.71,,866.0
2018-11-20 10:00,,16.73,2258,16.76,16.71,16.74,,1903.0
2018-11-20 10:05,,16.7,2258,16.73,16.67,16.73,,1489.0
2018-11-20 10:10,,16.7,2258,16.72,16.68,16.7,,3000.0
2018-11-20 10:15,,16.72,2258,16.74,16.68,16.7,,978.0
2018-11-20 10:20,,16.7,2258,16.72,16.69,16.72,,1126.0
2018-11-20 10:25,,16.71,2258,16.72,16.69,16.7,,583.0
2018-11-20 10:30,,16.65,2258,16.71,16.65,16.71,,1696.0
2018-11-20 10:35,,16.59,2258,16.65,16.58,16.65,,2024.0
2018-11-20 10:40,,16.57,2258,16.62,16.56,16.59,,1351.0
2018-11-20 10:45,,16.56,2258,16.58,16.55,16.57,,1007.0
2018-11-20 10:50,,16.61,2258,16.62,16.55,16.55,,674.0
2018-11-20 10:55,,16.61,2258,16.65,16.6,16.61,,335.0
2018-11-20 11:00,,16.5,2258,16.61,16.5,16.6,,1489.0
2018-11-20 11:05,,16.47,2258,16.54,16.46,16.5,,3974.0
2018-11-20 11:10,,16.35,2258,16.49,16.31,16.47,,3208.0
2018-11-20 11:15,,16.4,2258,16.41,16.33,16.35,,1907.0
2018-11-20 11:20,,16.4,2258,16.41,16.37,16.4,,607.0
2018-11-20 11:25,,16.38,2258,16.42,16.37,16.4,,705.0
2018-11-20 11:30,,16.38,2258,16.39,16.35,16.38,,1251.0
2018-11-20 13:05,,16.32,2258,16.38,16.32,16.36,,1862.0
2018-11-20 13:10,,16.31,2258,16.35,16.31,16.32,,1636.0
2018-11-20 13:15,,16.35,2258,16.35,16.32,16.34,,1004.0
2018-11-20 13:20,,16.35,2258,16.35,16.34,16.35,,677.0
2018-11-20 13:25,,16.34,2258,16.35,16.32,16.35,,941.0
2018-11-20 13:30,,16.3,2258,16.35,16.3,16.34,,1903.0
2018-11-20 13:35,,16.33,2258,16.33,16.3,16.33,,667.0
2018-11-20 13:40,,16.33,2258,16.33,16.3,16.33,,980.0
2018-11-20 13:45,,16.3,2258,16.33,16.3,16.33,,1216.0
2018-11-20 13:50,,16.33,2258,16.34,16.3,16.31,,2196.0
2018-11-20 13:55,,16.3,2258,16.33,16.3,16.33,,1956.0
2018-11-20 14:00,,16.29,2258,16.3,16.28,16.3,,1024.0
2018-11-20 14:05,,16.26,2258,16.3,16.26,16.29,,1421.0
2018-11-20 14:10,,16.23,2258,16.26,16.21,16.26,,1662.0
2018-11-20 14:15,,16.21,2258,16.23,16.21,16.23,,1188.0
2018-11-20 14:20,,16.24,2258,16.25,16.21,16.21,,1271.0
2018-11-20 14:25,,16.33,2258,16.33,16.22,16.24,,647.0
2018-11-20 14:30,,16.24,2258,16.34,16.24,16.34,,1245.0
2018-11-20 14:35,,16.25,2258,16.26,16.23,16.24,,860.0
2018-11-20 14:40,,16.24,2258,16.29,16.23,16.25,,1150.0
2018-11-20 14:45,,16.23,2258,16.25,16.21,16.24,,2321.0
2018-11-20 14:50,,16.21,2258,16.26,16.21,16.23,,1606.0
2018-11-20 14:55,,16.24,2258,16.24,16.21,16.21,,2077.0
2018-11-20 15:00,,16.27,2258,16.28,16.23,16.24,,847.0
2018-11-21 09:35,,15.96,2258,16.13,15.93,16.13,,5910.0
2018-11-21 09:40,,15.92,2258,15.96,15.81,15.96,,5422.0
2018-11-21 09:45,,15.86,2258,15.98,15.86,15.92,,5348.0
2018-11-21 09:50,,15.86,2258,15.88,15.84,15.86,,4055.0
2018-11-21 09:55,,15.92,2258,15.92,15.86,15.86,,2264.0
2018-11-21 10:00,,15.89,2258,15.92,15.88,15.92,,2442.0
2018-11-21 10:05,,15.85,2258,15.9,15.83,15.89,,3016.0
2018-11-21 10:10,,15.8,2258,15.85,15.77,15.85,,7752.0
2018-11-21 10:15,,15.79,2258,15.83,15.79,15.8,,4612.0
2018-11-21 10:20,,15.8,2258,15.82,15.76,15.79,,3187.0
2018-11-21 10:25,,15.91,2258,15.91,15.8,15.8,,1262.0
2018-11-21 10:30,,15.85,2258,15.92,15.85,15.91,,1567.0
2018-11-21 10:35,,15.74,2258,15.86,15.73,15.85,,5374.0
2018-11-21 10:40,,15.61,2258,15.75,15.6,15.74,,5235.0
2018-11-21 10:45,,15.74,2258,15.74,15.57,15.63,,1676.0
2018-11-21 10:50,,15.66,2258,15.79,15.66,15.74,,1045.0
2018-11-21 10:55,,15.72,2258,15.72,15.65,15.66,,1187.0
2018-11-21 11:00,,15.83,2258,15.83,15.72,15.72,,1707.0
2018-11-21 11:05,,15.81,2258,15.83,15.79,15.83,,993.0
2018-11-21 11:10,,15.75,2258,15.82,15.72,15.81,,1868.0
2018-11-21 11:15,,15.78,2258,15.8,15.75,15.75,,1274.0
2018-11-21 11:20,,15.81,2258,15.82,15.78,15.78,,1592.0
2018-11-21 11:25,,15.87,2258,15.87,15.8,15.81,,1661.0
2018-11-21 11:30,,15.94,2258,15.94,15.86,15.87,,824.0
2018-11-21 13:05,,16.03,2258,16.04,15.94,15.94,,2493.0
2018-11-21 13:10,,15.97,2258,16.04,15.95,16.03,,972.0
2018-11-21 13:15,,15.96,2258,15.99,15.94,15.97,,744.0
2018-11-21 13:20,,15.94,2258,16.02,15.94,15.96,,805.0
2018-11-21 13:25,,15.93,2258,15.97,15.93,15.94,,470.0
2018-11-21 13:30,,16.02,2258,16.02,15.92,15.93,,722.0
2018-11-21 13:35,,16.02,2258,16.05,15.98,16.01,,858.0
2018-11-21 13:40,,16.03,2258,16.05,16.02,16.04,,719.0
2018-11-21 13:45,,16.05,2258,16.05,16.01,16.03,,891.0
2018-11-21 13:50,,16.03,2258,16.05,16.02,16.05,,819.0
2018-11-21 13:55,,16.03,2258,16.05,16.03,16.03,,743.0
2018-11-21 14:00,,16.03,2258,16.04,16.02,16.03,,819.0
2018-11-21 14:05,,15.96,2258,16.03,15.95,16.03,,1182.0
2018-11-21 14:10,,15.92,2258,15.97,15.92,15.96,,762.0
2018-11-21 14:15,,15.98,2258,15.98,15.92,15.92,,661.0
2018-11-21 14:20,,15.96,2258,15.99,15.95,15.98,,773.0
2018-11-21 14:25,,15.95,2258,15.97,15.94,15.96,,592.0
2018-11-21 14:30,,15.94,2258,15.96,15.93,15.95,,835.0
2018-11-21 14:35,,15.94,2258,15.95,15.93,15.94,,502.0
2018-11-21 14:40,,15.93,2258,15.94,15.92,15.94,,657.0
2018-11-21 14:45,,15.96,2258,15.96,15.92,15.93,,1036.0
2018-11-21 14:50,,16.0,2258,16.0,15.95,15.96,,1060.0
2018-11-21 14:55,,16.01,2258,16.02,15.99,16.0,,1287.0
2018-11-21 15:00,,16.03,2258,16.03,16.01,16.01,,614.0
2018-11-22 09:35,,15.81,2258,16.03,15.79,16.03,,5946.0
2018-11-22 09:40,,15.9,2258,15.9,15.66,15.81,,4771.0
2018-11-22 09:45,,15.86,2258,15.91,15.7,15.9,,4761.0
2018-11-22 09:50,,15.8,2258,15.87,15.72,15.86,,2891.0
2018-11-22 09:55,,15.78,2258,15.82,15.78,15.8,,1979.0
2018-11-22 10:00,,15.8,2258,15.83,15.77,15.78,,569.0
2018-11-22 10:05,,15.81,2258,15.83,15.8,15.8,,548.0
2018-11-22 10:10,,15.74,2258,15.82,15.74,15.81,,2724.0
2018-11-22 10:15,,15.71,2258,15.75,15.71,15.74,,2886.0
2018-11-22 10:20,,15.67,2258,15.73,15.67,15.71,,3396.0
2018-11-22 10:25,,15.67,2258,15.68,15.62,15.67,,3402.0
2018-11-22 10:30,,15.66,2258,15.7,15.64,15.67,,1666.0
2018-11-22 10:35,,15.7,2258,15.74,15.65,15.66,,1278.0
2018-11-22 10:40,,15.64,2258,15.7,15.63,15.7,,3756.0
2018-11-22 10:45,,15.56,2258,15.68,15.56,15.64,,7310.0
2018-11-22 10:50,,15.57,2258,15.6,15.51,15.56,,5390.0
2018-11-22 10:55,,15.59,2258,15.63,15.55,15.57,,1843.0
2018-11-22 11:00,,15.63,2258,15.65,15.59,15.59,,1451.0
2018-11-22 11:05,,15.56,2258,15.65,15.56,15.63,,1573.0
2018-11-22 11:10,,15.52,2258,15.6,15.52,15.56,,3315.0
2018-11-22 11:15,,15.49,2258,15.55,15.44,15.52,,8428.0
2018-11-22 11:20,,15.56,2258,15.59,15.46,15.49,,2047.0
2018-11-22 11:25,,15.46,2258,15.56,15.45,15.56,,2063.0
2018-11-22 11:30,,15.45,2258,15.49,15.44,15.46,,2209.0
2018-11-22 13:05,,15.35,2258,15.45,15.34,15.45,,6668.0
2018-11-22 13:10,,15.39,2258,15.44,15.35,15.35,,1340.0
2018-11-22 13:15,,15.4,2258,15.43,15.39,15.39,,1432.0
2018-11-22 13:20,,15.31,2258,15.4,15.3,15.4,,3164.0
2018-11-22 13:25,,15.25,2258,15.37,15.25,15.31,,3725.0
2018-11-22 13:30,,15.25,2258,15.28,15.22,15.25,,3615.0
2018-11-22 13:35,,15.28,2258,15.28,15.23,15.25,,2526.0
2018-11-22 13:40,,15.27,2258,15.33,15.26,15.28,,2223.0
2018-11-22 13:45,,15.3,2258,15.32,15.27,15.27,,2048.0
2018-11-22 13:50,,15.4,2258,15.47,15.3,15.3,,2269.0
2018-11-22 13:55,,15.31,2258,15.4,15.31,15.37,,1118.0
2018-11-22 14:00,,15.42,2258,15.45,15.3,15.31,,1805.0
2018-11-22 14:05,,15.42,2258,15.47,15.4,15.42,,1185.0
2018-11-22 14:10,,15.48,2258,15.48,15.41,15.42,,934.0
2018-11-22 14:15,,15.52,2258,15.52,15.43,15.48,,1597.0
2018-11-22 14:20,,15.49,2258,15.54,15.44,15.52,,1095.0
2018-11-22 14:25,,15.43,2258,15.49,15.42,15.49,,1672.0
2018-11-22 14:30,,15.43,2258,15.44,15.41,15.43,,1317.0
2018-11-22 14:35,,15.39,2258,15.43,15.35,15.43,,1726.0
2018-11-22 14:40,,15.35,2258,15.43,15.35,15.39,,1437.0
2018-11-22 14:45,,15.43,2258,15.44,15.35,15.35,,1091.0
2018-11-22 14:50,,15.41,2258,15.44,15.4,15.43,,990.0
2018-11-22 14:55,,15.43,2258,15.44,15.4,15.41,,2175.0
2018-11-22 15:00,,15.45,2258,15.45,15.43,15.43,,2355.0
2018-11-23 09:35,,14.99,2258,15.4,14.95,15.14,,22920.0
2018-11-23 09:40,,14.82,2258,15.05,14.8,14.99,,13978.0
2018-11-23 09:45,,14.82,2258,14.91,14.8,14.82,,11589.0
2018-11-23 09:50,,14.9,2258,14.94,14.81,14.82,,6232.0
2018-11-23 09:55,,14.93,2258,14.95,14.9,14.9,,2277.0
2018-11-23 10:00,,14.8,2258,14.93,14.8,14.92,,5991.0
2018-11-23 10:05,,14.83,2258,14.87,14.8,14.8,,4121.0
2018-11-23 10:10,,14.67,2258,14.85,14.62,14.83,,6094.0
2018-11-23 10:15,,14.65,2258,14.72,14.64,14.67,,7278.0
2018-11-23 10:20,,14.54,2258,14.65,14.5,14.65,,10422.0
2018-11-23 10:25,,14.58,2258,14.63,14.52,14.54,,4094.0
2018-11-23 10:30,,14.56,2258,14.65,14.55,14.6,,3367.0
2018-11-23 10:35,,14.65,2258,14.65,14.53,14.56,,4261.0
2018-11-23 10:40,,14.56,2258,14.67,14.55,14.67,,3216.0
2018-11-23 10:45,,14.53,2258,14.57,14.5,14.56,,2610.0
2018-11-23 10:50,,14.6,2258,14.6,14.52,14.54,,2352.0
2018-11-23 10:55,,14.68,2258,14.69,14.57,14.59,,2002.0
2018-11-23 11:00,,14.63,2258,14.68,14.61,14.68,,2140.0
2018-11-23 11:05,,14.56,2258,14.64,14.55,14.63,,2141.0
2018-11-23 11:10,,14.53,2258,14.57,14.51,14.56,,2054.0
2018-11-23 11:15,,14.54,2258,14.58,14.53,14.53,,946.0
2018-11-23 11:20,,14.55,2258,14.57,14.52,14.54,,1119.0
2018-11-23 11:25,,14.52,2258,14.56,14.51,14.55,,1529.0
2018-11-23 11:30,,14.57,2258,14.57,14.52,14.52,,600.0
2018-11-23 13:05,,14.61,2258,14.63,14.54,14.57,,1090.0
2018-11-23 13:10,,14.65,2258,14.67,14.61,14.61,,656.0
2018-11-23 13:15,,14.71,2258,14.73,14.63,14.65,,1018.0
2018-11-23 13:20,,14.73,2258,14.77,14.71,14.71,,1983.0
2018-11-23 13:25,,14.64,2258,14.75,14.64,14.73,,1036.0
2018-11-23 13:30,,14.73,2258,14.73,14.62,14.64,,629.0
2018-11-23 13:35,,14.66,2258,14.7,14.65,14.7,,606.0
2018-11-23 13:40,,14.74,2258,14.75,14.64,14.66,,1088.0
2018-11-23 13:45,,14.75,2258,14.77,14.69,14.74,,932.0
2018-11-23 13:50,,14.74,2258,14.76,14.73,14.75,,1020.0
2018-11-23 13:55,,14.7,2258,14.74,14.67,14.74,,522.0
2018-11-23 14:00,,14.67,2258,14.7,14.64,14.7,,1392.0
2018-11-23 14:05,,14.7,2258,14.73,14.66,14.67,,1433.0
2018-11-23 14:10,,14.7,2258,14.73,14.7,14.7,,848.0
2018-11-23 14:15,,14.71,2258,14.71,14.69,14.7,,751.0
2018-11-23 14:20,,14.71,2258,14.72,14.7,14.71,,1206.0
2018-11-23 14:25,,14.73,2258,14.75,14.7,14.71,,775.0
2018-11-23 14:30,,14.73,2258,14.75,14.71,14.73,,865.0
2018-11-23 14:35,,14.75,2258,14.75,14.71,14.73,,1714.0
2018-11-23 14:40,,14.7,2258,14.75,14.7,14.75,,1564.0
2018-11-23 14:45,,14.72,2258,14.72,14.69,14.71,,1229.0
2018-11-23 14:50,,14.7,2258,14.73,14.69,14.72,,2073.0
2018-11-23 14:55,,14.75,2258,14.76,14.69,14.7,,2322.0
2018-11-23 15:00,,14.74,2258,14.76,14.74,14.75,,1302.0
2018-11-26 09:35,,14.8,2258,14.88,14.64,14.79,,3682.0
2018-11-26 09:40,,15.13,2258,15.18,14.75,14.8,,6820.0
2018-11-26 09:45,,15.05,2258,15.18,15.01,15.13,,4729.0
2018-11-26 09:50,,15.02,2258,15.07,14.96,15.06,,2864.0
2018-11-26 09:55,,15.03,2258,15.08,15.02,15.02,,2634.0
2018-11-26 10:00,,14.99,2258,15.06,14.98,15.03,,2066.0
2018-11-26 10:05,,14.91,2258,15.0,14.91,14.99,,2124.0
2018-11-26 10:10,,14.77,2258,14.92,14.76,14.91,,4534.0
2018-11-26 10:15,,14.77,2258,14.78,14.76,14.77,,2277.0
2018-11-26 10:20,,14.87,2258,14.88,14.77,14.77,,1924.0
2018-11-26 10:25,,14.85,2258,14.9,14.85,14.87,,824.0
2018-11-26 10:30,,14.79,2258,14.86,14.79,14.85,,1078.0
2018-11-26 10:35,,14.8,2258,14.83,14.77,14.8,,768.0
2018-11-26 10:40,,14.77,2258,14.8,14.75,14.8,,962.0
2018-11-26 10:45,,14.7,2258,14.77,14.7,14.77,,1838.0
2018-11-26 10:50,,14.69,2258,14.71,14.67,14.7,,1389.0
2018-11-26 10:55,,14.72,2258,14.73,14.69,14.69,,606.0
2018-11-26 11:00,,14.72,2258,14.73,14.66,14.72,,1509.0
2018-11-26 11:05,,14.73,2258,14.75,14.72,14.72,,412.0
2018-11-26 11:10,,14.77,2258,14.82,14.73,14.73,,801.0
2018-11-26 11:15,,14.69,2258,14.75,14.68,14.75,,839.0
2018-11-26 11:20,,14.76,2258,14.79,14.68,14.69,,715.0
2018-11-26 11:25,,14.74,2258,14.78,14.72,14.76,,553.0
2018-11-26 11:30,,14.74,2258,14.76,14.73,14.74,,519.0
2018-11-26 13:05,,14.73,2258,14.75,14.72,14.74,,802.0
2018-11-26 13:10,,14.71,2258,14.74,14.71,14.73,,512.0
2018-11-26 13:15,,14.64,2258,14.72,14.62,14.71,,3055.0
2018-11-26 13:20,,14.55,2258,14.64,14.54,14.64,,3880.0
2018-11-26 13:25,,14.46,2258,14.56,14.46,14.55,,5349.0
2018-11-26 13:30,,14.55,2258,14.59,14.46,14.46,,1946.0
2018-11-26 13:35,,14.49,2258,14.58,14.48,14.58,,1106.0
2018-11-26 13:40,,14.5,2258,14.52,14.48,14.49,,1188.0
2018-11-26 13:45,,14.41,2258,14.5,14.4,14.5,,3113.0
2018-11-26 13:50,,14.45,2258,14.46,14.41,14.41,,963.0
2018-11-26 13:55,,14.45,2258,14.45,14.41,14.45,,2872.0
2018-11-26 14:00,,14.42,2258,14.45,14.39,14.45,,3525.0
2018-11-26 14:05,,14.38,2258,14.43,14.38,14.42,,3262.0
2018-11-26 14:10,,14.36,2258,14.39,14.34,14.38,,1818.0
2018-11-26 14:15,,14.2,2258,14.38,14.2,14.36,,8386.0
2018-11-26 14:20,,14.17,2258,14.27,14.13,14.27,,6548.0
2018-11-26 14:25,,14.16,2258,14.18,14.14,14.17,,5303.0
2018-11-26 14:30,,14.09,2258,14.17,14.08,14.16,,6038.0
2018-11-26 14:35,,13.99,2258,14.09,13.99,14.09,,8916.0
2018-11-26 14:40,,14.17,2258,14.19,13.98,13.99,,4191.0
2018-11-26 14:45,,14.2,2258,14.25,14.13,14.17,,2756.0
2018-11-26 14:50,,14.15,2258,14.21,14.13,14.2,,3621.0
2018-11-26 14:55,,14.23,2258,14.23,14.12,14.16,,4021.0
2018-11-26 15:00,,14.25,2258,14.25,14.22,14.22,,1418.0
2018-11-27 09:35,,14.28,2258,14.48,14.26,14.36,,6209.0
2018-11-27 09:40,,14.35,2258,14.37,14.26,14.28,,2492.0
2018-11-27 09:45,,14.3,2258,14.35,14.29,14.35,,1483.0
2018-11-27 09:50,,14.29,2258,14.31,14.25,14.3,,2023.0
2018-11-27 09:55,,14.28,2258,14.3,14.27,14.29,,953.0
2018-11-27 10:00,,14.14,2258,14.29,14.13,14.28,,3187.0
2018-11-27 10:05,,14.26,2258,14.29,14.14,14.14,,1349.0
2018-11-27 10:10,,14.2,2258,14.27,14.2,14.26,,807.0
2018-11-27 10:15,,14.36,2258,14.36,14.2,14.2,,1569.0
2018-11-27 10:20,,14.31,2258,14.37,14.31,14.37,,821.0
2018-11-27 10:25,,14.32,2258,14.34,14.31,14.31,,450.0
2018-11-27 10:30,,14.39,2258,14.42,14.31,14.32,,1428.0
2018-11-27 10:35,,14.4,2258,14.4,14.35,14.36,,1251.0
2018-11-27 10:40,,14.35,2258,14.4,14.35,14.4,,1033.0
2018-11-27 10:45,,14.31,2258,14.36,14.31,14.35,,795.0
2018-11-27 10:50,,14.3,2258,14.32,14.29,14.31,,897.0
2018-11-27 10:55,,14.26,2258,14.3,14.26,14.3,,1002.0
2018-11-27 11:00,,14.28,2258,14.29,14.25,14.26,,757.0
2018-11-27 11:05,,14.25,2258,14.3,14.25,14.28,,482.0
2018-11-27 11:10,,14.23,2258,14.26,14.23,14.25,,548.0
2018-11-27 11:15,,14.25,2258,14.3,14.23,14.24,,804.0
2018-11-27 11:20,,14.22,2258,14.25,14.21,14.25,,1106.0
2018-11-27 11:25,,14.2,2258,14.23,14.2,14.22,,747.0
2018-11-27 11:30,,14.24,2258,14.25,14.2,14.2,,663.0
2018-11-27 13:05,,14.33,2258,14.34,14.24,14.24,,528.0
2018-11-27 13:10,,14.33,2258,14.36,14.33,14.33,,576.0
2018-11-27 13:15,,14.38,2258,14.38,14.31,14.33,,448.0
2018-11-27 13:20,,14.4,2258,14.41,14.38,14.38,,1900.0
2018-11-27 13:25,,14.4,2258,14.41,14.39,14.4,,1590.0
2018-11-27 13:30,,14.37,2258,14.42,14.36,14.4,,1200.0
2018-11-27 13:35,,14.32,2258,14.37,14.32,14.37,,468.0
2018-11-27 13:40,,14.32,2258,14.33,14.28,14.32,,1118.0
2018-11-27 13:45,,14.34,2258,14.36,14.31,14.32,,389.0
2018-11-27 13:50,,14.33,2258,14.36,14.32,14.34,,436.0
2018-11-27 13:55,,14.32,2258,14.34,14.31,14.32,,578.0
2018-11-27 14:00,,14.31,2258,14.32,14.3,14.32,,563.0
2018-11-27 14:05,,14.27,2258,14.32,14.26,14.31,,485.0
2018-11-27 14:10,,14.32,2258,14.32,14.27,14.27,,393.0
2018-11-27 14:15,,14.32,2258,14.32,14.27,14.32,,1745.0
2018-11-27 14:20,,14.29,2258,14.32,14.28,14.32,,575.0
2018-11-27 14:25,,14.28,2258,14.29,14.27,14.29,,641.0
2018-11-27 14:30,,14.27,2258,14.29,14.27,14.28,,783.0
2018-11-27 14:35,,14.36,2258,14.36,14.27,14.27,,1300.0
2018-11-27 14:40,,14.39,2258,14.4,14.31,14.36,,1780.0
2018-11-27 14:45,,14.39,2258,14.44,14.38,14.4,,4336.0
2018-11-27 14:50,,14.41,2258,14.41,14.37,14.39,,1224.0
2018-11-27 14:55,,14.39,2258,14.42,14.38,14.41,,2863.0
2018-11-27 15:00,,14.4,2258,14.4,14.38,14.39,,1082.0
2018-11-28 09:35,,14.34,2258,14.41,14.3,14.31,,2436.0
2018-11-28 09:40,,14.42,2258,14.42,14.34,14.34,,1241.0
2018-11-28 09:45,,14.4,2258,14.47,14.38,14.42,,2294.0
2018-11-28 09:50,,14.38,2258,14.4,14.35,14.4,,1288.0
2018-11-28 09:55,,14.37,2258,14.38,14.33,14.38,,1325.0
2018-11-28 10:00,,14.3,2258,14.38,14.3,14.37,,1496.0
2018-11-28 10:05,,14.35,2258,14.35,14.28,14.3,,1240.0
2018-11-28 10:10,,14.36,2258,14.36,14.3,14.35,,627.0
2018-11-28 10:15,,14.36,2258,14.4,14.35,14.36,,747.0
2018-11-28 10:20,,14.37,2258,14.39,14.36,14.36,,974.0
2018-11-28 10:25,,14.33,2258,14.37,14.33,14.36,,571.0
2018-11-28 10:30,,14.33,2258,14.34,14.27,14.33,,2392.0
2018-11-28 10:35,,14.34,2258,14.37,14.33,14.33,,561.0
2018-11-28 10:40,,14.43,2258,14.43,14.31,14.34,,1115.0
2018-11-28 10:45,,14.47,2258,14.49,14.4,14.43,,1421.0
2018-11-28 10:50,,14.47,2258,14.47,14.41,14.47,,2895.0
2018-11-28 10:55,,14.46,2258,14.47,14.43,14.47,,764.0
2018-11-28 11:00,,14.46,2258,14.46,14.44,14.46,,881.0
2018-11-28 11:05,,14.48,2258,14.52,14.44,14.44,,2699.0
2018-11-28 11:10,,14.55,2258,14.56,14.48,14.48,,1539.0
2018-11-28 11:15,,14.56,2258,14.56,14.5,14.55,,1808.0
2018-11-28 11:20,,14.53,2258,14.58,14.53,14.56,,1541.0
2018-11-28 11:25,,14.53,2258,14.56,14.52,14.53,,1645.0
2018-11-28 11:30,,14.56,2258,14.57,14.53,14.53,,1674.0
2018-11-28 13:05,,14.63,2258,14.63,14.56,14.56,,3606.0
2018-11-28 13:10,,14.63,2258,14.64,14.61,14.64,,1728.0
2018-11-28 13:15,,14.59,2258,14.63,14.59,14.63,,1702.0
2018-11-28 13:20,,14.56,2258,14.62,14.56,14.59,,1708.0
2018-11-28 13:25,,14.55,2258,14.57,14.53,14.56,,1309.0
2018-11-28 13:30,,14.53,2258,14.57,14.53,14.55,,1195.0
2018-11-28 13:35,,14.58,2258,14.6,14.53,14.54,,1615.0
2018-11-28 13:40,,14.53,2258,14.58,14.53,14.58,,774.0
2018-11-28 13:45,,14.52,2258,14.54,14.51,14.53,,1108.0
2018-11-28 13:50,,14.51,2258,14.52,14.5,14.51,,1565.0
2018-11-28 13:55,,14.53,2258,14.53,14.5,14.51,,1614.0
2018-11-28 14:00,,14.55,2258,14.55,14.51,14.53,,1081.0
2018-11-28 14:05,,14.55,2258,14.56,14.53,14.55,,951.0
2018-11-28 14:10,,14.51,2258,14.55,14.51,14.55,,1512.0
2018-11-28 14:15,,14.51,2258,14.53,14.51,14.51,,961.0
2018-11-28 14:20,,14.52,2258,14.56,14.51,14.51,,872.0
2018-11-28 14:25,,14.55,2258,14.55,14.52,14.52,,933.0
2018-11-28 14:30,,14.53,2258,14.56,14.52,14.54,,1327.0
2018-11-28 14:35,,14.5,2258,14.55,14.5,14.53,,2400.0
2018-11-28 14:40,,14.5,2258,14.51,14.49,14.5,,1009.0
2018-11-28 14:45,,14.5,2258,14.5,14.48,14.49,,1991.0
2018-11-28 14:50,,14.51,2258,14.51,14.49,14.5,,1474.0
2018-11-28 14:55,,14.53,2258,14.53,14.5,14.51,,1586.0
2018-11-28 15:00,,14.54,2258,14.54,14.52,14.53,,1014.0
2018-11-29 09:35,,14.64,2258,14.65,14.59,14.65,,5169.0
2018-11-29 09:40,,14.59,2258,14.64,14.59,14.64,,2817.0
2018-11-29 09:45,,14.53,2258,14.59,14.53,14.59,,2158.0
2018-11-29 09:50,,14.5,2258,14.54,14.46,14.53,,3004.0
2018-11-29 09:55,,14.43,2258,14.52,14.42,14.5,,3782.0
2018-11-29 10:00,,14.34,2258,14.43,14.34,14.43,,5841.0
2018-11-29 10:05,,14.4,2258,14.41,14.32,14.34,,4562.0
2018-11-29 10:10,,14.29,2258,14.4,14.28,14.4,,4828.0
2018-11-29 10:15,,14.31,2258,14.33,14.29,14.29,,4816.0
2018-11-29 10:20,,14.26,2258,14.31,14.25,14.31,,2626.0
2018-11-29 10:25,,14.17,2258,14.3,14.15,14.26,,6477.0
2018-11-29 10:30,,14.08,2258,14.18,13.99,14.17,,10919.0
2018-11-29 10:35,,14.18,2258,14.19,14.08,14.08,,2449.0
2018-11-29 10:40,,14.13,2258,14.19,14.13,14.18,,889.0
2018-11-29 10:45,,14.13,2258,14.19,14.1,14.14,,2321.0
2018-11-29 10:50,,14.07,2258,14.13,14.06,14.13,,1790.0
2018-11-29 10:55,,14.13,2258,14.13,14.06,14.06,,1901.0
2018-11-29 11:00,,14.14,2258,14.15,14.12,14.13,,846.0
2018-11-29 11:05,,14.1,2258,14.16,14.06,14.14,,3198.0
2018-11-29 11:10,,14.09,2258,14.13,14.08,14.1,,2487.0
2018-11-29 11:15,,14.09,2258,14.12,14.08,14.09,,885.0
2018-11-29 11:20,,14.14,2258,14.14,14.09,14.09,,1117.0
2018-11-29 11:25,,14.13,2258,14.17,14.12,14.14,,1216.0
2018-11-29 11:30,,14.15,2258,14.16,14.13,14.13,,191.0
2018-11-29 13:05,,14.14,2258,14.18,14.11,14.15,,1336.0
2018-11-29 13:10,,14.09,2258,14.14,14.08,14.14,,1441.0
2018-11-29 13:15,,14.08,2258,14.13,14.08,14.09,,681.0
2018-11-29 13:20,,14.05,2258,14.13,14.04,14.08,,1470.0
2018-11-29 13:25,,14.07,2258,14.13,14.05,14.05,,785.0
2018-11-29 13:30,,14.1,2258,14.11,14.06,14.07,,506.0
2018-11-29 13:35,,14.13,2258,14.15,14.07,14.1,,748.0
2018-11-29 13:40,,14.16,2258,14.16,14.13,14.13,,285.0
2018-11-29 13:45,,14.13,2258,14.16,14.12,14.16,,383.0
2018-11-29 13:50,,14.11,2258,14.13,14.1,14.13,,587.0
2018-11-29 13:55,,14.16,2258,14.16,14.1,14.11,,556.0
2018-11-29 14:00,,14.13,2258,14.16,14.13,14.16,,463.0
2018-11-29 14:05,,14.11,2258,14.14,14.11,14.13,,592.0
2018-11-29 14:10,,14.08,2258,14.1,14.06,14.1,,1362.0
2018-11-29 14:15,,14.1,2258,14.11,14.06,14.08,,860.0
2018-11-29 14:20,,14.06,2258,14.1,14.06,14.1,,1026.0
2018-11-29 14:25,,14.03,2258,14.08,14.03,14.06,,1398.0
2018-11-29 14:30,,14.01,2258,14.08,14.01,14.03,,2794.0
2018-11-29 14:35,,13.97,2258,14.05,13.95,14.01,,4442.0
2018-11-29 14:40,,13.91,2258,13.99,13.91,13.97,,4204.0
2018-11-29 14:45,,13.93,2258,13.96,13.9,13.91,,3686.0
2018-11-29 14:50,,13.89,2258,13.93,13.84,13.93,,6211.0
2018-11-29 14:55,,13.84,2258,13.89,13.83,13.89,,5237.0
2018-11-29 15:00,,13.82,2258,13.86,13.82,13.84,,2290.0
2018-11-30 09:35,,13.78,2258,13.82,13.73,13.82,,4526.0
2018-11-30 09:40,,13.77,2258,13.78,13.74,13.78,,2604.0
2018-11-30 09:45,,13.52,2258,13.77,13.45,13.77,,7964.0
2018-11-30 09:50,,13.57,2258,13.57,13.4,13.52,,8017.0
2018-11-30 09:55,,13.67,2258,13.76,13.55,13.57,,3979.0
2018-11-30 10:00,,13.64,2258,13.73,13.62,13.67,,2908.0
2018-11-30 10:05,,13.69,2258,13.72,13.63,13.64,,2068.0
2018-11-30 10:10,,13.74,2258,13.74,13.65,13.69,,2695.0
2018-11-30 10:15,,13.85,2258,13.85,13.73,13.75,,3603.0
2018-11-30 10:20,,13.8,2258,13.88,13.72,13.84,,1930.0
2018-11-30 10:25,,13.8,2258,13.81,13.77,13.8,,995.0
2018-11-30 10:30,,13.82,2258,13.86,13.78,13.8,,1973.0
2018-11-30 10:35,,13.85,2258,13.85,13.75,13.82,,1555.0
2018-11-30 10:40,,13.86,2258,13.93,13.8,13.85,,2067.0
2018-11-30 10:45,,13.9,2258,13.91,13.85,13.86,,1108.0
2018-11-30 10:50,,13.87,2258,13.93,13.85,13.9,,1118.0
2018-11-30 10:55,,13.93,2258,13.96,13.86,13.87,,1690.0
2018-11-30 11:00,,13.89,2258,13.93,13.84,13.93,,750.0
2018-11-30 11:05,,13.88,2258,13.91,13.86,13.88,,655.0
2018-11-30 11:10,,13.85,2258,13.88,13.79,13.88,,2038.0
2018-11-30 11:15,,13.83,2258,13.85,13.79,13.85,,1077.0
2018-11-30 11:20,,13.71,2258,13.84,13.71,13.83,,967.0
2018-11-30 11:25,,13.72,2258,13.77,13.7,13.77,,994.0
2018-11-30 11:30,,13.68,2258,13.73,13.67,13.72,,1990.0
2018-11-30 13:05,,13.67,2258,13.72,13.66,13.68,,1338.0
2018-11-30 13:10,,13.67,2258,13.71,13.62,13.71,,728.0
2018-11-30 13:15,,13.6,2258,13.67,13.58,13.67,,1577.0
2018-11-30 13:20,,13.6,2258,13.6,13.57,13.6,,968.0
2018-11-30 13:25,,13.62,2258,13.68,13.56,13.6,,824.0
2018-11-30 13:30,,13.49,2258,13.62,13.48,13.62,,3006.0
2018-11-30 13:35,,13.54,2258,13.57,13.49,13.5,,870.0
2018-11-30 13:40,,13.54,2258,13.55,13.51,13.51,,1180.0
2018-11-30 13:45,,13.6,2258,13.61,13.5,13.54,,1443.0
2018-11-30 13:50,,13.68,2258,13.68,13.6,13.6,,1886.0
2018-11-30 13:55,,13.68,2258,13.73,13.59,13.68,,2756.0
2018-11-30 14:00,,13.6,2258,13.68,13.6,13.68,,1428.0
2018-11-30 14:05,,13.7,2258,13.71,13.6,13.6,,2111.0
2018-11-30 14:10,,13.67,2258,13.72,13.65,13.7,,1292.0
2018-11-30 14:15,,13.78,2258,13.79,13.67,13.68,,2103.0
2018-11-30 14:20,,13.74,2258,13.78,13.7,13.78,,1509.0
2018-11-30 14:25,,13.76,2258,13.78,13.73,13.74,,1153.0
2018-11-30 14:30,,13.71,2258,13.76,13.69,13.76,,1647.0
2018-11-30 14:35,,13.98,2258,14.11,13.71,13.71,,7239.0
2018-11-30 14:40,,13.91,2258,14.08,13.91,13.98,,4562.0
2018-11-30 14:45,,13.83,2258,13.91,13.79,13.91,,3551.0
2018-11-30 14:50,,13.85,2258,13.85,13.76,13.83,,2380.0
2018-11-30 14:55,,13.83,2258,13.88,13.8,13.85,,1809.0
2018-11-30 15:00,,13.85,2258,13.86,13.82,13.83,,1630.0
2018-12-03 09:35,,14.14,2258,14.35,13.98,14.3,,14381.0
2018-12-03 09:40,,14.2,2258,14.21,14.08,14.14,,5985.0
2018-12-03 09:45,,14.15,2258,14.2,14.1,14.2,,4532.0
2018-12-03 09:50,,14.08,2258,14.16,14.06,14.15,,3138.0
2018-12-03 09:55,,14.15,2258,14.19,14.06,14.06,,3992.0
2018-12-03 10:00,,14.22,2258,14.32,14.12,14.15,,6654.0
2018-12-03 10:05,,14.28,2258,14.3,14.2,14.22,,5584.0
2018-12-03 10:10,,14.25,2258,14.29,14.23,14.28,,4971.0
2018-12-03 10:15,,14.31,2258,14.33,14.25,14.25,,5719.0
2018-12-03 10:20,,14.38,2258,14.42,14.3,14.31,,6859.0
2018-12-03 10:25,,14.33,2258,14.38,14.3,14.38,,2739.0
2018-12-03 10:30,,14.37,2258,14.37,14.31,14.33,,4161.0
2018-12-03 10:35,,14.42,2258,14.42,14.35,14.37,,2928.0
2018-12-03 10:40,,14.48,2258,14.5,14.42,14.42,,6351.0
2018-12-03 10:45,,14.41,2258,14.48,14.39,14.48,,4084.0
2018-12-03 10:50,,14.47,2258,14.47,14.39,14.41,,4178.0
2018-12-03 10:55,,14.45,2258,14.47,14.42,14.47,,1463.0
2018-12-03 11:00,,14.58,2258,14.63,14.46,14.46,,6437.0
2018-12-03 11:05,,14.59,2258,14.62,14.58,14.58,,2367.0
2018-12-03 11:10,,14.58,2258,14.6,14.58,14.59,,2322.0
2018-12-03 11:15,,14.57,2258,14.58,14.56,14.58,,1830.0
2018-12-03 11:20,,14.61,2258,14.62,14.57,14.57,,2575.0
2018-12-03 11:25,,14.59,2258,14.62,14.57,14.61,,2400.0
2018-12-03 11:30,,14.74,2258,14.75,14.59,14.6,,4470.0
2018-12-03 13:05,,14.78,2258,14.78,14.7,14.74,,6500.0
2018-12-03 13:10,,14.76,2258,14.79,14.74,14.78,,2858.0
2018-12-03 13:15,,14.69,2258,14.76,14.66,14.76,,4324.0
2018-12-03 13:20,,14.69,2258,14.7,14.66,14.69,,1738.0
2018-12-03 13:25,,14.72,2258,14.73,14.69,14.69,,2874.0
2018-12-03 13:30,,14.71,2258,14.72,14.69,14.72,,1848.0
2018-12-03 13:35,,14.73,2258,14.73,14.67,14.7,,2665.0
2018-12-03 13:40,,14.73,2258,14.77,14.7,14.73,,2145.0
2018-12-03 13:45,,14.69,2258,14.74,14.69,14.73,,1828.0
2018-12-03 13:50,,14.74,2258,14.75,14.69,14.69,,2415.0
2018-12-03 13:55,,14.71,2258,14.75,14.7,14.74,,3617.0
2018-12-03 14:00,,14.73,2258,14.73,14.69,14.71,,2206.0
2018-12-03 14:05,,14.69,2258,14.74,14.69,14.73,,1654.0
2018-12-03 14:10,,14.74,2258,14.75,14.68,14.69,,3429.0
2018-12-03 14:15,,14.73,2258,14.75,14.7,14.74,,1222.0
2018-12-03 14:20,,14.73,2258,14.74,14.71,14.73,,1181.0
2018-12-03 14:25,,14.67,2258,14.73,14.67,14.73,,1997.0
2018-12-03 14:30,,14.65,2258,14.68,14.63,14.66,,2543.0
2018-12-03 14:35,,14.65,2258,14.68,14.65,14.65,,1419.0
2018-12-03 14:40,,14.61,2258,14.65,14.6,14.65,,2257.0
2018-12-03 14:45,,14.63,2258,14.63,14.6,14.61,,2913.0
2018-12-03 14:50,,14.68,2258,14.68,14.63,14.63,,2580.0
2018-12-03 14:55,,14.67,2258,14.7,14.65,14.68,,3612.0
2018-12-03 15:00,,14.66,2258,14.68,14.66,14.67,,2491.0
2018-12-04 09:35,,14.53,2258,14.65,14.52,14.65,,5464.0
2018-12-04 09:40,,14.55,2258,14.56,14.5,14.53,,4138.0
2018-12-04 09:45,,14.45,2258,14.55,14.43,14.55,,6936.0
2018-12-04 09:50,,14.61,2258,14.62,14.42,14.45,,4958.0
2018-12-04 09:55,,14.55,2258,14.62,14.52,14.61,,4176.0
2018-12-04 10:00,,14.57,2258,14.6,14.55,14.55,,3171.0
2018-12-04 10:05,,14.6,2258,14.63,14.56,14.59,,2357.0
2018-12-04 10:10,,14.59,2258,14.63,14.56,14.6,,2039.0
2018-12-04 10:15,,14.6,2258,14.63,14.54,14.59,,2890.0
2018-12-04 10:20,,14.6,2258,14.6,14.57,14.6,,1529.0
2018-12-04 10:25,,14.6,2258,14.63,14.58,14.6,,1852.0
2018-12-04 10:30,,14.75,2258,14.75,14.6,14.6,,3448.0
2018-12-04 10:35,,14.82,2258,14.88,14.74,14.75,,6520.0
2018-12-04 10:40,,14.81,2258,14.84,14.79,14.82,,3703.0
2018-12-04 10:45,,14.78,2258,14.83,14.76,14.81,,2279.0
2018-12-04 10:50,,14.83,2258,14.85,14.78,14.78,,1737.0
2018-12-04 10:55,,14.83,2258,14.84,14.79,14.83,,1962.0
2018-12-04 11:00,,14.81,2258,14.84,14.79,14.83,,2416.0
2018-12-04 11:05,,14.82,2258,14.82,14.79,14.81,,1664.0
2018-12-04 11:10,,14.82,2258,14.83,14.8,14.82,,1513.0
2018-12-04 11:15,,14.8,2258,14.83,14.79,14.82,,2075.0
2018-12-04 11:20,,14.82,2258,14.82,14.78,14.8,,1530.0
2018-12-04 11:25,,14.84,2258,14.84,14.8,14.82,,1628.0
2018-12-04 11:30,,14.85,2258,14.85,14.82,14.84,,1523.0
2018-12-04 13:05,,14.85,2258,14.86,14.82,14.85,,2252.0
2018-12-04 13:10,,14.83,2258,14.86,14.82,14.85,,1475.0
2018-12-04 13:15,,14.78,2258,14.84,14.76,14.83,,2574.0
2018-12-04 13:20,,14.81,2258,14.82,14.75,14.78,,2064.0
2018-12-04 13:25,,14.79,2258,14.82,14.78,14.81,,1951.0
2018-12-04 13:30,,14.82,2258,14.82,14.79,14.79,,1560.0
2018-12-04 13:35,,14.79,2258,14.83,14.79,14.82,,2268.0
2018-12-04 13:40,,14.83,2258,14.84,14.79,14.79,,2580.0
2018-12-04 13:45,,14.82,2258,14.84,14.8,14.83,,1684.0
2018-12-04 13:50,,14.82,2258,14.85,14.79,14.82,,2322.0
2018-12-04 13:55,,14.86,2258,14.86,14.82,14.82,,2403.0
2018-12-04 14:00,,14.93,2258,14.95,14.86,14.86,,3638.0
2018-12-04 14:05,,14.91,2258,14.95,14.89,14.91,,2924.0
2018-12-04 14:10,,15.04,2258,15.05,14.89,14.91,,5430.0
2018-12-04 14:15,,15.04,2258,15.12,15.01,15.04,,7055.0
2018-12-04 14:20,,15.01,2258,15.03,14.98,15.01,,2483.0
2018-12-04 14:25,,15.0,2258,15.03,14.99,15.01,,2399.0
2018-12-04 14:30,,15.01,2258,15.02,14.99,15.0,,2270.0
2018-12-04 14:35,,15.02,2258,15.03,15.0,15.01,,2957.0
2018-12-04 14:40,,15.03,2258,15.03,14.99,15.02,,2851.0
2018-12-04 14:45,,14.98,2258,15.03,14.97,15.03,,2158.0
2018-12-04 14:50,,14.98,2258,15.01,14.9,14.97,,3362.0
2018-12-04 14:55,,14.97,2258,14.99,14.96,14.99,,2541.0
2018-12-04 15:00,,14.98,2258,14.98,14.96,14.97,,1259.0
2018-12-05 09:35,,14.75,2258,14.75,14.58,14.65,,8889.0
2018-12-05 09:40,,14.79,2258,14.79,14.66,14.75,,5359.0
2018-12-05 09:45,,14.83,2258,14.86,14.76,14.79,,3105.0
2018-12-05 09:50,,14.76,2258,14.83,14.73,14.83,,2890.0
2018-12-05 09:55,,14.83,2258,14.86,14.76,14.76,,2773.0
2018-12-05 10:00,,14.86,2258,14.89,14.82,14.83,,1596.0
2018-12-05 10:05,,14.87,2258,14.88,14.83,14.85,,1885.0
2018-12-05 10:10,,14.88,2258,14.9,14.87,14.88,,1543.0
2018-12-05 10:15,,14.81,2258,14.88,14.81,14.87,,3580.0
2018-12-05 10:20,,14.83,2258,14.86,14.8,14.81,,1637.0
2018-12-05 10:25,,14.88,2258,14.89,14.83,14.83,,1318.0
2018-12-05 10:30,,14.9,2258,14.92,14.87,14.88,,1511.0
2018-12-05 10:35,,14.9,2258,14.92,14.87,14.9,,968.0
2018-12-05 10:40,,14.89,2258,14.9,14.86,14.9,,877.0
2018-12-05 10:45,,14.88,2258,14.9,14.86,14.89,,942.0
2018-12-05 10:50,,14.91,2258,14.91,14.87,14.88,,1777.0
2018-12-05 10:55,,14.99,2258,15.0,14.89,14.91,,2011.0
2018-12-05 11:00,,15.05,2258,15.08,14.98,14.99,,2015.0
2018-12-05 11:05,,15.03,2258,15.07,15.01,15.05,,1793.0
2018-12-05 11:10,,15.0,2258,15.03,14.98,15.03,,1137.0
2018-12-05 11:15,,15.04,2258,15.04,15.0,15.0,,1346.0
2018-12-05 11:20,,15.04,2258,15.07,15.03,15.04,,1990.0
2018-12-05 11:25,,15.03,2258,15.05,15.01,15.04,,1480.0
2018-12-05 11:30,,15.02,2258,15.03,15.0,15.03,,675.0
2018-12-05 13:05,,15.01,2258,15.02,14.99,15.02,,1699.0
2018-12-05 13:10,,14.9,2258,15.01,14.9,15.01,,2866.0
2018-12-05 13:15,,14.92,2258,14.94,14.89,14.9,,815.0
2018-12-05 13:20,,14.91,2258,14.92,14.9,14.92,,832.0
2018-12-05 13:25,,14.94,2258,14.95,14.89,14.91,,981.0
2018-12-05 13:30,,15.02,2258,15.02,14.91,14.94,,1442.0
2018-12-05 13:35,,15.02,2258,15.04,14.98,15.02,,1731.0
2018-12-05 13:40,,15.0,2258,15.03,14.97,15.02,,2696.0
2018-12-05 13:45,,14.98,2258,15.0,14.98,14.98,,1415.0
2018-12-05 13:50,,15.07,2258,15.07,14.98,14.98,,2535.0
2018-12-05 13:55,,15.0,2258,15.08,15.0,15.07,,2384.0
2018-12-05 14:00,,15.02,2258,15.04,15.0,15.0,,3104.0
2018-12-05 14:05,,15.03,2258,15.04,14.99,15.02,,2151.0
2018-12-05 14:10,,15.11,2258,15.16,15.03,15.03,,4351.0
2018-12-05 14:15,,15.13,2258,15.13,15.09,15.11,,1413.0
2018-12-05 14:20,,15.08,2258,15.13,15.08,15.13,,2509.0
2018-12-05 14:25,,15.1,2258,15.12,15.08,15.08,,2446.0
2018-12-05 14:30,,15.13,2258,15.14,15.1,15.1,,1682.0
2018-12-05 14:35,,15.1,2258,15.13,15.09,15.13,,1768.0
2018-12-05 14:40,,15.18,2258,15.18,15.1,15.1,,3029.0
2018-12-05 14:45,,15.19,2258,15.2,15.16,15.17,,5095.0
2018-12-05 14:50,,15.16,2258,15.2,15.16,15.19,,3667.0
2018-12-05 14:55,,15.1,2258,15.19,15.1,15.16,,2713.0
2018-12-05 15:00,,15.11,2258,15.12,15.1,15.1,,1202.0
2018-12-06 09:35,,14.89,2258,15.05,14.86,14.9,,4256.0
2018-12-06 09:40,,14.92,2258,14.93,14.89,14.89,,2210.0
2018-12-06 09:45,,14.93,2258,14.95,14.91,14.92,,2443.0
2018-12-06 09:50,,14.92,2258,14.94,14.91,14.93,,1526.0
2018-12-06 09:55,,14.92,2258,14.97,14.92,14.92,,2220.0
2018-12-06 10:00,,14.92,2258,14.92,14.9,14.92,,1454.0
2018-12-06 10:05,,14.96,2258,14.96,14.92,14.92,,1588.0
2018-12-06 10:10,,14.92,2258,14.96,14.92,14.96,,1080.0
2018-12-06 10:15,,14.94,2258,14.94,14.91,14.92,,840.0
2018-12-06 10:20,,14.98,2258,15.0,14.92,14.94,,1230.0
2018-12-06 10:25,,14.97,2258,14.99,14.94,14.98,,872.0
2018-12-06 10:30,,15.05,2258,15.08,14.96,14.97,,2861.0
2018-12-06 10:35,,15.0,2258,15.05,15.0,15.05,,1891.0
2018-12-06 10:40,,15.0,2258,15.01,14.95,15.0,,1355.0
2018-12-06 10:45,,15.0,2258,15.0,14.96,15.0,,634.0
2018-12-06 10:50,,15.03,2258,15.05,14.98,15.0,,2058.0
2018-12-06 10:55,,15.01,2258,15.03,14.99,15.03,,630.0
2018-12-06 11:00,,15.0,2258,15.02,14.99,15.01,,628.0
2018-12-06 11:05,,14.98,2258,15.0,14.98,15.0,,563.0
2018-12-06 11:10,,14.93,2258,15.0,14.9,14.98,,2230.0
2018-12-06 11:15,,14.92,2258,14.95,14.9,14.93,,849.0
2018-12-06 11:20,,14.93,2258,14.93,14.89,14.92,,1295.0
2018-12-06 11:25,,14.94,2258,14.94,14.92,14.93,,539.0
2018-12-06 11:30,,14.93,2258,14.95,14.91,14.94,,376.0
2018-12-06 13:05,,14.85,2258,14.93,14.83,14.93,,2180.0
2018-12-06 13:10,,14.87,2258,14.89,14.82,14.83,,1161.0
2018-12-06 13:15,,14.7,2258,14.87,14.7,14.87,,4068.0
2018-12-06 13:20,,14.71,2258,14.72,14.65,14.7,,3056.0
2018-12-06 13:25,,14.7,2258,14.74,14.69,14.72,,1564.0
2018-12-06 13:30,,14.69,2258,14.71,14.68,14.7,,1292.0
2018-12-06 13:35,,14.69,2258,14.71,14.62,14.69,,2810.0
2018-12-06 13:40,,14.74,2258,14.75,14.66,14.66,,1676.0
2018-12-06 13:45,,14.73,2258,14.76,14.7,14.75,,939.0
2018-12-06 13:50,,14.74,2258,14.74,14.69,14.73,,909.0
2018-12-06 13:55,,14.68,2258,14.74,14.68,14.74,,1192.0
2018-12-06 14:00,,14.68,2258,14.7,14.67,14.68,,857.0
2018-12-06 14:05,,14.6,2258,14.68,14.54,14.68,,4485.0
2018-12-06 14:10,,14.65,2258,14.67,14.6,14.6,,2536.0
2018-12-06 14:15,,14.7,2258,14.7,14.63,14.65,,953.0
2018-12-06 14:20,,14.59,2258,14.7,14.59,14.7,,1898.0
2018-12-06 14:25,,14.61,2258,14.63,14.58,14.6,,2155.0
2018-12-06 14:30,,14.64,2258,14.64,14.6,14.61,,1074.0
2018-12-06 14:35,,14.64,2258,14.65,14.62,14.64,,2364.0
2018-12-06 14:40,,14.68,2258,14.72,14.63,14.64,,1542.0
2018-12-06 14:45,,14.71,2258,14.72,14.68,14.68,,554.0
2018-12-06 14:50,,14.7,2258,14.73,14.68,14.71,,2407.0
2018-12-06 14:55,,14.69,2258,14.73,14.69,14.7,,1293.0
2018-12-06 15:00,,14.67,2258,14.7,14.67,14.69,,449.0
2018-12-07 09:35,,14.7,2258,14.81,14.66,14.66,,2569.0
2018-12-07 09:40,,14.7,2258,14.77,14.66,14.7,,2690.0
2018-12-07 09:45,,14.59,2258,14.7,14.59,14.7,,2929.0
2018-12-07 09:50,,14.53,2258,14.6,14.49,14.59,,3870.0
2018-12-07 09:55,,14.44,2258,14.53,14.4,14.53,,4168.0
2018-12-07 10:00,,14.48,2258,14.5,14.42,14.44,,3250.0
2018-12-07 10:05,,14.45,2258,14.49,14.45,14.48,,1414.0
2018-12-07 10:10,,14.5,2258,14.51,14.45,14.45,,2354.0
2018-12-07 10:15,,14.42,2258,14.5,14.42,14.5,,4350.0
2018-12-07 10:20,,14.4,2258,14.42,14.37,14.42,,4528.0
2018-12-07 10:25,,14.35,2258,14.4,14.34,14.4,,3081.0
2018-12-07 10:30,,14.37,2258,14.4,14.35,14.35,,2073.0
2018-12-07 10:35,,14.45,2258,14.49,14.37,14.37,,1424.0
2018-12-07 10:40,,14.46,2258,14.46,14.39,14.45,,1034.0
2018-12-07 10:45,,14.42,2258,14.47,14.41,14.46,,1058.0
2018-12-07 10:50,,14.45,2258,14.48,14.42,14.42,,480.0
2018-12-07 10:55,,14.45,2258,14.46,14.44,14.45,,882.0
2018-12-07 11:00,,14.48,2258,14.48,14.45,14.45,,709.0
2018-12-07 11:05,,14.56,2258,14.58,14.46,14.48,,1096.0
2018-12-07 11:10,,14.59,2258,14.59,14.48,14.56,,916.0
2018-12-07 11:15,,14.56,2258,14.6,14.55,14.59,,847.0
2018-12-07 11:20,,14.62,2258,14.63,14.56,14.56,,1128.0
2018-12-07 11:25,,14.59,2258,14.62,14.55,14.62,,760.0
2018-12-07 11:30,,14.61,2258,14.61,14.58,14.59,,456.0
2018-12-07 13:05,,14.62,2258,14.62,14.56,14.61,,710.0
2018-12-07 13:10,,14.63,2258,14.63,14.57,14.62,,728.0
2018-12-07 13:15,,14.63,2258,14.63,14.57,14.63,,661.0
2018-12-07 13:20,,14.65,2258,14.65,14.61,14.63,,677.0
2018-12-07 13:25,,14.66,2258,14.68,14.65,14.65,,955.0
2018-12-07 13:30,,14.7,2258,14.7,14.64,14.66,,697.0
2018-12-07 13:35,,14.67,2258,14.72,14.67,14.7,,1205.0
2018-12-07 13:40,,14.68,2258,14.7,14.66,14.67,,613.0
2018-12-07 13:45,,14.65,2258,14.7,14.65,14.68,,662.0
2018-12-07 13:50,,14.63,2258,14.65,14.61,14.65,,499.0
2018-12-07 13:55,,14.63,2258,14.65,14.63,14.63,,411.0
2018-12-07 14:00,,14.62,2258,14.64,14.62,14.63,,337.0
2018-12-07 14:05,,14.56,2258,14.64,14.56,14.62,,929.0
2018-12-07 14:10,,14.59,2258,14.64,14.52,14.56,,1657.0
2018-12-07 14:15,,14.6,2258,14.62,14.58,14.59,,234.0
2018-12-07 14:20,,14.6,2258,14.61,14.6,14.6,,68.0
2018-12-07 14:25,,14.58,2258,14.6,14.56,14.6,,196.0
2018-12-07 14:30,,14.59,2258,14.63,14.58,14.58,,448.0
2018-12-07 14:35,,14.58,2258,14.59,14.56,14.59,,270.0
2018-12-07 14:40,,14.57,2258,14.58,14.55,14.58,,420.0
2018-12-07 14:45,,14.57,2258,14.57,14.56,14.57,,871.0
2018-12-07 14:50,,14.55,2258,14.57,14.55,14.57,,962.0
2018-12-07 14:55,,14.52,2258,14.56,14.51,14.55,,1804.0
2018-12-07 15:00,,14.51,2258,14.53,14.51,14.52,,796.0
2018-12-10 09:35,,14.38,2258,14.4,14.25,14.37,,3812.0
2018-12-10 09:40,,14.26,2258,14.38,14.26,14.38,,1655.0
2018-12-10 09:45,,14.37,2258,14.37,14.25,14.26,,1673.0
2018-12-10 09:50,,14.3,2258,14.37,14.3,14.37,,1272.0
2018-12-10 09:55,,14.27,2258,14.33,14.27,14.3,,1248.0
2018-12-10 10:00,,14.24,2258,14.27,14.2,14.27,,2914.0
2018-12-10 10:05,,14.23,2258,14.3,14.23,14.24,,437.0
2018-12-10 10:10,,14.19,2258,14.24,14.19,14.23,,1655.0
2018-12-10 10:15,,14.08,2258,14.21,14.07,14.19,,3424.0
2018-12-10 10:20,,14.09,2258,14.12,14.08,14.09,,1604.0
2018-12-10 10:25,,14.16,2258,14.19,14.09,14.09,,1435.0
2018-12-10 10:30,,14.1,2258,14.17,14.09,14.16,,1015.0
2018-12-10 10:35,,14.1,2258,14.12,14.09,14.1,,747.0
2018-12-10 10:40,,14.1,2258,14.11,14.08,14.1,,816.0
2018-12-10 10:45,,14.1,2258,14.1,14.09,14.1,,721.0
2018-12-10 10:50,,14.13,2258,14.13,14.1,14.1,,727.0
2018-12-10 10:55,,14.14,2258,14.14,14.12,14.13,,551.0
2018-12-10 11:00,,14.14,2258,14.14,14.13,14.14,,237.0
2018-12-10 11:05,,14.17,2258,14.2,14.13,14.14,,1100.0
2018-12-10 11:10,,14.16,2258,14.16,14.14,14.16,,323.0
2018-12-10 11:15,,14.14,2258,14.18,14.13,14.16,,1005.0
2018-12-10 11:20,,14.15,2258,14.16,14.12,14.14,,503.0
2018-12-10 11:25,,14.15,2258,14.15,14.14,14.15,,132.0
2018-12-10 11:30,,14.16,2258,14.18,14.15,14.15,,552.0
2018-12-10 13:05,,14.1,2258,14.17,14.1,14.16,,738.0
2018-12-10 13:10,,14.11,2258,14.12,14.09,14.1,,544.0
2018-12-10 13:15,,14.09,2258,14.12,14.09,14.11,,1121.0
2018-12-10 13:20,,14.06,2258,14.11,14.05,14.09,,1597.0
2018-12-10 13:25,,14.05,2258,14.07,14.05,14.06,,827.0
2018-12-10 13:30,,14.07,2258,14.07,14.05,14.05,,538.0
2018-12-10 13:35,,14.03,2258,14.07,14.01,14.07,,4541.0
2018-12-10 13:40,,13.97,2258,14.03,13.95,14.03,,3967.0
2018-12-10 13:45,,14.0,2258,14.08,13.96,13.97,,2354.0
2018-12-10 13:50,,14.04,2258,14.06,13.97,14.0,,2387.0
2018-12-10 13:55,,14.02,2258,14.05,14.0,14.04,,1393.0
2018-12-10 14:00,,14.03,2258,14.03,14.0,14.03,,1189.0
2018-12-10 14:05,,14.05,2258,14.05,13.99,14.03,,1304.0
2018-12-10 14:10,,14.1,2258,14.11,14.02,14.05,,897.0
2018-12-10 14:15,,14.11,2258,14.12,14.03,14.1,,3011.0
2018-12-10 14:20,,14.06,2258,14.11,14.06,14.11,,1079.0
2018-12-10 14:25,,14.09,2258,14.1,14.04,14.06,,846.0
2018-12-10 14:30,,14.09,2258,14.13,14.08,14.09,,2171.0
2018-12-10 14:35,,14.05,2258,14.12,14.05,14.11,,1108.0
2018-12-10 14:40,,14.07,2258,14.13,14.04,14.05,,1794.0
2018-12-10 14:45,,14.17,2258,14.18,14.07,14.07,,3592.0
2018-12-10 14:50,,14.18,2258,14.19,14.07,14.17,,4206.0
2018-12-10 14:55,,14.14,2258,14.19,14.12,14.18,,1337.0
2018-12-10 15:00,,14.12,2258,14.15,14.12,14.14,,524.0
2018-12-11 09:35,,14.22,2258,14.38,14.17,14.22,,5683.0
2018-12-11 09:40,,14.18,2258,14.24,14.11,14.22,,2848.0
2018-12-11 09:45,,14.07,2258,14.18,14.07,14.15,,3130.0
2018-12-11 09:50,,14.13,2258,14.18,14.07,14.07,,1893.0
2018-12-11 09:55,,14.18,2258,14.22,14.13,14.13,,1044.0
2018-12-11 10:00,,14.15,2258,14.18,14.1,14.18,,1030.0
2018-12-11 10:05,,14.13,2258,14.15,14.13,14.15,,412.0
2018-12-11 10:10,,14.11,2258,14.13,14.11,14.13,,537.0
2018-12-11 10:15,,14.16,2258,14.16,14.08,14.11,,1505.0
2018-12-11 10:20,,14.12,2258,14.16,14.11,14.16,,541.0
2018-12-11 10:25,,14.07,2258,14.14,14.07,14.13,,845.0
2018-12-11 10:30,,14.1,2258,14.12,14.07,14.07,,1058.0
2018-12-11 10:35,,14.12,2258,14.16,14.08,14.1,,703.0
2018-12-11 10:40,,14.13,2258,14.15,14.12,14.12,,529.0
2018-12-11 10:45,,14.11,2258,14.14,14.11,14.13,,319.0
2018-12-11 10:50,,14.08,2258,14.13,14.06,14.11,,1465.0
2018-12-11 10:55,,14.08,2258,14.13,14.08,14.08,,687.0
2018-12-11 11:00,,14.14,2258,14.14,14.08,14.08,,750.0
2018-12-11 11:05,,14.2,2258,14.2,14.13,14.14,,891.0
2018-12-11 11:10,,14.15,2258,14.21,14.12,14.2,,1065.0
2018-12-11 11:15,,14.2,2258,14.2,14.13,14.15,,696.0
2018-12-11 11:20,,14.24,2258,14.24,14.15,14.2,,576.0
2018-12-11 11:25,,14.25,2258,14.27,14.2,14.24,,1109.0
2018-12-11 11:30,,14.22,2258,14.28,14.18,14.25,,2155.0
2018-12-11 13:05,,14.21,2258,14.24,14.14,14.22,,1126.0
2018-12-11 13:10,,14.24,2258,14.26,14.2,14.2,,732.0
2018-12-11 13:15,,14.19,2258,14.26,14.19,14.24,,601.0
2018-12-11 13:20,,14.23,2258,14.25,14.19,14.19,,523.0
2018-12-11 13:25,,14.25,2258,14.25,14.19,14.23,,980.0
2018-12-11 13:30,,14.26,2258,14.26,14.22,14.25,,828.0
2018-12-11 13:35,,14.26,2258,14.28,14.24,14.26,,1304.0
2018-12-11 13:40,,14.27,2258,14.28,14.24,14.26,,547.0
2018-12-11 13:45,,14.26,2258,14.28,14.25,14.27,,910.0
2018-12-11 13:50,,14.27,2258,14.27,14.25,14.26,,964.0
2018-12-11 13:55,,14.28,2258,14.34,14.27,14.27,,1372.0
2018-12-11 14:00,,14.27,2258,14.29,14.26,14.28,,1247.0
2018-12-11 14:05,,14.27,2258,14.28,14.23,14.27,,1364.0
2018-12-11 14:10,,14.28,2258,14.28,14.23,14.27,,656.0
2018-12-11 14:15,,14.29,2258,14.31,14.26,14.28,,758.0
2018-12-11 14:20,,14.31,2258,14.34,14.29,14.29,,1404.0
2018-12-11 14:25,,14.33,2258,14.33,14.28,14.31,,593.0
2018-12-11 14:30,,14.28,2258,14.33,14.28,14.33,,1024.0
2018-12-11 14:35,,14.29,2258,14.31,14.25,14.28,,1276.0
2018-12-11 14:40,,14.3,2258,14.31,14.29,14.29,,634.0
2018-12-11 14:45,,14.32,2258,14.33,14.3,14.3,,1262.0
2018-12-11 14:50,,14.32,2258,14.32,14.3,14.32,,721.0
2018-12-11 14:55,,14.36,2258,14.36,14.3,14.31,,3389.0
2018-12-11 15:00,,14.37,2258,14.37,14.35,14.35,,1497.0
2018-12-12 09:35,,14.46,2258,14.49,14.36,14.37,,3144.0
2018-12-12 09:40,,14.47,2258,14.55,14.44,14.46,,2777.0
2018-12-12 09:45,,14.51,2258,14.53,14.47,14.47,,1434.0
2018-12-12 09:50,,14.48,2258,14.52,14.48,14.51,,1536.0
2018-12-12 09:55,,14.44,2258,14.49,14.38,14.48,,1997.0
2018-12-12 10:00,,14.42,2258,14.45,14.42,14.44,,765.0
2018-12-12 10:05,,14.44,2258,14.48,14.41,14.42,,1062.0
2018-12-12 10:10,,14.48,2258,14.5,14.44,14.44,,921.0
2018-12-12 10:15,,14.48,2258,14.49,14.46,14.47,,481.0
2018-12-12 10:20,,14.45,2258,14.49,14.45,14.48,,421.0
2018-12-12 10:25,,14.44,2258,14.46,14.44,14.45,,246.0
2018-12-12 10:30,,14.44,2258,14.46,14.44,14.44,,341.0
2018-12-12 10:35,,14.45,2258,14.45,14.42,14.44,,665.0
2018-12-12 10:40,,14.42,2258,14.45,14.41,14.45,,250.0
2018-12-12 10:45,,14.41,2258,14.44,14.41,14.42,,420.0
2018-12-12 10:50,,14.43,2258,14.45,14.41,14.41,,233.0
2018-12-12 10:55,,14.43,2258,14.44,14.43,14.43,,123.0
2018-12-12 11:00,,14.44,2258,14.45,14.43,14.43,,360.0
2018-12-12 11:05,,14.39,2258,14.44,14.39,14.44,,533.0
2018-12-12 11:10,,14.41,2258,14.41,14.37,14.39,,609.0
2018-12-12 11:15,,14.39,2258,14.43,14.37,14.41,,665.0
2018-12-12 11:20,,14.4,2258,14.44,14.38,14.39,,531.0
2018-12-12 11:25,,14.45,2258,14.46,14.4,14.4,,581.0
2018-12-12 11:30,,14.42,2258,14.46,14.42,14.45,,220.0
2018-12-12 13:05,,14.45,2258,14.48,14.42,14.42,,548.0
2018-12-12 13:10,,14.38,2258,14.45,14.37,14.45,,912.0
2018-12-12 13:15,,14.39,2258,14.42,14.36,14.38,,411.0
2018-12-12 13:20,,14.43,2258,14.45,14.37,14.39,,2606.0
2018-12-12 13:25,,14.43,2258,14.44,14.42,14.43,,237.0
2018-12-12 13:30,,14.43,2258,14.45,14.43,14.44,,279.0
2018-12-12 13:35,,14.43,2258,14.46,14.42,14.43,,483.0
2018-12-12 13:40,,14.41,2258,14.47,14.4,14.43,,899.0
2018-12-12 13:45,,14.45,2258,14.46,14.39,14.41,,685.0
2018-12-12 13:50,,14.42,2258,14.45,14.39,14.45,,602.0
2018-12-12 13:55,,14.41,2258,14.44,14.39,14.42,,481.0
2018-12-12 14:00,,14.38,2258,14.42,14.37,14.41,,599.0
2018-12-12 14:05,,14.43,2258,14.44,14.36,14.37,,810.0
2018-12-12 14:10,,14.43,2258,14.45,14.41,14.44,,245.0
2018-12-12 14:15,,14.4,2258,14.43,14.4,14.43,,365.0
2018-12-12 14:20,,14.43,2258,14.44,14.39,14.4,,510.0
2018-12-12 14:25,,14.44,2258,14.45,14.43,14.43,,363.0
2018-12-12 14:30,,14.44,2258,14.46,14.43,14.44,,860.0
2018-12-12 14:35,,14.4,2258,14.44,14.4,14.44,,876.0
2018-12-12 14:40,,14.42,2258,14.44,14.4,14.4,,641.0
2018-12-12 14:45,,14.41,2258,14.45,14.4,14.42,,466.0
2018-12-12 14:50,,14.39,2258,14.42,14.39,14.41,,474.0
2018-12-12 14:55,,14.44,2258,14.46,14.35,14.39,,3089.0
2018-12-12 15:00,,14.41,2258,14.44,14.41,14.44,,363.0
2018-12-13 09:35,,14.31,2258,14.5,14.2,14.5,,2533.0
2018-12-13 09:40,,14.29,2258,14.36,14.26,14.31,,1363.0
2018-12-13 09:45,,14.3,2258,14.33,14.26,14.29,,930.0
2018-12-13 09:50,,14.29,2258,14.34,14.29,14.3,,511.0
2018-12-13 09:55,,14.29,2258,14.29,14.24,14.29,,1192.0
2018-12-13 10:00,,14.33,2258,14.33,14.25,14.29,,714.0
2018-12-13 10:05,,14.32,2258,14.34,14.3,14.33,,402.0
2018-12-13 10:10,,14.38,2258,14.4,14.32,14.32,,689.0
2018-12-13 10:15,,14.39,2258,14.39,14.35,14.38,,707.0
2018-12-13 10:20,,14.34,2258,14.4,14.34,14.39,,464.0
2018-12-13 10:25,,14.35,2258,14.36,14.34,14.34,,476.0
2018-12-13 10:30,,14.42,2258,14.44,14.35,14.35,,2362.0
2018-12-13 10:35,,14.42,2258,14.48,14.39,14.42,,1968.0
2018-12-13 10:40,,14.42,2258,14.45,14.41,14.42,,1986.0
2018-12-13 10:45,,14.45,2258,14.45,14.4,14.42,,2029.0
2018-12-13 10:50,,14.43,2258,14.46,14.41,14.45,,1488.0
2018-12-13 10:55,,14.43,2258,14.45,14.4,14.43,,1438.0
2018-12-13 11:00,,14.5,2258,14.53,14.42,14.43,,1976.0
2018-12-13 11:05,,14.5,2258,14.52,14.46,14.5,,2246.0
2018-12-13 11:10,,14.45,2258,14.5,14.45,14.5,,1472.0
2018-12-13 11:15,,14.46,2258,14.49,14.46,14.46,,637.0
2018-12-13 11:20,,14.46,2258,14.49,14.46,14.46,,685.0
2018-12-13 11:25,,14.51,2258,14.52,14.46,14.46,,1470.0
2018-12-13 11:30,,14.52,2258,14.52,14.48,14.48,,698.0
2018-12-13 13:05,,14.53,2258,14.55,14.52,14.52,,1030.0
2018-12-13 13:10,,14.5,2258,14.53,14.48,14.53,,1909.0
2018-12-13 13:15,,14.51,2258,14.53,14.49,14.5,,334.0
2018-12-13 13:20,,14.54,2258,14.54,14.51,14.51,,396.0
2018-12-13 13:25,,14.51,2258,14.54,14.51,14.54,,375.0
2018-12-13 13:30,,14.5,2258,14.51,14.47,14.51,,892.0
2018-12-13 13:35,,14.48,2258,14.5,14.47,14.5,,495.0
2018-12-13 13:40,,14.46,2258,14.49,14.45,14.48,,479.0
2018-12-13 13:45,,14.46,2258,14.49,14.46,14.46,,522.0
2018-12-13 13:50,,14.47,2258,14.48,14.46,14.46,,220.0
2018-12-13 13:55,,14.48,2258,14.5,14.45,14.47,,1584.0
2018-12-13 14:00,,14.5,2258,14.5,14.47,14.48,,707.0
2018-12-13 14:05,,14.52,2258,14.53,14.5,14.5,,793.0
2018-12-13 14:10,,14.51,2258,14.52,14.5,14.52,,354.0
2018-12-13 14:15,,14.51,2258,14.53,14.51,14.51,,1365.0
2018-12-13 14:20,,14.5,2258,14.51,14.5,14.51,,1384.0
2018-12-13 14:25,,14.48,2258,14.5,14.48,14.5,,462.0
2018-12-13 14:30,,14.49,2258,14.49,14.47,14.48,,767.0
2018-12-13 14:35,,14.49,2258,14.5,14.47,14.49,,862.0
2018-12-13 14:40,,14.44,2258,14.49,14.43,14.49,,782.0
2018-12-13 14:45,,14.44,2258,14.48,14.44,14.44,,996.0
2018-12-13 14:50,,14.44,2258,14.45,14.43,14.44,,1025.0
2018-12-13 14:55,,14.43,2258,14.45,14.42,14.44,,2142.0
2018-12-13 15:00,,14.42,2258,14.43,14.42,14.43,,850.0
2018-12-14 14:55,{},13.99,2258,14.0,13.98,13.99,4.7237,2477.0
2018-12-14 15:00,{},13.98,2258,13.99,13.98,13.99,1.8002,944.0
2018-12-17 09:35,{},13.82,2258,13.97,13.76,13.97,5.7001,2989.0
2018-12-17 09:40,{},13.7,2258,13.83,13.7,13.82,7.651,4012.0
2018-12-17 09:45,{},13.68,2258,13.7,13.62,13.7,4.7104,2470.0
2018-12-17 09:50,{},13.66,2258,13.7,13.65,13.68,4.2908,2250.0
2018-12-17 09:55,{},13.62,2258,13.66,13.61,13.66,3.7588,1971.0
2018-12-17 10:00,{},13.64,2258,13.65,13.61,13.62,2.7271,1430.0
2018-12-17 10:05,{},13.63,2258,13.64,13.63,13.64,1.2205,640.0
2018-12-17 10:10,{},13.64,2258,13.65,13.63,13.64,1.8136,951.0
2018-12-17 10:15,{},13.69,2258,13.71,13.63,13.64,1.0659999999999998,559.0
2018-12-17 10:20,{},13.73,2258,13.75,13.68,13.69,1.4474,759.0
2018-12-17 10:25,{},13.71,2258,13.76,13.68,13.73,0.9039,474.0
2018-12-17 10:30,{},13.69,2258,13.71,13.68,13.71,1.539,807.0
2018-12-17 10:35,{},13.68,2258,13.72,13.66,13.69,2.8148,1476.0
2018-12-17 10:40,{},13.72,2258,13.78,13.68,13.68,1.436,753.0
2018-12-17 10:45,{},13.74,2258,13.76,13.72,13.72,1.0145,532.0
2018-12-17 10:50,{},13.68,2258,13.73,13.68,13.73,0.9421,494.0
2018-12-17 10:55,{},13.76,2258,13.77,13.68,13.68,1.0737,563.0
2018-12-17 11:00,{},13.75,2258,13.79,13.72,13.76,1.5542,815.0
2018-12-17 11:05,{},13.77,2258,13.79,13.75,13.75,0.9993,524.0
2018-12-17 11:10,{},13.75,2258,13.81,13.73,13.77,1.6095,844.0
2018-12-17 11:15,{},13.72,2258,13.79,13.71,13.75,0.9516,499.0
2018-12-17 11:20,{},13.71,2258,13.72,13.7,13.72,0.7476,392.0
2018-12-17 11:25,{},13.73,2258,13.77,13.69,13.71,1.1271,591.0
2018-12-17 11:30,{},13.7,2258,13.73,13.69,13.73,0.6293,330.0
2018-12-17 13:05,{},13.7,2258,13.75,13.69,13.7,1.5123,793.0
2018-12-17 13:10,{},13.68,2258,13.7,13.68,13.7,0.6636,348.0
2018-12-17 13:15,{},13.69,2258,13.69,13.67,13.68,1.0603,556.0
2018-12-17 13:20,{},13.7,2258,13.72,13.68,13.69,0.9745,511.0
2018-12-17 13:25,{},13.72,2258,13.77,13.7,13.7,1.2586,660.0
2018-12-17 13:30,{},13.71,2258,13.72,13.7,13.72,0.6522,342.0
2018-12-17 13:35,{},13.71,2258,13.73,13.7,13.71,0.5588,293.0
2018-12-17 13:40,{},13.72,2258,13.72,13.7,13.71,0.8963,470.0
2018-12-17 13:45,{},13.7,2258,13.74,13.7,13.72,1.0527,552.0
2018-12-17 13:50,{},13.7,2258,13.73,13.69,13.7,0.6579,345.0
2018-12-17 13:55,{},13.7,2258,13.73,13.7,13.7,0.6007,315.0
2018-12-17 14:00,{},13.71,2258,13.72,13.69,13.7,1.0622,557.0
2018-12-17 14:05,{},13.69,2258,13.73,13.69,13.71,0.6503,341.0
2018-12-17 14:10,{},13.68,2258,13.72,13.68,13.7,1.3769,722.0
2018-12-17 14:15,{},13.68,2258,13.69,13.67,13.68,1.7659,926.0
2018-12-17 14:20,{},13.68,2258,13.69,13.68,13.68,0.4634,243.0
2018-12-17 14:25,{},13.68,2258,13.69,13.67,13.68,0.7018,368.0
2018-12-17 14:30,{},13.67,2258,13.69,13.67,13.68,1.1957,627.0
2018-12-17 14:35,{},13.65,2258,13.68,13.64,13.67,3.6577,1918.0
2018-12-17 14:40,{},13.64,2258,13.66,13.64,13.65,1.5771,827.0
2018-12-17 14:45,{},13.63,2258,13.64,13.62,13.64,3.1828,1669.0
2018-12-17 14:50,{},13.66,2258,13.66,13.63,13.63,1.8803,986.0
2018-12-17 14:55,{},13.68,2258,13.7,13.65,13.66,3.1237,1638.0
2018-12-17 15:00,{},13.67,2258,13.68,13.67,13.68,1.3559,711.0
2018-12-18 09:35,{},13.63,2258,13.66,13.48,13.5,3.8427,2015.0
2018-12-18 09:40,{},13.66,2258,13.66,13.56,13.63,5.7345,3007.0
2018-12-18 09:45,{},13.73,2258,13.74,13.62,13.66,2.6069,1367.0
2018-12-18 09:50,{},13.71,2258,13.75,13.69,13.73,2.5516,1338.0
2018-12-18 09:55,{},13.76,2258,13.76,13.7,13.71,2.7824,1459.0
2018-12-18 10:00,{},13.75,2258,13.81,13.75,13.76,5.1013,2675.0
2018-12-18 10:05,{},13.7,2258,13.8,13.7,13.75,3.9152,2053.0
2018-12-18 10:10,{},13.65,2258,13.71,13.65,13.7,3.3507,1757.0
2018-12-18 10:15,{},13.66,2258,13.71,13.64,13.65,3.406,1786.0
2018-12-18 10:20,{},13.71,2258,13.71,13.64,13.66,1.928,1011.0
2018-12-18 10:25,{},13.73,2258,13.74,13.68,13.71,1.539,807.0
2018-12-18 10:30,{},13.77,2258,13.79,13.7,13.73,2.6527,1391.0
2018-12-18 10:35,{},13.8,2258,13.81,13.76,13.77,3.0131,1580.0
2018-12-18 10:40,{},13.77,2258,13.81,13.76,13.8,2.1035,1103.0
2018-12-18 10:45,{},13.85,2258,13.85,13.76,13.77,3.3888,1777.0
2018-12-18 10:50,{},13.81,2258,13.85,13.81,13.85,1.1252,590.0
2018-12-18 10:55,{},13.74,2258,13.81,13.74,13.81,1.0432,547.0
2018-12-18 11:00,{},13.71,2258,13.8,13.71,13.74,1.1175,586.0
2018-12-18 11:05,{},13.7,2258,13.74,13.7,13.71,1.2834,673.0
2018-12-18 11:10,{},13.72,2258,13.74,13.68,13.7,1.4379,754.0
2018-12-18 11:15,{},13.68,2258,13.74,13.68,13.71,0.8467,444.0
2018-12-18 11:20,{},13.66,2258,13.73,13.66,13.68,0.7228,379.0
2018-12-18 11:25,{},13.74,2258,13.74,13.66,13.66,0.8162,428.0
2018-12-18 11:30,{},13.66,2258,13.74,13.66,13.74,0.7571,397.0
2018-12-18 13:05,{},13.71,2258,13.71,13.66,13.66,1.2033,631.0
2018-12-18 13:10,{},13.69,2258,13.72,13.67,13.71,0.8524,447.0
2018-12-18 13:15,{},13.66,2258,13.73,13.66,13.69,1.3807,724.0
2018-12-18 13:20,{},13.69,2258,13.69,13.66,13.66,0.8791,461.0
2018-12-18 13:25,{},13.72,2258,13.73,13.68,13.69,0.5626,295.0
2018-12-18 13:30,{},13.69,2258,13.74,13.69,13.72,0.616,323.0
2018-12-18 13:35,{},13.74,2258,13.74,13.69,13.69,0.3719,195.0
2018-12-18 13:40,{},13.76,2258,13.77,13.71,13.74,0.9192,482.0
2018-12-18 13:45,{},13.75,2258,13.78,13.74,13.76,1.1862,622.0
2018-12-18 13:50,{},13.75,2258,13.76,13.71,13.75,1.4837,778.0
2018-12-18 13:55,{},13.75,2258,13.78,13.74,13.75,2.0348,1067.0
2018-12-18 14:00,{},13.77,2258,13.77,13.75,13.75,1.7697,928.0
2018-12-18 14:05,{},13.72,2258,13.77,13.72,13.77,2.3247,1219.0
2018-12-18 14:10,{},13.72,2258,13.72,13.7,13.72,1.7049,894.0
2018-12-18 14:15,{},13.75,2258,13.77,13.72,13.72,2.1797,1143.0
2018-12-18 14:20,{},13.78,2258,13.79,13.75,13.75,2.1054,1104.0
2018-12-18 14:25,{},13.8,2258,13.81,13.77,13.78,2.7099,1421.0
2018-12-18 14:30,{},13.81,2258,13.82,13.79,13.8,2.1492,1127.0
2018-12-18 14:35,{},13.86,2258,13.86,13.8,13.81,4.0639,2131.0
2018-12-18 14:40,{},13.82,2258,13.87,13.82,13.86,2.4982,1310.0
2018-12-18 14:45,{},13.82,2258,13.87,13.81,13.82,3.0303,1589.0
2018-12-18 14:50,{},13.77,2258,13.84,13.76,13.82,2.4982,1310.0
2018-12-18 14:55,{},13.8,2258,13.8,13.76,13.77,2.6832,1407.0
2018-12-18 15:00,{},13.79,2258,13.8,13.77,13.8,0.7418,389.0
2018-12-19 09:35,{},13.71,2258,13.86,13.68,13.86,2.4658,1293.0
2018-12-19 09:40,{},13.73,2258,13.73,13.69,13.71,1.5523,814.0
2018-12-19 09:45,{},13.79,2258,13.81,13.73,13.73,1.23,645.0
2018-12-19 09:50,{},13.76,2258,13.8,13.73,13.79,1.703,893.0
2018-12-19 09:55,{},13.77,2258,13.79,13.75,13.75,0.9058,475.0
2018-12-19 10:00,{},13.8,2258,13.8,13.76,13.77,1.1747,616.0
2018-12-19 10:05,{},13.8,2258,13.8,13.77,13.8,0.7857,412.0
2018-12-19 10:10,{},13.84,2258,13.85,13.77,13.79,0.9554,501.0
2018-12-19 10:15,{},13.84,2258,13.87,13.81,13.84,2.0977,1100.0
2018-12-19 10:20,{},13.86,2258,13.88,13.82,13.84,1.5314,803.0
2018-12-19 10:25,{},13.84,2258,13.87,13.84,13.86,1.5371,806.0
2018-12-19 10:30,{},13.83,2258,13.85,13.77,13.84,1.4627,767.0
2018-12-19 10:35,{},13.85,2258,13.86,13.82,13.83,1.375,721.0
2018-12-19 10:40,{},13.88,2258,13.89,13.84,13.85,2.3399,1227.0
2018-12-19 10:45,{},13.94,2258,13.94,13.88,13.88,2.1416,1123.0
2018-12-19 10:50,{},13.91,2258,13.95,13.87,13.95,1.825,957.0
2018-12-19 10:55,{},13.91,2258,13.94,13.89,13.91,1.6706,876.0
2018-12-19 11:00,{},13.92,2258,13.94,13.9,13.9,1.9509,1023.0
2018-12-19 11:05,{},13.9,2258,13.94,13.9,13.92,0.6694,351.0
2018-12-19 11:10,{},13.92,2258,13.93,13.87,13.9,1.4131,741.0
2018-12-19 11:15,{},13.92,2258,13.94,13.9,13.92,0.8811,462.0
2018-12-19 11:20,{},13.94,2258,13.94,13.9,13.92,0.9592,503.0
2018-12-19 11:25,{},13.92,2258,13.97,13.92,13.94,1.4436,757.0
2018-12-19 11:30,{},13.94,2258,13.96,13.91,13.92,0.6255,328.0
2018-12-19 13:05,{},13.91,2258,13.96,13.91,13.94,1.0584,555.0
2018-12-19 13:10,{},13.9,2258,13.94,13.9,13.91,0.883,463.0
2018-12-19 13:15,{},13.91,2258,13.93,13.89,13.9,0.8143,427.0
2018-12-19 13:20,{},13.9,2258,13.92,13.88,13.91,0.8086,424.0
2018-12-19 13:25,{},13.89,2258,13.93,13.88,13.9,1.0355,543.0
2018-12-19 13:30,{},13.93,2258,13.93,13.9,13.91,1.2377,649.0
2018-12-19 13:35,{},13.93,2258,13.95,13.9,13.93,1.4417,756.0
2018-12-19 13:40,{},13.92,2258,13.94,13.91,13.93,1.2968,680.0
2018-12-19 13:45,{},13.93,2258,13.94,13.9,13.92,1.169,613.0
2018-12-19 13:50,{},13.88,2258,13.93,13.85,13.93,2.7595,1447.0
2018-12-19 13:55,{},13.91,2258,13.94,13.88,13.88,1.1995,629.0
2018-12-19 14:00,{},13.89,2258,13.93,13.88,13.93,0.8715,457.0
2018-12-19 14:05,{},13.87,2258,13.91,13.85,13.89,1.3998,734.0
2018-12-19 14:10,{},13.89,2258,13.9,13.83,13.87,1.6668,874.0
2018-12-19 14:15,{},13.84,2258,13.89,13.83,13.89,1.8346,962.0
2018-12-19 14:20,{},13.88,2258,13.88,13.84,13.84,1.0432,547.0
2018-12-19 14:25,{},13.87,2258,13.88,13.84,13.88,1.2415,651.0
2018-12-19 14:30,{},13.82,2258,13.87,13.82,13.85,1.7125,898.0
2018-12-19 14:35,{},13.81,2258,13.86,13.79,13.82,1.476,774.0
2018-12-19 14:40,{},13.79,2258,13.82,13.77,13.81,2.5859,1356.0
2018-12-19 14:45,{},13.8,2258,13.8,13.77,13.79,1.6172,848.0
2018-12-19 14:50,{},13.82,2258,13.85,13.79,13.8,2.3342,1224.0
2018-12-19 14:55,{},13.79,2258,13.85,13.78,13.82,2.4677,1294.0
2018-12-19 15:00,{},13.76,2258,13.79,13.76,13.79,1.354,710.0
2018-12-20 09:35,{},13.75,2258,13.92,13.72,13.92,3.1943,1675.0
2018-12-20 09:40,{},13.66,2258,13.76,13.62,13.75,3.4651,1817.0
2018-12-20 09:45,{},13.68,2258,13.68,13.62,13.66,2.6641,1397.0
2018-12-20 09:50,{},13.68,2258,13.71,13.66,13.68,1.3597,713.0
2018-12-20 09:55,{},13.7,2258,13.7,13.67,13.68,1.169,613.0
2018-12-20 10:00,{},13.75,2258,13.75,13.7,13.7,0.8791,461.0
2018-12-20 10:05,{},13.79,2258,13.8,13.74,13.75,0.8734,458.0
2018-12-20 10:10,{},13.83,2258,13.88,13.79,13.79,2.8186,1478.0
2018-12-20 10:15,{},13.82,2258,13.88,13.8,13.83,1.6839,883.0
2018-12-20 10:20,{},13.81,2258,13.83,13.8,13.82,0.8658,454.0
2018-12-20 10:25,{},13.77,2258,13.82,13.73,13.81,1.0165,533.0
2018-12-20 10:30,{},13.8,2258,13.81,13.75,13.76,0.7609,399.0
2018-12-20 10:35,{},13.78,2258,13.81,13.77,13.8,0.9154,480.0
2018-12-20 10:40,{},13.77,2258,13.79,13.75,13.78,0.9898,519.0
2018-12-20 10:45,{},13.8,2258,13.81,13.75,13.77,1.1347,595.0
2018-12-20 10:50,{},13.84,2258,13.85,13.78,13.8,0.902,473.0
2018-12-20 10:55,{},13.83,2258,13.87,13.82,13.86,1.0432,547.0
2018-12-20 11:00,{},13.82,2258,13.85,13.82,13.83,0.5645,296.0
2018-12-20 11:05,{},13.83,2258,13.85,13.82,13.82,0.7437,390.0
2018-12-20 11:10,{},13.79,2258,13.84,13.78,13.83,1.2758,669.0
2018-12-20 11:15,{},13.79,2258,13.81,13.79,13.79,0.7170000000000001,376.0
2018-12-20 11:20,{},13.79,2258,13.83,13.78,13.79,0.6198,325.0
2018-12-20 11:25,{},13.79,2258,13.83,13.79,13.79,0.7151,375.0
2018-12-20 11:30,{},13.8,2258,13.81,13.79,13.79,0.6942,364.0
2018-12-20 13:05,{},13.73,2258,13.8,13.72,13.8,1.8975,995.0
2018-12-20 13:10,{},13.75,2258,13.79,13.73,13.73,1.0603,556.0
2018-12-20 13:15,{},13.83,2258,13.83,13.75,13.75,1.0985,576.0
2018-12-20 13:20,{},13.8,2258,13.85,13.8,13.83,0.7895,414.0
2018-12-20 13:25,{},13.81,2258,13.82,13.78,13.8,0.9917,520.0
2018-12-20 13:30,{},13.78,2258,13.82,13.78,13.81,0.9592,503.0
2018-12-20 13:35,{},13.76,2258,13.81,13.75,13.78,1.1766,617.0
2018-12-20 13:40,{},13.8,2258,13.8,13.76,13.76,0.9726,510.0
2018-12-20 13:45,{},13.76,2258,13.8,13.74,13.77,1.7068,895.0
2018-12-20 13:50,{},13.79,2258,13.79,13.75,13.76,0.8963,470.0
2018-12-20 13:55,{},13.84,2258,13.84,13.75,13.79,1.2873,675.0
2018-12-20 14:00,{},13.82,2258,13.86,13.8,13.84,2.2827,1197.0
2018-12-20 14:05,{},13.82,2258,13.85,13.79,13.82,2.5097,1316.0
2018-12-20 14:10,{},13.82,2258,13.82,13.79,13.82,1.0794,566.0
2018-12-20 14:15,{},13.8,2258,13.82,13.78,13.82,0.8677,455.0
2018-12-20 14:20,{},13.82,2258,13.83,13.8,13.8,0.7190000000000001,377.0
2018-12-20 14:25,{},13.83,2258,13.84,13.79,13.82,0.6579,345.0
2018-12-20 14:30,{},13.82,2258,13.83,13.8,13.83,1.3864,727.0
2018-12-20 14:35,{},13.82,2258,13.84,13.79,13.82,0.5778,303.0
2018-12-20 14:40,{},13.82,2258,13.82,13.8,13.82,0.5721,300.0
2018-12-20 14:45,{},13.79,2258,13.82,13.78,13.82,1.3597,713.0
2018-12-20 14:50,{},13.79,2258,13.82,13.77,13.79,1.0126,531.0
2018-12-20 14:55,{},13.79,2258,13.8,13.78,13.79,2.1206,1112.0
2018-12-20 15:00,{},13.78,2258,13.79,13.78,13.79,0.9135,479.0
2018-12-21 09:35,{},13.69,2258,13.77,13.65,13.77,2.7805,1458.0
2018-12-21 09:40,{},13.67,2258,13.7,13.67,13.69,1.2968,680.0
2018-12-21 09:45,{},13.64,2258,13.7,13.61,13.67,3.1428,1648.0
2018-12-21 09:50,{},13.66,2258,13.74,13.64,13.64,0.637,334.0
2018-12-21 09:55,{},13.68,2258,13.7,13.65,13.66,0.8467,444.0
2018-12-21 10:00,{},13.66,2258,13.68,13.65,13.68,1.5218,798.0
2018-12-21 10:05,{},13.64,2258,13.71,13.64,13.65,1.2434,652.0
2018-12-21 10:10,{},13.75,2258,13.75,13.64,13.64,1.4093,739.0
2018-12-21 10:15,{},13.73,2258,13.75,13.67,13.75,1.5619,819.0
2018-12-21 10:20,{},13.74,2258,13.74,13.71,13.72,1.4608,766.0
2018-12-21 10:25,{},13.82,2258,13.85,13.71,13.74,3.9724,2083.0
2018-12-21 10:30,{},13.84,2258,13.84,13.78,13.82,1.436,753.0
2018-12-21 10:35,{},13.84,2258,13.85,13.8,13.84,2.1874,1147.0
2018-12-21 10:40,{},13.87,2258,13.89,13.84,13.84,2.7061,1419.0
2018-12-21 10:45,{},13.85,2258,13.89,13.85,13.87,1.5409,808.0
2018-12-21 10:50,{},13.88,2258,13.88,13.82,13.85,1.3159,690.0
2018-12-21 10:55,{},13.86,2258,13.9,13.84,13.88,0.9859,517.0
2018-12-21 11:00,{},13.86,2258,13.9,13.85,13.86,2.2522,1181.0
2018-12-21 11:05,{},13.88,2258,13.9,13.85,13.86,1.1862,622.0
2018-12-21 11:10,{},13.84,2258,13.9,13.84,13.88,1.5924,835.0
2018-12-21 11:15,{},13.82,2258,13.84,13.82,13.84,1.3006,682.0
2018-12-21 11:20,{},13.86,2258,13.88,13.81,13.82,1.3635,715.0
2018-12-21 11:25,{},13.86,2258,13.88,13.83,13.86,0.9229999999999999,484.0
2018-12-21 11:25,{},13.86,2258,13.88,13.83,13.86,0.923,484.0
2018-12-21 11:30,{},13.85,2258,13.88,13.81,13.86,0.5397,283.0
2018-12-21 13:05,{},13.87,2258,13.88,13.81,13.85,1.6458,863.0
2018-12-21 13:10,{},13.87,2258,13.88,13.84,13.87,0.6408,336.0
2018-12-21 13:15,{},13.86,2258,13.87,13.84,13.87,0.9192,482.0
2018-12-21 13:20,{},13.87,2258,13.88,13.85,13.86,1.9585,1027.0
2018-12-21 13:25,{},13.89,2258,13.91,13.87,13.87,5.7078,2993.0
2018-12-21 13:30,{},13.89,2258,13.9,13.87,13.89,1.1976,628.0
2018-12-21 13:35,{},13.84,2258,13.89,13.82,13.89,1.2682,665.0
2018-12-21 13:40,{},13.84,2258,13.88,13.83,13.84,0.9154,480.0
2018-12-21 13:50,{},13.8,2258,13.86,13.8,13.84,1.6553,868.0
2018-12-21 13:55,{},13.82,2258,13.85,13.8,13.8,0.9058,475.0
2018-12-21 14:00,{},13.81,2258,13.84,13.79,13.82,1.5352,805.0
2018-12-21 14:05,{},13.75,2258,13.81,13.74,13.81,2.6241,1376.0
2018-12-21 14:10,{},13.77,2258,13.79,13.75,13.75,0.9878,518.0
2018-12-21 14:15,{},13.79,2258,13.8,13.77,13.77,2.5249,1324.0
2018-12-21 14:20,{},13.85,2258,13.85,13.79,13.79,2.3285,1221.0
2018-12-21 14:25,{},13.84,2258,13.85,13.81,13.85,2.3552,1235.0
2018-12-21 14:30,{},13.85,2258,13.87,13.84,13.84,2.2522,1181.0
2018-12-21 14:35,{},13.83,2258,13.88,13.83,13.85,2.3647,1240.0
2018-12-21 14:40,{},13.79,2258,13.84,13.78,13.83,1.5886,833.0
2018-12-21 14:45,{},13.79,2258,13.8,13.77,13.79,1.2892,676.0
2018-12-21 14:50,{},13.83,2258,13.84,13.79,13.79,1.6229,851.0
2018-12-21 14:55,{},13.83,2258,13.85,13.83,13.84,1.436,753.0
2018-12-21 15:00,{},13.85,2258,13.85,13.83,13.83,1.7621,924.0
2018-12-24 09:35,{},13.74,2258,13.85,13.6,13.85,4.6074,2416.0
2018-12-24 09:40,{},13.81,2258,13.82,13.67,13.75,2.2351,1172.0
2018-12-24 09:45,{},13.71,2258,13.83,13.7,13.81,2.9559,1550.0
2018-12-24 09:50,{},13.84,2258,13.84,13.69,13.71,3.4708,1820.0
2018-12-24 09:55,{},13.94,2258,13.94,13.8,13.84,4.4262,2321.0
2018-12-24 10:00,{},14.03,2258,14.07,13.93,13.94,3.5452,1859.0
2018-12-24 10:05,{},14.01,2258,14.05,14.0,14.03,2.0709999999999997,1086.0
2018-12-24 10:05,{},14.01,2258,14.05,14.0,14.03,2.071,1086.0
2018-12-24 10:10,{},14.09,2258,14.09,14.01,14.01,3.5261,1849.0
2018-12-24 10:15,{},14.09,2258,14.14,14.05,14.1,3.242,1700.0
2018-12-24 10:20,{},14.1,2258,14.11,14.06,14.09,2.1988,1153.0
2018-12-24 10:25,{},14.1,2258,14.12,14.06,14.1,2.6851,1408.0
2018-12-24 10:30,{},14.1,2258,14.13,14.06,14.1,1.7411,913.0
2018-12-24 10:35,{},14.09,2258,14.13,14.08,14.1,1.6629,872.0
2018-12-24 10:40,{},14.09,2258,14.11,14.07,14.09,2.4048,1261.0
2018-12-24 10:45,{},14.11,2258,14.11,14.07,14.09,1.4188,744.0
2018-12-24 10:50,{},14.08,2258,14.11,14.06,14.11,1.9738,1035.0
2018-12-24 10:55,{},14.08,2258,14.09,14.06,14.08,1.2033,631.0
2018-12-24 11:00,{},14.07,2258,14.08,14.04,14.07,1.8079,948.0
2018-12-24 11:05,{},14.1,2258,14.11,14.05,14.07,0.9993,524.0
2018-12-24 11:10,{},14.15,2258,14.16,14.09,14.1,4.4625,2340.0
2018-12-24 11:15,{},14.13,2258,14.16,14.13,14.15,1.3521,709.0
2018-12-24 11:20,{},14.17,2258,14.18,14.13,14.13,2.2084,1158.0
2018-12-24 11:25,{},14.19,2258,14.19,14.16,14.17,1.2663,664.0
2018-12-24 11:30,{},14.19,2258,14.19,14.16,14.19,0.944,495.0
2018-12-24 11:30,{},14.19,2258,14.19,14.16,14.19,0.9440000000000001,495.0
2018-12-24 13:05,{},14.2,2258,14.2,14.16,14.19,1.6534,867.0
2018-12-24 13:10,{},14.28,2258,14.28,14.18,14.2,3.2668,1713.0
2018-12-24 13:15,{},14.3,2258,14.31,14.26,14.28,2.7252,1429.0
2018-12-24 13:20,{},14.3,2258,14.33,14.25,14.3,2.2999,1206.0
2018-12-24 13:25,{},14.35,2258,14.35,14.25,14.3,2.8053,1471.0
2018-12-24 13:30,{},14.32,2258,14.35,14.28,14.33,2.0749,1088.0
2018-12-24 13:35,{},14.24,2258,14.32,14.22,14.32,1.9414,1018.0
2018-12-24 13:40,{},14.25,2258,14.27,14.23,14.24,1.2148,637.0
2018-12-24 13:45,{},14.22,2258,14.27,14.22,14.25,1.169,613.0
2018-12-24 13:50,{},14.19,2258,14.24,14.19,14.22,1.4818,777.0
2018-12-24 13:55,{},14.23,2258,14.23,14.15,14.19,1.8994,996.0
2018-12-24 14:00,{},14.19,2258,14.21,14.14,14.21,2.3991,1258.0
2018-12-24 14:05,{},14.18,2258,14.2,14.15,14.19,1.2987,681.0
2018-12-24 14:10,{},14.2,2258,14.21,14.18,14.18,1.396,732.0
2018-12-24 14:15,{},14.16,2258,14.2,14.15,14.2,1.4341,752.0
2018-12-24 14:20,{},14.19,2258,14.19,14.14,14.16,0.8715,457.0
2018-12-24 14:25,{},14.18,2258,14.19,14.16,14.19,0.8715,457.0
2018-12-24 14:30,{},14.19,2258,14.2,14.17,14.18,1.0126,531.0
2018-12-24 14:35,{},14.17,2258,14.2,14.15,14.2,1.2625,662.0
2018-12-24 14:40,{},14.18,2258,14.18,14.15,14.17,0.82,430.0
2018-12-24 14:45,{},14.18,2258,14.18,14.17,14.18,1.169,613.0
2018-12-24 14:50,{},14.17,2258,14.19,14.16,14.18,2.073,1087.0
2018-12-24 14:55,{},14.16,2258,14.18,14.15,14.17,2.3075,1210.0
2018-12-24 15:00,{},14.16,2258,14.16,14.14,14.16,0.9001,472.0
2018-12-25 09:35,{},14.0,2258,14.01,13.9,14.0,6.6384,3481.0
2018-12-25 09:40,{},14.04,2258,14.04,13.95,14.0,3.0341,1591.0
2018-12-25 09:45,{},14.05,2258,14.06,13.97,14.04,3.1924,1674.0
2018-12-25 09:50,{},13.99,2258,14.05,13.97,14.05,2.748,1441.0
2018-12-25 09:55,{},14.08,2258,14.1,13.99,13.99,2.9712,1558.0
2018-12-25 10:00,{},14.15,2258,14.19,14.07,14.08,3.2458,1702.0
2018-12-25 10:05,{},14.17,2258,14.18,14.11,14.11,2.256,1183.0
2018-12-25 10:10,{},14.17,2258,14.18,14.14,14.17,2.1435,1124.0
2018-12-25 10:15,{},14.16,2258,14.17,14.11,14.17,1.9376,1016.0
2018-12-25 10:20,{},14.13,2258,14.16,14.08,14.16,2.3438,1229.0
2018-12-25 10:25,{},14.1,2258,14.14,14.07,14.13,1.621,850.0
2018-12-25 10:30,{},14.07,2258,14.13,13.97,14.1,4.718,2474.0
2018-12-25 10:35,{},14.06,2258,14.07,14.0,14.07,2.2389,1174.0
2018-12-25 10:40,{},14.05,2258,14.07,13.97,14.02,2.4772,1299.0
2018-12-25 10:45,{},14.1,2258,14.12,14.01,14.05,1.7678,927.0
2018-12-25 10:50,{},14.07,2258,14.14,14.02,14.1,1.9356,1015.0
2018-12-25 10:55,{},14.05,2258,14.13,14.04,14.07,1.9280000000000002,1011.0
2018-12-25 10:55,{},14.05,2258,14.13,14.04,14.07,1.928,1011.0
2018-12-25 11:00,{},14.11,2258,14.11,14.04,14.1,2.462,1291.0
2018-12-25 11:00,{},14.11,2258,14.11,14.04,14.1,2.4619999999999997,1291.0
2018-12-25 11:05,{},14.12,2258,14.12,14.06,14.11,1.6782,880.0
2018-12-25 11:10,{},14.12,2258,14.13,14.07,14.07,1.7945,941.0
2018-12-25 11:15,{},14.12,2258,14.16,14.1,14.12,2.2446,1177.0
2018-12-25 11:20,{},14.14,2258,14.16,14.11,14.12,1.4799,776.0
2018-12-25 11:25,{},14.18,2258,14.18,14.12,14.14,2.2236,1166.0
2018-12-25 11:30,{},14.16,2258,14.18,14.1,14.18,1.6057,842.0
2018-12-25 13:05,{},14.15,2258,14.16,14.12,14.16,1.8899,991.0
2018-12-25 13:10,{},14.19,2258,14.19,14.14,14.15,2.5364,1330.0
2018-12-25 13:15,{},14.19,2258,14.22,14.18,14.19,2.4868,1304.0
2018-12-25 13:20,{},14.22,2258,14.28,14.21,14.22,2.7423,1438.0
2018-12-25 13:25,{},14.26,2258,14.26,14.22,14.22,1.5886,833.0
2018-12-25 13:30,{},14.24,2258,14.26,14.21,14.25,1.2949,679.0
2018-12-25 13:35,{},14.25,2258,14.26,14.21,14.24,2.0424,1071.0
2018-12-25 13:40,{},14.32,2258,14.34,14.24,14.25,4.0258,2111.0
2018-12-25 13:45,{},14.24,2258,14.33,14.2,14.32,1.7125,898.0
2018-12-25 13:50,{},14.2,2258,14.24,14.18,14.24,2.0157,1057.0
2018-12-25 13:55,{},14.27,2258,14.29,14.2,14.2,1.1499,603.0
2018-12-25 14:00,{},14.2,2258,14.27,14.2,14.27,0.9192,482.0
2018-12-25 14:05,{},14.26,2258,14.27,14.2,14.2,1.8822,987.0
2018-12-25 14:10,{},14.25,2258,14.26,14.2,14.26,2.3666,1241.0
2018-12-25 14:15,{},14.26,2258,14.29,14.25,14.25,1.5142,794.0
2018-12-25 14:20,{},14.2,2258,14.26,14.2,14.26,2.9063,1524.0
2018-12-25 14:25,{},14.21,2258,14.23,14.2,14.21,2.3151,1214.0
2018-12-25 14:30,{},14.22,2258,14.22,14.21,14.21,1.3502,708.0
2018-12-25 14:35,{},14.22,2258,14.23,14.2,14.22,1.0393,545.0
2018-12-25 14:40,{},14.25,2258,14.25,14.21,14.23,1.1843,621.0
2018-12-25 14:45,{},14.22,2258,14.28,14.21,14.25,2.338,1226.0
2018-12-25 14:50,{},14.21,2258,14.24,14.2,14.22,1.9948,1046.0
2018-12-25 14:55,{},14.21,2258,14.22,14.19,14.21,1.314,689.0
2018-12-25 15:00,{},14.24,2258,14.24,14.21,14.21,2.3685,1242.0
2018-12-26 09:35,{},14.21,2258,14.23,14.12,14.12,3.027,1584.0
2018-12-26 09:35,{},14.21,2258,14.23,14.12,14.12,3.0269999999999997,1584.0
2018-12-26 09:40,{},14.32,2258,14.32,14.2,14.21,1.8192,952.0
2018-12-26 09:45,{},14.27,2258,14.34,14.27,14.32,2.7728,1451.0
2018-12-26 09:50,{},14.2,2258,14.32,14.18,14.27,3.5639999999999996,1865.0
2018-12-26 09:50,{},14.2,2258,14.32,14.18,14.27,3.564,1865.0
2018-12-26 09:55,{},14.22,2258,14.23,14.19,14.19,1.3243,693.0
2018-12-26 10:00,{},14.2,2258,14.23,14.19,14.22,1.6014,838.0
2018-12-26 10:05,{},14.15,2258,14.2,14.15,14.2,2.6524,1388.0
2018-12-26 10:10,{},14.14,2258,14.2,14.13,14.15,1.4695,769.0
2018-12-26 10:15,{},14.16,2258,14.23,14.14,14.14,1.2364,647.0
2018-12-26 10:20,{},14.19,2258,14.21,14.15,14.16,1.3549,709.0
2018-12-26 10:25,{},14.19,2258,14.23,14.18,14.19,1.0759,563.0
2018-12-26 10:30,{},14.15,2258,14.2,14.14,14.19,1.7084,894.0
2018-12-26 10:35,{},14.13,2258,14.19,14.12,14.14,4.0207,2104.0
2018-12-26 10:40,{},14.05,2258,14.13,14.02,14.13,3.885,2033.0
2018-12-26 10:45,{},14.05,2258,14.1,14.02,14.05,2.2779,1192.0
2018-12-26 10:50,{},14.04,2258,14.09,14.03,14.05,2.0008,1047.0
2018-12-26 10:55,{},14.09,2258,14.1,14.03,14.04,2.5894,1355.0
2018-12-26 11:00,{},14.06,2258,14.11,14.04,14.09,1.9377,1014.0
2018-12-26 11:05,{},14.04,2258,14.1,14.03,14.06,2.3046,1206.0
2018-12-26 11:10,{},14.02,2258,14.07,14.01,14.04,2.3773,1244.0
2018-12-26 11:15,{},14.02,2258,14.07,14.01,14.02,2.146,1123.0
2018-12-26 11:20,{},14.06,2258,14.07,14.01,14.02,1.2517,655.0
2018-12-26 11:25,{},14.03,2258,14.07,14.03,14.06,1.2956,678.0
2018-12-26 11:30,{},14.05,2258,14.08,14.03,14.03,0.7931,415.0
2018-12-26 13:05,{},14.05,2258,14.09,14.04,14.05,1.7677,925.0
2018-12-26 13:10,{},14.01,2258,14.09,14.01,14.05,1.6836,881.0
2018-12-26 13:15,{},13.98,2258,14.04,13.98,14.01,2.7039999999999997,1415.0
2018-12-26 13:15,{},13.98,2258,14.04,13.98,14.01,2.704,1415.0
2018-12-26 13:20,{},13.95,2258,14.0,13.93,13.98,2.1135,1106.0
2018-12-26 13:25,{},13.86,2258,14.0,13.86,13.95,4.7908,2507.0
2018-12-26 13:30,{},13.92,2258,13.96,13.85,13.86,1.3434,703.0
2018-12-26 13:35,{},13.91,2258,13.96,13.91,13.92,0.7969,417.0
2018-12-26 13:40,{},13.92,2258,13.94,13.91,13.91,0.7223,378.0
2018-12-26 13:45,{},13.95,2258,13.96,13.9,13.92,1.0243,536.0
2018-12-26 13:50,{},13.93,2258,13.97,13.91,13.95,0.5484,287.0
2018-12-26 13:55,{},13.93,2258,13.95,13.91,13.94,1.009,528.0
2018-12-26 13:55,{},13.93,2258,13.95,13.91,13.94,1.0090000000000001,528.0
2018-12-26 14:00,{},13.95,2258,14.0,13.92,13.93,1.1428,598.0
2018-12-26 14:05,{},13.99,2258,14.04,13.94,13.95,1.181,618.0
2018-12-26 14:10,{},13.97,2258,14.0,13.95,13.99,3.2467,1699.0
2018-12-26 14:15,{},13.95,2258,13.98,13.93,13.97,1.5766,825.0
2018-12-26 14:20,{},13.93,2258,13.99,13.93,13.95,1.4275,747.0
2018-12-26 14:25,{},13.94,2258,13.96,13.92,13.92,0.795,416.0
2018-12-26 14:30,{},13.93,2258,13.97,13.92,13.94,1.1313,592.0
2018-12-26 14:35,{},13.88,2258,13.96,13.88,13.93,2.8397,1486.0
2018-12-26 14:40,{},13.9,2258,13.93,13.88,13.88,0.9956,521.0
2018-12-26 14:45,{},13.95,2258,13.95,13.89,13.9,0.988,517.0
2018-12-26 14:50,{},13.92,2258,13.96,13.9,13.95,2.4403,1277.0
2018-12-26 14:55,{},13.92,2258,13.93,13.9,13.92,1.6893,884.0
2018-12-26 15:00,{},13.91,2258,13.93,13.91,13.92,1.1944,625.0
2018-12-27 09:35,{},13.99,2258,14.18,13.99,14.14,7.147,3740.0
2018-12-27 09:40,{},13.98,2258,14.04,13.97,13.99,3.8124,1995.0
2018-12-27 09:45,{},13.98,2258,13.99,13.96,13.98,2.7098,1418.0
2018-12-27 09:50,{},13.97,2258,13.99,13.95,13.98,2.469,1292.0
2018-12-27 09:55,{},13.92,2258,13.98,13.91,13.97,4.2252,2211.0
2018-12-27 10:00,{},13.97,2258,13.99,13.92,13.92,2.0027,1048.0
2018-12-27 10:05,{},13.93,2258,13.98,13.92,13.97,1.6243,850.0
2018-12-27 10:10,{},13.99,2258,13.99,13.93,13.93,1.2861,673.0
2018-12-27 10:15,{},13.96,2258,14.0,13.95,13.99,1.1924,624.0
2018-12-27 10:20,{},13.97,2258,13.99,13.93,13.96,1.3721,718.0
2018-12-27 10:25,{},13.96,2258,13.97,13.92,13.97,0.7682,402.0
2018-12-27 10:30,{},13.94,2258,13.96,13.91,13.96,4.0742,2132.0
2018-12-27 10:35,{},13.91,2258,13.96,13.91,13.94,0.8351,437.0
2018-12-27 10:40,{},13.93,2258,13.96,13.91,13.91,1.0797,565.0
2018-12-27 10:45,{},13.89,2258,13.95,13.89,13.93,2.0275,1061.0
2018-12-27 10:50,{},13.91,2258,13.95,13.87,13.89,1.2918,676.0
2018-12-27 10:55,{},13.86,2258,13.91,13.86,13.91,1.0912,571.0
2018-12-27 11:00,{},13.89,2258,13.9,13.86,13.86,1.3033,682.0
2018-12-27 11:05,{},13.87,2258,13.91,13.86,13.89,1.1045,578.0
2018-12-27 11:10,{},13.9,2258,13.94,13.86,13.87,2.0046,1049.0
2018-12-27 11:15,{},13.91,2258,13.93,13.88,13.9,1.3644,714.0
2018-12-27 11:20,{},13.89,2258,13.95,13.89,13.91,1.1905,623.0
2018-12-27 11:25,{},13.95,2258,13.95,13.89,13.89,1.5976,836.0
2018-12-27 11:30,{},13.95,2258,13.95,13.92,13.95,1.5995,837.0
2018-12-27 13:05,{},13.97,2258,13.98,13.93,13.95,2.8263,1479.0
2018-12-27 13:10,{},13.94,2258,13.97,13.92,13.97,1.3415,702.0
2018-12-27 13:15,{},13.94,2258,13.95,13.91,13.94,1.2593,659.0
2018-12-27 13:20,{},13.88,2258,13.94,13.87,13.94,1.0873,569.0
2018-12-27 13:25,{},13.87,2258,13.9,13.87,13.87,1.0071,527.0
2018-12-27 13:30,{},13.8,2258,13.89,13.8,13.87,2.7747,1452.0
2018-12-27 13:35,{},13.76,2258,13.82,13.76,13.82,2.3276,1218.0
2018-12-27 13:40,{},13.76,2258,13.76,13.73,13.76,2.1154,1107.0
2018-12-27 13:45,{},13.79,2258,13.79,13.75,13.76,1.8116,948.0
2018-12-27 13:50,{},13.75,2258,13.79,13.75,13.79,1.3339,698.0
2018-12-27 13:55,{},13.66,2258,13.75,13.65,13.75,3.306,1730.0
2018-12-27 14:00,{},13.63,2258,13.69,13.62,13.66,3.9041,2043.0
2018-12-27 14:05,{},13.68,2258,13.68,13.62,13.63,1.9931,1043.0
2018-12-27 14:10,{},13.67,2258,13.72,13.66,13.68,1.2918,676.0
2018-12-27 14:15,{},13.64,2258,13.67,13.63,13.67,1.3109,686.0
2018-12-27 14:20,{},13.67,2258,13.7,13.64,13.65,1.3415,702.0
2018-12-27 14:25,{},13.64,2258,13.69,13.64,13.67,1.4543,761.0
2018-12-27 14:30,{},13.6,2258,13.65,13.6,13.64,3.65,1910.0
2018-12-27 14:35,{},13.63,2258,13.63,13.55,13.6,2.641,1382.0
2018-12-27 14:40,{},13.7,2258,13.7,13.63,13.63,2.4327,1273.0
2018-12-27 14:45,{},13.69,2258,13.72,13.64,13.69,1.244,651.0
2018-12-27 14:50,{},13.62,2258,13.7,13.6,13.69,1.5918,833.0
2018-12-27 14:55,{},13.61,2258,13.64,13.59,13.62,2.4843,1300.0
2018-12-27 15:00,{},13.6,2258,13.62,13.6,13.61,1.6759,877.0
2018-12-28 09:35,{},13.75,2258,13.76,13.61,13.63,5.9278,3102.0
2018-12-28 09:40,{},13.72,2258,13.8,13.69,13.77,3.6767,1924.0
2018-12-28 09:45,{},13.71,2258,13.75,13.7,13.72,2.0715,1084.0
2018-12-28 09:50,{},13.65,2258,13.72,13.62,13.71,2.2969999999999997,1202.0
2018-12-28 09:50,{},13.65,2258,13.72,13.62,13.71,2.297,1202.0
2018-12-28 09:55,{},13.69,2258,13.69,13.63,13.65,2.2034,1153.0
2018-12-28 10:00,{},13.67,2258,13.74,13.67,13.7,1.4791,774.0
2018-12-28 10:05,{},13.72,2258,13.72,13.66,13.67,0.9822,514.0
2018-12-28 10:10,{},13.68,2258,13.72,13.66,13.72,1.6606,869.0
2018-12-28 10:15,{},13.65,2258,13.68,13.65,13.68,1.4007,733.0
2018-12-28 10:20,{},13.64,2258,13.68,13.64,13.65,0.9746,510.0
2018-12-28 10:25,{},13.66,2258,13.72,13.64,13.64,1.7581,920.0
2018-12-28 10:30,{},13.69,2258,13.69,13.64,13.65,2.7575,1443.0
2018-12-28 10:35,{},13.65,2258,13.71,13.65,13.69,1.2268,642.0
2018-12-28 10:40,{},13.6,2258,13.65,13.6,13.65,2.7652,1447.0
2018-12-28 10:45,{},13.54,2258,13.6,13.52,13.6,3.3557,1756.0
2018-12-28 10:50,{},13.47,2258,13.54,13.45,13.54,4.1793,2187.0
2018-12-28 10:55,{},13.48,2258,13.51,13.46,13.47,2.7212,1424.0
2018-12-28 11:00,{},13.47,2258,13.49,13.45,13.48,4.3341,2268.0
2018-12-28 11:05,{},13.47,2258,13.5,13.46,13.47,5.7692,3019.0
2018-12-28 11:10,{},13.4,2258,13.49,13.39,13.47,4.7679,2495.0
2018-12-28 11:15,{},13.29,2258,13.42,13.29,13.4,5.5571,2908.0
2018-12-28 11:20,{},13.28,2258,13.38,13.28,13.28,2.5244,1321.0
2018-12-28 11:25,{},13.26,2258,13.3,13.23,13.28,2.404,1258.0
2018-12-28 11:30,{},13.14,2258,13.26,13.11,13.26,4.1334,2163.0
2018-12-28 13:05,{},13.22,2258,13.23,13.14,13.14,5.6679999999999975,2966.0
2018-12-28 13:10,{},13.25,2258,13.3,13.21,13.22,1.8403,963.0
2018-12-28 13:15,{},13.32,2258,13.35,13.25,13.25,2.6811,1403.0
2018-12-28 13:20,{},13.3,2258,13.38,13.3,13.32,2.19,1146.0
2018-12-28 13:25,{},13.27,2258,13.3,13.25,13.3,0.965,505.0
2018-12-28 13:30,{},13.27,2258,13.28,13.21,13.27,1.9072,998.0
2018-12-28 13:35,{},13.31,2258,13.35,13.27,13.27,3.0633,1603.0
2018-12-28 13:40,{},13.29,2258,13.33,13.28,13.31,3.2678,1710.0
2018-12-28 13:45,{},13.28,2258,13.29,13.26,13.29,1.8728,980.0
2018-12-28 13:50,{},13.2,2258,13.28,13.2,13.28,1.6396,858.0
2018-12-28 13:55,{},13.23,2258,13.23,13.2,13.2,1.4906,780.0
2018-12-28 14:00,{},13.2,2258,13.23,13.18,13.23,3.455,1808.0
2018-12-28 14:05,{},13.23,2258,13.25,13.2,13.2,3.3671,1762.0
2018-12-28 14:10,{},13.19,2258,13.23,13.18,13.23,2.2588,1182.0
2018-12-28 14:15,{},13.18,2258,13.19,13.16,13.19,3.0289,1585.0
2018-12-28 14:20,{},13.17,2258,13.18,13.16,13.18,1.4007,733.0
2018-12-28 14:25,{},13.17,2258,13.19,13.15,13.17,3.0327,1587.0
2018-12-28 14:30,{},13.16,2258,13.18,13.15,13.17,3.2181,1684.0
2018-12-28 14:35,{},13.19,2258,13.19,13.16,13.16,1.9339,1012.0
2018-12-28 14:40,{},13.14,2258,13.19,13.13,13.19,4.5462,2379.0
2018-12-28 14:45,{},13.08,2258,13.16,13.06,13.14,10.4741,5481.0
2018-12-28 14:50,{},13.07,2258,13.09,13.03,13.07,5.71,2988.0
2018-12-28 14:55,{},13.16,2258,13.18,13.07,13.07,3.0499,1596.0
2018-12-28 15:00,{},13.14,2258,13.16,13.13,13.16,1.2746,667.0
2019-01-02 09:35,{},13.3,2258,13.35,13.25,13.28,11.9417,6249.0
2019-01-02 09:40,{},13.27,2258,13.31,13.25,13.3,4.8042,2514.0
2019-01-02 09:45,{},13.32,2258,13.36,13.26,13.27,4.2519,2225.0
2019-01-02 09:50,{},13.45,2258,13.45,13.3,13.32,6.7496,3532.0
2019-01-02 09:55,{},13.36,2258,13.44,13.36,13.44,4.6055,2410.0
2019-01-02 10:00,{},13.39,2258,13.4,13.35,13.36,2.2473,1176.0
2019-01-02 10:05,{},13.43,2258,13.48,13.39,13.39,5.8151,3043.0
2019-01-02 10:10,{},13.41,2258,13.43,13.39,13.43,1.8536,970.0
2019-01-02 10:15,{},13.39,2258,13.41,13.38,13.41,2.7136,1420.0
2019-01-02 10:20,{},13.41,2258,13.41,13.38,13.39,3.3022,1728.0
2019-01-02 10:25,{},13.44,2258,13.47,13.41,13.41,2.5473,1333.0
2019-01-02 10:30,{},13.42,2258,13.45,13.42,13.43,2.2779,1192.0
2019-01-02 10:35,{},13.41,2258,13.43,13.4,13.42,2.0371,1066.0
2019-01-02 10:40,{},13.4,2258,13.42,13.39,13.41,1.7982,941.0
2019-01-02 10:45,{},13.42,2258,13.45,13.39,13.4,10.1033,5287.0
2019-01-02 10:50,{},13.43,2258,13.44,13.41,13.42,1.611,843.0
2019-01-02 10:55,{},13.42,2258,13.44,13.37,13.43,1.9454,1018.0
2019-01-02 11:00,{},13.38,2258,13.42,13.38,13.42,1.7734,928.0
2019-01-02 11:05,{},13.39,2258,13.39,13.37,13.38,1.2861,673.0
2019-01-02 11:10,{},13.39,2258,13.41,13.38,13.39,1.8651,976.0
2019-01-02 11:15,{},13.39,2258,13.41,13.38,13.39,2.7633,1446.0
2019-01-02 11:20,{},13.39,2258,13.41,13.37,13.39,2.7251,1426.0
2019-01-02 11:25,{},13.4,2258,13.41,13.39,13.4,2.6199,1371.0
2019-01-02 11:30,{},13.4,2258,13.42,13.39,13.4,2.3027,1205.0
2019-01-02 13:05,{},13.47,2258,13.47,13.4,13.4,8.156,4268.0
2019-01-02 13:10,{},13.47,2258,13.48,13.43,13.46,2.3811,1246.0
2019-01-02 13:15,{},13.47,2258,13.48,13.45,13.47,2.1097,1104.0
2019-01-02 13:20,{},13.45,2258,13.47,13.4,13.47,3.7168,1945.0
2019-01-02 13:25,{},13.44,2258,13.45,13.43,13.45,1.0529,551.0
2019-01-02 13:30,{},13.46,2258,13.46,13.43,13.44,1.4715,770.0
2019-01-02 13:35,{},13.45,2258,13.46,13.42,13.46,2.4021,1257.0
2019-01-02 13:40,{},13.47,2258,13.48,13.45,13.45,3.2754,1714.0
2019-01-02 13:45,{},13.45,2258,13.47,13.45,13.47,1.1982,627.0
2019-01-02 13:50,{},13.45,2258,13.47,13.44,13.45,0.9498,497.0
2019-01-02 13:55,{},13.45,2258,13.46,13.44,13.45,1.3453,704.0
2019-01-02 14:00,{},13.46,2258,13.46,13.44,13.45,1.4619,765.0
2019-01-02 14:05,{},13.46,2258,13.46,13.43,13.46,2.9028,1519.0
2019-01-02 14:10,{},13.47,2258,13.47,13.45,13.47,2.9619999999999997,1550.0
2019-01-02 14:15,{},13.46,2258,13.47,13.46,13.47,1.4734,771.0
2019-01-02 14:20,{},13.47,2258,13.47,13.46,13.47,1.9014,995.0
2019-01-02 14:25,{},13.43,2258,13.47,13.42,13.47,2.511,1314.0
2019-01-02 14:30,{},13.49,2258,13.49,13.41,13.43,5.0029,2618.0
2019-01-02 14:35,{},13.49,2258,13.49,13.46,13.49,2.6830000000000003,1404.0
2019-01-02 14:40,{},13.48,2258,13.49,13.47,13.49,2.5512,1335.0
2019-01-02 14:45,{},13.47,2258,13.48,13.44,13.48,3.199,1674.0
2019-01-02 14:50,{},13.47,2258,13.48,13.44,13.47,2.6142,1368.0
2019-01-02 14:55,{},13.48,2258,13.5,13.47,13.47,5.6527,2958.0
2019-01-02 15:00,{},13.49,2258,13.49,13.48,13.48,1.03,539.0
2019-01-03 09:35,{},13.23,2258,13.51,13.22,13.51,11.4028,5967.0
2019-01-03 09:40,{},13.25,2258,13.29,13.23,13.23,2.9582,1548.0
2019-01-03 09:45,{},13.25,2258,13.28,13.25,13.25,1.3033,682.0
2019-01-03 09:50,{},13.32,2258,13.35,13.25,13.25,1.9167,1003.0
2019-01-03 09:55,{},13.35,2258,13.37,13.31,13.32,1.7944,939.0
2019-01-03 10:00,{},13.36,2258,13.39,13.34,13.35,1.8995,994.0
2019-01-03 10:05,{},13.36,2258,13.39,13.35,13.36,3.5391,1852.0
2019-01-03 10:10,{},13.33,2258,13.36,13.31,13.36,1.8154,950.0
2019-01-03 10:15,{},13.29,2258,13.34,13.29,13.33,2.4671,1291.0
2019-01-03 10:20,{},13.26,2258,13.29,13.26,13.29,1.9779,1035.0
2019-01-03 10:25,{},13.22,2258,13.27,13.21,13.26,3.8525,2016.0
2019-01-03 10:30,{},13.21,2258,13.24,13.2,13.22,2.167,1134.0
2019-01-03 10:35,{},13.18,2258,13.2,13.17,13.2,2.6085,1365.0
2019-01-03 10:40,{},13.17,2258,13.19,13.14,13.18,2.6505,1387.0
2019-01-03 10:45,{},13.1,2258,13.17,13.1,13.17,4.4411,2324.0
2019-01-03 10:50,{},13.11,2258,13.12,13.09,13.1,2.3925,1252.0
2019-01-03 10:55,{},13.07,2258,13.12,13.07,13.11,3.3767,1767.0
2019-01-03 11:00,{},13.02,2258,13.08,13.0,13.07,5.5609,2910.0
2019-01-03 11:05,{},12.92,2258,13.04,12.89,13.01,7.7203,4040.0
2019-01-03 11:10,{},12.93,2258,12.95,12.91,12.92,4.2271,2212.0
2019-01-03 11:15,{},13.0,2258,13.0,12.93,12.93,3.8621,2021.0
2019-01-03 11:20,{},12.87,2258,13.0,12.86,13.0,3.7092,1941.0
2019-01-03 11:25,{},12.88,2258,12.9,12.82,12.87,4.8233,2524.0
2019-01-03 11:30,{},12.82,2258,12.88,12.82,12.88,3.95,2067.0
2019-01-03 13:05,{},12.81,2258,12.88,12.81,12.82,6.8852,3603.0
2019-01-03 13:10,{},12.82,2258,12.85,12.77,12.81,5.2819,2764.0
2019-01-03 13:15,{},12.79,2258,12.83,12.78,12.82,2.3352,1222.0
2019-01-03 13:20,{},12.79,2258,12.84,12.78,12.8,2.8244,1478.0
2019-01-03 13:25,{},12.7,2258,12.8,12.68,12.79,5.6011,2931.0
2019-01-03 13:30,{},12.79,2258,12.85,12.67,12.7,3.7455,1960.0
2019-01-03 13:35,{},12.75,2258,12.82,12.75,12.78,2.3257,1217.0
2019-01-03 13:40,{},12.78,2258,12.8,12.75,12.75,2.4996,1308.0
2019-01-03 13:45,{},12.74,2258,12.8,12.74,12.78,2.1498,1125.0
2019-01-03 13:50,{},12.74,2258,12.75,12.72,12.74,2.2836,1195.0
2019-01-03 13:55,{},12.8,2258,12.81,12.73,12.74,2.1518,1126.0
2019-01-03 14:00,{},12.79,2258,12.84,12.77,12.8,2.5416,1330.0
2019-01-03 14:05,{},12.74,2258,12.78,12.73,12.77,2.5512,1335.0
2019-01-03 14:10,{},12.65,2258,12.76,12.65,12.74,5.6508,2957.0
2019-01-03 14:15,{},12.65,2258,12.66,12.61,12.65,3.6576,1914.0
2019-01-03 14:20,{},12.63,2258,12.66,12.62,12.66,3.1359,1641.0
2019-01-03 14:25,{},12.53,2258,12.63,12.52,12.63,5.3660000000000005,2808.0
2019-01-03 14:30,{},12.6,2258,12.63,12.54,12.55,3.9462,2065.0
2019-01-03 14:35,{},12.58,2258,12.6,12.56,12.6,3.7188,1946.0
2019-01-03 14:40,{},12.57,2258,12.59,12.57,12.58,5.345,2797.0
2019-01-03 14:45,{},12.54,2258,12.56,12.53,12.56,2.8722,1503.0
2019-01-03 14:50,{},12.65,2258,12.66,12.54,12.54,2.7919,1461.0
2019-01-03 14:55,{},12.6,2258,12.66,12.54,12.65,6.9407,3632.0
2019-01-03 15:00,{},12.65,2258,12.66,12.61,12.61,2.4976,1307.0
2019-01-04 09:35,{},12.39,2258,12.55,12.21,12.55,10.8371,5671.0
2019-01-04 09:40,{},12.43,2258,12.48,12.36,12.37,4.6226,2419.0
2019-01-04 09:45,{},12.49,2258,12.5,12.41,12.43,3.4130000000000003,1786.0
2019-01-04 09:50,{},12.62,2258,12.64,12.49,12.49,2.8493,1491.0
2019-01-04 09:55,{},12.67,2258,12.7,12.62,12.62,4.3169,2259.0
2019-01-04 10:00,{},12.63,2258,12.67,12.6,12.67,3.2028,1676.0
2019-01-04 10:05,{},12.65,2258,12.66,12.62,12.63,1.439,753.0
2019-01-04 10:10,{},12.58,2258,12.66,12.57,12.66,2.6238,1373.0
2019-01-04 10:15,{},12.54,2258,12.6,12.54,12.58,3.1149,1630.0
2019-01-04 10:20,{},12.54,2258,12.57,12.51,12.52,1.4809999999999999,775.0
2019-01-04 10:25,{},12.55,2258,12.57,12.52,12.54,1.7275,904.0
2019-01-04 10:30,{},12.62,2258,12.62,12.55,12.55,1.5785,826.0
2019-01-04 10:35,{},12.65,2258,12.68,12.62,12.62,3.3289,1742.0
2019-01-04 10:40,{},12.66,2258,12.68,12.62,12.65,3.3385,1747.0
2019-01-04 10:45,{},12.72,2258,12.73,12.66,12.66,2.6792,1402.0
2019-01-04 10:50,{},12.7,2258,12.74,12.69,12.72,3.1206,1633.0
2019-01-04 10:55,{},12.7,2258,12.72,12.69,12.7,2.4671,1291.0
2019-01-04 11:00,{},12.77,2258,12.79,12.7,12.7,5.6794,2972.0
2019-01-04 11:05,{},12.8,2258,12.8,12.77,12.77,2.1078,1103.0
2019-01-04 11:10,{},12.8,2258,12.8,12.77,12.8,5.7463,3007.0
2019-01-04 11:15,{},12.77,2258,12.8,12.73,12.8,3.2238,1687.0
2019-01-04 11:20,{},12.76,2258,12.78,12.76,12.77,3.0748,1609.0
2019-01-04 11:25,{},12.79,2258,12.79,12.74,12.76,3.6710000000000003,1921.0
2019-01-04 11:30,{},12.84,2258,12.84,12.77,12.77,3.6175,1893.0
2019-01-04 13:05,{},12.85,2258,12.88,12.84,12.84,5.6259,2944.0
2019-01-04 13:10,{},12.86,2258,12.86,12.84,12.85,2.125,1112.0
2019-01-04 13:15,{},12.83,2258,12.85,12.8,12.85,2.5894,1355.0
2019-01-04 13:20,{},12.82,2258,12.84,12.79,12.83,2.8913,1513.0
2019-01-04 13:25,{},12.84,2258,12.85,12.8,12.81,3.7207,1947.0
2019-01-04 13:30,{},12.72,2258,12.83,12.7,12.82,5.1157,2677.0
2019-01-04 13:35,{},12.8,2258,12.82,12.71,12.72,5.9814,3130.0
2019-01-04 13:40,{},12.74,2258,12.83,12.68,12.8,10.1091,5290.0
2019-01-04 13:45,{},12.78,2258,12.82,12.74,12.74,4.9743,2603.0
2019-01-04 13:50,{},12.77,2258,12.81,12.7,12.78,9.1555,4791.0
2019-01-04 13:55,{},12.79,2258,12.8,12.69,12.77,5.7979,3034.0
2019-01-04 14:00,{},12.8,2258,12.8,12.67,12.79,7.6248,3990.0
2019-01-04 14:05,{},12.8,2258,12.81,12.69,12.8,7.4452,3896.0
2019-01-04 14:10,{},12.78,2258,12.8,12.74,12.8,5.4998,2878.0
2019-01-04 14:15,{},12.85,2258,12.89,12.76,12.78,5.4539,2854.0
2019-01-04 14:20,{},12.92,2258,12.96,12.85,12.89,5.3374,2793.0
2019-01-04 14:25,{},12.95,2258,12.97,12.92,12.92,5.7043,2985.0
2019-01-04 14:30,{},12.96,2258,12.97,12.92,12.95,5.0068,2620.0
2019-01-04 14:35,{},12.93,2258,12.98,12.92,12.96,4.657,2437.0
2019-01-04 14:40,{},12.94,2258,12.99,12.93,12.96,3.3347,1745.0
2019-01-04 14:45,{},12.95,2258,12.98,12.93,12.94,2.2319999999999998,1168.0
2019-01-04 14:50,{},12.96,2258,12.99,12.92,12.95,4.5443,2378.0
2019-01-04 14:55,{},12.95,2258,12.96,12.93,12.96,1.5746,824.0
2019-01-04 15:00,{},12.95,2258,12.96,12.95,12.95,2.0103,1052.0
2019-01-07 09:35,{},13.13,2258,13.17,13.05,13.11,14.2559,7460.0
2019-01-07 09:40,{},13.1,2258,13.13,13.07,13.13,4.336,2269.0
2019-01-07 09:45,{},13.08,2258,13.1,13.07,13.1,2.2244,1164.0
2019-01-07 09:50,{},13.06,2258,13.1,13.05,13.08,3.2085,1679.0
2019-01-07 09:55,{},12.99,2258,13.06,12.98,13.06,3.3155,1735.0
2019-01-07 10:00,{},13.07,2258,13.09,12.99,12.99,2.6677,1396.0
2019-01-07 10:05,{},13.1,2258,13.11,13.07,13.07,2.06,1078.0
2019-01-07 10:10,{},13.12,2258,13.12,13.1,13.1,1.2746,667.0
2019-01-07 10:15,{},13.09,2258,13.13,13.09,13.12,2.2702,1188.0
2019-01-07 10:20,{},13.09,2258,13.1,13.05,13.08,1.7619,922.0
2019-01-07 10:25,{},13.06,2258,13.09,13.05,13.09,1.7008,890.0
2019-01-07 10:30,{},13.08,2258,13.08,13.06,13.06,1.2249,641.0
2019-01-07 10:35,{},13.09,2258,13.09,13.06,13.08,1.1026,577.0
2019-01-07 10:40,{},13.09,2258,13.1,13.07,13.09,2.8454,1489.0
2019-01-07 10:45,{},13.1,2258,13.13,13.09,13.09,1.7677,925.0
2019-01-07 10:50,{},13.1,2258,13.15,13.09,13.12,3.9194,2051.0
2019-01-07 10:55,{},13.13,2258,13.14,13.08,13.1,1.9683,1030.0
2019-01-07 11:00,{},13.13,2258,13.15,13.08,13.13,1.997,1045.0
2019-01-07 11:00,{},13.13,2258,13.15,13.08,13.13,1.9969999999999999,1045.0
2019-01-07 11:05,{},13.09,2258,13.15,13.09,13.13,1.4543,761.0
2019-01-07 11:10,{},13.11,2258,13.11,13.09,13.09,2.511,1314.0
2019-01-07 11:15,{},13.1,2258,13.14,13.1,13.11,1.7428,912.0
2019-01-07 11:20,{},13.13,2258,13.15,13.1,13.1,0.9268,485.0
2019-01-07 11:25,{},13.14,2258,13.15,13.12,13.13,1.6492,863.0
2019-01-07 11:30,{},13.14,2258,13.16,13.13,13.14,3.1875,1668.0
2019-01-07 13:05,{},13.13,2258,13.16,13.13,13.14,1.9263,1008.0
2019-01-07 13:10,{},13.13,2258,13.14,13.12,13.13,1.2326,645.0
2019-01-07 13:15,{},13.17,2258,13.17,13.12,13.13,1.4772,773.0
2019-01-07 13:20,{},13.15,2258,13.17,13.12,13.17,1.3128,687.0
2019-01-07 13:25,{},13.16,2258,13.17,13.14,13.15,1.7275,904.0
2019-01-07 13:30,{},13.13,2258,13.16,13.13,13.16,1.3415,702.0
2019-01-07 13:35,{},13.12,2258,13.15,13.1,13.13,4.078,2134.0
2019-01-07 13:40,{},13.1,2258,13.12,13.09,13.12,1.1733,614.0
2019-01-07 13:45,{},13.12,2258,13.12,13.09,13.1,1.6071,841.0
2019-01-07 13:50,{},13.12,2258,13.12,13.1,13.12,2.0543,1075.0
2019-01-07 13:55,{},13.12,2258,13.12,13.1,13.12,1.2383,648.0
2019-01-07 14:00,{},13.08,2258,13.12,13.08,13.12,2.6907,1408.0
2019-01-07 14:05,{},13.1,2258,13.1,13.08,13.1,1.5957,835.0
2019-01-07 14:10,{},13.09,2258,13.1,13.08,13.1,1.9358,1013.0
2019-01-07 14:15,{},13.09,2258,13.1,13.08,13.09,1.5976,836.0
2019-01-07 14:20,{},13.09,2258,13.12,13.09,13.1,2.0619,1079.0
2019-01-07 14:25,{},13.1,2258,13.11,13.09,13.09,2.9907,1565.0
2019-01-07 14:30,{},13.13,2258,13.13,13.09,13.1,1.525,798.0
2019-01-07 14:35,{},13.12,2258,13.13,13.11,13.13,1.0052,526.0
2019-01-07 14:40,{},13.12,2258,13.13,13.11,13.12,0.537,281.0
2019-01-07 14:45,{},13.14,2258,13.14,13.12,13.12,1.4466,757.0
2019-01-07 14:50,{},13.15,2258,13.15,13.13,13.14,1.5689,821.0
2019-01-07 14:55,{},13.14,2258,13.15,13.13,13.15,1.7122,896.0
2019-01-07 15:00,{},13.13,2258,13.15,13.13,13.14,1.2211,639.0
2019-01-08 09:35,{},13.04,2258,13.13,13.02,13.13,3.1799,1664.0
2019-01-08 09:40,{},13.03,2258,13.07,13.03,13.04,2.3276,1218.0
2019-01-08 09:45,{},13.05,2258,13.08,12.98,13.03,3.7245,1949.0
2019-01-08 09:50,{},13.05,2258,13.07,13.01,13.02,1.5154,793.0
2019-01-08 09:55,{},13.1,2258,13.1,13.02,13.05,1.1695,612.0
2019-01-08 10:00,{},13.08,2258,13.12,13.08,13.09,1.3071,684.0
2019-01-08 10:05,{},13.13,2258,13.13,13.08,13.08,0.8141,426.0
2019-01-08 10:10,{},13.17,2258,13.17,13.1,13.11,2.8435,1488.0
2019-01-08 10:15,{},13.17,2258,13.18,13.14,13.16,1.6931,886.0
2019-01-08 10:20,{},13.22,2258,13.23,13.17,13.17,2.6505,1387.0
2019-01-08 10:25,{},13.26,2258,13.26,13.21,13.22,2.3218,1215.0
2019-01-08 10:30,{},13.23,2258,13.26,13.22,13.26,1.8957,992.0
2019-01-08 10:35,{},13.17,2258,13.25,13.16,13.23,1.7485,915.0
2019-01-08 10:40,{},13.2,2258,13.23,13.16,13.17,1.0701,560.0
2019-01-08 10:45,{},13.2,2258,13.21,13.17,13.2,0.5542,290.0
2019-01-08 10:50,{},13.19,2258,13.23,13.19,13.2,0.8275,433.0
2019-01-08 10:55,{},13.2,2258,13.21,13.18,13.19,0.6859999999999999,359.0
2019-01-08 11:00,{},13.21,2258,13.21,13.17,13.2,0.4242,222.0
2019-01-08 11:05,{},13.17,2258,13.21,13.16,13.21,0.258,135.0
2019-01-08 11:10,{},13.16,2258,13.18,13.14,13.17,0.8752,458.0
2019-01-08 11:15,{},13.13,2258,13.18,13.11,13.16,1.223,640.0
2019-01-08 11:20,{},13.13,2258,13.16,13.13,13.13,0.7453,390.0
2019-01-08 11:25,{},13.15,2258,13.17,13.12,13.13,0.7816,409.0
2019-01-08 11:30,{},13.14,2258,13.15,13.13,13.13,0.4357,228.0
2019-01-08 13:05,{},13.13,2258,13.17,13.1,13.14,1.5574,815.0
2019-01-08 13:10,{},13.12,2258,13.13,13.11,13.13,0.7911,414.0
2019-01-08 13:15,{},13.11,2258,13.12,13.1,13.12,0.9134,478.0
2019-01-08 13:20,{},13.1,2258,13.13,13.1,13.11,0.7778,407.0
2019-01-08 13:25,{},13.1,2258,13.12,13.1,13.1,0.7051,369.0
2019-01-08 13:30,{},13.06,2258,13.1,13.06,13.1,2.2378,1171.0
2019-01-08 13:35,{},13.06,2258,13.08,13.06,13.06,0.9211,482.0
2019-01-08 13:40,{},13.02,2258,13.08,13.01,13.06,3.1913,1670.0
2019-01-08 13:45,{},13.03,2258,13.03,13.01,13.02,1.395,730.0
2019-01-08 13:50,{},13.03,2258,13.04,13.01,13.03,1.2708,665.0
2019-01-08 13:55,{},13.03,2258,13.04,13.01,13.03,1.1428,598.0
2019-01-08 14:00,{},13.04,2258,13.08,13.03,13.03,0.8447,442.0
2019-01-08 14:05,{},13.02,2258,13.08,13.02,13.04,1.1256,589.0
2019-01-08 14:10,{},13.08,2258,13.09,13.01,13.02,1.416,741.0
2019-01-08 14:15,{},13.09,2258,13.1,13.07,13.08,1.0071,527.0
2019-01-08 14:20,{},13.08,2258,13.1,13.08,13.09,0.7395,387.0
2019-01-08 14:25,{},13.08,2258,13.11,13.04,13.08,1.2976,679.0
2019-01-08 14:30,{},13.08,2258,13.08,13.07,13.08,0.4185,219.0
2019-01-08 14:35,{},13.06,2258,13.08,13.06,13.08,1.2364,647.0
2019-01-08 14:40,{},13.04,2258,13.08,13.04,13.06,1.8269,956.0
2019-01-08 14:45,{},13.05,2258,13.06,13.04,13.04,0.8962,469.0
2019-01-08 14:50,{},13.03,2258,13.06,13.03,13.05,2.2129,1158.0
2019-01-08 14:55,{},13.01,2258,13.04,13.0,13.03,3.4589,1810.0
2019-01-08 15:00,{},13.04,2258,13.05,13.0,13.01,1.3625,713.0
2019-01-09 09:35,{},13.1,2258,13.14,13.04,13.04,4.1067,2149.0
2019-01-09 09:40,{},13.1,2258,13.12,13.06,13.1,2.1365,1118.0
2019-01-09 09:45,{},13.09,2258,13.1,13.08,13.1,1.1237,588.0
2019-01-09 09:50,{},13.15,2258,13.16,13.09,13.09,3.5047,1834.0
2019-01-09 09:55,{},13.16,2258,13.16,13.13,13.15,2.4136,1263.0
2019-01-09 10:00,{},13.21,2258,13.21,13.15,13.16,2.6926,1409.0
2019-01-09 10:05,{},13.18,2258,13.21,13.17,13.21,2.1231,1111.0
2019-01-09 10:10,{},13.18,2258,13.18,13.16,13.18,2.1346,1117.0
2019-01-09 10:15,{},13.17,2258,13.18,13.16,13.18,1.3587,711.0
2019-01-09 10:20,{},13.19,2258,13.19,13.16,13.17,1.9301,1010.0
2019-01-09 10:25,{},13.2,2258,13.2,13.18,13.19,1.0969,574.0
2019-01-09 10:30,{},13.2,2258,13.22,13.2,13.2,2.4652,1290.0
2019-01-09 10:35,{},13.19,2258,13.21,13.18,13.2,2.7251,1426.0
2019-01-09 10:40,{},13.22,2258,13.22,13.17,13.19,2.8053,1468.0
2019-01-09 10:45,{},13.22,2258,13.23,13.2,13.22,3.8812,2031.0
2019-01-09 10:50,{},13.23,2258,13.24,13.22,13.22,2.4575,1286.0
2019-01-09 10:55,{},13.24,2258,13.24,13.22,13.23,2.1575,1129.0
2019-01-09 11:00,{},13.2,2258,13.24,13.19,13.24,2.0715,1084.0
2019-01-09 11:05,{},13.22,2258,13.23,13.19,13.2,1.2593,659.0
2019-01-09 11:10,{},13.22,2258,13.23,13.21,13.22,2.0677,1082.0
2019-01-09 11:15,{},13.22,2258,13.23,13.21,13.22,1.5097,790.0
2019-01-09 11:20,{},13.23,2258,13.24,13.22,13.22,1.288,674.0
2019-01-09 11:25,{},13.22,2258,13.24,13.21,13.23,1.1428,598.0
2019-01-09 11:30,{},13.22,2258,13.23,13.22,13.22,0.5523,289.0
2019-01-09 13:05,{},13.25,2258,13.25,13.22,13.22,4.7392,2480.0
2019-01-09 13:10,{},13.26,2258,13.26,13.24,13.25,2.1785,1140.0
2019-01-09 13:15,{},13.26,2258,13.27,13.25,13.25,2.425,1269.0
2019-01-09 13:20,{},13.25,2258,13.27,13.23,13.26,1.5116,791.0
2019-01-09 13:25,{},13.24,2258,13.25,13.24,13.25,1.1772,616.0
2019-01-09 13:30,{},13.25,2258,13.25,13.24,13.24,0.8255,432.0
2019-01-09 13:35,{},13.26,2258,13.26,13.25,13.26,1.0185,533.0
2019-01-09 13:40,{},13.27,2258,13.27,13.25,13.26,0.9058,474.0
2019-01-09 13:45,{},13.28,2258,13.3,13.26,13.27,2.8110000000000004,1471.0
2019-01-09 13:50,{},13.26,2258,13.29,13.23,13.28,6.6578,3484.0
2019-01-09 13:55,{},13.22,2258,13.26,13.22,13.26,2.425,1269.0
2019-01-09 14:00,{},13.18,2258,13.23,13.18,13.22,3.5047,1834.0
2019-01-09 14:05,{},13.21,2258,13.22,13.18,13.18,0.988,517.0
2019-01-09 14:10,{},13.19,2258,13.22,13.18,13.21,1.6625,870.0
2019-01-09 14:15,{},13.2,2258,13.2,13.17,13.19,1.1752,615.0
2019-01-09 14:20,{},13.18,2258,13.2,13.18,13.2,0.6841,358.0
2019-01-09 14:25,{},13.17,2258,13.19,13.13,13.18,2.5664,1343.0
2019-01-09 14:30,{},13.16,2258,13.18,13.15,13.17,0.7701,403.0
2019-01-09 14:35,{},13.15,2258,13.17,13.15,13.16,0.8447,442.0
2019-01-09 14:40,{},13.12,2258,13.16,13.11,13.15,4.1946,2195.0
2019-01-09 14:45,{},13.07,2258,13.13,13.07,13.12,3.7016,1937.0
2019-01-09 14:50,{},13.09,2258,13.11,13.07,13.08,2.4288,1271.0
2019-01-09 14:55,{},13.15,2258,13.15,13.08,13.09,3.5697,1868.0
2019-01-09 15:00,{},13.16,2258,13.16,13.15,13.15,0.9765,511.0
2019-01-10 09:35,{},13.03,2258,13.15,13.02,13.15,5.1998,2721.0
2019-01-10 09:40,{},13.05,2258,13.08,13.04,13.04,2.4976,1307.0
2019-01-10 09:45,{},13.04,2258,13.07,13.03,13.05,1.5995,837.0
2019-01-10 09:50,{},13.04,2258,13.04,13.01,13.04,3.4034,1781.0
2019-01-10 09:55,{},13.04,2258,13.1,13.03,13.04,0.9899,518.0
2019-01-10 10:00,{},13.1,2258,13.1,13.04,13.04,1.0224,535.0
2019-01-10 10:05,{},13.12,2258,13.12,13.09,13.09,1.2307,644.0
2019-01-10 10:10,{},13.1,2258,13.14,13.09,13.12,1.8632,975.0
2019-01-10 10:15,{},13.12,2258,13.12,13.1,13.1,0.4166,218.0
2019-01-10 10:20,{},13.11,2258,13.13,13.11,13.12,0.5848,306.0
2019-01-10 10:25,{},13.08,2258,13.11,13.08,13.11,1.33,696.0
2019-01-10 10:30,{},13.07,2258,13.09,13.07,13.08,0.8943,468.0
2019-01-10 10:35,{},13.04,2258,13.1,13.04,13.07,1.3472,705.0
2019-01-10 10:40,{},13.06,2258,13.06,13.03,13.04,0.9345,489.0
2019-01-10 10:45,{},13.06,2258,13.06,13.04,13.06,0.5198,272.0
2019-01-10 10:50,{},13.05,2258,13.09,13.05,13.06,0.7376,386.0
2019-01-10 10:55,{},13.1,2258,13.1,13.05,13.05,0.6134,321.0
2019-01-10 11:00,{},13.07,2258,13.1,13.06,13.1,0.5962,312.0
2019-01-10 11:05,{},13.11,2258,13.12,13.07,13.07,1.2402,649.0
2019-01-10 11:10,{},13.09,2258,13.14,13.09,13.11,1.3702,717.0
2019-01-10 11:15,{},13.09,2258,13.1,13.08,13.09,0.5121,268.0
2019-01-10 11:20,{},13.1,2258,13.1,13.08,13.09,0.2962,155.0
2019-01-10 11:25,{},13.12,2258,13.13,13.1,13.1,0.3554,186.0
2019-01-10 11:30,{},13.12,2258,13.12,13.1,13.12,0.472,247.0
2019-01-10 13:05,{},13.09,2258,13.12,13.08,13.12,1.1447,599.0
2019-01-10 13:10,{},13.09,2258,13.1,13.08,13.09,0.4261,223.0
2019-01-10 13:15,{},13.09,2258,13.09,13.07,13.09,1.1122,582.0
2019-01-10 13:20,{},13.1,2258,13.11,13.08,13.09,1.2345,646.0
2019-01-10 13:25,{},13.08,2258,13.1,13.07,13.1,1.3587,711.0
2019-01-10 13:30,{},13.09,2258,13.1,13.08,13.08,0.5465,286.0
2019-01-10 13:35,{},13.08,2258,13.09,13.07,13.09,1.4676,768.0
2019-01-10 13:40,{},13.09,2258,13.11,13.08,13.08,0.9364,490.0
2019-01-10 13:45,{},13.05,2258,13.09,13.05,13.09,1.5651,819.0
2019-01-10 13:50,{},13.05,2258,13.07,13.05,13.05,1.632,854.0
2019-01-10 13:55,{},13.06,2258,13.06,13.04,13.05,1.2784,669.0
2019-01-10 14:00,{},13.06,2258,13.07,13.05,13.06,1.7352,908.0
2019-01-10 14:05,{},13.04,2258,13.06,13.04,13.06,1.7161,898.0
2019-01-10 14:10,{},13.04,2258,13.05,13.03,13.04,1.9396,1015.0
2019-01-10 14:15,{},13.03,2258,13.05,13.03,13.04,1.395,730.0
2019-01-10 14:20,{},13.02,2258,13.05,13.02,13.03,1.5345,803.0
2019-01-10 14:25,{},13.04,2258,13.04,13.01,13.03,2.9697,1554.0
2019-01-10 14:30,{},13.02,2258,13.07,13.01,13.02,3.9863,2086.0
2019-01-10 14:35,{},12.98,2258,13.02,12.98,13.02,4.9513,2591.0
2019-01-10 14:40,{},12.96,2258,12.98,12.96,12.98,3.2831,1718.0
2019-01-10 14:45,{},12.95,2258,12.96,12.94,12.96,4.0761,2133.0
2019-01-10 14:50,{},12.93,2258,12.95,12.93,12.95,2.3027,1205.0
2019-01-10 14:55,{},12.99,2258,13.0,12.93,12.94,3.2907,1722.0
2019-01-10 15:00,{},12.95,2258,12.99,12.95,12.99,1.0663,558.0
2019-01-11 09:35,{},13.01,2258,13.08,12.95,13.04,3.5754,1871.0
2019-01-11 09:40,{},13.01,2258,13.02,12.96,13.02,1.695,887.0
2019-01-11 09:45,{},13.04,2258,13.04,12.99,13.01,2.2148,1159.0
2019-01-11 09:50,{},13.08,2258,13.1,13.02,13.04,2.9735,1556.0
2019-01-11 09:55,{},13.05,2258,13.09,13.05,13.08,1.1351,594.0
2019-01-11 10:00,{},13.05,2258,13.06,13.05,13.05,0.9001,471.0
2019-01-11 10:05,{},13.06,2258,13.07,13.04,13.05,0.6746,353.0
2019-01-11 10:10,{},13.02,2258,13.07,13.01,13.06,1.4046,735.0
2019-01-11 10:15,{},13.0,2258,13.06,12.99,13.02,2.0715,1084.0
2019-01-11 10:20,{},12.96,2258,13.01,12.95,13.0,2.1479,1124.0
2019-01-11 10:25,{},12.95,2258,12.96,12.91,12.96,2.2397,1172.0
2019-01-11 10:30,{},12.91,2258,12.95,12.89,12.95,3.2391,1695.0
2019-01-11 10:35,{},12.97,2258,13.03,12.9,12.91,2.855,1494.0
2019-01-11 10:40,{},12.96,2258,13.01,12.94,12.97,1.2517,655.0
2019-01-11 10:45,{},12.92,2258,12.98,12.92,12.96,1.3625,713.0
2019-01-11 10:50,{},12.93,2258,12.94,12.92,12.94,0.9765,511.0
2019-01-11 10:55,{},12.94,2258,12.94,12.92,12.93,0.9555,500.0
2019-01-11 11:00,{},12.94,2258,12.94,12.91,12.94,0.8618,451.0
2019-01-11 11:05,{},12.94,2258,12.95,12.91,12.94,1.3453,704.0
2019-01-11 11:10,{},12.93,2258,12.96,12.91,12.92,0.9555,500.0
2019-01-11 11:15,{},12.93,2258,12.96,12.92,12.93,0.9268,485.0
2019-01-11 11:20,{},12.91,2258,12.95,12.89,12.93,1.7772,930.0
2019-01-11 11:25,{},12.93,2258,12.95,12.9,12.91,0.7071,370.0
2019-01-11 11:30,{},12.94,2258,12.95,12.93,12.93,0.2733,143.0
2019-01-11 13:05,{},12.92,2258,12.96,12.91,12.94,0.8695,455.0
2019-01-11 13:10,{},12.93,2258,12.95,12.92,12.92,0.4949,259.0
2019-01-11 13:15,{},12.99,2258,12.99,12.93,12.93,1.4657,767.0
2019-01-11 13:20,{},12.98,2258,12.99,12.96,12.99,1.8078,946.0
2019-01-11 13:25,{},12.96,2258,12.99,12.96,12.98,0.8943,468.0
2019-01-11 13:30,{},13.02,2258,13.02,12.96,12.96,2.4078,1260.0
2019-01-11 13:35,{},12.98,2258,13.02,12.96,13.02,1.074,562.0
2019-01-11 13:40,{},12.97,2258,12.98,12.94,12.98,2.0753,1086.0
2019-01-11 13:45,{},12.95,2258,12.97,12.94,12.97,0.9937,520.0
2019-01-11 13:50,{},12.95,2258,12.97,12.94,12.95,1.3874,726.0
2019-01-11 13:55,{},12.95,2258,12.97,12.91,12.95,1.2479,653.0
2019-01-11 14:00,{},12.95,2258,12.95,12.92,12.95,0.5579999999999999,292.0
2019-01-11 14:05,{},12.93,2258,12.95,12.92,12.95,0.5542,290.0
2019-01-11 14:10,{},12.95,2258,12.95,12.93,12.93,0.7797,408.0
2019-01-11 14:15,{},12.97,2258,12.97,12.93,12.95,1.7906,937.0
2019-01-11 14:20,{},12.96,2258,12.98,12.95,12.97,1.3893,727.0
2019-01-11 14:25,{},12.97,2258,12.99,12.96,12.96,1.7046,892.0
2019-01-11 14:30,{},13.0,2258,13.0,12.96,12.97,1.2956,678.0
2019-01-11 14:35,{},13.0,2258,13.01,12.98,12.99,2.3104,1209.0
2019-01-11 14:40,{},12.98,2258,13.0,12.96,13.0,2.5282,1323.0
2019-01-11 14:45,{},12.95,2258,12.98,12.95,12.98,1.5632,818.0
2019-01-11 14:50,{},12.96,2258,12.97,12.94,12.95,2.834,1483.0
2019-01-11 14:55,{},12.95,2258,12.97,12.95,12.96,1.9931,1043.0
2019-01-11 15:00,{},12.98,2258,12.98,12.95,12.95,1.0701,560.0
2019-01-14 09:35,{},13.02,2258,13.05,12.97,12.98,3.1416,1644.0
2019-01-14 09:40,{},12.99,2258,13.06,12.98,13.02,3.8391,2009.0
2019-01-14 09:45,{},13.02,2258,13.03,12.99,12.99,0.8752,458.0
2019-01-14 09:50,{},13.01,2258,13.04,13.0,13.02,1.4027,734.0
2019-01-14 09:55,{},12.98,2258,13.01,12.98,13.01,1.9091,999.0
2019-01-14 10:00,{},12.96,2258,12.99,12.95,12.98,2.0199,1057.0
2019-01-14 10:05,{},12.94,2258,12.97,12.93,12.96,1.5976,836.0
2019-01-14 10:10,{},12.97,2258,12.98,12.94,12.95,1.3472,705.0
2019-01-14 10:15,{},12.99,2258,13.03,12.97,12.97,1.5536,813.0
2019-01-14 10:20,{},13.0,2258,13.01,12.98,12.99,0.3975,208.0
2019-01-14 10:25,{},13.0,2258,13.03,12.99,13.0,0.5676,297.0
2019-01-14 10:30,{},12.99,2258,13.02,12.98,13.0,0.6172,323.0
2019-01-14 10:35,{},12.99,2258,13.01,12.99,13.0,0.2618,137.0
2019-01-14 10:40,{},12.99,2258,13.01,12.97,13.01,0.5293,277.0
2019-01-14 10:45,{},12.99,2258,13.0,12.97,12.99,0.5255,275.0
2019-01-14 10:50,{},13.0,2258,13.0,12.98,12.99,0.4911,257.0
2019-01-14 10:55,{},12.99,2258,13.0,12.98,13.0,0.3707,194.0
2019-01-14 11:00,{},13.02,2258,13.02,12.98,12.99,0.9861,516.0
2019-01-14 11:05,{},13.0,2258,13.04,12.99,13.02,1.0816,566.0
2019-01-14 11:10,{},13.02,2258,13.02,12.98,13.0,1.4504,759.0
2019-01-14 11:15,{},13.0,2258,13.02,12.99,13.02,0.7663,401.0
2019-01-14 11:20,{},13.01,2258,13.01,12.98,13.0,0.9746,510.0
2019-01-14 11:25,{},13.0,2258,13.03,12.99,13.01,1.3625,713.0
2019-01-14 11:30,{},13.02,2258,13.02,13.0,13.0,0.3,157.0
2019-01-14 13:05,{},13.03,2258,13.03,13.01,13.02,0.5752,301.0
2019-01-14 13:10,{},13.0,2258,13.03,12.99,13.03,1.0262,537.0
2019-01-14 13:15,{},13.03,2258,13.03,12.99,13.0,0.5523,289.0
2019-01-14 13:20,{},13.03,2258,13.03,13.0,13.03,0.3956,207.0
2019-01-14 13:25,{},13.01,2258,13.04,13.0,13.03,1.3625,713.0
2019-01-14 13:30,{},12.99,2258,13.03,12.99,13.01,1.0071,527.0
2019-01-14 13:35,{},13.02,2258,13.05,12.99,12.99,2.4097,1261.0
2019-01-14 13:40,{},13.06,2258,13.06,13.0,13.01,3.8028,1990.0
2019-01-14 13:45,{},13.05,2258,13.09,13.03,13.06,3.8525,2016.0
2019-01-14 13:50,{},13.07,2258,13.09,13.03,13.07,2.8168,1474.0
2019-01-14 13:55,{},13.11,2258,13.12,13.05,13.07,7.7012,4030.0
2019-01-14 14:00,{},13.14,2258,13.15,13.1,13.11,2.4804,1298.0
2019-01-14 14:05,{},13.14,2258,13.16,13.12,13.14,2.2148,1159.0
2019-01-14 14:10,{},13.11,2258,13.15,13.09,13.13,1.632,854.0
2019-01-14 14:15,{},13.12,2258,13.13,13.1,13.11,0.9631,504.0
2019-01-14 14:20,{},13.11,2258,13.12,13.1,13.12,0.8676,454.0
2019-01-14 14:25,{},13.08,2258,13.12,13.07,13.12,1.0357,542.0
2019-01-14 14:30,{},13.12,2258,13.14,13.07,13.08,10.4014,5443.0
2019-01-14 14:35,{},13.11,2258,13.13,13.1,13.12,7.0783,3704.0
2019-01-14 14:40,{},13.11,2258,13.12,13.08,13.11,4.078,2134.0
2019-01-14 14:45,{},13.08,2258,13.11,13.07,13.11,2.255,1180.0
2019-01-14 14:50,{},13.09,2258,13.11,13.07,13.07,2.0619,1079.0
2019-01-14 14:55,{},13.12,2258,13.12,13.08,13.09,4.422,2314.0
2019-01-14 15:00,{},13.11,2258,13.12,13.1,13.12,0.9402,492.0
2019-01-15 09:35,{},13.05,2258,13.07,13.01,13.01,2.7977,1464.0
2019-01-15 09:40,{},13.04,2258,13.07,13.04,13.06,2.06,1078.0
2019-01-15 09:45,{},13.05,2258,13.09,13.04,13.05,2.6257,1374.0
2019-01-15 09:50,{},13.03,2258,13.07,13.02,13.05,2.3601,1235.0
2019-01-15 09:55,{},13.03,2258,13.05,13.02,13.03,1.4199,743.0
2019-01-15 10:00,{},13.02,2258,13.03,13.0,13.03,2.4212,1267.0
2019-01-15 10:05,{},13.01,2258,13.02,13.0,13.02,1.3415,702.0
2019-01-15 10:10,{},13.05,2258,13.06,13.01,13.02,2.446,1280.0
2019-01-15 10:10,{},13.05,2258,13.06,13.01,13.02,2.4459999999999997,1280.0
2019-01-15 10:15,{},13.07,2258,13.09,13.03,13.05,2.9391,1538.0
2019-01-15 10:20,{},13.08,2258,13.08,13.03,13.07,1.8785,983.0
2019-01-15 10:25,{},13.03,2258,13.08,13.02,13.08,1.8307,958.0
2019-01-15 10:30,{},13.04,2258,13.05,13.01,13.03,1.6778,878.0
2019-01-15 10:35,{},13.04,2258,13.05,13.01,13.04,1.3988,732.0
2019-01-15 10:40,{},13.03,2258,13.05,13.01,13.04,1.6702,874.0
2019-01-15 10:45,{},13.01,2258,13.04,13.01,13.03,2.1498,1125.0
2019-01-15 10:50,{},13.02,2258,13.04,13.01,13.01,1.3759,720.0
2019-01-15 10:55,{},13.03,2258,13.04,13.02,13.02,1.1848,620.0
2019-01-15 11:00,{},13.04,2258,13.04,13.02,13.03,1.4715,770.0
2019-01-15 11:05,{},13.03,2258,13.04,13.02,13.04,1.5383,805.0
2019-01-15 11:10,{},13.07,2258,13.08,13.03,13.03,1.8078,946.0
2019-01-15 11:15,{},13.07,2258,13.08,13.04,13.07,0.9918,519.0
2019-01-15 11:20,{},13.13,2258,13.13,13.06,13.07,1.3319,697.0
2019-01-15 11:25,{},13.15,2258,13.15,13.11,13.13,2.7537,1441.0
2019-01-15 11:30,{},13.14,2258,13.15,13.13,13.15,1.6587,868.0
2019-01-15 13:05,{},13.16,2258,13.16,13.12,13.14,2.6027,1362.0
2019-01-15 13:10,{},13.16,2258,13.17,13.14,13.16,0.9173,480.0
2019-01-15 13:15,{},13.16,2258,13.16,13.13,13.16,1.1409,597.0
2019-01-15 13:20,{},13.14,2258,13.17,13.14,13.16,1.4523,760.0
2019-01-15 13:25,{},13.13,2258,13.16,13.13,13.14,1.416,741.0
2019-01-15 13:30,{},13.13,2258,13.13,13.11,13.13,1.5001,785.0
2019-01-15 13:35,{},13.1,2258,13.13,13.1,13.13,0.9134,478.0
2019-01-15 13:40,{},13.1,2258,13.11,13.1,13.1,0.8657,453.0
2019-01-15 13:45,{},13.1,2258,13.12,13.1,13.1,1.8613,974.0
2019-01-15 13:50,{},13.12,2258,13.13,13.08,13.1,2.8263,1479.0
2019-01-15 13:55,{},13.16,2258,13.17,13.12,13.12,2.6008,1361.0
2019-01-15 14:00,{},13.16,2258,13.18,13.15,13.16,2.7136,1420.0
2019-01-15 14:05,{},13.15,2258,13.17,13.13,13.16,1.8403,963.0
2019-01-15 14:10,{},13.14,2258,13.17,13.12,13.15,1.4676,768.0
2019-01-15 14:15,{},13.16,2258,13.16,13.13,13.14,0.8886,465.0
2019-01-15 14:20,{},13.2,2258,13.2,13.15,13.16,3.3767,1767.0
2019-01-15 14:25,{},13.18,2258,13.21,13.17,13.2,4.7048,2462.0
2019-01-15 14:30,{},13.2,2258,13.21,13.17,13.18,4.6303,2423.0
2019-01-15 14:35,{},13.21,2258,13.21,13.19,13.19,4.7832,2503.0
2019-01-15 14:40,{},13.21,2258,13.22,13.2,13.21,3.6882,1930.0
2019-01-15 14:45,{},13.21,2258,13.22,13.19,13.21,5.9527,3115.0
2019-01-15 14:50,{},13.2,2258,13.21,13.19,13.21,3.0213,1581.0
2019-01-15 14:55,{},13.19,2258,13.2,13.17,13.2,3.4703,1816.0
2019-01-15 15:00,{},13.19,2258,13.2,13.18,13.2,1.2823,671.0
2019-01-16 09:35,{},13.25,2258,13.27,13.19,13.2,5.8839,3079.0
2019-01-16 09:40,{},13.2,2258,13.26,13.19,13.25,5.5571,2908.0
2019-01-16 09:45,{},13.17,2258,13.2,13.15,13.2,4.7793,2501.0
2019-01-16 09:50,{},13.19,2258,13.21,13.14,13.17,6.7056,3509.0
2019-01-16 09:55,{},13.18,2258,13.19,13.16,13.19,2.7117,1419.0
2019-01-16 10:00,{},13.2,2258,13.22,13.17,13.18,3.4417,1801.0
2019-01-16 10:05,{},13.17,2258,13.2,13.15,13.2,2.7098,1418.0
2019-01-16 10:10,{},13.18,2258,13.19,13.16,13.17,1.7982,941.0
2019-01-16 10:15,{},13.19,2258,13.21,13.17,13.18,3.4034,1781.0
2019-01-16 10:20,{},13.2,2258,13.2,13.18,13.19,2.8493,1491.0
2019-01-16 10:25,{},13.23,2258,13.24,13.19,13.2,3.0289,1585.0
2019-01-16 10:30,{},13.24,2258,13.25,13.23,13.24,2.8416,1487.0
2019-01-16 10:35,{},13.24,2258,13.24,13.22,13.24,2.1212,1110.0
2019-01-16 10:40,{},13.23,2258,13.24,13.22,13.23,1.9931,1043.0
2019-01-16 10:45,{},13.21,2258,13.23,13.21,13.23,2.6830000000000003,1404.0
2019-01-16 10:50,{},13.17,2258,13.21,13.17,13.21,2.7002,1413.0
2019-01-16 10:55,{},13.18,2258,13.19,13.16,13.17,1.5479,810.0
2019-01-16 11:00,{},13.2,2258,13.2,13.17,13.18,1.3281,695.0
2019-01-16 11:05,{},13.23,2258,13.23,13.19,13.2,2.1594,1130.0
2019-01-16 11:10,{},13.22,2258,13.24,13.21,13.23,1.6912,885.0
2019-01-16 11:15,{},13.24,2258,13.24,13.21,13.22,1.3014,681.0
2019-01-16 11:20,{},13.23,2258,13.25,13.23,13.24,1.6453,861.0
2019-01-16 11:25,{},13.23,2258,13.24,13.22,13.23,1.1428,598.0
2019-01-16 11:30,{},13.24,2258,13.26,13.23,13.23,3.52,1842.0
2019-01-16 13:05,{},13.23,2258,13.25,13.22,13.24,1.4906,780.0
2019-01-16 13:10,{},13.25,2258,13.25,13.22,13.23,1.4543,761.0
2019-01-16 13:15,{},13.23,2258,13.25,13.23,13.25,1.2173,637.0
2019-01-16 13:20,{},13.24,2258,13.24,13.22,13.23,1.525,798.0
2019-01-16 13:25,{},13.25,2258,13.25,13.23,13.23,1.416,741.0
2019-01-16 13:30,{},13.24,2258,13.25,13.23,13.25,1.1867,621.0
2019-01-16 13:35,{},13.22,2258,13.24,13.21,13.24,2.1594,1130.0
2019-01-16 13:40,{},13.24,2258,13.24,13.22,13.22,1.8403,963.0
2019-01-16 13:45,{},13.25,2258,13.26,13.22,13.24,3.2888,1721.0
2019-01-16 13:50,{},13.27,2258,13.27,13.24,13.25,2.1842,1143.0
2019-01-16 13:55,{},13.26,2258,13.27,13.25,13.27,1.7982,941.0
2019-01-16 14:00,{},13.26,2258,13.26,13.24,13.26,1.567,820.0
2019-01-16 14:05,{},13.26,2258,13.27,13.25,13.26,1.4256,746.0
2019-01-16 14:10,{},13.29,2258,13.3,13.25,13.26,2.4346,1274.0
2019-01-16 14:15,{},13.29,2258,13.3,13.27,13.29,3.0671,1605.0
2019-01-16 14:20,{},13.29,2258,13.29,13.27,13.29,1.5307,801.0
2019-01-16 14:25,{},13.28,2258,13.3,13.27,13.3,3.0843,1614.0
2019-01-16 14:30,{},13.29,2258,13.29,13.26,13.27,1.2574,658.0
2019-01-16 14:35,{},13.28,2258,13.29,13.27,13.29,2.0123,1053.0
2019-01-16 14:40,{},13.28,2258,13.29,13.27,13.28,1.3835,724.0
2019-01-16 14:45,{},13.27,2258,13.28,13.25,13.28,1.8995,994.0
2019-01-16 14:50,{},13.26,2258,13.28,13.25,13.27,1.3109,686.0
2019-01-16 14:55,{},13.23,2258,13.27,13.22,13.26,4.7125,2466.0
2019-01-16 15:00,{},13.21,2258,13.23,13.21,13.23,1.1772,616.0
2019-01-17 09:35,{},13.18,2258,13.26,13.16,13.26,4.4335,2320.0
2019-01-17 09:40,{},13.2,2258,13.23,13.18,13.18,4.1143,2153.0
2019-01-17 09:45,{},13.12,2258,13.22,13.12,13.22,3.7455,1960.0
2019-01-17 09:50,{},13.12,2258,13.16,13.09,13.12,2.6276,1375.0
2019-01-17 09:55,{},13.1,2258,13.14,13.1,13.12,2.211,1157.0
2019-01-17 10:00,{},13.12,2258,13.14,13.09,13.1,1.7505,916.0
2019-01-17 10:05,{},13.1,2258,13.13,13.08,13.12,2.5645,1342.0
2019-01-17 10:10,{},13.1,2258,13.14,13.08,13.1,1.7046,892.0
2019-01-17 10:15,{},13.08,2258,13.12,13.08,13.1,2.5989,1360.0
2019-01-17 10:20,{},13.1,2258,13.12,13.1,13.1,1.804,944.0
2019-01-17 10:25,{},13.06,2258,13.1,13.05,13.1,2.2244,1164.0
2019-01-17 10:30,{},13.06,2258,13.09,13.05,13.06,1.4275,747.0
2019-01-17 10:35,{},13.03,2258,13.06,13.01,13.06,3.1187,1632.0
2019-01-17 10:40,{},12.97,2258,13.05,12.94,13.03,6.4629,3382.0
2019-01-17 10:45,{},12.99,2258,13.01,12.97,12.98,2.1632,1132.0
2019-01-17 10:50,{},13.01,2258,13.08,12.97,12.99,1.6931,886.0
2019-01-17 10:55,{},13.02,2258,13.05,13.0,13.01,0.7281,381.0
2019-01-17 11:00,{},13.03,2258,13.06,13.01,13.02,1.3186,690.0
2019-01-17 11:05,{},13.02,2258,13.05,13.01,13.03,0.9249,484.0
2019-01-17 11:10,{},13.05,2258,13.08,13.02,13.02,1.1198,586.0
2019-01-17 11:15,{},13.03,2258,13.06,13.03,13.05,0.7185,376.0
2019-01-17 11:20,{},13.05,2258,13.07,13.03,13.03,0.9498,497.0
2019-01-17 11:25,{},13.06,2258,13.07,13.05,13.05,0.965,505.0
2019-01-17 11:30,{},13.07,2258,13.09,13.06,13.06,0.9727,509.0
2019-01-17 13:05,{},13.09,2258,13.09,13.06,13.07,0.9918,519.0
2019-01-17 13:10,{},13.06,2258,13.09,13.06,13.09,0.5828,305.0
2019-01-17 13:15,{},13.05,2258,13.08,13.05,13.06,0.8962,469.0
2019-01-17 13:20,{},13.05,2258,13.08,13.04,13.05,0.7567,396.0
2019-01-17 13:25,{},13.03,2258,13.06,13.03,13.05,1.9454,1018.0
2019-01-17 13:30,{},13.07,2258,13.07,13.02,13.03,1.0128,530.0
2019-01-17 13:35,{},13.05,2258,13.08,13.03,13.07,1.0415,545.0
2019-01-17 13:40,{},13.04,2258,13.08,13.03,13.05,1.5001,785.0
2019-01-17 13:45,{},13.06,2258,13.07,13.03,13.04,0.8982,470.0
2019-01-17 13:50,{},13.09,2258,13.09,13.05,13.06,0.7873,412.0
2019-01-17 13:55,{},13.14,2258,13.14,13.09,13.09,0.8351,437.0
2019-01-17 14:00,{},13.13,2258,13.14,13.1,13.1,0.9058,474.0
2019-01-17 14:05,{},13.1,2258,13.14,13.1,13.13,1.1217,587.0
2019-01-17 14:10,{},13.14,2258,13.14,13.09,13.14,0.9612,503.0
2019-01-17 14:15,{},13.15,2258,13.15,13.11,13.14,1.2135,635.0
2019-01-17 14:20,{},13.13,2258,13.16,13.11,13.13,1.6377,857.0
2019-01-17 14:25,{},13.15,2258,13.15,13.08,13.13,1.6282,852.0
2019-01-17 14:30,{},13.13,2258,13.15,13.08,13.15,0.988,517.0
2019-01-17 14:35,{},13.11,2258,13.14,13.1,13.11,1.1944,625.0
2019-01-17 14:40,{},13.08,2258,13.12,13.07,13.11,2.4747,1295.0
2019-01-17 14:45,{},13.04,2258,13.08,13.04,13.07,2.2129,1158.0
2019-01-17 14:50,{},13.02,2258,13.05,13.02,13.04,1.7505,916.0
2019-01-17 14:55,{},13.03,2258,13.03,13.01,13.02,2.5015,1309.0
2019-01-17 15:00,{},13.02,2258,13.03,13.01,13.03,0.6918,362.0
2019-01-18 09:35,{},13.05,2258,13.05,13.0,13.02,1.6473,862.0
2019-01-18 09:40,{},13.05,2258,13.06,13.0,13.05,1.2192,638.0
2019-01-18 09:45,{},13.08,2258,13.11,13.03,13.03,2.0524,1074.0
2019-01-18 09:50,{},13.06,2258,13.1,13.06,13.08,0.8676,454.0
2019-01-18 09:55,{},13.05,2258,13.07,13.05,13.06,0.7567,396.0
2019-01-18 10:00,{},13.07,2258,13.07,13.03,13.05,1.4638,766.0
2019-01-18 10:05,{},13.1,2258,13.11,13.07,13.07,1.974,1033.0
2019-01-18 10:10,{},13.08,2258,13.1,13.06,13.1,1.7638,923.0
2019-01-18 10:15,{},13.05,2258,13.1,13.05,13.08,1.4619,765.0
2019-01-18 10:20,{},13.06,2258,13.06,13.05,13.05,0.8466,443.0
2019-01-18 10:25,{},13.04,2258,13.07,13.04,13.06,0.4433,232.0
2019-01-18 10:30,{},13.04,2258,13.05,13.04,13.04,0.7090000000000001,371.0
2019-01-18 10:35,{},13.03,2258,13.04,13.03,13.04,0.4682,245.0
2019-01-18 10:40,{},13.02,2258,13.05,13.02,13.03,3.0174,1579.0
2019-01-18 10:45,{},13.01,2258,13.03,13.01,13.02,0.579,303.0
2019-01-18 10:50,{},13.04,2258,13.04,13.01,13.01,0.3268,171.0
2019-01-18 10:55,{},13.05,2258,13.05,13.03,13.04,0.2962,155.0
2019-01-18 11:00,{},13.04,2258,13.05,13.03,13.05,0.2293,120.0
2019-01-18 11:05,{},13.04,2258,13.06,13.02,13.04,0.9784,512.0
2019-01-18 11:10,{},13.02,2258,13.04,13.02,13.04,0.7376,386.0
2019-01-18 11:15,{},13.07,2258,13.07,13.02,13.02,1.5498,811.0
2019-01-18 11:20,{},13.07,2258,13.07,13.03,13.07,0.451,236.0
2019-01-18 11:25,{},13.07,2258,13.07,13.05,13.07,0.2847,149.0
2019-01-18 11:30,{},13.06,2258,13.07,13.06,13.07,0.1873,98.0
2019-01-18 13:05,{},13.09,2258,13.12,13.06,13.06,2.9658,1552.0
2019-01-18 13:10,{},13.12,2258,13.13,13.11,13.11,1.525,798.0
2019-01-18 13:15,{},13.1,2258,13.12,13.09,13.12,1.2288,643.0
2019-01-18 13:20,{},13.09,2258,13.12,13.09,13.1,1.2039,630.0
2019-01-18 13:25,{},13.08,2258,13.11,13.08,13.1,1.546,809.0
2019-01-18 13:30,{},13.08,2258,13.09,13.08,13.08,0.3784,198.0
2019-01-18 13:35,{},13.09,2258,13.1,13.07,13.08,0.5656,296.0
2019-01-18 13:40,{},13.08,2258,13.09,13.07,13.09,1.4199,743.0
2019-01-18 13:45,{},13.12,2258,13.13,13.07,13.08,3.2238,1687.0
2019-01-18 13:50,{},13.12,2258,13.13,13.11,13.12,3.3232,1739.0
2019-01-18 13:55,{},13.16,2258,13.17,13.12,13.12,4.7889,2506.0
2019-01-18 14:00,{},13.25,2258,13.25,13.16,13.16,4.7507,2486.0
2019-01-18 14:05,{},13.25,2258,13.26,13.24,13.25,3.9423,2063.0
2019-01-18 14:10,{},13.24,2258,13.26,13.22,13.25,2.8359,1484.0
2019-01-18 14:15,{},13.25,2258,13.26,13.22,13.23,2.6467,1385.0
2019-01-18 14:20,{},13.26,2258,13.27,13.24,13.25,3.585,1876.0
2019-01-18 14:25,{},13.26,2258,13.27,13.25,13.26,1.2173,637.0
2019-01-18 14:30,{},13.25,2258,13.26,13.25,13.26,1.1772,616.0
2019-01-18 14:35,{},13.25,2258,13.26,13.24,13.25,1.1733,614.0
2019-01-18 14:40,{},13.28,2258,13.29,13.25,13.25,3.7321,1953.0
2019-01-18 14:45,{},13.34,2258,13.35,13.28,13.29,9.8893,5175.0
2019-01-18 14:50,{},13.32,2258,13.35,13.31,13.33,4.6398,2428.0
2019-01-18 14:55,{},13.35,2258,13.36,13.32,13.32,7.0056,3666.0
2019-01-18 15:00,{},13.35,2258,13.35,13.34,13.35,2.1919,1147.0
2019-01-21 09:35,{},13.5,2258,13.55,13.43,13.43,22.7425,11901.0
2019-01-21 09:40,{},13.61,2258,13.63,13.48,13.5,12.729000000000001,6661.0
2019-01-21 09:40,{},13.61,2258,13.63,13.48,13.5,12.729,6661.0
2019-01-21 09:45,{},13.95,2258,13.95,13.61,13.61,15.6547,8192.0
2019-01-21 09:50,{},14.29,2258,14.53,13.95,13.95,50.3294,26337.0
2019-01-21 09:55,{},14.15,2258,14.28,14.15,14.27,14.2998,7483.0
2019-01-21 10:00,{},14.17,2258,14.2,14.09,14.14,14.4126,7542.0
2019-01-21 10:05,{},14.13,2258,14.17,14.08,14.17,5.7539,3011.0
2019-01-21 10:10,{},14.09,2258,14.18,14.08,14.13,5.4654,2860.0
2019-01-21 10:15,{},14.12,2258,14.13,14.0,14.09,12.5112,6547.0
2019-01-21 10:20,{},14.16,2258,14.19,14.12,14.12,7.3057,3823.0
2019-01-21 10:25,{},14.14,2258,14.16,14.14,14.16,6.0291,3155.0
2019-01-21 10:30,{},14.15,2258,14.15,14.09,14.1,2.9773,1558.0
2019-01-21 10:35,{},14.12,2258,14.15,14.1,14.15,4.9743,2603.0
2019-01-21 10:40,{},14.28,2258,14.34,14.1,14.12,16.2471,8502.0
2019-01-21 10:45,{},14.3,2258,14.39,14.24,14.28,6.2756,3284.0
2019-01-21 10:50,{},14.29,2258,14.32,14.23,14.3,4.8042,2514.0
2019-01-21 10:55,{},14.19,2258,14.29,14.17,14.29,4.2481,2223.0
2019-01-21 11:00,{},14.19,2258,14.2,14.12,14.19,4.7774,2500.0
2019-01-21 11:05,{},14.18,2258,14.2,14.17,14.19,2.0008,1047.0
2019-01-21 11:10,{},14.13,2258,14.18,14.13,14.18,3.1875,1668.0
2019-01-21 11:15,{},14.13,2258,14.14,14.11,14.13,2.7442,1436.0
2019-01-21 11:20,{},14.15,2258,14.15,14.11,14.13,2.555,1337.0
2019-01-21 11:25,{},14.16,2258,14.17,14.12,14.15,1.9416,1016.0
2019-01-21 11:30,{},14.16,2258,14.2,14.15,14.16,2.6486,1386.0
2019-01-21 13:05,{},14.23,2258,14.23,14.15,14.16,3.2487,1700.0
2019-01-21 13:10,{},14.2,2258,14.23,14.15,14.23,4.4258,2316.0
2019-01-21 13:15,{},14.2,2258,14.22,14.16,14.2,6.2107,3250.0
2019-01-21 13:20,{},14.22,2258,14.22,14.15,14.2,3.7226,1948.0
2019-01-21 13:25,{},14.2,2258,14.23,14.17,14.23,2.5588,1339.0
2019-01-21 13:30,{},14.17,2258,14.22,14.16,14.2,2.9333,1535.0
2019-01-21 13:35,{},14.17,2258,14.18,14.14,14.17,3.1244,1635.0
2019-01-21 13:40,{},14.1,2258,14.17,14.09,14.17,3.0423,1592.0
2019-01-21 13:45,{},14.1,2258,14.1,14.05,14.1,3.2563,1704.0
2019-01-21 13:50,{},14.17,2258,14.18,14.09,14.1,3.9634,2074.0
2019-01-21 13:55,{},14.13,2258,14.17,14.1,14.17,3.6289,1899.0
2019-01-21 14:00,{},14.11,2258,14.14,14.1,14.13,3.5334,1849.0
2019-01-21 14:05,{},14.03,2258,14.11,14.03,14.11,3.1359,1641.0
2019-01-21 14:10,{},14.06,2258,14.07,14.03,14.03,2.2358,1170.0
2019-01-21 14:15,{},14.05,2258,14.09,14.05,14.06,2.0027,1048.0
2019-01-21 14:20,{},14.06,2258,14.08,14.05,14.05,2.5569,1338.0
2019-01-21 14:25,{},14.1,2258,14.12,14.06,14.06,3.8258,2002.0
2019-01-21 14:30,{},14.09,2258,14.12,14.07,14.1,2.1651,1133.0
2019-01-21 14:35,{},14.08,2258,14.1,14.07,14.09,3.7493,1962.0
2019-01-21 14:40,{},14.08,2258,14.1,14.08,14.08,1.5078,789.0
2019-01-21 14:45,{},14.15,2258,14.15,14.07,14.07,8.9109,4663.0
2019-01-21 14:50,{},14.19,2258,14.2,14.12,14.15,5.6813,2973.0
2019-01-21 14:55,{},14.2,2258,14.2,14.16,14.19,6.5202,3412.0
2019-01-21 15:00,{},14.21,2258,14.21,14.19,14.2,9.616,5032.0
2019-01-22 09:35,{},14.08,2258,14.16,14.03,14.15,9.0122,4716.0
2019-01-22 09:40,{},14.07,2258,14.1,14.04,14.08,7.2044,3770.0
2019-01-22 09:45,{},14.1,2258,14.13,14.06,14.07,3.7818,1979.0
2019-01-22 09:50,{},14.12,2258,14.13,14.09,14.1,2.9563,1547.0
2019-01-22 09:55,{},14.2,2258,14.2,14.11,14.12,4.6475,2432.0
2019-01-22 10:00,{},14.38,2258,14.39,14.15,14.19,10.1607,5317.0
2019-01-22 10:05,{},14.24,2258,14.38,14.24,14.37,13.8794,7263.0
2019-01-22 10:10,{},14.24,2258,14.25,14.2,14.24,8.9032,4659.0
2019-01-22 10:15,{},14.18,2258,14.25,14.18,14.24,4.7526,2487.0
2019-01-22 10:20,{},14.21,2258,14.22,14.17,14.18,2.962,1550.0
2019-01-22 10:20,{},14.21,2258,14.22,14.17,14.18,2.9619999999999997,1550.0
2019-01-22 10:25,{},14.21,2258,14.21,14.18,14.21,2.2969999999999997,1202.0
2019-01-22 10:25,{},14.21,2258,14.21,14.18,14.21,2.297,1202.0
2019-01-22 10:30,{},14.21,2258,14.27,14.2,14.21,3.5812,1874.0
2019-01-22 10:35,{},14.22,2258,14.27,14.21,14.21,2.5397,1329.0
2019-01-22 10:40,{},14.2,2258,14.26,14.19,14.22,3.7073,1940.0
2019-01-22 10:45,{},14.19,2258,14.24,14.18,14.2,2.7155,1421.0
2019-01-22 10:50,{},14.18,2258,14.24,14.18,14.19,1.5746,824.0
2019-01-22 10:55,{},14.23,2258,14.23,14.16,14.18,3.4302,1795.0
2019-01-22 11:00,{},14.17,2258,14.23,14.17,14.23,3.0193,1580.0
2019-01-22 11:05,{},14.18,2258,14.22,14.15,14.17,4.2309,2214.0
2019-01-22 11:10,{},14.2,2258,14.22,14.17,14.18,2.9085,1522.0
2019-01-22 11:15,{},14.2,2258,14.22,14.16,14.2,2.1594,1130.0
2019-01-22 11:20,{},14.16,2258,14.21,14.15,14.17,2.0963,1097.0
2019-01-22 11:25,{},14.18,2258,14.18,14.12,14.16,2.8263,1479.0
2019-01-22 11:30,{},14.19,2258,14.19,14.11,14.18,1.76,921.0
2019-01-22 13:05,{},14.16,2258,14.19,14.14,14.19,4.4965,2353.0
2019-01-22 13:10,{},14.22,2258,14.24,14.15,14.16,4.5844,2399.0
2019-01-22 13:15,{},14.22,2258,14.24,14.2,14.23,8.113999999999999,4246.0
2019-01-22 13:20,{},14.23,2258,14.3,14.2,14.22,9.9906,5228.0
2019-01-22 13:25,{},14.21,2258,14.23,14.2,14.23,4.98,2606.0
2019-01-22 13:30,{},14.24,2258,14.26,14.2,14.21,5.6813,2973.0
2019-01-22 13:35,{},14.22,2258,14.25,14.21,14.24,2.6314,1377.0
2019-01-22 13:40,{},14.15,2258,14.22,14.14,14.22,3.843,2011.0
2019-01-22 13:45,{},14.18,2258,14.22,14.14,14.14,3.4493,1805.0
2019-01-22 13:50,{},14.2,2258,14.21,14.18,14.18,1.7524,917.0
2019-01-22 13:55,{},14.24,2258,14.24,14.18,14.2,1.8976,993.0
2019-01-22 14:00,{},14.21,2258,14.22,14.19,14.2,1.6759,877.0
2019-01-22 14:05,{},14.2,2258,14.22,14.2,14.21,1.8804,984.0
2019-01-22 14:10,{},14.2,2258,14.22,14.2,14.2,1.653,865.0
2019-01-22 14:15,{},14.2,2258,14.22,14.19,14.21,3.2582,1705.0
2019-01-22 14:20,{},14.22,2258,14.22,14.2,14.21,2.0447,1070.0
2019-01-22 14:25,{},14.18,2258,14.22,14.17,14.22,2.9697,1554.0
2019-01-22 14:30,{},14.18,2258,14.19,14.16,14.17,2.1135,1106.0
2019-01-22 14:35,{},14.17,2258,14.18,14.15,14.18,3.0939,1619.0
2019-01-22 14:40,{},14.15,2258,14.17,14.11,14.17,6.2642,3278.0
2019-01-22 14:45,{},14.15,2258,14.17,14.12,14.15,2.532,1325.0
2019-01-22 14:50,{},14.12,2258,14.17,14.12,14.15,3.1378,1642.0
2019-01-22 14:55,{},14.16,2258,14.17,14.1,14.12,3.3194,1737.0
2019-01-22 15:00,{},14.18,2258,14.19,14.17,14.17,2.5129,1315.0
2019-01-23 09:35,{},14.11,2258,14.23,14.07,14.23,5.1501,2695.0
2019-01-23 09:40,{},14.14,2258,14.18,14.09,14.11,2.8474,1490.0
2019-01-23 09:45,{},14.2,2258,14.2,14.11,14.14,2.7174,1422.0
2019-01-23 09:50,{},14.21,2258,14.25,14.18,14.2,4.2634,2231.0
2019-01-23 09:55,{},14.2,2258,14.21,14.18,14.21,3.5238,1844.0
2019-01-23 10:00,{},14.2,2258,14.21,14.17,14.2,2.8951,1515.0
2019-01-23 10:05,{},14.19,2258,14.22,14.19,14.2,3.5621,1864.0
2019-01-23 10:10,{},14.18,2258,14.2,14.17,14.19,3.6079,1888.0
2019-01-23 10:15,{},14.22,2258,14.23,14.17,14.18,3.3729,1765.0
2019-01-23 10:20,{},14.36,2258,14.38,14.22,14.22,10.1014,5286.0
2019-01-23 10:25,{},14.31,2258,14.39,14.31,14.36,7.3573,3850.0
2019-01-23 10:30,{},14.34,2258,14.37,14.31,14.31,4.3398,2271.0
2019-01-23 10:35,{},14.32,2258,14.36,14.31,14.34,3.2123,1681.0
2019-01-23 10:40,{},14.32,2258,14.35,14.31,14.32,2.5492,1334.0
2019-01-23 10:45,{},14.34,2258,14.35,14.31,14.32,2.79,1460.0
2019-01-23 10:50,{},14.38,2258,14.38,14.33,14.34,3.8716,2026.0
2019-01-23 10:55,{},14.43,2258,14.47,14.37,14.37,10.1052,5288.0
2019-01-23 11:00,{},14.54,2258,14.54,14.43,14.43,11.0168,5765.0
2019-01-23 11:05,{},14.62,2258,14.67,14.52,14.54,12.1423,6354.0
2019-01-23 11:10,{},14.58,2258,14.63,14.55,14.63,7.1528,3743.0
2019-01-23 11:15,{},14.57,2258,14.61,14.56,14.58,4.0532,2121.0
2019-01-23 11:20,{},14.53,2258,14.58,14.52,14.57,3.4818,1822.0
2019-01-23 11:25,{},14.52,2258,14.57,14.51,14.53,3.5353,1850.0
2019-01-23 11:30,{},14.57,2258,14.57,14.51,14.52,2.253,1179.0
2019-01-23 13:05,{},14.53,2258,14.58,14.52,14.57,3.2869,1720.0
2019-01-23 13:10,{},14.56,2258,14.58,14.52,14.53,3.0442,1593.0
2019-01-23 13:15,{},14.54,2258,14.57,14.54,14.56,2.7786,1454.0
2019-01-23 13:20,{},14.54,2258,14.57,14.54,14.54,3.2238,1687.0
2019-01-23 13:25,{},14.57,2258,14.57,14.54,14.54,2.49,1303.0
2019-01-23 13:30,{},14.57,2258,14.59,14.55,14.57,3.434,1797.0
2019-01-23 13:30,{},14.57,2258,14.59,14.55,14.57,3.4339999999999997,1797.0
2019-01-23 13:35,{},14.55,2258,14.57,14.54,14.57,2.5703,1345.0
2019-01-23 13:40,{},14.57,2258,14.57,14.54,14.55,1.8804,984.0
2019-01-23 13:45,{},14.55,2258,14.57,14.52,14.57,2.1154,1107.0
2019-01-23 13:50,{},14.51,2258,14.55,14.51,14.55,2.2397,1172.0
2019-01-23 13:55,{},14.52,2258,14.55,14.5,14.51,2.1881,1145.0
2019-01-23 14:00,{},14.51,2258,14.53,14.5,14.52,1.4906,780.0
2019-01-23 14:05,{},14.5,2258,14.51,14.5,14.51,1.8231,954.0
2019-01-23 14:10,{},14.51,2258,14.52,14.5,14.5,2.6601,1392.0
2019-01-23 14:15,{},14.52,2258,14.52,14.49,14.51,3.0728,1608.0
2019-01-23 14:20,{},14.5,2258,14.53,14.5,14.52,1.7753,929.0
2019-01-23 14:25,{},14.53,2258,14.55,14.5,14.51,2.9085,1522.0
2019-01-23 14:30,{},14.54,2258,14.55,14.53,14.53,2.5301,1324.0
2019-01-23 14:35,{},14.53,2258,14.54,14.52,14.54,1.4237,745.0
2019-01-23 14:40,{},14.51,2258,14.53,14.51,14.53,1.7352,908.0
2019-01-23 14:45,{},14.5,2258,14.51,14.48,14.51,2.9333,1535.0
2019-01-23 14:50,{},14.53,2258,14.54,14.49,14.5,3.006,1573.0
2019-01-23 14:50,{},14.53,2258,14.54,14.49,14.5,3.0060000000000002,1573.0
2019-01-23 14:55,{},14.57,2258,14.58,14.52,14.53,8.1044,4241.0
2019-01-23 15:00,{},14.59,2258,14.59,14.57,14.57,4.8501,2538.0
2019-01-24 09:35,{},14.45,2258,14.55,14.43,14.55,5.3851,2818.0
2019-01-24 09:40,{},14.44,2258,14.46,14.38,14.45,5.2418,2743.0
2019-01-24 09:45,{},14.55,2258,14.56,14.43,14.44,1.8384,962.0
2019-01-24 09:50,{},14.52,2258,14.55,14.5,14.55,2.9123,1524.0
2019-01-24 09:55,{},14.57,2258,14.64,14.51,14.52,4.3284,2265.0
2019-01-24 10:00,{},14.52,2258,14.58,14.52,14.57,4.1086,2150.0
2019-01-24 10:05,{},14.49,2258,14.52,14.42,14.52,2.8053,1468.0
2019-01-24 10:10,{},14.54,2258,14.55,14.49,14.49,1.3052,683.0
2019-01-24 10:15,{},14.55,2258,14.56,14.52,14.54,1.9587,1025.0
2019-01-24 10:20,{},14.54,2258,14.56,14.51,14.55,1.8938,991.0
2019-01-24 10:25,{},14.57,2258,14.57,14.54,14.54,0.644,337.0
2019-01-24 10:30,{},14.53,2258,14.56,14.53,14.56,1.3606,712.0
2019-01-24 10:35,{},14.52,2258,14.55,14.5,14.53,2.8225,1477.0
2019-01-24 10:40,{},14.55,2258,14.55,14.5,14.52,2.2951,1201.0
2019-01-24 10:45,{},14.54,2258,14.57,14.5,14.55,7.535,3943.0
2019-01-24 10:50,{},14.55,2258,14.56,14.5,14.54,2.2798,1193.0
2019-01-24 10:55,{},14.53,2258,14.55,14.48,14.55,2.9773,1558.0
2019-01-24 11:00,{},14.52,2258,14.53,14.45,14.53,1.525,798.0
2019-01-24 11:05,{},14.5,2258,14.52,14.46,14.52,1.1944,625.0
2019-01-24 11:10,{},14.5,2258,14.52,14.48,14.5,1.6434,860.0
2019-01-24 11:15,{},14.49,2258,14.52,14.47,14.5,1.4084,737.0
2019-01-24 11:20,{},14.5,2258,14.52,14.48,14.49,1.1924,624.0
2019-01-24 11:25,{},14.54,2258,14.54,14.49,14.5,3.8334,2006.0
2019-01-24 11:30,{},14.56,2258,14.56,14.52,14.54,3.199,1674.0
2019-01-24 13:05,{},14.52,2258,14.56,14.51,14.56,2.511,1314.0
2019-01-24 13:10,{},14.54,2258,14.57,14.51,14.52,2.5378,1328.0
2019-01-24 13:15,{},14.56,2258,14.57,14.5,14.54,4.0188,2103.0
2019-01-24 13:20,{},14.56,2258,14.6,14.55,14.56,4.7144,2467.0
2019-01-24 13:25,{},14.6,2258,14.6,14.55,14.57,3.8602,2020.0
2019-01-24 13:30,{},14.6,2258,14.64,14.57,14.6,6.0673,3175.0
2019-01-24 13:35,{},14.66,2258,14.67,14.6,14.6,6.8241,3571.0
2019-01-24 13:40,{},14.61,2258,14.67,14.6,14.66,1.0912,571.0
2019-01-24 13:45,{},14.62,2258,14.66,14.61,14.61,0.7701,403.0
2019-01-24 13:50,{},14.62,2258,14.63,14.6,14.62,0.944,494.0
2019-01-24 13:50,{},14.62,2258,14.63,14.6,14.62,0.9440000000000001,494.0
2019-01-24 13:55,{},14.62,2258,14.64,14.6,14.62,2.1174,1108.0
2019-01-24 14:00,{},14.56,2258,14.62,14.56,14.62,3.0786,1611.0
2019-01-24 14:05,{},14.58,2258,14.59,14.55,14.58,1.0185,533.0
2019-01-24 14:10,{},14.58,2258,14.62,14.57,14.58,1.5746,824.0
2019-01-24 14:15,{},14.59,2258,14.6,14.58,14.58,0.6497,340.0
2019-01-24 14:20,{},14.57,2258,14.6,14.57,14.59,1.3816,723.0
2019-01-24 14:25,{},14.57,2258,14.59,14.57,14.57,0.8427,441.0
2019-01-24 14:30,{},14.57,2258,14.58,14.56,14.57,0.5274,276.0
2019-01-24 14:35,{},14.58,2258,14.59,14.55,14.57,1.5422,807.0
2019-01-24 14:40,{},14.58,2258,14.59,14.56,14.58,1.5135,792.0
2019-01-24 14:45,{},14.62,2258,14.64,14.57,14.58,7.319,3830.0
2019-01-24 14:50,{},14.61,2258,14.65,14.61,14.62,2.7117,1419.0
2019-01-24 14:55,{},14.61,2258,14.63,14.6,14.61,3.2773,1715.0
2019-01-24 15:00,{},14.62,2258,14.62,14.6,14.61,2.8435,1488.0
2019-01-25 09:35,{},14.53,2258,14.64,14.51,14.64,3.178,1663.0
2019-01-25 09:40,{},14.52,2258,14.55,14.45,14.53,4.4679,2338.0
2019-01-25 09:45,{},14.58,2258,14.62,14.5,14.52,2.6333,1378.0
2019-01-25 09:50,{},14.52,2258,14.59,14.5,14.58,2.3333,1221.0
2019-01-25 09:55,{},14.58,2258,14.58,14.51,14.52,1.9435,1017.0
2019-01-25 10:00,{},14.52,2258,14.58,14.52,14.58,1.7657,924.0
2019-01-25 10:05,{},14.56,2258,14.57,14.52,14.52,1.1829,619.0
2019-01-25 10:10,{},14.55,2258,14.56,14.51,14.55,2.0849,1091.0
2019-01-25 10:15,{},14.56,2258,14.56,14.51,14.55,1.2612,660.0
2019-01-25 10:20,{},14.64,2258,14.64,14.55,14.56,2.9257,1531.0
2019-01-25 10:25,{},14.73,2258,14.79,14.64,14.64,7.3725,3858.0
2019-01-25 10:30,{},14.74,2258,14.75,14.71,14.73,2.8951,1515.0
2019-01-25 10:35,{},14.71,2258,14.74,14.7,14.74,2.2969999999999997,1202.0
2019-01-25 10:35,{},14.71,2258,14.74,14.7,14.74,2.297,1202.0
2019-01-25 10:40,{},14.67,2258,14.72,14.63,14.71,2.2989,1203.0
2019-01-25 10:45,{},14.7,2258,14.7,14.64,14.67,1.1026,577.0
2019-01-25 10:50,{},14.68,2258,14.72,14.68,14.7,2.2339,1169.0
2019-01-25 10:55,{},14.66,2258,14.7,14.66,14.68,1.5498,811.0
2019-01-25 11:00,{},14.62,2258,14.68,14.62,14.66,1.7371,909.0
2019-01-25 11:05,{},14.62,2258,14.65,14.61,14.62,0.9593,502.0
2019-01-25 11:10,{},14.62,2258,14.65,14.61,14.62,1.137,595.0
2019-01-25 11:15,{},14.63,2258,14.66,14.61,14.62,1.1829,619.0
2019-01-25 11:20,{},14.65,2258,14.66,14.61,14.62,1.181,618.0
2019-01-25 11:25,{},14.62,2258,14.66,14.62,14.65,1.0721,561.0
2019-01-25 11:30,{},14.65,2258,14.66,14.62,14.62,0.7644,400.0
2019-01-25 13:05,{},14.65,2258,14.65,14.62,14.65,1.7696,926.0
2019-01-25 13:10,{},14.66,2258,14.7,14.63,14.65,1.4084,737.0
2019-01-25 13:15,{},14.68,2258,14.69,14.63,14.68,1.6625,870.0
2019-01-25 13:20,{},14.65,2258,14.69,14.64,14.68,1.3893,727.0
2019-01-25 13:25,{},14.69,2258,14.69,14.64,14.65,1.3415,702.0
2019-01-25 13:30,{},14.73,2258,14.74,14.65,14.69,3.9958,2091.0
2019-01-25 13:35,{},14.73,2258,14.74,14.7,14.73,2.5435,1331.0
2019-01-25 13:40,{},14.7,2258,14.73,14.7,14.73,2.2225,1163.0
2019-01-25 13:45,{},14.7,2258,14.72,14.7,14.7,1.5594,816.0
2019-01-25 13:50,{},14.72,2258,14.72,14.68,14.71,2.8416,1487.0
2019-01-25 13:55,{},14.72,2258,14.75,14.7,14.72,3.7417,1958.0
2019-01-25 14:00,{},14.72,2258,14.73,14.7,14.72,4.0627,2126.0
2019-01-25 14:05,{},14.69,2258,14.72,14.69,14.72,2.7996,1465.0
2019-01-25 14:10,{},14.68,2258,14.7,14.67,14.69,1.5116,791.0
2019-01-25 14:15,{},14.7,2258,14.7,14.67,14.68,1.2517,655.0
2019-01-25 14:20,{},14.68,2258,14.7,14.67,14.7,1.1141,583.0
2019-01-25 14:25,{},14.66,2258,14.68,14.66,14.68,2.3639,1237.0
2019-01-25 14:30,{},14.62,2258,14.67,14.61,14.66,2.92,1528.0
2019-01-25 14:35,{},14.57,2258,14.61,14.55,14.61,5.9183,3097.0
2019-01-25 14:40,{},14.49,2258,14.57,14.48,14.57,6.1610000000000005,3224.0
2019-01-25 14:45,{},14.53,2258,14.55,14.49,14.49,1.9377,1014.0
2019-01-25 14:50,{},14.49,2258,14.56,14.48,14.53,4.6226,2419.0
2019-01-25 14:55,{},14.54,2258,14.55,14.47,14.49,5.4845,2870.0
2019-01-25 15:00,{},14.51,2258,14.55,14.51,14.54,1.3472,705.0
2019-01-28 09:35,{},14.57,2258,14.68,14.53,14.6,5.431,2842.0
2019-01-28 09:40,{},14.49,2258,14.58,14.45,14.57,5.1061,2672.0
2019-01-28 09:45,{},14.51,2258,14.52,14.48,14.5,5.1539,2697.0
2019-01-28 09:50,{},14.5,2258,14.52,14.49,14.51,3.006,1573.0
2019-01-28 09:55,{},14.5,2258,14.55,14.49,14.5,6.8107,3564.0
2019-01-28 10:00,{},14.56,2258,14.56,14.46,14.5,7.7758,4069.0
2019-01-28 10:05,{},14.62,2258,14.63,14.54,14.56,3.8124,1995.0
2019-01-28 10:10,{},14.65,2258,14.68,14.63,14.63,5.3718,2811.0
2019-01-28 10:15,{},14.72,2258,14.73,14.65,14.65,6.0349,3158.0
2019-01-28 10:20,{},14.75,2258,14.79,14.72,14.72,6.9731,3649.0
2019-01-28 10:25,{},14.82,2258,14.86,14.75,14.75,7.9057,4137.0
2019-01-28 10:30,{},14.8,2258,14.84,14.78,14.82,3.1474,1647.0
2019-01-28 10:35,{},14.8,2258,14.8,14.77,14.8,3.3958,1777.0
2019-01-28 10:40,{},14.8,2258,14.85,14.78,14.84,2.3792,1245.0
2019-01-28 10:45,{},14.77,2258,14.83,14.76,14.8,3.52,1842.0
2019-01-28 10:50,{},14.76,2258,14.8,14.73,14.77,1.7963,940.0
2019-01-28 10:55,{},14.78,2258,14.78,14.73,14.76,1.9626,1027.0
2019-01-28 11:00,{},14.78,2258,14.79,14.77,14.78,1.3281,695.0
2019-01-28 11:05,{},14.81,2258,14.81,14.75,14.78,3.4283,1794.0
2019-01-28 11:10,{},14.81,2258,14.82,14.79,14.81,2.4556,1285.0
2019-01-28 11:15,{},14.96,2258,14.96,14.81,14.81,16.2681,8513.0
2019-01-28 11:20,{},15.04,2258,15.11,14.94,14.96,16.035,8391.0
2019-01-28 11:25,{},15.01,2258,15.08,15.0,15.04,4.3857,2295.0
2019-01-28 11:30,{},15.06,2258,15.08,15.0,15.01,3.8028,1990.0
2019-01-28 13:05,{},15.0,2258,15.06,14.99,15.06,4.1105,2151.0
2019-01-28 13:10,{},14.97,2258,15.04,14.95,15.0,4.315,2258.0
2019-01-28 13:15,{},15.01,2258,15.05,14.97,14.97,3.9079,2045.0
2019-01-28 13:20,{},15.0,2258,15.03,14.98,15.01,1.846,966.0
2019-01-28 13:25,{},14.93,2258,15.01,14.92,15.0,2.3658,1238.0
2019-01-28 13:30,{},14.91,2258,14.96,14.9,14.93,1.9798,1036.0
2019-01-28 13:35,{},14.9,2258,14.94,14.88,14.91,1.2899,675.0
2019-01-28 13:40,{},14.9,2258,14.92,14.9,14.9,1.1944,625.0
2019-01-28 13:45,{},14.82,2258,14.91,14.81,14.9,3.0862,1615.0
2019-01-28 13:50,{},14.81,2258,14.83,14.77,14.82,4.6169,2416.0
2019-01-28 13:55,{},14.86,2258,14.86,14.79,14.8,4.0933,2142.0
2019-01-28 14:00,{},14.9,2258,14.98,14.85,14.86,2.4881,1302.0
2019-01-28 14:05,{},14.91,2258,14.93,14.85,14.9,4.8787,2553.0
2019-01-28 14:10,{},14.97,2258,14.99,14.89,14.91,2.5607,1340.0
2019-01-28 14:15,{},14.98,2258,15.0,14.97,14.97,2.9009,1518.0
2019-01-28 14:20,{},14.97,2258,14.99,14.96,14.98,2.6792,1402.0
2019-01-28 14:25,{},14.96,2258,14.98,14.94,14.96,1.8212,953.0
2019-01-28 14:30,{},14.95,2258,14.98,14.94,14.96,1.5613,817.0
2019-01-28 14:35,{},14.97,2258,14.98,14.95,14.95,1.653,865.0
2019-01-28 14:40,{},14.99,2258,14.99,14.96,14.97,2.4728,1294.0
2019-01-28 14:45,{},15.03,2258,15.04,14.97,14.99,8.9243,4670.0
2019-01-28 14:50,{},15.03,2258,15.04,15.01,15.03,7.1184,3725.0
2019-01-28 14:55,{},15.04,2258,15.04,15.02,15.03,7.4089,3877.0
2019-01-28 15:00,{},15.05,2258,15.05,15.04,15.04,6.3483,3322.0
2019-01-29 09:35,{},14.91,2258,14.95,14.81,14.87,6.5088,3406.0
2019-01-29 09:40,{},15.01,2258,15.05,14.9,14.91,3.7149,1944.0
2019-01-29 09:45,{},15.06,2258,15.09,15.01,15.01,3.7149,1944.0
2019-01-29 09:50,{},15.02,2258,15.12,15.02,15.06,3.5277,1846.0
2019-01-29 09:55,{},14.94,2258,15.05,14.94,15.02,3.1072,1626.0
2019-01-29 10:00,{},14.86,2258,14.98,14.85,14.94,4.7201,2470.0
2019-01-29 10:05,{},14.75,2258,14.93,14.75,14.86,7.5636,3958.0
2019-01-29 10:10,{},14.7,2258,14.79,14.7,14.75,9.2396,4835.0
2019-01-29 10:15,{},14.75,2258,14.8,14.65,14.7,6.096,3190.0
2019-01-29 10:20,{},14.74,2258,14.78,14.68,14.75,5.0048,2619.0
2019-01-29 10:25,{},14.7,2258,14.74,14.66,14.74,3.09,1617.0
2019-01-29 10:30,{},14.78,2258,14.8,14.69,14.7,2.1498,1125.0
2019-01-29 10:35,{},14.93,2258,14.93,14.78,14.78,5.3565,2803.0
2019-01-29 10:40,{},14.99,2258,14.99,14.92,14.93,1.9282,1009.0
2019-01-29 10:45,{},14.97,2258,15.05,14.95,14.99,2.6563,1390.0
2019-01-29 10:50,{},14.99,2258,15.03,14.98,14.98,2.7881,1459.0
2019-01-29 10:55,{},14.99,2258,15.02,14.98,14.99,2.2072,1155.0
2019-01-29 11:00,{},14.92,2258,14.99,14.84,14.99,1.7982,941.0
2019-01-29 11:05,{},15.05,2258,15.05,14.92,14.92,1.9779,1035.0
2019-01-29 11:10,{},15.06,2258,15.06,15.0,15.05,4.3417,2272.0
2019-01-29 11:15,{},15.02,2258,15.06,15.0,15.06,1.0931,572.0
2019-01-29 11:20,{},14.95,2258,15.02,14.95,15.02,1.523,797.0
2019-01-29 11:25,{},14.97,2258,14.99,14.9,14.95,1.3262,694.0
2019-01-29 11:30,{},14.97,2258,15.01,14.96,14.97,1.03,539.0
2019-01-29 13:05,{},14.94,2258,14.97,14.91,14.97,1.6262,851.0
2019-01-29 13:10,{},14.91,2258,14.98,14.91,14.94,1.3874,726.0
2019-01-29 13:15,{},14.97,2258,14.97,14.89,14.91,1.3014,681.0
2019-01-29 13:20,{},14.91,2258,14.97,14.88,14.97,1.5326,802.0
2019-01-29 13:25,{},14.9,2258,14.94,14.88,14.91,1.588,831.0
2019-01-29 13:30,{},15.03,2258,15.03,14.89,14.9,5.1386,2689.0
2019-01-29 13:35,{},15.04,2258,15.05,15.0,15.03,2.404,1258.0
2019-01-29 13:40,{},15.04,2258,15.05,15.0,15.04,1.611,843.0
2019-01-29 13:45,{},14.98,2258,15.04,14.96,15.04,1.2135,635.0
2019-01-29 13:50,{},14.94,2258,14.99,14.93,14.98,1.0568,553.0
2019-01-29 13:55,{},14.94,2258,14.99,14.93,14.94,1.0185,533.0
2019-01-29 14:00,{},14.92,2258,14.99,14.92,14.94,1.8422,964.0
2019-01-29 14:05,{},14.91,2258,14.98,14.89,14.92,2.1957,1149.0
2019-01-29 14:10,{},14.96,2258,14.98,14.91,14.91,1.804,944.0
2019-01-29 14:15,{},14.97,2258,15.01,14.95,14.96,1.8384,962.0
2019-01-29 14:20,{},14.96,2258,15.02,14.96,14.97,2.1613,1131.0
2019-01-29 14:25,{},14.95,2258,14.98,14.95,14.96,2.9372,1537.0
2019-01-29 14:30,{},14.95,2258,14.97,14.95,14.95,4.2577,2228.0
2019-01-29 14:35,{},14.89,2258,14.95,14.89,14.95,1.7963,940.0
2019-01-29 14:40,{},14.87,2258,14.9,14.86,14.89,2.2702,1188.0
2019-01-29 14:45,{},14.88,2258,14.88,14.86,14.87,1.5746,824.0
2019-01-29 14:50,{},14.91,2258,14.91,14.87,14.88,1.6033,839.0
2019-01-29 14:55,{},14.91,2258,14.91,14.89,14.91,2.3581,1234.0
2019-01-29 15:00,{},14.9,2258,14.93,14.9,14.91,1.5383,805.0
2019-01-30 09:35,{},14.87,2258,14.88,14.66,14.69,3.1378,1642.0
2019-01-30 09:40,{},14.86,2258,14.96,14.84,14.87,3.3652,1761.0
2019-01-30 09:45,{},14.79,2258,14.9,14.78,14.86,2.2186,1161.0
2019-01-30 09:50,{},14.84,2258,14.87,14.79,14.8,1.3148,688.0
2019-01-30 09:55,{},14.87,2258,14.92,14.84,14.84,1.1045,578.0
2019-01-30 10:00,{},14.93,2258,14.93,14.87,14.87,1.1791,617.0
2019-01-30 10:05,{},14.85,2258,14.93,14.85,14.93,0.7185,376.0
2019-01-30 10:10,{},14.82,2258,14.88,14.81,14.85,0.4758,249.0
2019-01-30 10:15,{},14.86,2258,14.89,14.82,14.82,1.1332,593.0
2019-01-30 10:20,{},14.85,2258,14.89,14.84,14.86,0.3249,170.0
2019-01-30 10:25,{},14.75,2258,14.85,14.72,14.85,1.6989,889.0
2019-01-30 10:30,{},14.8,2258,14.8,14.71,14.75,2.6696,1397.0
2019-01-30 10:35,{},14.77,2258,14.8,14.75,14.8,1.1237,588.0
2019-01-30 10:40,{},14.75,2258,14.8,14.75,14.77,0.902,472.0
2019-01-30 10:45,{},14.76,2258,14.78,14.73,14.75,1.0281,538.0
2019-01-30 10:50,{},14.77,2258,14.78,14.76,14.76,0.3746,196.0
2019-01-30 10:55,{},14.77,2258,14.8,14.75,14.77,0.6172,323.0
2019-01-30 11:00,{},14.76,2258,14.79,14.75,14.77,0.7090000000000001,371.0
2019-01-30 11:05,{},14.76,2258,14.79,14.75,14.76,0.4644,243.0
2019-01-30 11:10,{},14.8,2258,14.82,14.76,14.76,0.9689,507.0
2019-01-30 11:15,{},14.87,2258,14.88,14.8,14.8,0.9001,471.0
2019-01-30 11:20,{},14.86,2258,14.9,14.86,14.87,0.8141,426.0
2019-01-30 11:25,{},14.83,2258,14.86,14.83,14.86,0.4605,241.0
2019-01-30 11:30,{},14.8,2258,14.84,14.8,14.83,0.4414,231.0
2019-01-30 13:05,{},14.77,2258,14.82,14.77,14.8,0.5121,268.0
2019-01-30 13:10,{},14.75,2258,14.78,14.75,14.77,0.8198,429.0
2019-01-30 13:15,{},14.75,2258,14.76,14.75,14.75,0.8332,436.0
2019-01-30 13:20,{},14.76,2258,14.77,14.75,14.75,0.7281,381.0
2019-01-30 13:25,{},14.75,2258,14.77,14.75,14.76,0.3478,182.0
2019-01-30 13:30,{},14.76,2258,14.77,14.75,14.75,0.2026,106.0
2019-01-30 13:35,{},14.76,2258,14.78,14.75,14.76,0.3975,208.0
2019-01-30 13:40,{},14.73,2258,14.76,14.73,14.75,0.6956,364.0
2019-01-30 13:45,{},14.71,2258,14.73,14.69,14.73,1.76,921.0
2019-01-30 13:50,{},14.69,2258,14.72,14.69,14.71,1.6167,846.0
2019-01-30 13:55,{},14.63,2258,14.69,14.61,14.69,2.7747,1452.0
2019-01-30 14:00,{},14.58,2258,14.65,14.58,14.64,7.8923,4130.0
2019-01-30 14:05,{},14.63,2258,14.63,14.58,14.58,2.1498,1125.0
2019-01-30 14:10,{},14.65,2258,14.67,14.63,14.63,0.8275,433.0
2019-01-30 14:15,{},14.63,2258,14.66,14.63,14.65,2.2798,1193.0
2019-01-30 14:20,{},14.64,2258,14.65,14.62,14.63,4.0474,2118.0
2019-01-30 14:25,{},14.62,2258,14.65,14.62,14.64,2.5722,1346.0
2019-01-30 14:30,{},14.67,2258,14.7,14.65,14.65,1.7199,900.0
2019-01-30 14:35,{},14.62,2258,14.68,14.62,14.67,1.6071,841.0
2019-01-30 14:40,{},14.65,2258,14.65,14.61,14.62,0.6,314.0
2019-01-30 14:45,{},14.65,2258,14.65,14.63,14.65,1.2039,630.0
2019-01-30 14:50,{},14.66,2258,14.69,14.65,14.65,1.0912,571.0
2019-01-30 14:55,{},14.63,2258,14.66,14.62,14.66,1.9129,1001.0
2019-01-30 15:00,{},14.62,2258,14.63,14.62,14.63,1.3530000000000002,708.0
2019-01-31 09:35,{},14.69,2258,14.77,14.58,14.58,3.7761,1976.0
2019-01-31 09:40,{},14.71,2258,14.78,14.7,14.7,2.2588,1182.0
2019-01-31 09:45,{},14.62,2258,14.71,14.6,14.71,3.8048,1991.0
2019-01-31 09:50,{},14.53,2258,14.62,14.53,14.62,3.1569,1652.0
2019-01-31 09:55,{},14.49,2258,14.55,14.46,14.53,4.7335,2477.0
2019-01-31 10:00,{},14.6,2258,14.61,14.46,14.48,2.8856,1510.0
2019-01-31 10:05,{},14.53,2258,14.61,14.53,14.6,1.1944,625.0
2019-01-31 10:10,{},14.57,2258,14.6,14.5,14.53,2.1365,1118.0
2019-01-31 10:15,{},14.57,2258,14.6,14.55,14.57,0.7892,413.0
2019-01-31 10:20,{},14.6,2258,14.6,14.55,14.57,1.1237,588.0
2019-01-31 10:25,{},14.58,2258,14.6,14.58,14.6,0.4797,251.0
2019-01-31 10:30,{},14.64,2258,14.64,14.56,14.58,1.3205,691.0
2019-01-31 10:35,{},14.68,2258,14.69,14.64,14.64,1.5097,790.0
2019-01-31 10:40,{},14.79,2258,14.79,14.67,14.68,2.4537,1284.0
2019-01-31 10:45,{},14.83,2258,14.84,14.78,14.79,2.6715,1398.0
2019-01-31 10:50,{},14.84,2258,14.85,14.82,14.83,2.6754,1400.0
2019-01-31 10:55,{},14.8,2258,14.84,14.8,14.84,2.1842,1143.0
2019-01-31 11:00,{},14.8,2258,14.81,14.79,14.8,1.3396,701.0
2019-01-31 11:05,{},14.77,2258,14.8,14.7,14.8,1.1275,590.0
2019-01-31 11:10,{},14.78,2258,14.79,14.77,14.77,0.493,258.0
2019-01-31 11:15,{},14.8,2258,14.81,14.77,14.78,0.9574,501.0
2019-01-31 11:20,{},14.77,2258,14.8,14.76,14.8,0.7223,378.0
2019-01-31 11:25,{},14.78,2258,14.78,14.76,14.77,0.7701,403.0
2019-01-31 11:30,{},14.76,2258,14.78,14.76,14.78,0.3306,173.0
2019-01-31 13:05,{},14.69,2258,14.78,14.69,14.76,2.5091,1313.0
2019-01-31 13:10,{},14.69,2258,14.7,14.65,14.69,1.4313,749.0
2019-01-31 13:15,{},14.66,2258,14.71,14.66,14.7,0.9937,520.0
2019-01-31 13:20,{},14.67,2258,14.68,14.65,14.66,0.6,314.0
2019-01-31 13:25,{},14.59,2258,14.68,14.59,14.67,1.2345,646.0
2019-01-31 13:30,{},14.62,2258,14.64,14.59,14.59,0.665,348.0
2019-01-31 13:35,{},14.63,2258,14.64,14.58,14.62,1.1485,601.0
2019-01-31 13:40,{},14.62,2258,14.63,14.6,14.63,0.8561,448.0
2019-01-31 13:45,{},14.6,2258,14.62,14.57,14.62,0.9192,481.0
2019-01-31 13:50,{},14.54,2258,14.6,14.54,14.6,1.4772,773.0
2019-01-31 13:55,{},14.5,2258,14.56,14.5,14.54,3.0423,1592.0
2019-01-31 14:00,{},14.5,2258,14.52,14.48,14.5,2.2378,1171.0
2019-01-31 14:05,{},14.5,2258,14.52,14.47,14.5,2.7136,1420.0
2019-01-31 14:10,{},14.51,2258,14.52,14.48,14.5,1.9339,1012.0
2019-01-31 14:15,{},14.51,2258,14.52,14.49,14.51,2.4002,1256.0
2019-01-31 14:20,{},14.58,2258,14.58,14.5,14.51,0.9765,511.0
2019-01-31 14:25,{},14.55,2258,14.59,14.55,14.58,0.8886,465.0
2019-01-31 14:30,{},14.51,2258,14.56,14.5,14.55,1.267,663.0
2019-01-31 14:35,{},14.55,2258,14.56,14.51,14.51,1.3969,731.0
2019-01-31 14:40,{},14.62,2258,14.62,14.55,14.55,1.6243,850.0
2019-01-31 14:45,{},14.62,2258,14.62,14.6,14.62,1.0701,560.0
2019-01-31 14:50,{},14.6,2258,14.64,14.59,14.62,1.202,629.0
2019-01-31 14:55,{},14.62,2258,14.63,14.58,14.6,2.7346,1431.0
2019-01-31 15:00,{},14.6,2258,14.63,14.6,14.62,0.6746,353.0
2019-02-01 09:35,{},14.82,2258,14.92,14.74,14.74,4.7927,2508.0
2019-02-01 09:40,{},14.77,2258,14.82,14.71,14.81,2.1116,1105.0
2019-02-01 09:45,{},14.71,2258,14.8,14.7,14.77,1.2995,680.0
2019-02-01 09:50,{},14.72,2258,14.73,14.63,14.71,1.0224,535.0
2019-02-01 09:55,{},14.7,2258,14.75,14.7,14.72,0.6402,335.0
2019-02-01 10:00,{},14.62,2258,14.7,14.62,14.7,1.074,562.0
2019-02-01 10:05,{},14.72,2258,14.72,14.6,14.62,1.288,674.0
2019-02-01 10:10,{},14.69,2258,14.72,14.69,14.72,0.5198,272.0
2019-02-01 10:15,{},14.71,2258,14.72,14.68,14.69,0.9421,493.0
2019-02-01 10:20,{},14.76,2258,14.76,14.69,14.71,0.944,494.0
2019-02-01 10:25,{},14.77,2258,14.77,14.75,14.76,1.5269,799.0
2019-02-01 10:30,{},14.77,2258,14.79,14.75,14.77,1.0491,549.0
2019-02-01 10:35,{},14.77,2258,14.77,14.74,14.77,2.2683,1187.0
2019-02-01 10:40,{},14.79,2258,14.8,14.76,14.77,1.609,842.0
2019-02-01 10:45,{},14.8,2258,14.8,14.78,14.79,1.3415,702.0
2019-02-01 10:50,{},14.78,2258,14.8,14.77,14.8,0.4529,237.0
2019-02-01 10:55,{},14.8,2258,14.8,14.77,14.78,0.9364,490.0
2019-02-01 11:00,{},14.83,2258,14.83,14.8,14.8,1.2096,633.0
2019-02-01 11:05,{},14.8,2258,14.83,14.8,14.83,0.6268,328.0
2019-02-01 11:10,{},14.78,2258,14.83,14.78,14.8,1.0415,545.0
2019-02-01 11:15,{},14.79,2258,14.82,14.78,14.78,0.451,236.0
2019-02-01 11:20,{},14.81,2258,14.82,14.79,14.79,0.5752,301.0
2019-02-01 11:25,{},14.79,2258,14.82,14.78,14.81,0.5714,299.0
2019-02-01 11:30,{},14.79,2258,14.8,14.79,14.79,0.2026,106.0
2019-02-01 13:05,{},14.78,2258,14.81,14.77,14.79,1.1867,621.0
2019-02-01 13:10,{},14.8,2258,14.8,14.77,14.78,0.5255,275.0
2019-02-01 13:15,{},14.79,2258,14.81,14.79,14.8,0.4376,229.0
2019-02-01 13:20,{},14.8,2258,14.82,14.79,14.79,0.6134,321.0
2019-02-01 13:25,{},14.9,2258,14.9,14.79,14.8,3.1149,1630.0
2019-02-01 13:30,{},14.9,2258,14.92,14.88,14.9,2.6027,1362.0
2019-02-01 13:35,{},14.88,2258,14.9,14.86,14.88,1.9683,1030.0
2019-02-01 13:40,{},14.88,2258,14.9,14.86,14.88,1.8823,985.0
2019-02-01 13:45,{},14.89,2258,14.89,14.87,14.88,1.5536,813.0
2019-02-01 13:50,{},14.89,2258,14.9,14.88,14.89,1.5001,785.0
2019-02-01 13:55,{},14.89,2258,14.93,14.89,14.9,2.5722,1346.0
2019-02-01 14:00,{},14.91,2258,14.91,14.89,14.89,2.9563,1547.0
2019-02-01 14:05,{},14.93,2258,14.94,14.9,14.91,1.9989,1046.0
2019-02-01 14:10,{},14.94,2258,14.95,14.93,14.94,1.9339,1012.0
2019-02-01 14:15,{},14.93,2258,14.95,14.93,14.94,1.0128,530.0
2019-02-01 14:20,{},14.94,2258,14.94,14.93,14.93,0.795,416.0
2019-02-01 14:25,{},14.93,2258,14.94,14.92,14.94,1.7027,891.0
2019-02-01 14:30,{},14.91,2258,14.93,14.9,14.93,1.7638,923.0
2019-02-01 14:35,{},14.92,2258,14.93,14.91,14.91,1.6740000000000002,876.0
2019-02-01 14:40,{},14.91,2258,14.92,14.9,14.92,1.7428,912.0
2019-02-01 14:45,{},14.91,2258,14.92,14.89,14.91,4.378,2291.0
2019-02-01 14:50,{},14.91,2258,14.92,14.9,14.91,2.3199,1214.0
2019-02-01 14:55,{},14.96,2258,14.98,14.9,14.9,16.2853,8522.0
2019-02-01 15:00,{},14.98,2258,14.98,14.96,14.97,2.7766,1453.0
2019-02-12 14:55,{},15.32,2258,15.34,15.3,15.33,2.7614,1445.0
2019-02-12 15:00,{},15.32,2258,15.32,15.31,15.32,2.4919,1304.0
2019-02-13 09:35,{},15.34,2258,15.34,15.21,15.26,2.3925,1252.0
2019-02-13 09:40,{},15.34,2258,15.4,15.33,15.34,2.4766,1296.0
2019-02-13 09:45,{},15.32,2258,15.34,15.3,15.33,1.8613,974.0
2019-02-13 09:50,{},15.31,2258,15.33,15.27,15.32,1.0128,530.0
2019-02-13 09:55,{},15.31,2258,15.33,15.3,15.31,1.1905,623.0
2019-02-13 10:00,{},15.34,2258,15.35,15.31,15.31,1.2765,668.0
2019-02-13 10:05,{},15.36,2258,15.37,15.34,15.34,2.0142,1054.0
2019-02-13 10:10,{},15.34,2258,15.36,15.33,15.36,1.0912,571.0
2019-02-13 10:15,{},15.36,2258,15.42,15.34,15.34,2.5072,1312.0
2019-02-13 10:20,{},15.32,2258,15.38,15.32,15.36,2.0065,1050.0
2019-02-13 10:25,{},15.3,2258,15.32,15.28,15.32,1.4963,783.0
2019-02-13 10:30,{},15.37,2258,15.37,15.29,15.3,3.1913,1670.0
2019-02-13 10:35,{},15.37,2258,15.38,15.33,15.37,1.0778,564.0
2019-02-13 10:40,{},15.37,2258,15.39,15.34,15.37,1.5288,800.0
2019-02-13 10:45,{},15.42,2258,15.45,15.37,15.37,3.1952,1672.0
2019-02-13 10:50,{},15.44,2258,15.45,15.41,15.42,2.167,1134.0
2019-02-13 10:55,{},15.37,2258,15.44,15.37,15.44,1.5269,799.0
2019-02-13 11:00,{},15.4,2258,15.41,15.36,15.37,1.7180000000000002,899.0
2019-02-13 11:05,{},15.35,2258,15.39,15.35,15.39,1.6492,863.0
2019-02-13 11:10,{},15.32,2258,15.36,15.31,15.35,1.0109,529.0
2019-02-13 11:15,{},15.36,2258,15.37,15.3,15.32,1.9912,1042.0
2019-02-13 11:20,{},15.34,2258,15.36,15.34,15.36,0.9631,504.0
2019-02-13 11:25,{},15.37,2258,15.38,15.34,15.34,1.4772,773.0
2019-02-13 11:30,{},15.34,2258,15.37,15.33,15.37,0.6593,345.0
2019-02-13 13:05,{},15.39,2258,15.39,15.33,15.34,1.8459999999999999,966.0
2019-02-13 13:10,{},15.4,2258,15.42,15.38,15.39,1.1447,599.0
2019-02-13 13:15,{},15.39,2258,15.4,15.38,15.4,1.2670000000000001,663.0
2019-02-13 13:20,{},15.42,2258,15.42,15.38,15.38,0.8141,426.0
2019-02-13 13:25,{},15.41,2258,15.42,15.39,15.42,1.7524,917.0
2019-02-13 13:30,{},15.44,2258,15.44,15.4,15.41,3.0327,1587.0
2019-02-13 13:35,{},15.48,2258,15.49,15.44,15.44,3.8563,2018.0
2019-02-13 13:40,{},15.5,2258,15.52,15.48,15.48,6.0387,3160.0
2019-02-13 13:45,{},15.46,2258,15.5,15.46,15.5,0.879,460.0
2019-02-13 13:50,{},15.45,2258,15.47,15.45,15.46,4.1162,2154.0
2019-02-13 13:55,{},15.45,2258,15.47,15.44,15.45,1.1007,576.0
2019-02-13 14:00,{},15.46,2258,15.47,15.43,15.45,1.6549,866.0
2019-02-13 14:05,{},15.52,2258,15.54,15.46,15.46,4.3264,2264.0
2019-02-13 14:10,{},15.5,2258,15.54,15.47,15.51,3.2506,1701.0
2019-02-13 14:15,{},15.55,2258,15.57,15.51,15.55,2.8359,1484.0
2019-02-13 14:20,{},15.6,2258,15.6,15.54,15.55,4.7851,2504.0
2019-02-13 14:25,{},15.58,2258,15.6,15.58,15.6,1.6912,885.0
2019-02-13 14:30,{},15.6,2258,15.62,15.57,15.58,2.2034,1153.0
2019-02-13 14:35,{},15.58,2258,15.62,15.58,15.6,3.3117,1733.0
2019-02-13 14:40,{},15.54,2258,15.58,15.53,15.58,1.6797,879.0
2019-02-13 14:45,{},15.52,2258,15.55,15.52,15.54,1.6071,841.0
2019-02-13 14:50,{},15.5,2258,15.52,15.49,15.52,2.576,1348.0
2019-02-13 14:55,{},15.47,2258,15.51,15.47,15.5,3.2926,1723.0
2019-02-13 15:00,{},15.47,2258,15.48,15.46,15.47,2.0849,1091.0
2019-02-14 09:35,{},15.39,2258,15.47,15.33,15.46,2.9009,1518.0
2019-02-14 09:40,{},15.54,2258,15.54,15.37,15.39,3.3079,1731.0
2019-02-14 09:45,{},15.53,2258,15.55,15.48,15.54,2.276,1191.0
2019-02-14 09:50,{},15.6,2258,15.65,15.53,15.53,4.2385,2218.0
2019-02-14 09:55,{},15.55,2258,15.6,15.51,15.6,2.2167,1160.0
2019-02-14 10:00,{},15.53,2258,15.55,15.51,15.55,2.2721,1189.0
2019-02-14 10:05,{},15.53,2258,15.53,15.48,15.53,3.3308,1743.0
2019-02-14 10:10,{},15.58,2258,15.63,15.52,15.53,3.0041,1572.0
2019-02-14 10:15,{},15.56,2258,15.6,15.55,15.58,1.246,652.0
2019-02-14 10:20,{},15.59,2258,15.59,15.53,15.56,1.1485,601.0
2019-02-14 10:25,{},15.64,2258,15.64,15.57,15.59,1.6129,844.0
2019-02-14 10:30,{},15.72,2258,15.75,15.62,15.64,4.9857,2609.0
2019-02-14 10:35,{},15.76,2258,15.77,15.69,15.72,3.8678,2024.0
2019-02-14 10:40,{},15.8,2258,15.86,15.77,15.77,4.2519,2225.0
2019-02-14 10:45,{},15.73,2258,15.82,15.73,15.8,2.8474,1490.0
2019-02-14 10:50,{},15.69,2258,15.75,15.68,15.73,1.8556,971.0
2019-02-14 10:55,{},15.72,2258,15.72,15.65,15.69,2.1422,1121.0
2019-02-14 11:00,{},15.73,2258,15.76,15.69,15.71,1.4619,765.0
2019-02-14 11:05,{},15.71,2258,15.73,15.7,15.73,1.3759,720.0
2019-02-14 11:10,{},15.73,2258,15.74,15.7,15.71,0.8255,432.0
2019-02-14 11:15,{},15.74,2258,15.75,15.72,15.73,1.1772,616.0
2019-02-14 11:20,{},15.79,2258,15.8,15.74,15.74,1.6052,840.0
2019-02-14 11:25,{},15.82,2258,15.82,15.79,15.79,2.8856,1510.0
2019-02-14 11:30,{},15.81,2258,15.84,15.8,15.82,1.4065,736.0
2019-02-14 13:05,{},15.79,2258,15.83,15.78,15.81,2.6429,1383.0
2019-02-14 13:10,{},15.78,2258,15.79,15.75,15.79,1.5135,792.0
2019-02-14 13:15,{},15.8,2258,15.83,15.78,15.79,1.9549,1023.0
2019-02-14 13:20,{},15.83,2258,15.84,15.8,15.8,1.5116,791.0
2019-02-14 13:25,{},15.9,2258,15.92,15.82,15.83,7.4547,3901.0
2019-02-14 13:30,{},15.92,2258,15.92,15.89,15.89,2.8110000000000004,1471.0
2019-02-14 13:35,{},15.93,2258,15.93,15.9,15.92,2.7422,1435.0
2019-02-14 13:40,{},15.88,2258,15.93,15.88,15.93,2.2492,1177.0
2019-02-14 13:45,{},15.9,2258,15.91,15.88,15.88,2.8531,1493.0
2019-02-14 13:50,{},15.94,2258,15.94,15.9,15.9,3.3175,1736.0
2019-02-14 13:55,{},15.94,2258,15.95,15.93,15.94,2.5244,1321.0
2019-02-14 14:00,{},15.99,2258,16.0,15.94,15.94,5.2399,2742.0
2019-02-14 14:05,{},16.01,2258,16.07,15.99,15.99,3.8888,2035.0
2019-02-14 14:10,{},16.08,2258,16.09,16.01,16.01,4.4067,2306.0
2019-02-14 14:15,{},16.16,2258,16.17,16.06,16.08,5.6603,2962.0
2019-02-14 14:20,{},16.12,2258,16.2,16.12,16.16,5.9718,3125.0
2019-02-14 14:25,{},16.13,2258,16.15,16.11,16.12,3.1053,1625.0
2019-02-14 14:30,{},16.08,2258,16.14,16.07,16.13,2.2358,1170.0
2019-02-14 14:35,{},16.11,2258,16.11,16.06,16.08,2.7422,1435.0
2019-02-14 14:40,{},16.0,2258,16.11,15.97,16.11,3.4894,1826.0
2019-02-14 14:45,{},15.99,2258,16.05,15.98,16.0,2.5301,1324.0
2019-02-14 14:50,{},15.93,2258,16.0,15.93,15.99,2.1747,1138.0
2019-02-14 14:55,{},15.88,2258,15.94,15.84,15.93,5.2017,2722.0
2019-02-14 15:00,{},15.89,2258,15.9,15.87,15.88,1.9951,1044.0
2019-02-15 09:35,{},15.98,2258,15.98,15.77,15.8,2.4499,1282.0
2019-02-15 09:40,{},15.9,2258,15.99,15.9,15.98,3.1665,1657.0
2019-02-15 09:45,{},15.87,2258,15.91,15.84,15.9,3.6194,1894.0
2019-02-15 09:50,{},15.88,2258,15.88,15.82,15.87,3.6098,1889.0
2019-02-15 09:55,{},15.83,2258,15.9,15.82,15.88,3.2639,1708.0
2019-02-15 10:00,{},15.72,2258,15.84,15.71,15.83,5.8782,3076.0
2019-02-15 10:05,{},15.72,2258,15.75,15.71,15.72,2.6180000000000003,1370.0
2019-02-15 10:10,{},15.76,2258,15.83,15.7,15.72,3.3671,1762.0
2019-02-15 10:15,{},15.73,2258,15.8,15.73,15.76,2.5301,1324.0
2019-02-15 10:20,{},15.6,2258,15.74,15.6,15.73,7.3764,3860.0
2019-02-15 10:25,{},15.64,2258,15.65,15.57,15.6,9.4421,4941.0
2019-02-15 10:30,{},15.63,2258,15.68,15.61,15.65,5.1061,2672.0
2019-02-15 10:35,{},15.66,2258,15.66,15.61,15.62,2.9754,1557.0
2019-02-15 10:40,{},15.69,2258,15.7,15.65,15.66,2.5722,1346.0
2019-02-15 10:45,{},15.69,2258,15.72,15.68,15.69,1.2383,648.0
2019-02-15 10:50,{},15.69,2258,15.7,15.68,15.69,1.5804,827.0
2019-02-15 10:55,{},15.72,2258,15.73,15.67,15.69,1.5555,814.0
2019-02-15 11:00,{},15.69,2258,15.72,15.69,15.72,1.5269,799.0
2019-02-15 11:05,{},15.72,2258,15.73,15.69,15.69,0.7357,385.0
2019-02-15 11:10,{},15.72,2258,15.73,15.71,15.72,0.8905,466.0
2019-02-15 11:15,{},15.73,2258,15.73,15.71,15.73,0.7701,403.0
2019-02-15 11:20,{},15.75,2258,15.75,15.73,15.73,0.9039,473.0
2019-02-15 11:25,{},15.73,2258,15.76,15.72,15.75,1.4886,779.0
2019-02-15 11:30,{},15.77,2258,15.78,15.73,15.73,0.4338,227.0
2019-02-15 13:05,{},15.75,2258,15.77,15.73,15.77,0.7013,367.0
2019-02-15 13:10,{},15.7,2258,15.75,15.7,15.75,1.6664,872.0
2019-02-15 13:15,{},15.72,2258,15.72,15.69,15.7,0.4376,229.0
2019-02-15 13:20,{},15.74,2258,15.74,15.69,15.72,1.4562,762.0
2019-02-15 13:25,{},15.73,2258,15.74,15.7,15.74,1.3396,701.0
2019-02-15 13:30,{},15.77,2258,15.78,15.73,15.73,3.2487,1700.0
2019-02-15 13:35,{},15.77,2258,15.79,15.76,15.77,2.253,1179.0
2019-02-15 13:40,{},15.79,2258,15.8,15.76,15.77,1.0912,571.0
2019-02-15 13:45,{},15.93,2258,15.93,15.79,15.79,1.3721,718.0
2019-02-15 13:50,{},15.93,2258,15.93,15.86,15.93,1.1772,616.0
2019-02-15 13:55,{},15.94,2258,15.96,15.93,15.93,1.5938,834.0
2019-02-15 14:00,{},15.91,2258,15.94,15.91,15.94,1.0224,535.0
2019-02-15 14:05,{},15.88,2258,15.91,15.88,15.91,1.1848,620.0
2019-02-15 14:10,{},15.84,2258,15.9,15.84,15.88,1.1581,606.0
2019-02-15 14:15,{},15.85,2258,15.88,15.83,15.84,0.8122,425.0
2019-02-15 14:20,{},15.82,2258,15.85,15.79,15.85,1.5842,829.0
2019-02-15 14:25,{},15.88,2258,15.88,15.82,15.82,0.6994,366.0
2019-02-15 14:30,{},15.86,2258,15.88,15.85,15.88,1.1466,600.0
2019-02-15 14:35,{},15.85,2258,15.9,15.85,15.86,1.8938,991.0
2019-02-15 14:40,{},15.79,2258,15.85,15.78,15.85,0.7395,387.0
2019-02-15 14:45,{},15.79,2258,15.8,15.76,15.79,2.9161,1526.0
2019-02-15 14:50,{},15.79,2258,15.81,15.76,15.79,3.1952,1672.0
2019-02-15 14:55,{},15.8,2258,15.87,15.78,15.79,4.2481,2223.0
2019-02-15 15:00,{},15.76,2258,15.8,15.76,15.8,1.8384,962.0
2019-02-18 09:35,{},16.15,2258,16.15,15.81,15.81,6.1056,3195.0
2019-02-18 09:40,{},16.12,2258,16.15,16.04,16.15,5.8361,3054.0
2019-02-18 09:45,{},16.06,2258,16.12,16.0,16.12,4.9036,2566.0
2019-02-18 09:50,{},16.03,2258,16.08,16.0,16.06,3.5086,1836.0
2019-02-18 09:55,{},16.16,2258,16.17,16.0,16.03,6.5413,3423.0
2019-02-18 10:00,{},16.26,2258,16.28,16.13,16.16,5.7903,3030.0
2019-02-18 10:05,{},16.21,2258,16.28,16.21,16.26,2.4709,1293.0
2019-02-18 10:10,{},16.28,2258,16.28,16.2,16.21,2.5397,1329.0
2019-02-18 10:15,{},16.26,2258,16.32,16.25,16.28,5.345,2797.0
2019-02-18 10:20,{},16.37,2258,16.49,16.26,16.26,4.3398,2271.0
2019-02-18 10:25,{},16.39,2258,16.4,16.37,16.37,2.9811,1560.0
2019-02-18 10:30,{},16.43,2258,16.45,16.32,16.39,6.7285,3521.0
2019-02-18 10:35,{},16.39,2258,16.44,16.38,16.43,0.9746,510.0
2019-02-18 10:40,{},16.38,2258,16.41,16.38,16.39,0.8982,470.0
2019-02-18 10:45,{},16.32,2258,16.38,16.32,16.38,1.1159999999999999,584.0
2019-02-18 10:50,{},16.27,2258,16.32,16.27,16.32,1.1581,606.0
2019-02-18 10:55,{},16.27,2258,16.28,16.25,16.27,0.8007,419.0
2019-02-18 11:00,{},16.37,2258,16.37,16.27,16.27,0.8217,430.0
2019-02-18 11:05,{},16.41,2258,16.41,16.35,16.37,1.051,550.0
2019-02-18 11:10,{},16.38,2258,16.41,16.38,16.41,0.7816,409.0
2019-02-18 11:15,{},16.41,2258,16.41,16.37,16.38,1.7027,891.0
2019-02-18 11:20,{},16.38,2258,16.41,16.37,16.41,1.2746,667.0
2019-02-18 11:25,{},16.4,2258,16.41,16.38,16.38,1.16,607.0
2019-02-18 11:30,{},16.4,2258,16.41,16.38,16.4,1.1772,616.0
2019-02-18 13:05,{},16.46,2258,16.46,16.4,16.4,3.9653,2075.0
2019-02-18 13:10,{},16.46,2258,16.46,16.41,16.46,2.0123,1053.0
2019-02-18 13:15,{},16.45,2258,16.46,16.45,16.46,2.1097,1104.0
2019-02-18 13:20,{},16.46,2258,16.47,16.44,16.45,2.6104,1366.0
2019-02-18 13:25,{},16.47,2258,16.48,16.44,16.46,3.4092,1784.0
2019-02-18 13:30,{},16.44,2258,16.49,16.44,16.47,2.5053,1311.0
2019-02-18 13:35,{},16.44,2258,16.46,16.4,16.44,2.3601,1235.0
2019-02-18 13:40,{},16.41,2258,16.45,16.4,16.44,1.9033,996.0
2019-02-18 13:45,{},16.45,2258,16.46,16.41,16.41,2.9525,1545.0
2019-02-18 13:50,{},16.44,2258,16.45,16.39,16.44,2.0352,1065.0
2019-02-18 13:55,{},16.4,2258,16.45,16.4,16.44,1.4657,767.0
2019-02-18 14:00,{},16.41,2258,16.44,16.4,16.4,1.0644,557.0
2019-02-18 14:05,{},16.41,2258,16.42,16.4,16.41,0.3803,199.0
2019-02-18 14:10,{},16.41,2258,16.41,16.4,16.41,0.8389,439.0
2019-02-18 14:15,{},16.43,2258,16.43,16.4,16.41,0.8714,456.0
2019-02-18 14:20,{},16.41,2258,16.43,16.41,16.43,0.4758,249.0
2019-02-18 14:25,{},16.41,2258,16.42,16.4,16.41,0.5771,302.0
2019-02-18 14:30,{},16.38,2258,16.41,16.34,16.41,1.7485,915.0
2019-02-18 14:35,{},16.36,2258,16.39,16.35,16.38,2.3983,1255.0
2019-02-18 14:40,{},16.38,2258,16.38,16.36,16.36,0.8007,419.0
2019-02-18 14:45,{},16.39,2258,16.39,16.38,16.38,0.902,472.0
2019-02-18 14:50,{},16.42,2258,16.42,16.38,16.39,2.5836,1352.0
2019-02-18 14:55,{},16.44,2258,16.45,16.42,16.42,3.4302,1795.0
2019-02-18 15:00,{},16.45,2258,16.45,16.43,16.44,2.255,1180.0
2019-02-19 09:35,{},16.56,2258,16.58,16.3,16.3,6.4457,3373.0
2019-02-19 09:40,{},16.77,2258,16.79,16.53,16.56,5.5896,2925.0
2019-02-19 09:45,{},16.76,2258,16.87,16.76,16.77,7.1738,3754.0
2019-02-19 09:50,{},16.78,2258,16.8,16.72,16.76,2.5798,1350.0
2019-02-19 09:55,{},16.75,2258,16.79,16.65,16.78,3.4054,1782.0
2019-02-19 10:00,{},16.72,2258,16.78,16.69,16.75,1.7485,915.0
2019-02-19 10:05,{},16.65,2258,16.74,16.65,16.72,2.19,1146.0
2019-02-19 10:10,{},16.59,2258,16.65,16.53,16.65,3.3041,1729.0
2019-02-19 10:15,{},16.57,2258,16.6,16.53,16.59,2.7824,1456.0
2019-02-19 10:20,{},16.54,2258,16.59,16.53,16.57,1.1351,594.0
2019-02-19 10:25,{},16.57,2258,16.6,16.54,16.54,1.3625,713.0
2019-02-19 10:30,{},16.53,2258,16.57,16.52,16.57,1.8019999999999998,943.0
2019-02-19 10:35,{},16.55,2258,16.56,16.53,16.53,1.1198,586.0
2019-02-19 10:40,{},16.69,2258,16.69,16.55,16.55,2.06,1078.0
2019-02-19 10:45,{},16.72,2258,16.72,16.58,16.69,2.9945,1567.0
2019-02-19 10:50,{},16.66,2258,16.72,16.64,16.72,0.9822,514.0
2019-02-19 10:55,{},16.68,2258,16.68,16.66,16.66,0.9861,516.0
2019-02-19 11:00,{},16.63,2258,16.7,16.63,16.68,0.5848,306.0
2019-02-19 11:05,{},16.7,2258,16.7,16.63,16.63,0.6459,338.0
2019-02-19 11:10,{},16.65,2258,16.7,16.64,16.7,0.5637,295.0
2019-02-19 11:15,{},16.58,2258,16.65,16.58,16.65,1.0014,524.0
2019-02-19 11:20,{},16.58,2258,16.6,16.55,16.58,1.5288,800.0
2019-02-19 11:25,{},16.46,2258,16.57,16.46,16.57,3.1684,1658.0
2019-02-19 11:30,{},16.31,2258,16.46,16.31,16.46,4.8845,2556.0
2019-02-19 13:05,{},16.31,2258,16.38,16.3,16.31,2.5989,1360.0
2019-02-19 13:10,{},16.28,2258,16.32,16.16,16.31,6.1992,3244.0
2019-02-19 13:15,{},16.17,2258,16.28,16.17,16.28,4.0264,2107.0
2019-02-19 13:20,{},16.19,2258,16.22,16.16,16.17,2.4709,1293.0
2019-02-19 13:25,{},16.1,2258,16.19,16.05,16.19,6.2833,3288.0
2019-02-19 13:30,{},16.26,2258,16.26,16.1,16.1,1.8288,957.0
2019-02-19 13:35,{},16.19,2258,16.26,16.19,16.25,1.1256,589.0
2019-02-19 13:40,{},16.23,2258,16.25,16.18,16.19,0.8695,455.0
2019-02-19 13:45,{},16.35,2258,16.35,16.23,16.23,0.9211,482.0
2019-02-19 13:50,{},16.36,2258,16.4,16.32,16.35,1.2421,650.0
2019-02-19 13:55,{},16.31,2258,16.37,16.31,16.36,1.0128,530.0
2019-02-19 14:00,{},16.3,2258,16.33,16.3,16.31,0.8217,430.0
2019-02-19 14:05,{},16.23,2258,16.3,16.22,16.3,1.0912,571.0
2019-02-19 14:10,{},16.32,2258,16.33,16.23,16.23,1.095,573.0
2019-02-19 14:15,{},16.27,2258,16.32,16.25,16.32,0.9708,508.0
2019-02-19 14:20,{},16.36,2258,16.36,16.27,16.27,0.9058,474.0
2019-02-19 14:25,{},16.42,2258,16.42,16.34,16.36,1.7677,925.0
2019-02-19 14:30,{},16.54,2258,16.55,16.42,16.42,2.9505,1544.0
2019-02-19 14:35,{},16.58,2258,16.59,16.54,16.54,3.2831,1718.0
2019-02-19 14:40,{},16.59,2258,16.59,16.57,16.58,1.3109,686.0
2019-02-19 14:45,{},16.56,2258,16.6,16.55,16.59,1.7371,909.0
2019-02-19 14:50,{},16.52,2258,16.56,16.52,16.56,1.7027,891.0
2019-02-19 14:55,{},16.5,2258,16.52,16.48,16.52,3.3155,1735.0
2019-02-19 15:00,{},16.53,2258,16.53,16.49,16.5,1.7562,919.0
2019-02-20 09:35,{},16.45,2258,16.7,16.45,16.54,6.3559,3326.0
2019-02-20 09:40,{},16.48,2258,16.5,16.4,16.45,2.6123,1367.0
2019-02-20 09:45,{},16.55,2258,16.6,16.48,16.48,2.3352,1222.0
2019-02-20 09:50,{},16.38,2258,16.56,16.35,16.55,3.9882,2087.0
2019-02-20 09:55,{},16.37,2258,16.4,16.35,16.38,3.2334,1692.0
2019-02-20 10:00,{},16.37,2258,16.39,16.3,16.36,3.6366,1903.0
2019-02-20 10:05,{},16.26,2258,16.37,16.26,16.37,3.9251,2054.0
2019-02-20 10:10,{},16.39,2258,16.39,16.25,16.26,1.8212,953.0
2019-02-20 10:15,{},16.3,2258,16.4,16.3,16.39,1.0912,571.0
2019-02-20 10:20,{},16.34,2258,16.34,16.3,16.3,1.2288,643.0
2019-02-20 10:25,{},16.41,2258,16.41,16.34,16.34,1.9091,999.0
2019-02-20 10:30,{},16.38,2258,16.45,16.37,16.41,0.9536,499.0
2019-02-20 10:35,{},16.36,2258,16.41,16.36,16.38,1.1198,586.0
2019-02-20 10:40,{},16.34,2258,16.39,16.33,16.36,1.611,843.0
2019-02-20 10:45,{},16.32,2258,16.37,16.31,16.34,1.7352,908.0
2019-02-20 10:50,{},16.31,2258,16.32,16.31,16.32,1.5307,801.0
2019-02-20 10:55,{},16.3,2258,16.32,16.27,16.31,2.5187,1318.0
2019-02-20 11:00,{},16.3,2258,16.33,16.3,16.3,0.7529,394.0
2019-02-20 11:05,{},16.27,2258,16.3,16.25,16.3,2.0161,1055.0
2019-02-20 11:10,{},16.33,2258,16.34,16.27,16.27,1.6874,883.0
2019-02-20 11:15,{},16.28,2258,16.34,16.28,16.33,0.8255,432.0
2019-02-20 11:20,{},16.27,2258,16.29,16.26,16.28,1.7294,905.0
2019-02-20 11:25,{},16.23,2258,16.27,16.21,16.27,2.2034,1153.0
2019-02-20 11:30,{},16.21,2258,16.24,16.2,16.23,1.4963,783.0
2019-02-20 13:05,{},16.2,2258,16.24,16.2,16.21,3.992,2089.0
2019-02-20 13:10,{},16.2,2258,16.22,16.2,16.2,2.3906,1251.0
2019-02-20 13:15,{},16.24,2258,16.24,16.19,16.2,1.804,944.0
2019-02-20 13:20,{},16.21,2258,16.24,16.21,16.24,2.2721,1189.0
2019-02-20 13:25,{},16.25,2258,16.25,16.2,16.21,2.0619,1079.0
2019-02-20 13:30,{},16.26,2258,16.28,16.24,16.25,0.9498,497.0
2019-02-20 13:35,{},16.26,2258,16.27,16.25,16.26,1.6205,848.0
2019-02-20 13:40,{},16.23,2258,16.26,16.23,16.26,1.5976,836.0
2019-02-20 13:45,{},16.24,2258,16.25,16.23,16.23,1.8728,980.0
2019-02-20 13:50,{},16.23,2258,16.25,16.22,16.24,2.5932,1357.0
2019-02-20 13:55,{},16.24,2258,16.24,16.22,16.23,2.0983,1098.0
2019-02-20 14:00,{},16.35,2258,16.37,16.23,16.24,6.6578,3484.0
2019-02-20 14:05,{},16.38,2258,16.38,16.32,16.35,0.795,416.0
2019-02-20 14:10,{},16.38,2258,16.42,16.38,16.38,2.1059,1102.0
2019-02-20 14:15,{},16.41,2258,16.41,16.38,16.38,1.1695,612.0
2019-02-20 14:20,{},16.41,2258,16.41,16.39,16.41,1.5441,808.0
2019-02-20 14:25,{},16.41,2258,16.42,16.4,16.41,1.2116,634.0
2019-02-20 14:30,{},16.43,2258,16.43,16.4,16.41,1.0759,563.0
2019-02-20 14:35,{},16.49,2258,16.51,16.43,16.43,1.8536,970.0
2019-02-20 14:40,{},16.49,2258,16.49,16.48,16.49,1.4848,777.0
2019-02-20 14:45,{},16.43,2258,16.49,16.43,16.49,1.5766,825.0
2019-02-20 14:50,{},16.41,2258,16.44,16.41,16.43,1.5842,829.0
2019-02-20 14:55,{},16.43,2258,16.44,16.4,16.41,1.4141,740.0
2019-02-20 15:00,{},16.43,2258,16.43,16.42,16.43,1.8632,975.0
2019-02-21 09:35,{},16.4,2258,16.48,16.32,16.32,3.6003,1884.0
2019-02-21 09:40,{},16.35,2258,16.43,16.35,16.4,3.0996,1622.0
2019-02-21 09:45,{},16.26,2258,16.35,16.24,16.35,3.6423,1906.0
2019-02-21 09:50,{},16.33,2258,16.33,16.22,16.26,6.117000000000001,3201.0
2019-02-21 09:55,{},16.32,2258,16.33,16.28,16.33,2.3887,1250.0
2019-02-21 10:00,{},16.31,2258,16.33,16.3,16.32,1.9244,1007.0
2019-02-21 10:05,{},16.31,2258,16.33,16.29,16.31,2.1288,1114.0
2019-02-21 10:10,{},16.33,2258,16.35,16.3,16.31,2.7862,1458.0
2019-02-21 10:15,{},16.29,2258,16.33,16.28,16.33,4.7125,2466.0
2019-02-21 10:20,{},16.24,2258,16.29,16.23,16.29,3.6213,1895.0
2019-02-21 10:25,{},16.15,2258,16.24,16.12,16.24,6.7305,3522.0
2019-02-21 10:30,{},16.21,2258,16.22,16.12,16.15,2.5034,1310.0
2019-02-21 10:35,{},16.16,2258,16.22,16.16,16.21,2.0027,1048.0
2019-02-21 10:40,{},16.19,2258,16.21,16.15,16.16,2.3333,1221.0
2019-02-21 10:45,{},16.18,2258,16.21,16.18,16.19,1.7581,920.0
2019-02-21 10:50,{},16.17,2258,16.21,16.17,16.18,1.8173,951.0
2019-02-21 10:55,{},16.18,2258,16.21,16.16,16.17,3.0365,1589.0
2019-02-21 11:00,{},16.25,2258,16.25,16.18,16.18,2.2072,1155.0
2019-02-21 11:05,{},16.23,2258,16.25,16.19,16.25,2.8665,1500.0
2019-02-21 11:10,{},16.2,2258,16.23,16.18,16.23,2.1174,1108.0
2019-02-21 11:15,{},16.19,2258,16.22,16.18,16.2,1.3816,723.0
2019-02-21 11:20,{},16.2,2258,16.2,16.17,16.18,2.0371,1066.0
2019-02-21 11:25,{},16.2,2258,16.24,16.19,16.2,1.1466,600.0
2019-02-21 11:30,{},16.25,2258,16.25,16.2,16.2,0.8638,452.0
2019-02-21 13:05,{},16.3,2258,16.3,16.22,16.25,2.4594,1287.0
2019-02-21 13:10,{},16.3,2258,16.33,16.27,16.3,2.1651,1133.0
2019-02-21 13:15,{},16.31,2258,16.33,16.28,16.3,2.2798,1193.0
2019-02-21 13:20,{},16.3,2258,16.33,16.28,16.31,3.1321,1639.0
2019-02-21 13:25,{},16.27,2258,16.3,16.26,16.29,3.457,1809.0
2019-02-21 13:30,{},16.27,2258,16.29,16.26,16.27,1.9205,1005.0
2019-02-21 13:35,{},16.28,2258,16.29,16.27,16.28,1.6415,859.0
2019-02-21 13:40,{},16.31,2258,16.35,16.27,16.28,3.478,1820.0
2019-02-21 13:45,{},16.36,2258,16.37,16.29,16.31,3.0671,1605.0
2019-02-21 13:50,{},16.3,2258,16.37,16.3,16.35,3.9595,2072.0
2019-02-21 13:55,{},16.29,2258,16.3,16.27,16.3,1.5383,805.0
2019-02-21 14:00,{},16.27,2258,16.3,16.23,16.29,3.22,1685.0
2019-02-21 14:05,{},16.25,2258,16.27,16.25,16.27,1.0377,543.0
2019-02-21 14:10,{},16.25,2258,16.27,16.24,16.25,1.7485,915.0
2019-02-21 14:15,{},16.25,2258,16.26,16.24,16.25,1.4122,739.0
2019-02-21 14:20,{},16.24,2258,16.27,16.24,16.25,2.0963,1097.0
2019-02-21 14:25,{},16.26,2258,16.28,16.23,16.24,2.6486,1386.0
2019-02-21 14:30,{},16.22,2258,16.28,16.22,16.26,0.9440000000000001,494.0
2019-02-21 14:35,{},16.21,2258,16.23,16.2,16.22,2.404,1258.0
2019-02-21 14:40,{},16.18,2258,16.22,16.17,16.21,5.0564,2646.0
2019-02-21 14:45,{},16.11,2258,16.18,16.11,16.18,4.636,2426.0
2019-02-21 14:50,{},16.11,2258,16.14,16.1,16.11,4.5099,2360.0
2019-02-21 14:55,{},16.28,2258,16.28,16.11,16.11,3.8602,2020.0
2019-02-21 15:00,{},16.27,2258,16.28,16.27,16.28,1.074,562.0
2019-02-22 09:35,{},16.23,2258,16.31,16.16,16.23,4.8271,2526.0
2019-02-22 09:40,{},16.21,2258,16.29,16.21,16.23,1.9492,1020.0
2019-02-22 09:45,{},16.2,2258,16.22,16.1,16.21,3.1684,1658.0
2019-02-22 09:50,{},16.16,2258,16.25,16.16,16.2,1.1026,577.0
2019-02-22 09:55,{},16.06,2258,16.16,16.05,16.16,5.4788,2867.0
2019-02-22 10:00,{},16.05,2258,16.08,16.01,16.06,5.8113,3041.0
2019-02-22 10:05,{},16.06,2258,16.08,16.03,16.04,3.3461,1751.0
2019-02-22 10:10,{},16.08,2258,16.09,16.04,16.06,2.8015,1466.0
2019-02-22 10:15,{},15.98,2258,16.08,15.98,16.08,6.7801,3548.0
2019-02-22 10:20,{},15.94,2258,15.99,15.92,15.98,6.2011,3245.0
2019-02-22 10:25,{},15.93,2258,15.97,15.93,15.94,3.5716,1869.0
2019-02-22 10:30,{},15.91,2258,15.95,15.91,15.93,5.2514,2748.0
2019-02-22 10:35,{},15.85,2258,15.94,15.78,15.91,5.6966,2981.0
2019-02-22 10:40,{},15.92,2258,15.92,15.83,15.85,3.9958,2091.0
2019-02-22 10:45,{},15.88,2258,15.93,15.88,15.92,2.4441,1279.0
2019-02-22 10:50,{},15.93,2258,15.93,15.86,15.88,2.7136,1420.0
2019-02-22 10:55,{},15.99,2258,16.0,15.9,15.93,1.46,764.0
2019-02-22 11:00,{},15.96,2258,15.99,15.92,15.99,0.537,281.0
2019-02-22 11:05,{},15.94,2258,15.99,15.9,15.96,4.2729,2236.0
2019-02-22 11:10,{},15.98,2258,15.98,15.92,15.94,2.4346,1274.0
2019-02-22 11:15,{},15.95,2258,15.99,15.94,15.98,1.7619,922.0
2019-02-22 11:20,{},15.94,2258,15.97,15.94,15.95,1.6702,874.0
2019-02-22 11:25,{},15.96,2258,15.97,15.94,15.94,0.8504,445.0
2019-02-22 11:30,{},15.95,2258,15.97,15.94,15.96,0.7491,392.0
2019-02-22 13:05,{},15.97,2258,15.97,15.94,15.95,2.7709,1450.0
2019-02-22 13:10,{},15.96,2258,15.98,15.95,15.97,0.8466,443.0
2019-02-22 13:15,{},15.98,2258,15.98,15.96,15.96,1.3052,683.0
2019-02-22 13:20,{},16.07,2258,16.07,15.97,15.98,2.1823,1142.0
2019-02-22 13:25,{},16.06,2258,16.11,16.05,16.08,2.2951,1201.0
2019-02-22 13:30,{},16.0,2258,16.07,15.98,16.06,1.6912,885.0
2019-02-22 13:35,{},16.07,2258,16.1,16.0,16.0,3.5162,1840.0
2019-02-22 13:40,{},16.05,2258,16.07,16.02,16.07,1.2689,664.0
2019-02-22 13:45,{},16.06,2258,16.06,16.03,16.05,1.6989,889.0
2019-02-22 13:50,{},16.06,2258,16.06,16.03,16.06,2.3161,1212.0
2019-02-22 13:55,{},16.1,2258,16.1,16.05,16.06,0.8083,423.0
2019-02-22 14:00,{},16.12,2258,16.13,16.09,16.1,1.9607,1026.0
2019-02-22 14:05,{},16.16,2258,16.18,16.12,16.12,3.8812,2031.0
2019-02-22 14:10,{},16.19,2258,16.19,16.12,16.16,2.9353,1536.0
2019-02-22 14:15,{},16.15,2258,16.19,16.14,16.19,0.9861,516.0
2019-02-22 14:20,{},16.24,2258,16.25,16.14,16.15,4.5672,2390.0
2019-02-22 14:25,{},16.22,2258,16.25,16.2,16.24,3.092,1618.0
2019-02-22 14:30,{},16.22,2258,16.22,16.2,16.22,0.8638,452.0
2019-02-22 14:35,{},16.22,2258,16.25,16.21,16.22,3.3977,1778.0
2019-02-22 14:40,{},16.2,2258,16.22,16.18,16.22,3.1875,1668.0
2019-02-22 14:45,{},16.21,2258,16.23,16.2,16.2,1.9492,1020.0
2019-02-22 14:50,{},16.22,2258,16.23,16.2,16.21,3.069,1606.0
2019-02-22 14:55,{},16.19,2258,16.23,16.17,16.22,6.1247,3205.0
2019-02-22 15:00,{},16.24,2258,16.24,16.19,16.19,7.8847,4126.0
2019-02-25 09:35,{},15.07,2258,15.45,15.05,15.43,115.0197,60189.0
2019-02-25 09:40,{},15.24,2258,15.29,15.07,15.07,49.3185,25808.0
2019-02-25 09:45,{},15.35,2258,15.39,15.23,15.23,31.8502,16667.0
2019-02-25 09:50,{},15.29,2258,15.35,15.29,15.35,27.3327,14303.0
2019-02-25 09:55,{},15.21,2258,15.31,15.2,15.29,23.8929,12503.0
2019-02-25 10:00,{},15.14,2258,15.22,15.12,15.21,30.0252,15712.0
2019-02-25 10:05,{},15.25,2258,15.29,15.14,15.14,13.7495,7195.0
2019-02-25 10:10,{},15.19,2258,15.27,15.18,15.25,15.690999999999999,8211.0
2019-02-25 10:15,{},15.27,2258,15.27,15.19,15.19,24.0267,12573.0
2019-02-25 10:20,{},15.19,2258,15.28,15.15,15.27,34.3383,17969.0
2019-02-25 10:25,{},15.17,2258,15.2,15.16,15.19,27.5868,14436.0
2019-02-25 10:30,{},15.19,2258,15.2,15.16,15.17,30.6559,16042.0
2019-02-25 10:35,{},15.19,2258,15.2,15.17,15.19,29.7845,15586.0
2019-02-25 10:40,{},15.19,2258,15.19,15.11,15.19,36.92,19320.0
2019-02-25 10:45,{},15.2,2258,15.2,15.18,15.19,16.593,8683.0
2019-02-25 10:50,{},15.18,2258,15.2,15.17,15.19,19.3582,10130.0
2019-02-25 10:55,{},15.19,2258,15.2,15.16,15.17,13.8966,7272.0
2019-02-25 11:00,{},15.18,2258,15.2,15.18,15.19,15.2075,7958.0
2019-02-25 11:05,{},15.19,2258,15.2,15.18,15.18,12.3564,6466.0
2019-02-25 11:10,{},15.19,2258,15.2,15.18,15.19,16.7573,8769.0
2019-02-25 11:15,{},15.2,2258,15.2,15.19,15.2,12.6029,6595.0
2019-02-25 11:20,{},15.2,2258,15.2,15.19,15.2,19.4346,10170.0
2019-02-25 11:25,{},15.34,2258,15.34,15.19,15.2,69.2595,36243.0
2019-02-25 11:30,{},15.66,2258,15.73,15.33,15.34,41.0879,21501.0
2019-02-25 13:05,{},16.17,2258,16.18,15.66,15.66,45.0398,23569.0
2019-02-25 13:10,{},16.45,2258,16.47,15.98,16.17,32.6509,17086.0
2019-02-25 13:15,{},16.22,2258,16.48,16.22,16.45,19.2187,10057.0
2019-02-25 13:20,{},16.09,2258,16.23,15.99,16.22,14.9056,7800.0
2019-02-25 13:25,{},16.11,2258,16.23,16.08,16.09,17.9689,9403.0
2019-02-25 13:30,{},16.13,2258,16.15,16.06,16.11,13.094000000000001,6852.0
2019-02-25 13:35,{},16.1,2258,16.19,16.1,16.14,11.3111,5919.0
2019-02-25 13:40,{},15.95,2258,16.1,15.92,16.1,14.3514,7510.0
2019-02-25 13:45,{},15.93,2258,15.96,15.91,15.96,9.1478,4787.0
2019-02-25 13:50,{},15.98,2258,15.99,15.93,15.93,10.2772,5378.0
2019-02-25 13:55,{},16.03,2258,16.07,15.96,15.98,11.9742,6266.0
2019-02-25 14:00,{},15.97,2258,16.03,15.97,16.03,15.7961,8266.0
2019-02-25 14:05,{},15.99,2258,16.0,15.96,15.97,8.0165,4195.0
2019-02-25 14:10,{},16.0,2258,16.01,15.99,15.99,10.1817,5328.0
2019-02-25 14:15,{},16.03,2258,16.03,16.0,16.0,8.9185,4667.0
2019-02-25 14:20,{},16.23,2258,16.23,16.03,16.03,12.9889,6797.0
2019-02-25 14:25,{},16.2,2258,16.24,16.2,16.23,9.2147,4822.0
2019-02-25 14:30,{},16.23,2258,16.24,16.2,16.2,6.977,3651.0
2019-02-25 14:35,{},16.23,2258,16.24,16.21,16.23,8.2363,4310.0
2019-02-25 14:40,{},16.3,2258,16.31,16.23,16.23,16.2662,8512.0
2019-02-25 14:45,{},16.33,2258,16.35,16.3,16.3,14.9037,7799.0
2019-02-25 14:50,{},16.26,2258,16.33,16.24,16.33,11.6111,6076.0
2019-02-25 14:55,{},16.27,2258,16.28,16.25,16.26,12.5723,6579.0
2019-02-25 15:00,{},16.28,2258,16.28,16.26,16.27,5.4749,2865.0
2019-02-26 09:35,{},15.68,2258,15.88,15.53,15.88,83.3415,43612.0
2019-02-26 09:40,{},15.79,2258,15.82,15.66,15.68,33.5892,17577.0
2019-02-26 09:45,{},15.61,2258,15.8,15.6,15.79,40.5471,21218.0
2019-02-26 09:50,{},15.6,2258,15.65,15.58,15.61,41.3822,21655.0
2019-02-26 09:55,{},15.72,2258,15.76,15.59,15.6,23.698,12401.0
2019-02-26 10:00,{},15.7,2258,15.77,15.69,15.72,20.6175,10789.0
2019-02-26 10:05,{},15.73,2258,15.76,15.7,15.7,12.5264,6555.0
2019-02-26 10:10,{},15.68,2258,15.74,15.68,15.73,12.9201,6761.0
2019-02-26 10:15,{},15.71,2258,15.75,15.65,15.68,9.4555,4948.0
2019-02-26 10:20,{},15.83,2258,15.84,15.7,15.71,12.7462,6670.0
2019-02-26 10:25,{},15.73,2258,15.83,15.73,15.82,11.1716,5846.0
2019-02-26 10:30,{},15.67,2258,15.74,15.66,15.73,13.7858,7214.0
2019-02-26 10:35,{},15.68,2258,15.73,15.66,15.67,8.4618,4428.0
2019-02-26 10:40,{},15.62,2258,15.68,15.59,15.68,17.7854,9307.0
2019-02-26 10:45,{},15.59,2258,15.64,15.58,15.62,16.7612,8771.0
2019-02-26 10:50,{},15.62,2258,15.62,15.58,15.59,9.0408,4731.0
2019-02-26 10:55,{},15.64,2258,15.7,15.61,15.62,4.6895,2454.0
2019-02-26 11:00,{},15.64,2258,15.66,15.61,15.64,5.9565,3117.0
2019-02-26 11:05,{},15.67,2258,15.67,15.62,15.64,3.7188,1946.0
2019-02-26 11:10,{},15.69,2258,15.73,15.66,15.67,6.4323,3366.0
2019-02-26 11:15,{},15.64,2258,15.7,15.64,15.69,5.0087,2621.0
2019-02-26 11:20,{},15.68,2258,15.69,15.64,15.65,2.8684,1501.0
2019-02-26 11:25,{},15.73,2258,15.74,15.68,15.68,4.5749,2394.0
2019-02-26 11:30,{},15.7,2258,15.73,15.68,15.73,3.6519,1911.0
2019-02-26 13:05,{},15.77,2258,15.77,15.7,15.7,6.2145,3252.0
2019-02-26 13:10,{},15.75,2258,15.77,15.73,15.77,4.7583,2490.0
2019-02-26 13:15,{},15.77,2258,15.77,15.74,15.75,5.2055,2724.0
2019-02-26 13:20,{},15.82,2258,15.84,15.77,15.77,8.7064,4556.0
2019-02-26 13:25,{},15.86,2258,15.93,15.81,15.82,15.9089,8325.0
2019-02-26 13:30,{},15.77,2258,15.86,15.77,15.86,4.9093,2569.0
2019-02-26 13:35,{},15.81,2258,15.81,15.76,15.77,4.5749,2394.0
2019-02-26 13:40,{},15.76,2258,15.82,15.75,15.81,6.1553,3221.0
2019-02-26 13:45,{},15.74,2258,15.77,15.73,15.76,4.0455,2117.0
2019-02-26 13:50,{},15.8,2258,15.8,15.74,15.75,3.3155,1735.0
2019-02-26 13:55,{},15.76,2258,15.81,15.76,15.8,3.5449,1855.0
2019-02-26 14:00,{},15.76,2258,15.77,15.74,15.76,5.1749,2708.0
2019-02-26 14:05,{},15.79,2258,15.8,15.76,15.76,2.6926,1409.0
2019-02-26 14:10,{},15.8,2258,15.8,15.75,15.79,5.2437,2744.0
2019-02-26 14:15,{},15.79,2258,15.83,15.79,15.8,6.1533,3220.0
2019-02-26 14:20,{},15.79,2258,15.8,15.77,15.79,5.6278,2945.0
2019-02-26 14:25,{},15.78,2258,15.8,15.77,15.79,9.639,5044.0
2019-02-26 14:30,{},15.71,2258,15.78,15.71,15.78,11.0607,5788.0
2019-02-26 14:35,{},15.63,2258,15.72,15.63,15.71,11.4104,5971.0
2019-02-26 14:40,{},15.66,2258,15.68,15.63,15.63,7.0171,3672.0
2019-02-26 14:45,{},15.63,2258,15.69,15.62,15.66,13.6061,7120.0
2019-02-26 14:50,{},15.61,2258,15.63,15.6,15.63,18.869,9874.0
2019-02-26 14:55,{},15.61,2258,15.62,15.6,15.61,13.673,7155.0
2019-02-26 15:00,{},15.61,2258,15.62,15.61,15.61,5.9298,3103.0
2019-02-27 09:35,{},15.56,2258,15.59,15.47,15.5,15.6929,8212.0
2019-02-27 09:40,{},15.59,2258,15.64,15.56,15.56,7.577000000000001,3965.0
2019-02-27 09:45,{},15.68,2258,15.68,15.59,15.59,5.2915,2769.0
2019-02-27 09:50,{},15.67,2258,15.76,15.67,15.68,12.8284,6713.0
2019-02-27 09:55,{},15.61,2258,15.67,15.61,15.67,5.775,3022.0
2019-02-27 10:00,{},15.62,2258,15.66,15.61,15.61,4.5806,2397.0
2019-02-27 10:05,{},15.54,2258,15.62,15.54,15.62,9.8339,5146.0
2019-02-27 10:10,{},15.54,2258,15.57,15.52,15.54,6.1438,3215.0
2019-02-27 10:15,{},15.54,2258,15.54,15.5,15.52,7.6019,3978.0
2019-02-27 10:20,{},15.44,2258,15.54,15.42,15.54,10.6575,5577.0
2019-02-27 10:25,{},15.44,2258,15.48,15.44,15.44,10.0116,5239.0
2019-02-27 10:30,{},15.5,2258,15.5,15.44,15.45,4.4144,2310.0
2019-02-27 10:35,{},15.5,2258,15.53,15.5,15.5,3.2334,1692.0
2019-02-27 10:40,{},15.5,2258,15.5,15.46,15.5,3.7665,1971.0
2019-02-27 10:45,{},15.49,2258,15.52,15.49,15.5,5.3794,2815.0
2019-02-27 10:50,{},15.47,2258,15.49,15.46,15.48,6.761,3538.0
2019-02-27 10:55,{},15.45,2258,15.49,15.43,15.46,8.7981,4604.0
2019-02-27 11:00,{},15.48,2258,15.49,15.44,15.45,3.5869,1877.0
2019-02-27 11:05,{},15.48,2258,15.5,15.47,15.48,4.0761,2133.0
2019-02-27 11:10,{},15.5,2258,15.51,15.47,15.48,4.3341,2268.0
2019-02-27 11:15,{},15.54,2258,15.55,15.49,15.5,3.5525,1859.0
2019-02-27 11:20,{},15.5,2258,15.54,15.49,15.54,5.6469,2955.0
2019-02-27 11:25,{},15.48,2258,15.5,15.48,15.5,2.7728,1451.0
2019-02-27 11:30,{},15.48,2258,15.5,15.47,15.48,3.0098,1575.0
2019-02-27 13:05,{},15.5,2258,15.52,15.46,15.48,5.5074,2882.0
2019-02-27 13:10,{},15.51,2258,15.51,15.48,15.5,3.6863,1929.0
2019-02-27 13:15,{},15.53,2258,15.55,15.5,15.51,3.971,2078.0
2019-02-27 13:20,{},15.53,2258,15.54,15.51,15.54,5.2915,2769.0
2019-02-27 13:25,{},15.52,2258,15.54,15.52,15.53,4.3532,2278.0
2019-02-27 13:30,{},15.52,2258,15.53,15.51,15.52,5.4826,2869.0
2019-02-27 13:35,{},15.47,2258,15.53,15.47,15.52,9.8492,5154.0
2019-02-27 13:40,{},15.48,2258,15.5,15.45,15.47,9.5243,4984.0
2019-02-27 13:45,{},15.42,2258,15.49,15.41,15.48,9.8606,5160.0
2019-02-27 13:50,{},15.43,2258,15.44,15.41,15.42,6.5355,3420.0
2019-02-27 13:55,{},15.4,2258,15.45,15.4,15.44,8.307,4347.0
2019-02-27 14:00,{},15.41,2258,15.42,15.38,15.4,7.5101,3930.0
2019-02-27 14:05,{},15.37,2258,15.42,15.37,15.41,7.3687,3856.0
2019-02-27 14:10,{},15.35,2258,15.38,15.34,15.38,13.8144,7229.0
2019-02-27 14:15,{},15.3,2258,15.36,15.3,15.36,9.2453,4838.0
2019-02-27 14:20,{},15.2,2258,15.29,15.18,15.29,15.626,8177.0
2019-02-27 14:25,{},15.23,2258,15.24,15.12,15.2,13.1972,6906.0
2019-02-27 14:30,{},15.2,2258,15.24,15.18,15.23,4.7927,2508.0
2019-02-27 14:35,{},15.17,2258,15.2,15.16,15.2,5.903,3089.0
2019-02-27 14:40,{},15.19,2258,15.19,15.16,15.17,6.3311,3313.0
2019-02-27 14:45,{},15.21,2258,15.22,15.17,15.19,4.7545,2488.0
2019-02-27 14:50,{},15.21,2258,15.26,15.21,15.21,3.5410000000000004,1853.0
2019-02-27 14:55,{},15.25,2258,15.25,15.21,15.21,6.5374,3421.0
2019-02-27 15:00,{},15.25,2258,15.25,15.23,15.25,3.3366,1746.0
2019-03-01 14:55,{},15.4,2258,15.41,15.39,15.41,6.6636,3487.0
2019-03-01 15:00,{},15.4,2258,15.4,15.39,15.4,5.2112,2727.0
2019-03-04 09:35,{},15.59,2258,15.6,15.47,15.5,16.8013,8792.0
2019-03-04 09:40,{},15.54,2258,15.62,15.54,15.59,9.8167,5137.0
2019-03-04 09:45,{},15.56,2258,15.59,15.54,15.54,8.6223,4512.0
2019-03-04 09:50,{},15.6,2258,15.6,15.55,15.56,7.5942,3974.0
2019-03-04 09:55,{},15.68,2258,15.68,15.6,15.6,15.0852,7894.0
2019-03-04 10:00,{},15.62,2258,15.68,15.61,15.68,6.0578,3170.0
2019-03-04 10:05,{},15.65,2258,15.66,15.61,15.62,5.3431,2796.0
2019-03-04 10:10,{},15.63,2258,15.66,15.63,15.65,5.4214,2837.0
2019-03-04 10:15,{},15.65,2258,15.65,15.61,15.63,8.6739,4539.0
2019-03-04 10:20,{},15.64,2258,15.65,15.63,15.65,4.4392,2323.0
2019-03-04 10:25,{},15.65,2258,15.67,15.62,15.64,7.3171,3829.0
2019-03-04 10:30,{},15.67,2258,15.68,15.65,15.65,5.0144,2624.0
2019-03-04 10:35,{},15.63,2258,15.67,15.61,15.67,7.9038,4136.0
2019-03-04 10:40,{},15.65,2258,15.65,15.6,15.61,4.2443,2221.0
2019-03-04 10:45,{},15.66,2258,15.66,15.63,15.65,3.1378,1642.0
2019-03-04 10:50,{},15.65,2258,15.67,15.65,15.66,2.9333,1535.0
2019-03-04 10:55,{},15.69,2258,15.69,15.65,15.66,8.4446,4419.0
2019-03-04 11:00,{},15.74,2258,15.75,15.68,15.69,14.0705,7363.0
2019-03-04 11:05,{},15.72,2258,15.75,15.71,15.74,6.1763,3232.0
2019-03-04 11:10,{},15.74,2258,15.74,15.71,15.72,3.0002,1570.0
2019-03-04 11:15,{},15.71,2258,15.74,15.71,15.74,3.7512,1963.0
2019-03-04 11:20,{},15.7,2258,15.72,15.67,15.71,3.7837,1980.0
2019-03-04 11:25,{},15.73,2258,15.73,15.69,15.7,3.4034,1781.0
2019-03-04 11:30,{},15.73,2258,15.74,15.71,15.73,2.4308,1272.0
2019-03-04 13:05,{},15.78,2258,15.8,15.73,15.73,17.192999999999998,8997.0
2019-03-04 13:10,{},15.8,2258,15.83,15.77,15.78,10.5677,5530.0
2019-03-04 13:15,{},15.75,2258,15.82,15.73,15.8,9.2357,4833.0
2019-03-04 13:20,{},15.77,2258,15.78,15.71,15.75,6.9827,3654.0
2019-03-04 13:25,{},15.76,2258,15.79,15.74,15.77,4.2022,2199.0
2019-03-04 13:30,{},15.74,2258,15.77,15.71,15.76,3.4054,1782.0
2019-03-04 13:35,{},15.72,2258,15.74,15.7,15.74,4.3742,2289.0
2019-03-04 13:40,{},15.71,2258,15.74,15.68,15.72,8.135,4257.0
2019-03-04 13:45,{},15.68,2258,15.72,15.66,15.71,6.3979,3348.0
2019-03-04 13:50,{},15.7,2258,15.72,15.68,15.68,3.4742,1818.0
2019-03-04 13:55,{},15.71,2258,15.75,15.65,15.7,8.7465,4577.0
2019-03-04 14:00,{},15.73,2258,15.74,15.7,15.71,3.736,1955.0
2019-03-04 14:05,{},15.66,2258,15.74,15.65,15.73,8.8975,4656.0
2019-03-04 14:10,{},15.64,2258,15.7,15.63,15.66,6.1132,3199.0
2019-03-04 14:15,{},15.6,2258,15.66,15.59,15.64,10.8142,5659.0
2019-03-04 14:20,{},15.65,2258,15.66,15.59,15.6,4.4105,2308.0
2019-03-04 14:25,{},15.62,2258,15.66,15.59,15.65,5.0622,2649.0
2019-03-04 14:30,{},15.65,2258,15.65,15.59,15.62,3.9939,2090.0
2019-03-04 14:35,{},15.6,2258,15.65,15.6,15.65,4.7086,2464.0
2019-03-04 14:40,{},15.57,2258,15.63,15.55,15.6,8.2306,4307.0
2019-03-04 14:45,{},15.59,2258,15.6,15.56,15.57,6.2164,3253.0
2019-03-04 14:50,{},15.63,2258,15.65,15.57,15.59,10.0594,5264.0
2019-03-04 14:55,{},15.61,2258,15.64,15.61,15.63,4.6322,2424.0
2019-03-04 15:00,{},15.63,2258,15.63,15.61,15.61,4.1583,2176.0
2019-03-05 09:35,{},15.57,2258,15.64,15.5,15.63,8.5077,4452.0
2019-03-05 09:40,{},15.57,2258,15.64,15.52,15.57,9.2281,4829.0
2019-03-05 09:45,{},15.55,2258,15.6,15.55,15.56,3.0537,1598.0
2019-03-05 09:50,{},15.53,2258,15.55,15.47,15.55,11.0072,5760.0
2019-03-05 09:55,{},15.56,2258,15.6,15.51,15.53,3.7589,1967.0
2019-03-05 10:00,{},15.64,2258,15.64,15.56,15.56,3.178,1663.0
2019-03-05 10:05,{},15.65,2258,15.65,15.62,15.64,2.9314,1534.0
2019-03-05 10:10,{},15.58,2258,15.66,15.58,15.65,4.6131,2414.0
2019-03-05 10:15,{},15.6,2258,15.62,15.56,15.58,4.336,2269.0
2019-03-05 10:20,{},15.58,2258,15.61,15.56,15.6,2.8187,1475.0
2019-03-05 10:25,{},15.54,2258,15.61,15.53,15.58,5.7043,2985.0
2019-03-05 10:30,{},15.59,2258,15.6,15.54,15.54,3.8755,2028.0
2019-03-05 10:35,{},15.58,2258,15.6,15.54,15.59,2.748,1438.0
2019-03-05 10:40,{},15.6,2258,15.62,15.55,15.58,3.9156,2049.0
2019-03-05 10:45,{},15.63,2258,15.64,15.59,15.6,2.7136,1420.0
2019-03-05 10:50,{},15.58,2258,15.63,15.58,15.63,3.6519,1911.0
2019-03-05 10:55,{},15.59,2258,15.62,15.56,15.58,2.6639,1394.0
2019-03-05 11:00,{},15.61,2258,15.63,15.59,15.6,2.4785,1297.0
2019-03-05 11:05,{},15.6,2258,15.66,15.6,15.61,5.7979,3034.0
2019-03-05 11:10,{},15.6,2258,15.64,15.59,15.6,2.5263,1322.0
2019-03-05 11:15,{},15.57,2258,15.6,15.56,15.59,2.5015,1309.0
2019-03-05 11:20,{},15.57,2258,15.6,15.57,15.57,1.0109,529.0
2019-03-05 11:25,{},15.57,2258,15.6,15.56,15.57,2.6238,1373.0
2019-03-05 11:30,{},15.58,2258,15.6,15.57,15.57,1.2154,636.0
2019-03-05 13:05,{},15.6,2258,15.61,15.58,15.58,1.695,887.0
2019-03-05 13:10,{},15.59,2258,15.6,15.58,15.6,2.0677,1082.0
2019-03-05 13:15,{},15.59,2258,15.6,15.56,15.59,2.0199,1057.0
2019-03-05 13:20,{},15.58,2258,15.6,15.57,15.59,1.5632,818.0
2019-03-05 13:25,{},15.59,2258,15.61,15.58,15.58,1.695,887.0
2019-03-05 13:30,{},15.6,2258,15.62,15.57,15.6,4.938,2584.0
2019-03-05 13:35,{},15.61,2258,15.63,15.59,15.6,3.1818,1665.0
2019-03-05 13:40,{},15.61,2258,15.62,15.59,15.61,3.8869,2034.0
2019-03-05 13:45,{},15.62,2258,15.63,15.6,15.61,3.5926,1880.0
2019-03-05 13:50,{},15.59,2258,15.62,15.59,15.62,3.3251,1740.0
2019-03-05 13:55,{},15.61,2258,15.61,15.58,15.59,2.1384,1119.0
2019-03-05 14:00,{},15.61,2258,15.62,15.59,15.61,2.19,1146.0
2019-03-05 14:05,{},15.61,2258,15.63,15.61,15.61,2.1078,1103.0
2019-03-05 14:10,{},15.62,2258,15.63,15.6,15.62,2.8034,1467.0
2019-03-05 14:15,{},15.67,2258,15.67,15.6,15.62,7.8159,4090.0
2019-03-05 14:20,{},15.74,2258,15.74,15.65,15.67,7.9993,4186.0
2019-03-05 14:25,{},15.74,2258,15.78,15.74,15.74,10.0785,5274.0
2019-03-05 14:30,{},15.7,2258,15.75,15.7,15.74,6.4667,3384.0
2019-03-05 14:35,{},15.71,2258,15.73,15.7,15.7,3.9156,2049.0
2019-03-05 14:40,{},15.72,2258,15.73,15.71,15.71,3.3327,1744.0
2019-03-05 14:45,{},15.71,2258,15.73,15.71,15.72,6.6387,3474.0
2019-03-05 14:50,{},15.74,2258,15.74,15.71,15.71,5.9374,3107.0
2019-03-05 14:55,{},15.75,2258,15.75,15.73,15.74,8.7618,4585.0
2019-03-05 15:00,{},15.75,2258,15.75,15.73,15.74,6.2546,3273.0
2019-03-06 09:35,{},15.87,2258,15.87,15.78,15.78,13.0176,6812.0
2019-03-06 09:40,{},15.87,2258,15.89,15.85,15.87,10.4263,5456.0
2019-03-06 09:45,{},15.89,2258,15.92,15.87,15.87,8.4255,4409.0
2019-03-06 09:50,{},16.03,2258,16.03,15.88,15.89,11.6971,6121.0
2019-03-06 09:55,{},16.0,2258,16.08,15.97,16.03,17.5332,9175.0
2019-03-06 10:00,{},15.87,2258,16.01,15.86,16.0,12.9106,6756.0
2019-03-06 10:05,{},15.93,2258,15.93,15.86,15.87,8.8459,4629.0
2019-03-06 10:10,{},15.88,2258,15.96,15.88,15.93,8.7618,4585.0
2019-03-06 10:15,{},15.9,2258,15.91,15.85,15.88,5.431,2842.0
2019-03-06 10:20,{},15.92,2258,15.95,15.88,15.9,5.2303,2737.0
2019-03-06 10:25,{},15.91,2258,15.93,15.88,15.92,4.7526,2487.0
2019-03-06 10:30,{},15.9,2258,15.92,15.87,15.9,2.3295,1219.0
2019-03-06 10:35,{},15.88,2258,15.9,15.86,15.9,4.2863,2243.0
2019-03-06 10:40,{},15.88,2258,15.9,15.87,15.88,2.9601,1549.0
2019-03-06 10:45,{},15.89,2258,15.9,15.88,15.88,2.5072,1312.0
2019-03-06 10:50,{},15.88,2258,15.9,15.88,15.89,2.7442,1436.0
2019-03-06 10:55,{},15.81,2258,15.89,15.81,15.88,6.3081,3301.0
2019-03-06 11:00,{},15.87,2258,15.87,15.81,15.81,3.434,1797.0
2019-03-06 11:05,{},15.87,2258,15.88,15.84,15.87,1.4695,769.0
2019-03-06 11:10,{},15.9,2258,15.9,15.86,15.87,1.8173,951.0
2019-03-06 11:15,{},15.9,2258,15.91,15.87,15.9,2.6314,1377.0
2019-03-06 11:20,{},15.9,2258,15.9,15.87,15.9,2.511,1314.0
2019-03-06 11:25,{},15.89,2258,15.9,15.87,15.9,2.0123,1053.0
2019-03-06 11:30,{},15.91,2258,15.92,15.86,15.89,3.3327,1744.0
2019-03-06 13:05,{},15.97,2258,16.0,15.91,15.91,7.5617,3957.0
2019-03-06 13:10,{},15.92,2258,15.98,15.92,15.97,2.8435,1488.0
2019-03-06 13:15,{},15.92,2258,15.94,15.91,15.92,2.0008,1047.0
2019-03-06 13:20,{},15.93,2258,15.94,15.92,15.93,2.5779,1349.0
2019-03-06 13:25,{},15.94,2258,15.95,15.93,15.93,1.5058,788.0
2019-03-06 13:30,{},15.93,2258,15.94,15.92,15.93,2.0811,1089.0
2019-03-06 13:35,{},15.89,2258,15.94,15.89,15.93,4.3264,2264.0
2019-03-06 13:40,{},15.9,2258,15.91,15.88,15.89,1.9091,999.0
2019-03-06 13:45,{},15.92,2258,15.95,15.9,15.9,4.6609,2439.0
2019-03-06 13:50,{},15.94,2258,15.96,15.93,15.93,2.3161,1212.0
2019-03-06 13:55,{},15.95,2258,15.96,15.93,15.94,4.0914,2141.0
2019-03-06 14:00,{},15.94,2258,15.95,15.92,15.94,3.4283,1794.0
2019-03-06 14:05,{},15.87,2258,15.95,15.86,15.94,8.8707,4642.0
2019-03-06 14:10,{},15.86,2258,15.91,15.85,15.87,5.5724,2916.0
2019-03-06 14:15,{},15.89,2258,15.9,15.83,15.86,4.1105,2151.0
2019-03-06 14:20,{},15.88,2258,15.92,15.86,15.89,3.1818,1665.0
2019-03-06 14:25,{},15.91,2258,15.91,15.87,15.88,3.6729,1922.0
2019-03-06 14:30,{},15.92,2258,15.93,15.9,15.91,4.1315,2162.0
2019-03-06 14:35,{},15.97,2258,15.97,15.91,15.92,8.0337,4204.0
2019-03-06 14:40,{},15.97,2258,15.98,15.96,15.97,5.0736,2655.0
2019-03-06 14:45,{},15.97,2258,15.98,15.96,15.97,6.7744,3545.0
2019-03-06 14:50,{},15.99,2258,16.0,15.97,15.97,9.9715,5218.0
2019-03-06 14:55,{},15.97,2258,15.99,15.96,15.99,8.4828,4439.0
2019-03-06 15:00,{},15.99,2258,15.99,15.97,15.97,5.0316,2633.0
2019-03-07 09:35,{},15.92,2258,16.07,15.92,16.0,22.0469,11537.0
2019-03-07 09:40,{},15.92,2258,15.97,15.91,15.92,11.7544,6151.0
2019-03-07 09:45,{},15.88,2258,15.92,15.81,15.92,10.5581,5525.0
2019-03-07 09:50,{},15.95,2258,15.95,15.88,15.88,7.7796,4071.0
2019-03-07 09:55,{},15.91,2258,15.95,15.88,15.95,5.4921,2874.0
2019-03-07 10:00,{},15.91,2258,15.92,15.89,15.91,3.5143,1839.0
2019-03-07 10:05,{},15.91,2258,15.94,15.9,15.91,6.4706,3386.0
2019-03-07 10:10,{},15.9,2258,15.91,15.89,15.91,7.9,4134.0
2019-03-07 10:15,{},15.87,2258,15.91,15.86,15.9,6.5222,3413.0
2019-03-07 10:20,{},15.88,2258,15.9,15.86,15.87,5.6966,2981.0
2019-03-07 10:25,{},15.88,2258,15.9,15.87,15.88,6.6712,3491.0
2019-03-07 10:30,{},15.91,2258,15.93,15.88,15.88,5.3813,2816.0
2019-03-07 10:35,{},15.86,2258,15.92,15.86,15.91,5.9814,3130.0
2019-03-07 10:40,{},15.86,2258,15.88,15.85,15.86,5.8896,3082.0
2019-03-07 10:45,{},15.74,2258,15.86,15.73,15.86,14.7394,7713.0
2019-03-07 10:50,{},15.8,2258,15.8,15.71,15.74,9.0867,4755.0
2019-03-07 10:55,{},15.73,2258,15.8,15.72,15.8,6.6082,3458.0
2019-03-07 11:00,{},15.76,2258,15.77,15.73,15.73,4.0551,2122.0
2019-03-07 11:05,{},15.75,2258,15.77,15.75,15.77,3.006,1573.0
2019-03-07 11:10,{},15.72,2258,15.76,15.72,15.75,5.0278,2631.0
2019-03-07 11:15,{},15.77,2258,15.78,15.72,15.72,3.9022,2042.0
2019-03-07 11:20,{},15.77,2258,15.78,15.74,15.77,3.0442,1593.0
2019-03-07 11:25,{},15.82,2258,15.82,15.77,15.78,3.5315,1848.0
2019-03-07 11:30,{},15.83,2258,15.85,15.82,15.82,3.8296,2004.0
2019-03-07 13:05,{},15.78,2258,15.84,15.77,15.83,3.9175,2050.0
2019-03-07 13:10,{},15.78,2258,15.79,15.77,15.78,2.2645,1185.0
2019-03-07 13:15,{},15.79,2258,15.83,15.78,15.78,2.7002,1413.0
2019-03-07 13:20,{},15.76,2258,15.8,15.76,15.79,3.5429,1854.0
2019-03-07 13:25,{},15.73,2258,15.76,15.72,15.76,5.7979,3034.0
2019-03-07 13:30,{},15.74,2258,15.77,15.73,15.73,2.8187,1475.0
2019-03-07 13:35,{},15.76,2258,15.78,15.74,15.74,2.1632,1132.0
2019-03-07 13:40,{},15.73,2258,15.77,15.72,15.76,6.1209,3203.0
2019-03-07 13:45,{},15.76,2258,15.77,15.72,15.72,4.0952,2143.0
2019-03-07 13:50,{},15.75,2258,15.77,15.74,15.75,2.9009,1518.0
2019-03-07 13:55,{},15.79,2258,15.8,15.75,15.75,3.5009,1832.0
2019-03-07 14:00,{},15.79,2258,15.82,15.79,15.79,3.7149,1944.0
2019-03-07 14:05,{},15.78,2258,15.8,15.76,15.79,4.101,2146.0
2019-03-07 14:10,{},15.8,2258,15.81,15.77,15.78,4.8214,2523.0
2019-03-07 14:15,{},15.8,2258,15.83,15.8,15.8,4.8367,2531.0
2019-03-07 14:20,{},15.81,2258,15.83,15.8,15.8,3.3480000000000003,1752.0
2019-03-07 14:25,{},15.88,2258,15.89,15.81,15.81,5.6164,2939.0
2019-03-07 14:30,{},15.89,2258,15.89,15.86,15.88,6.3712,3334.0
2019-03-07 14:35,{},15.91,2258,15.93,15.89,15.89,4.7793,2501.0
2019-03-07 14:40,{},15.91,2258,15.94,15.9,15.91,5.4119,2832.0
2019-03-07 14:45,{},15.82,2258,15.92,15.81,15.91,10.0364,5252.0
2019-03-07 14:50,{},15.84,2258,15.85,15.82,15.82,5.2514,2748.0
2019-03-07 14:55,{},15.83,2258,15.85,15.82,15.84,7.5847,3969.0
2019-03-07 15:00,{},15.84,2258,15.84,15.83,15.83,2.9161,1526.0
2019-03-08 09:35,{},15.46,2258,15.64,15.35,15.63,20.7073,10836.0
2019-03-08 09:40,{},15.46,2258,15.48,15.39,15.46,10.8276,5666.0
2019-03-08 09:45,{},15.44,2258,15.51,15.44,15.46,4.808,2516.0
2019-03-08 09:50,{},15.43,2258,15.45,15.42,15.44,5.0278,2631.0
2019-03-08 09:55,{},15.53,2258,15.55,15.42,15.43,7.8254,4095.0
2019-03-08 10:00,{},15.5,2258,15.55,15.47,15.53,4.9341,2582.0
2019-03-08 10:05,{},15.52,2258,15.52,15.49,15.5,3.1818,1665.0
2019-03-08 10:10,{},15.56,2258,15.57,15.5,15.52,3.5372,1851.0
2019-03-08 10:15,{},15.56,2258,15.59,15.55,15.56,3.0404,1591.0
2019-03-08 10:20,{},15.54,2258,15.57,15.53,15.56,3.2219,1686.0
2019-03-08 10:25,{},15.5,2258,15.54,15.5,15.54,3.1512,1649.0
2019-03-08 10:30,{},15.52,2258,15.52,15.49,15.5,4.0723,2131.0
2019-03-08 10:35,{},15.54,2258,15.55,15.52,15.52,3.4531,1807.0
2019-03-08 10:40,{},15.55,2258,15.55,15.53,15.54,2.9811,1560.0
2019-03-08 10:45,{},15.56,2258,15.57,15.54,15.54,3.8831,2032.0
2019-03-08 10:50,{},15.54,2258,15.57,15.54,15.56,2.7384,1433.0
2019-03-08 10:55,{},15.5,2258,15.54,15.5,15.54,3.1588,1653.0
2019-03-08 11:00,{},15.48,2258,15.52,15.47,15.5,3.3519,1754.0
2019-03-08 11:05,{},15.5,2258,15.5,15.46,15.48,3.0996,1622.0
2019-03-08 11:10,{},15.47,2258,15.5,15.46,15.49,2.253,1179.0
2019-03-08 11:15,{},15.46,2258,15.48,15.45,15.47,2.9849,1562.0
2019-03-08 11:20,{},15.43,2258,15.47,15.43,15.46,2.6754,1400.0
2019-03-08 11:25,{},15.42,2258,15.44,15.41,15.43,5.6871,2976.0
2019-03-08 11:30,{},15.42,2258,15.44,15.41,15.42,1.8135,949.0
2019-03-08 13:05,{},15.42,2258,15.43,15.4,15.42,4.8997,2564.0
2019-03-08 13:10,{},15.45,2258,15.46,15.42,15.42,1.7485,915.0
2019-03-08 13:15,{},15.44,2258,15.47,15.44,15.45,2.5703,1345.0
2019-03-08 13:20,{},15.44,2258,15.45,15.43,15.44,1.9454,1018.0
2019-03-08 13:25,{},15.41,2258,15.44,15.4,15.44,2.3008,1204.0
2019-03-08 13:30,{},15.38,2258,15.42,15.36,15.41,9.6275,5038.0
2019-03-08 13:35,{},15.39,2258,15.4,15.38,15.38,2.0352,1065.0
2019-03-08 13:40,{},15.37,2258,15.4,15.37,15.39,3.3996,1779.0
2019-03-08 13:45,{},15.38,2258,15.38,15.36,15.37,2.0237,1059.0
2019-03-08 13:50,{},15.38,2258,15.39,15.38,15.38,1.2842,672.0
2019-03-08 13:55,{},15.35,2258,15.38,15.35,15.38,4.1315,2162.0
2019-03-08 14:00,{},15.34,2258,15.37,15.34,15.35,4.0245,2106.0
2019-03-08 14:05,{},15.41,2258,15.41,15.34,15.34,3.7512,1963.0
2019-03-08 14:10,{},15.45,2258,15.45,15.41,15.41,2.2034,1153.0
2019-03-08 14:15,{},15.4,2258,15.45,15.4,15.45,1.8403,963.0
2019-03-08 14:20,{},15.37,2258,15.4,15.37,15.4,1.4428,755.0
2019-03-08 14:25,{},15.37,2258,15.38,15.35,15.37,1.6931,886.0
2019-03-08 14:30,{},15.34,2258,15.38,15.34,15.37,3.1474,1647.0
2019-03-08 14:35,{},15.22,2258,15.35,15.21,15.34,10.925,5717.0
2019-03-08 14:40,{},15.15,2258,15.24,15.15,15.22,9.0274,4724.0
2019-03-08 14:45,{},15.05,2258,15.16,14.97,15.15,19.3563,10129.0
2019-03-08 14:50,{},15.09,2258,15.1,15.05,15.05,9.1058,4765.0
2019-03-08 14:55,{},15.0,2258,15.11,14.99,15.09,10.5964,5545.0
2019-03-08 15:00,{},15.01,2258,15.01,14.99,15.0,3.0327,1587.0
2019-03-11 09:35,{},15.15,2258,15.21,14.97,15.0,12.1825,6375.0
2019-03-11 09:40,{},15.09,2258,15.15,15.03,15.15,7.791,4077.0
2019-03-11 09:45,{},15.09,2258,15.1,15.04,15.09,4.3475,2275.0
2019-03-11 09:50,{},15.18,2258,15.18,15.09,15.09,4.5405,2376.0
2019-03-11 09:55,{},15.14,2258,15.18,15.12,15.18,5.58,2920.0
2019-03-11 10:00,{},15.1,2258,15.14,15.08,15.14,6.2336,3262.0
2019-03-11 10:05,{},15.08,2258,15.12,15.08,15.1,5.7654,3017.0
2019-03-11 10:10,{},15.06,2258,15.08,15.02,15.08,4.1201,2156.0
2019-03-11 10:15,{},15.03,2258,15.09,15.03,15.06,2.3562,1233.0
2019-03-11 10:20,{},15.0,2258,15.03,14.98,15.03,9.6542,5052.0
2019-03-11 10:25,{},15.05,2258,15.06,14.99,15.0,1.9282,1009.0
2019-03-11 10:30,{},15.09,2258,15.09,15.05,15.05,2.2473,1176.0
2019-03-11 10:35,{},15.07,2258,15.1,15.06,15.09,3.3519,1754.0
2019-03-11 10:40,{},15.1,2258,15.1,15.07,15.07,4.4507,2329.0
2019-03-11 10:45,{},15.09,2258,15.1,15.07,15.1,2.2186,1161.0
2019-03-11 10:50,{},15.12,2258,15.14,15.09,15.09,3.5716,1869.0
2019-03-11 10:55,{},15.13,2258,15.14,15.11,15.12,1.7447,913.0
2019-03-11 11:00,{},15.1,2258,15.14,15.07,15.13,3.6213,1895.0
2019-03-11 11:05,{},15.16,2258,15.16,15.1,15.1,3.1665,1657.0
2019-03-11 11:10,{},15.2,2258,15.21,15.16,15.16,4.9666,2599.0
2019-03-11 11:15,{},15.26,2258,15.27,15.2,15.2,4.5443,2378.0
2019-03-11 11:20,{},15.2,2258,15.28,15.19,15.26,3.3480000000000003,1752.0
2019-03-11 11:25,{},15.23,2258,15.23,15.2,15.2,2.2053,1154.0
2019-03-11 11:30,{},15.19,2258,15.23,15.19,15.22,1.6148,845.0
2019-03-11 13:05,{},15.23,2258,15.24,15.19,15.19,1.5823,828.0
2019-03-11 13:10,{},15.25,2258,15.25,15.22,15.23,0.6727,352.0
2019-03-11 13:15,{},15.23,2258,15.26,15.23,15.25,2.3696,1240.0
2019-03-11 13:20,{},15.22,2258,15.23,15.19,15.23,2.253,1179.0
2019-03-11 13:25,{},15.21,2258,15.23,15.14,15.22,4.9189,2574.0
2019-03-11 13:30,{},15.14,2258,15.23,15.13,15.21,2.8531,1493.0
2019-03-11 13:35,{},15.16,2258,15.2,15.13,15.14,1.7906,937.0
2019-03-11 13:40,{},15.17,2258,15.18,15.14,15.16,2.4327,1273.0
2019-03-11 13:45,{},15.19,2258,15.2,15.17,15.17,1.5211,796.0
2019-03-11 13:50,{},15.23,2258,15.23,15.18,15.19,1.9014,995.0
2019-03-11 13:55,{},15.21,2258,15.24,15.19,15.23,2.0505,1073.0
2019-03-11 14:00,{},15.2,2258,15.22,15.18,15.21,2.2969999999999997,1202.0
2019-03-11 14:00,{},15.2,2258,15.22,15.18,15.21,2.297,1202.0
2019-03-11 14:05,{},15.16,2258,15.21,15.16,15.2,1.9339,1012.0
2019-03-11 14:10,{},15.15,2258,15.17,15.14,15.16,2.3237,1216.0
2019-03-11 14:15,{},15.16,2258,15.16,15.14,15.15,2.5206,1319.0
2019-03-11 14:20,{},15.17,2258,15.17,15.15,15.16,2.3448,1227.0
2019-03-11 14:25,{},15.18,2258,15.18,15.15,15.17,3.8086,1993.0
2019-03-11 14:30,{},15.2,2258,15.21,15.18,15.18,2.4327,1273.0
2019-03-11 14:35,{},15.22,2258,15.23,15.2,15.21,3.1321,1639.0
2019-03-11 14:40,{},15.23,2258,15.23,15.2,15.22,3.713,1943.0
2019-03-11 14:45,{},15.23,2258,15.23,15.21,15.23,4.8673,2547.0
2019-03-11 14:50,{},15.28,2258,15.28,15.22,15.23,6.6177,3463.0
2019-03-11 14:55,{},15.33,2258,15.34,15.27,15.28,7.3037,3822.0
2019-03-11 15:00,{},15.33,2258,15.34,15.32,15.33,4.1564,2175.0
2019-03-12 09:35,{},15.45,2258,15.48,15.35,15.35,17.2618,9033.0
2019-03-12 09:40,{},15.51,2258,15.55,15.45,15.45,9.5358,4990.0
2019-03-12 09:45,{},15.58,2258,15.58,15.5,15.51,8.7656,4587.0
2019-03-12 09:50,{},15.7,2258,15.72,15.58,15.59,16.6599,8718.0
2019-03-12 09:55,{},15.68,2258,15.74,15.64,15.7,13.3271,6974.0
2019-03-12 10:00,{},15.7,2258,15.72,15.65,15.68,9.6925,5072.0
2019-03-12 10:05,{},15.69,2258,15.71,15.63,15.7,6.0788,3181.0
2019-03-12 10:10,{},15.7,2258,15.71,15.68,15.7,4.9341,2582.0
2019-03-12 10:15,{},15.63,2258,15.7,15.63,15.7,4.3035,2252.0
2019-03-12 10:20,{},15.63,2258,15.66,15.61,15.63,4.5768,2395.0
2019-03-12 10:25,{},15.66,2258,15.67,15.63,15.63,4.0799,2135.0
2019-03-12 10:30,{},15.67,2258,15.69,15.65,15.66,4.2061,2201.0
2019-03-12 10:35,{},15.77,2258,15.77,15.67,15.67,12.9621,6783.0
2019-03-12 10:40,{},15.79,2258,15.79,15.75,15.78,7.9802,4176.0
2019-03-12 10:45,{},15.91,2258,15.95,15.78,15.79,20.2869,10616.0
2019-03-12 10:50,{},15.89,2258,15.93,15.89,15.91,9.446,4943.0
2019-03-12 10:55,{},15.89,2258,15.9,15.83,15.89,9.0618,4742.0
2019-03-12 11:00,{},15.86,2258,15.92,15.86,15.89,7.8293,4097.0
2019-03-12 11:05,{},15.91,2258,15.91,15.85,15.86,4.7622,2492.0
2019-03-12 11:10,{},15.89,2258,15.91,15.88,15.9,6.2776,3285.0
2019-03-12 11:15,{},15.91,2258,15.91,15.89,15.89,5.9412,3109.0
2019-03-12 11:20,{},16.04,2258,16.07,15.9,15.9,29.5609,15469.0
2019-03-12 11:25,{},16.0,2258,16.05,15.98,16.04,7.9382,4154.0
2019-03-12 11:30,{},16.01,2258,16.01,15.99,16.0,4.0283,2108.0
2019-03-12 13:05,{},16.06,2258,16.07,16.01,16.01,11.0932,5805.0
2019-03-12 13:10,{},16.06,2258,16.07,16.03,16.06,7.5235,3937.0
2019-03-12 13:15,{},16.03,2258,16.07,16.03,16.06,6.6655,3488.0
2019-03-12 13:20,{},16.02,2258,16.04,15.99,16.03,7.3286,3835.0
2019-03-12 13:25,{},15.96,2258,16.03,15.96,16.02,5.3374,2793.0
2019-03-12 13:30,{},15.94,2258,15.96,15.9,15.96,5.2265,2735.0
2019-03-12 13:35,{},15.91,2258,15.95,15.9,15.94,5.4004,2826.0
2019-03-12 13:40,{},15.93,2258,15.94,15.9,15.91,4.4564,2332.0
2019-03-12 13:45,{},15.86,2258,15.95,15.86,15.93,7.5694,3961.0
2019-03-12 13:50,{},15.88,2258,15.89,15.78,15.86,10.7378,5619.0
2019-03-12 13:55,{},15.79,2258,15.95,15.79,15.88,7.7987,4081.0
2019-03-12 14:00,{},15.84,2258,15.85,15.76,15.8,10.4932,5491.0
2019-03-12 14:05,{},15.71,2258,15.85,15.71,15.84,8.4312,4412.0
2019-03-12 14:10,{},15.8,2258,15.81,15.7,15.71,7.7719,4067.0
2019-03-12 14:15,{},15.78,2258,15.82,15.78,15.8,5.8896,3082.0
2019-03-12 14:20,{},15.69,2258,15.8,15.68,15.78,6.7668,3541.0
2019-03-12 14:25,{},15.73,2258,15.73,15.62,15.69,8.4886,4442.0
2019-03-12 14:30,{},15.73,2258,15.78,15.73,15.73,5.087,2662.0
2019-03-12 14:35,{},15.76,2258,15.77,15.7,15.73,6.0521,3167.0
2019-03-12 14:40,{},15.86,2258,15.86,15.75,15.76,6.1648,3226.0
2019-03-12 14:45,{},15.94,2258,15.96,15.85,15.86,10.7359,5618.0
2019-03-12 14:50,{},15.96,2258,15.96,15.93,15.94,12.5666,6576.0
2019-03-12 14:55,{},15.97,2258,15.97,15.94,15.96,15.4846,8103.0
2019-03-12 15:00,{},16.0,2258,16.0,15.96,15.97,10.6518,5574.0
2019-03-13 09:35,{},15.9,2258,16.08,15.87,16.08,19.7671,10344.0
2019-03-13 09:40,{},15.89,2258,15.9,15.81,15.9,12.75,6672.0
2019-03-13 09:45,{},15.93,2258,16.02,15.88,15.89,9.1937,4811.0
2019-03-13 09:50,{},16.01,2258,16.05,15.9,15.93,11.1792,5850.0
2019-03-13 09:55,{},15.96,2258,16.03,15.95,16.01,5.9011,3088.0
2019-03-13 10:00,{},15.95,2258,15.96,15.9,15.96,6.0521,3167.0
2019-03-13 10:05,{},15.91,2258,15.95,15.89,15.95,5.6164,2939.0
2019-03-13 10:10,{},15.89,2258,15.99,15.88,15.91,7.0687,3699.0
2019-03-13 10:15,{},15.9,2258,15.93,15.88,15.89,5.3813,2816.0
2019-03-13 10:20,{},15.86,2258,15.91,15.86,15.9,6.3444,3320.0
2019-03-13 10:25,{},15.85,2258,15.9,15.84,15.86,7.7987,4081.0
2019-03-13 10:30,{},15.88,2258,15.91,15.83,15.85,6.3999,3349.0
2019-03-13 10:35,{},15.87,2258,15.88,15.86,15.88,4.315,2258.0
2019-03-13 10:40,{},15.97,2258,15.97,15.84,15.87,5.6565,2960.0
2019-03-13 10:45,{},15.98,2258,15.99,15.92,15.97,7.7662,4064.0
2019-03-13 10:50,{},16.0,2258,16.02,15.98,15.98,5.4386,2846.0
2019-03-13 10:55,{},16.0,2258,16.03,16.0,16.0,7.319,3830.0
2019-03-13 11:00,{},15.98,2258,16.01,15.98,16.01,4.2863,2243.0
2019-03-13 11:05,{},16.01,2258,16.01,15.98,15.99,4.38,2292.0
2019-03-13 11:10,{},16.03,2258,16.03,16.0,16.01,9.0255,4723.0
2019-03-13 11:15,{},16.06,2258,16.09,16.03,16.03,12.7195,6656.0
2019-03-13 11:20,{},16.18,2258,16.18,16.06,16.06,15.9547,8349.0
2019-03-13 11:25,{},16.17,2258,16.23,16.17,16.18,16.8739,8830.0
2019-03-13 11:30,{},16.15,2258,16.17,16.13,16.17,4.7774,2500.0
2019-03-13 13:05,{},16.09,2258,16.17,16.09,16.15,8.0758,4226.0
2019-03-13 13:10,{},16.11,2258,16.13,16.09,16.09,10.3632,5423.0
2019-03-13 13:15,{},16.1,2258,16.15,16.09,16.11,11.7028,6124.0
2019-03-13 13:20,{},16.05,2258,16.1,16.01,16.1,8.6319,4517.0
2019-03-13 13:25,{},16.09,2258,16.09,16.04,16.05,5.1558,2698.0
2019-03-13 13:30,{},16.11,2258,16.12,16.08,16.09,3.7914,1984.0
2019-03-13 13:35,{},16.11,2258,16.15,16.1,16.11,12.3984,6488.0
2019-03-13 13:40,{},16.16,2258,16.16,16.11,16.11,6.3846,3341.0
2019-03-13 13:45,{},16.14,2258,16.16,16.12,16.16,6.0349,3158.0
2019-03-13 13:50,{},16.14,2258,16.16,16.13,16.14,9.5205,4982.0
2019-03-13 13:55,{},16.14,2258,16.15,16.1,16.14,8.0796,4228.0
2019-03-13 14:00,{},16.11,2258,16.14,16.11,16.14,4.2213,2209.0
2019-03-13 14:05,{},16.11,2258,16.13,16.11,16.11,3.069,1606.0
2019-03-13 14:10,{},16.08,2258,16.12,16.08,16.11,7.1738,3754.0
2019-03-13 14:15,{},16.05,2258,16.09,16.03,16.08,8.1025,4240.0
2019-03-13 14:20,{},15.98,2258,16.05,15.91,16.05,9.357999999999999,4897.0
2019-03-13 14:20,{},15.98,2258,16.05,15.91,16.05,9.358,4897.0
2019-03-13 14:25,{},15.89,2258,15.99,15.86,15.98,8.4886,4442.0
2019-03-13 14:30,{},15.89,2258,15.98,15.88,15.89,3.6328,1901.0
2019-03-13 14:35,{},15.95,2258,15.95,15.88,15.89,5.0048,2619.0
2019-03-13 14:40,{},15.86,2258,15.95,15.84,15.95,8.1904,4286.0
2019-03-13 14:45,{},15.85,2258,15.9,15.84,15.86,4.6609,2439.0
2019-03-13 14:50,{},15.93,2258,15.93,15.83,15.85,6.1973,3243.0
2019-03-13 14:55,{},15.9,2258,15.93,15.89,15.93,7.0878,3709.0
2019-03-13 15:00,{},15.9,2258,15.91,15.9,15.9,3.6385,1904.0
2019-03-14 09:35,{},15.78,2258,15.85,15.7,15.85,8.1943,4288.0
2019-03-14 09:40,{},15.73,2258,15.8,15.7,15.78,7.6496,4003.0
2019-03-14 09:45,{},15.83,2258,15.83,15.72,15.73,4.6379,2427.0
2019-03-14 09:50,{},15.75,2258,15.83,15.75,15.83,4.3054,2253.0
2019-03-14 09:55,{},15.75,2258,15.76,15.7,15.75,6.4534,3377.0
2019-03-14 10:00,{},15.64,2258,15.75,15.61,15.75,10.4836,5486.0
2019-03-14 10:05,{},15.48,2258,15.65,15.38,15.64,14.747,7717.0
2019-03-14 10:10,{},15.5,2258,15.5,15.41,15.48,9.8912,5176.0
2019-03-14 10:15,{},15.53,2258,15.54,15.46,15.5,4.5462,2379.0
2019-03-14 10:20,{},15.46,2258,15.53,15.45,15.53,5.817,3044.0
2019-03-14 10:25,{},15.48,2258,15.5,15.45,15.46,2.8282,1480.0
2019-03-14 10:30,{},15.44,2258,15.48,15.42,15.48,5.2647,2755.0
2019-03-14 10:35,{},15.42,2258,15.44,15.39,15.44,8.6109,4506.0
2019-03-14 10:40,{},15.4,2258,15.47,15.4,15.42,5.3507,2800.0
2019-03-14 10:45,{},15.44,2258,15.47,15.4,15.4,4.7526,2487.0
2019-03-14 10:50,{},15.46,2258,15.48,15.43,15.44,2.6964,1411.0
2019-03-14 10:55,{},15.51,2258,15.51,15.43,15.46,3.2697,1711.0
2019-03-14 11:00,{},15.54,2258,15.55,15.5,15.51,3.9672,2076.0
2019-03-14 11:05,{},15.52,2258,15.55,15.5,15.54,1.6511,864.0
2019-03-14 11:10,{},15.55,2258,15.56,15.51,15.52,1.9798,1036.0
2019-03-14 11:15,{},15.57,2258,15.59,15.53,15.55,3.2315,1691.0
2019-03-14 11:20,{},15.66,2258,15.66,15.56,15.57,3.5735,1870.0
2019-03-14 11:25,{},15.61,2258,15.66,15.58,15.66,3.0824,1613.0
2019-03-14 11:30,{},15.6,2258,15.63,15.6,15.61,2.1346,1117.0
2019-03-14 13:05,{},15.56,2258,15.6,15.56,15.6,3.0958,1620.0
2019-03-14 13:10,{},15.53,2258,15.58,15.53,15.56,3.7302,1952.0
2019-03-14 13:15,{},15.52,2258,15.54,15.5,15.53,2.6754,1400.0
2019-03-14 13:20,{},15.55,2258,15.59,15.52,15.52,2.4384,1276.0
2019-03-14 13:25,{},15.61,2258,15.63,15.55,15.55,3.3748,1766.0
2019-03-14 13:30,{},15.58,2258,15.63,15.58,15.61,2.253,1179.0
2019-03-14 13:35,{},15.53,2258,15.61,15.52,15.58,2.6219,1372.0
2019-03-14 13:40,{},15.49,2258,15.56,15.49,15.53,4.852,2539.0
2019-03-14 13:45,{},15.55,2258,15.56,15.49,15.49,5.3909,2821.0
2019-03-14 13:50,{},15.56,2258,15.6,15.55,15.55,1.4007,733.0
2019-03-14 13:55,{},15.6,2258,15.61,15.55,15.56,2.2339,1169.0
2019-03-14 14:00,{},15.62,2258,15.62,15.6,15.6,3.4302,1795.0
2019-03-14 14:05,{},15.74,2258,15.75,15.61,15.62,6.9999,3663.0
2019-03-14 14:10,{},15.68,2258,15.76,15.67,15.74,5.7348,3001.0
2019-03-14 14:15,{},15.99,2258,15.99,15.68,15.68,9.5453,4995.0
2019-03-14 14:20,{},16.11,2258,16.24,15.98,15.99,25.5803,13386.0
2019-03-14 14:25,{},16.03,2258,16.11,15.98,16.11,11.2537,5889.0
2019-03-14 14:30,{},16.0,2258,16.03,15.97,16.03,9.0446,4733.0
2019-03-14 14:35,{},15.92,2258,16.01,15.9,16.0,7.0725,3701.0
2019-03-14 14:40,{},15.99,2258,16.01,15.91,15.92,7.2598,3799.0
2019-03-14 14:45,{},16.17,2258,16.17,15.95,15.99,14.5119,7594.0
2019-03-14 14:50,{},16.25,2258,16.28,16.15,16.17,33.8338,17705.0
2019-03-14 14:55,{},16.33,2258,16.35,16.24,16.25,27.1454,14205.0
2019-03-14 15:00,{},16.37,2258,16.38,16.33,16.33,11.8633,6208.0
2019-03-15 09:35,{},16.57,2258,16.64,16.44,16.44,30.7648,16099.0
2019-03-15 09:40,{},16.51,2258,16.59,16.47,16.57,16.8051,8794.0
2019-03-15 09:45,{},16.49,2258,16.53,16.46,16.51,9.4842,4963.0
2019-03-15 09:50,{},16.42,2258,16.5,16.41,16.49,20.6653,10814.0
2019-03-15 09:55,{},16.43,2258,16.43,16.36,16.42,13.9731,7312.0
2019-03-15 10:00,{},16.5,2258,16.5,16.43,16.43,11.7659,6157.0
2019-03-15 10:05,{},16.71,2258,16.72,16.49,16.5,22.5514,11801.0
2019-03-15 10:10,{},16.7,2258,16.77,16.64,16.71,16.6618,8719.0
2019-03-15 10:15,{},16.85,2258,16.87,16.66,16.7,21.7832,11399.0
2019-03-15 10:20,{},16.77,2258,16.86,16.77,16.85,18.5785,9722.0
2019-03-15 10:25,{},16.74,2258,16.79,16.7,16.77,9.4536,4947.0
2019-03-15 10:30,{},16.86,2258,16.86,16.72,16.74,11.7181,6132.0
2019-03-15 10:35,{},16.83,2258,16.86,16.79,16.86,9.0962,4760.0
2019-03-15 10:40,{},16.84,2258,16.84,16.79,16.83,5.6527,2958.0
2019-03-15 10:45,{},16.84,2258,16.85,16.83,16.84,5.8075,3039.0
2019-03-15 10:50,{},16.8,2258,16.85,16.8,16.84,3.6748,1923.0
2019-03-15 10:55,{},16.76,2258,16.81,16.75,16.8,5.5705,2915.0
2019-03-15 11:00,{},16.79,2258,16.79,16.72,16.76,5.5304,2894.0
2019-03-15 11:05,{},16.77,2258,16.81,16.77,16.8,5.9642,3121.0
2019-03-15 11:10,{},16.77,2258,16.8,16.72,16.77,4.8042,2514.0
2019-03-15 11:15,{},16.75,2258,16.77,16.72,16.77,3.0021,1571.0
2019-03-15 11:20,{},16.77,2258,16.78,16.75,16.76,3.2257,1688.0
2019-03-15 11:25,{},16.77,2258,16.8,16.76,16.77,8.6911,4548.0
2019-03-15 11:30,{},16.77,2258,16.78,16.74,16.77,4.336,2269.0
2019-03-15 13:05,{},16.77,2258,16.79,16.7,16.77,5.1883,2715.0
2019-03-15 13:10,{},16.78,2258,16.78,16.75,16.77,3.0977,1621.0
2019-03-15 13:15,{},16.72,2258,16.78,16.72,16.78,3.7971,1987.0
2019-03-15 13:20,{},16.62,2258,16.73,16.62,16.72,6.8336,3576.0
2019-03-15 13:25,{},16.62,2258,16.66,16.53,16.62,9.0924,4758.0
2019-03-15 13:30,{},16.55,2258,16.65,16.54,16.62,8.93,4673.0
2019-03-15 13:35,{},16.46,2258,16.58,16.42,16.55,13.9998,7326.0
2019-03-15 13:40,{},16.53,2258,16.53,16.43,16.46,12.0353,6298.0
2019-03-15 13:45,{},16.45,2258,16.53,16.44,16.53,7.17,3752.0
2019-03-15 13:50,{},16.43,2258,16.48,16.37,16.45,12.5379,6561.0
2019-03-15 13:55,{},16.44,2258,16.48,16.4,16.43,6.5336,3419.0
2019-03-15 14:00,{},16.57,2258,16.63,16.43,16.44,6.3177,3306.0
2019-03-15 14:05,{},16.61,2258,16.61,16.53,16.56,4.6398,2428.0
2019-03-15 14:10,{},16.56,2258,16.63,16.56,16.61,2.8569,1495.0
2019-03-15 14:15,{},16.51,2258,16.58,16.51,16.56,2.8512,1492.0
2019-03-15 14:20,{},16.54,2258,16.54,16.46,16.51,4.1354,2164.0
2019-03-15 14:25,{},16.74,2258,16.75,16.54,16.54,10.7187,5609.0
2019-03-15 14:30,{},16.77,2258,16.77,16.73,16.75,9.4689,4955.0
2019-03-15 14:35,{},16.7,2258,16.77,16.69,16.77,7.0993,3715.0
2019-03-15 14:40,{},16.76,2258,16.77,16.69,16.7,8.8765,4645.0
2019-03-15 14:45,{},16.73,2258,16.77,16.7,16.76,8.3185,4353.0
2019-03-15 14:50,{},16.72,2258,16.75,16.7,16.73,7.5675,3960.0
2019-03-15 14:55,{},16.72,2258,16.73,16.71,16.72,9.5606,5003.0
2019-03-15 15:00,{},16.73,2258,16.73,16.72,16.72,6.7381,3526.0
2019-03-18 09:35,{},16.56,2258,16.75,16.5,16.73,17.7014,9263.0
2019-03-18 09:40,{},16.55,2258,16.71,16.53,16.56,7.235,3786.0
2019-03-18 09:45,{},16.56,2258,16.56,16.46,16.55,7.5503,3951.0
2019-03-18 09:50,{},16.64,2258,16.66,16.56,16.56,5.7043,2985.0
2019-03-18 09:55,{},16.73,2258,16.77,16.64,16.64,6.9005,3611.0
2019-03-18 10:00,{},16.76,2258,16.77,16.69,16.73,7.9248,4147.0
2019-03-18 10:05,{},16.74,2258,16.77,16.72,16.76,8.1293,4254.0
2019-03-18 10:10,{},16.95,2258,16.98,16.74,16.74,17.6918,9258.0
2019-03-18 10:15,{},16.93,2258,16.96,16.92,16.95,8.5344,4466.0
2019-03-18 10:20,{},16.9,2258,16.93,16.82,16.93,8.0567,4216.0
2019-03-18 10:25,{},16.93,2258,16.95,16.9,16.9,5.8094,3040.0
2019-03-18 10:30,{},16.92,2258,16.95,16.92,16.93,5.4711,2863.0
2019-03-18 10:35,{},16.9,2258,16.93,16.9,16.92,5.0927,2665.0
2019-03-18 10:40,{},16.89,2258,16.91,16.89,16.9,7.2713,3805.0
2019-03-18 10:45,{},16.9,2258,16.9,16.87,16.89,3.1531,1650.0
2019-03-18 10:50,{},16.87,2258,16.91,16.87,16.9,4.9896,2611.0
2019-03-18 10:55,{},16.89,2258,16.9,16.87,16.87,3.7188,1946.0
2019-03-18 11:00,{},16.9,2258,16.91,16.89,16.89,3.1359,1641.0
2019-03-18 11:05,{},16.9,2258,16.92,16.9,16.9,3.2085,1679.0
2019-03-18 11:10,{},16.98,2258,16.98,16.9,16.9,8.5172,4457.0
2019-03-18 11:15,{},16.93,2258,17.0,16.93,16.98,9.3198,4877.0
2019-03-18 11:20,{},16.92,2258,16.95,16.92,16.93,2.9467,1542.0
2019-03-18 11:25,{},16.96,2258,16.96,16.92,16.92,1.867,977.0
2019-03-18 11:30,{},16.99,2258,17.0,16.96,16.96,3.4837,1823.0
2019-03-18 13:05,{},17.0,2258,17.03,16.98,16.99,10.6862,5592.0
2019-03-18 13:10,{},16.95,2258,17.0,16.95,17.0,4.5883,2401.0
2019-03-18 13:15,{},16.95,2258,16.96,16.93,16.95,3.0576,1600.0
2019-03-18 13:20,{},16.94,2258,16.96,16.94,16.95,3.7532,1964.0
2019-03-18 13:25,{},16.92,2258,16.94,16.91,16.94,3.0041,1572.0
2019-03-18 13:30,{},16.95,2258,16.95,16.92,16.92,1.911,1000.0
2019-03-18 13:35,{},16.97,2258,16.98,16.94,16.95,3.4894,1826.0
2019-03-18 13:40,{},17.08,2258,17.08,16.97,16.97,8.9587,4688.0
2019-03-18 13:45,{},17.08,2258,17.16,17.06,17.08,8.9147,4665.0
2019-03-18 13:50,{},17.08,2258,17.11,17.07,17.08,3.0748,1609.0
2019-03-18 13:55,{},17.08,2258,17.09,17.05,17.08,2.2263,1165.0
2019-03-18 14:00,{},17.11,2258,17.11,17.05,17.08,2.9677,1553.0
2019-03-18 14:05,{},17.15,2258,17.15,17.1,17.11,5.1405,2690.0
2019-03-18 14:10,{},17.15,2258,17.16,17.14,17.15,7.0744,3702.0
2019-03-18 14:15,{},17.19,2258,17.19,17.15,17.15,8.5975,4499.0
2019-03-18 14:20,{},17.12,2258,17.2,17.1,17.19,4.7507,2486.0
2019-03-18 14:25,{},17.14,2258,17.15,17.11,17.12,5.0373,2636.0
2019-03-18 14:30,{},17.12,2258,17.15,17.12,17.14,6.6502,3480.0
2019-03-18 14:35,{},17.13,2258,17.13,17.11,17.12,3.8067,1992.0
2019-03-18 14:40,{},17.03,2258,17.13,17.03,17.13,5.7406,3004.0
2019-03-18 14:45,{},17.09,2258,17.09,17.03,17.03,4.3647,2284.0
2019-03-18 14:50,{},17.11,2258,17.11,17.07,17.09,6.5355,3420.0
2019-03-18 14:55,{},17.09,2258,17.12,17.08,17.11,9.5147,4979.0
2019-03-18 15:00,{},17.1,2258,17.1,17.09,17.09,3.7398,1957.0
2019-03-19 09:35,{},16.96,2258,17.11,16.91,17.1,11.8289,6190.0
2019-03-19 09:40,{},16.86,2258,16.98,16.83,16.96,9.8281,5143.0
2019-03-19 09:45,{},16.84,2258,16.88,16.76,16.86,10.8219,5663.0
2019-03-19 09:50,{},16.89,2258,16.89,16.82,16.84,5.9164,3096.0
2019-03-19 09:55,{},16.82,2258,16.9,16.81,16.89,7.7471,4054.0
2019-03-19 10:00,{},16.8,2258,16.82,16.8,16.82,6.1457,3216.0
2019-03-19 10:05,{},16.85,2258,16.85,16.78,16.8,6.9292,3626.0
2019-03-19 10:10,{},16.83,2258,16.87,16.82,16.85,3.3729,1765.0
2019-03-19 10:15,{},16.8,2258,16.83,16.78,16.83,5.1080000000000005,2673.0
2019-03-19 10:20,{},16.8,2258,16.81,16.78,16.8,3.8487,2014.0
2019-03-19 10:25,{},16.79,2258,16.81,16.79,16.8,3.7589,1967.0
2019-03-19 10:30,{},16.8,2258,16.81,16.79,16.79,2.8149,1473.0
2019-03-19 10:35,{},16.78,2258,16.81,16.78,16.8,5.7119,2989.0
2019-03-19 10:40,{},16.66,2258,16.79,16.64,16.78,11.1505,5835.0
2019-03-19 10:45,{},16.66,2258,16.77,16.65,16.66,6.1705,3229.0
2019-03-19 10:50,{},16.69,2258,16.69,16.62,16.66,7.5178,3934.0
2019-03-19 10:55,{},16.72,2258,16.73,16.68,16.69,1.9339,1012.0
2019-03-19 11:00,{},16.72,2258,16.72,16.66,16.72,3.0117,1576.0
2019-03-19 11:05,{},16.79,2258,16.79,16.7,16.72,1.9683,1030.0
2019-03-19 11:10,{},16.75,2258,16.8,16.73,16.79,1.0606,555.0
2019-03-19 11:15,{},16.67,2258,16.75,16.65,16.75,3.0136,1577.0
2019-03-19 11:20,{},16.68,2258,16.68,16.66,16.66,2.7461,1437.0
2019-03-19 11:25,{},16.69,2258,16.69,16.66,16.68,2.5148,1316.0
2019-03-19 11:30,{},16.66,2258,16.69,16.66,16.69,1.1294,591.0
2019-03-19 13:05,{},16.69,2258,16.7,16.66,16.66,1.0644,557.0
2019-03-19 13:10,{},16.66,2258,16.69,16.65,16.69,1.3702,717.0
2019-03-19 13:15,{},16.68,2258,16.68,16.65,16.66,1.4944,782.0
2019-03-19 13:20,{},16.7,2258,16.7,16.68,16.68,1.5766,825.0
2019-03-19 13:25,{},16.75,2258,16.77,16.7,16.7,1.6492,863.0
2019-03-19 13:30,{},16.74,2258,16.75,16.73,16.75,1.4371,752.0
2019-03-19 13:35,{},16.72,2258,16.74,16.71,16.74,1.2689,664.0
2019-03-19 13:40,{},16.68,2258,16.73,16.68,16.72,1.9205,1005.0
2019-03-19 13:45,{},16.65,2258,16.68,16.64,16.68,4.2347,2216.0
2019-03-19 13:50,{},16.66,2258,16.67,16.65,16.66,1.8459999999999999,966.0
2019-03-19 13:50,{},16.66,2258,16.67,16.65,16.66,1.846,966.0
2019-03-19 13:55,{},16.66,2258,16.67,16.64,16.66,2.2511,1178.0
2019-03-19 14:00,{},16.65,2258,16.67,16.64,16.66,1.6262,851.0
2019-03-19 14:05,{},16.68,2258,16.69,16.65,16.65,2.3218,1215.0
2019-03-19 14:10,{},16.65,2258,16.69,16.65,16.68,2.8034,1467.0
2019-03-19 14:15,{},16.62,2258,16.65,16.61,16.65,4.9628,2597.0
2019-03-19 14:20,{},16.61,2258,16.65,16.61,16.62,2.8856,1510.0
2019-03-19 14:25,{},16.62,2258,16.62,16.6,16.61,6.3005,3297.0
2019-03-19 14:30,{},16.62,2258,16.63,16.61,16.62,1.6205,848.0
2019-03-19 14:35,{},16.7,2258,16.7,16.61,16.62,2.3524,1231.0
2019-03-19 14:40,{},16.67,2258,16.7,16.67,16.7,1.7868,935.0
2019-03-19 14:45,{},16.7,2258,16.72,16.67,16.67,2.2339,1169.0
2019-03-19 14:50,{},16.65,2258,16.72,16.65,16.7,3.5831,1875.0
2019-03-19 14:55,{},16.65,2258,16.67,16.65,16.67,4.9532,2592.0
2019-03-19 15:00,{},16.66,2258,16.67,16.65,16.65,4.294,2247.0
2019-03-20 09:35,{},16.5,2258,16.71,16.48,16.68,8.1618,4271.0
2019-03-20 09:40,{},16.51,2258,16.62,16.49,16.5,5.2342,2739.0
2019-03-20 09:45,{},16.52,2258,16.55,16.49,16.49,4.1812,2188.0
2019-03-20 09:50,{},16.52,2258,16.56,16.52,16.52,3.2487,1700.0
2019-03-20 09:55,{},16.43,2258,16.52,16.4,16.52,8.7752,4592.0
2019-03-20 10:00,{},16.35,2258,16.49,16.34,16.43,8.4159,4404.0
2019-03-20 10:05,{},16.39,2258,16.42,16.34,16.35,4.2806,2240.0
2019-03-20 10:10,{},16.35,2258,16.4,16.32,16.38,5.9164,3096.0
2019-03-20 10:15,{},16.4,2258,16.42,16.35,16.35,5.6183,2940.0
2019-03-20 10:20,{},16.37,2258,16.41,16.37,16.4,2.0467,1071.0
2019-03-20 10:25,{},16.34,2258,16.38,16.29,16.37,8.7943,4602.0
2019-03-20 10:30,{},16.38,2258,16.4,16.34,16.34,3.4894,1826.0
2019-03-20 10:35,{},16.37,2258,16.39,16.37,16.38,1.9033,996.0
2019-03-20 10:40,{},16.34,2258,16.39,16.34,16.37,2.0562,1076.0
2019-03-20 10:45,{},16.35,2258,16.35,16.29,16.34,5.6221,2942.0
2019-03-20 10:50,{},16.36,2258,16.37,16.32,16.36,1.8212,953.0
2019-03-20 10:55,{},16.3,2258,16.37,16.3,16.36,4.8634,2545.0
2019-03-20 11:00,{},16.41,2258,16.42,16.3,16.31,3.8869,2034.0
2019-03-20 11:05,{},16.41,2258,16.41,16.37,16.41,0.858,449.0
2019-03-20 11:10,{},16.36,2258,16.41,16.36,16.4,1.1389,596.0
2019-03-20 11:15,{},16.31,2258,16.37,16.3,16.36,3.4837,1823.0
2019-03-20 11:20,{},16.28,2258,16.32,16.27,16.31,4.271,2235.0
2019-03-20 11:25,{},16.22,2258,16.28,16.22,16.27,5.1004,2669.0
2019-03-20 11:30,{},16.21,2258,16.22,16.15,16.22,7.4719,3910.0
2019-03-20 13:05,{},16.18,2258,16.21,16.16,16.21,4.6513,2434.0
2019-03-20 13:10,{},16.17,2258,16.19,16.15,16.18,3.7952,1986.0
2019-03-20 13:15,{},16.23,2258,16.25,16.16,16.17,2.3123,1210.0
2019-03-20 13:20,{},16.22,2258,16.23,16.21,16.23,0.9631,504.0
2019-03-20 13:25,{},16.25,2258,16.25,16.21,16.22,1.4313,749.0
2019-03-20 13:30,{},16.29,2258,16.29,16.22,16.25,1.89,989.0
2019-03-20 13:35,{},16.35,2258,16.36,16.28,16.29,2.3352,1222.0
2019-03-20 13:40,{},16.33,2258,16.35,16.25,16.35,1.4504,759.0
2019-03-20 13:45,{},16.34,2258,16.35,16.27,16.33,1.8097,947.0
2019-03-20 13:50,{},16.31,2258,16.34,16.28,16.31,1.6396,858.0
2019-03-20 13:55,{},16.3,2258,16.32,16.26,16.32,1.8192,952.0
2019-03-20 14:00,{},16.25,2258,16.32,16.2,16.3,2.3543,1232.0
2019-03-20 14:05,{},16.3,2258,16.3,16.21,16.25,1.7562,919.0
2019-03-20 14:10,{},16.34,2258,16.35,16.26,16.3,1.5555,814.0
2019-03-20 14:15,{},16.37,2258,16.38,16.31,16.34,1.6473,862.0
2019-03-20 14:20,{},16.35,2258,16.39,16.31,16.37,1.3052,683.0
2019-03-20 14:25,{},16.43,2258,16.43,16.35,16.35,2.7556,1442.0
2019-03-20 14:30,{},16.41,2258,16.44,16.4,16.43,1.9817,1037.0
2019-03-20 14:35,{},16.38,2258,16.42,16.38,16.41,2.8894,1512.0
2019-03-20 14:40,{},16.39,2258,16.41,16.37,16.38,1.2765,668.0
2019-03-20 14:45,{},16.4,2258,16.41,16.39,16.39,3.1149,1630.0
2019-03-20 14:50,{},16.39,2258,16.41,16.38,16.4,2.7059,1416.0
2019-03-20 14:55,{},16.4,2258,16.41,16.38,16.4,3.9079,2045.0
2019-03-20 15:00,{},16.38,2258,16.4,16.38,16.4,4.2787,2239.0
2019-03-21 09:35,{},16.4,2258,16.41,16.27,16.27,4.6265,2421.0
2019-03-21 09:40,{},16.34,2258,16.4,16.34,16.4,2.1632,1132.0
2019-03-21 09:45,{},16.37,2258,16.37,16.34,16.35,1.5938,834.0
2019-03-21 09:50,{},16.33,2258,16.37,16.32,16.37,3.5162,1840.0
2019-03-21 09:55,{},16.24,2258,16.38,16.23,16.34,8.6644,4534.0
2019-03-21 10:00,{},16.29,2258,16.3,16.24,16.24,2.2779,1192.0
2019-03-21 10:05,{},16.3,2258,16.3,16.27,16.29,3.6289,1899.0
2019-03-21 10:10,{},16.31,2258,16.33,16.29,16.3,4.9208,2575.0
2019-03-21 10:15,{},16.31,2258,16.32,16.29,16.31,6.8203,3569.0
2019-03-21 10:20,{},16.32,2258,16.34,16.31,16.31,4.8711,2549.0
2019-03-21 10:25,{},16.28,2258,16.32,16.28,16.32,3.5888,1878.0
2019-03-21 10:30,{},16.25,2258,16.3,16.25,16.28,4.2634,2231.0
2019-03-21 10:35,{},16.25,2258,16.27,16.23,16.25,5.2609,2753.0
2019-03-21 10:40,{},16.28,2258,16.32,16.25,16.25,3.4283,1794.0
2019-03-21 10:45,{},16.29,2258,16.3,16.28,16.28,1.8613,974.0
2019-03-21 10:50,{},16.29,2258,16.3,16.28,16.29,1.6014,838.0
2019-03-21 10:55,{},16.25,2258,16.3,16.24,16.29,3.5105,1837.0
2019-03-21 11:00,{},16.25,2258,16.25,16.24,16.25,1.9607,1026.0
2019-03-21 11:05,{},16.22,2258,16.29,16.21,16.25,4.2003,2198.0
2019-03-21 11:10,{},16.23,2258,16.23,16.2,16.22,2.4843,1300.0
2019-03-21 11:15,{},16.21,2258,16.23,16.2,16.23,1.7982,941.0
2019-03-21 11:20,{},16.25,2258,16.26,16.2,16.21,1.374,719.0
2019-03-21 11:25,{},16.23,2258,16.29,16.23,16.25,0.9001,471.0
2019-03-21 11:30,{},16.27,2258,16.28,16.23,16.23,0.5695,298.0
2019-03-21 13:05,{},16.3,2258,16.33,16.27,16.27,1.7925,938.0
2019-03-21 13:10,{},16.27,2258,16.3,16.27,16.3,3.2888,1721.0
2019-03-21 13:15,{},16.29,2258,16.3,16.26,16.27,2.4575,1286.0
2019-03-21 13:20,{},16.29,2258,16.3,16.28,16.29,2.0811,1089.0
2019-03-21 13:25,{},16.29,2258,16.3,16.29,16.29,2.0065,1050.0
2019-03-21 13:30,{},16.34,2258,16.35,16.29,16.29,2.7709,1450.0
2019-03-21 13:35,{},16.35,2258,16.37,16.34,16.34,5.0201,2627.0
2019-03-21 13:40,{},16.34,2258,16.35,16.3,16.35,4.8157,2520.0
2019-03-21 13:45,{},16.34,2258,16.35,16.32,16.34,2.511,1314.0
2019-03-21 13:50,{},16.35,2258,16.37,16.34,16.34,1.5039,787.0
2019-03-21 13:55,{},16.34,2258,16.35,16.33,16.35,1.288,674.0
2019-03-21 14:00,{},16.21,2258,16.35,16.2,16.34,7.9401,4155.0
2019-03-21 14:05,{},16.25,2258,16.27,16.21,16.21,1.9244,1007.0
2019-03-21 14:10,{},16.3,2258,16.3,16.25,16.25,1.9798,1036.0
2019-03-21 14:15,{},16.33,2258,16.33,16.29,16.3,2.3467,1228.0
2019-03-21 14:20,{},16.31,2258,16.33,16.31,16.33,2.9276,1532.0
2019-03-21 14:25,{},16.32,2258,16.32,16.3,16.31,1.7791,931.0
2019-03-21 14:30,{},16.34,2258,16.34,16.31,16.32,2.4212,1267.0
2019-03-21 14:35,{},16.35,2258,16.35,16.32,16.34,1.7791,931.0
2019-03-21 14:40,{},16.36,2258,16.36,16.34,16.35,2.0753,1086.0
2019-03-21 14:45,{},16.44,2258,16.44,16.35,16.36,5.3679,2809.0
2019-03-21 14:50,{},16.4,2258,16.46,16.37,16.44,5.8227,3047.0
2019-03-21 14:55,{},16.37,2258,16.4,16.35,16.4,5.3202,2784.0
2019-03-21 15:00,{},16.38,2258,16.4,16.37,16.37,4.9513,2591.0
2019-03-22 09:35,{},16.61,2258,16.66,16.45,16.45,15.3088,8011.0
2019-03-22 09:40,{},16.39,2258,16.62,16.38,16.61,5.9374,3107.0
2019-03-22 09:45,{},16.46,2258,16.55,16.39,16.39,3.7684,1972.0
2019-03-22 09:50,{},16.46,2258,16.49,16.44,16.46,2.1326,1116.0
2019-03-22 09:55,{},16.48,2258,16.52,16.45,16.46,2.9142,1525.0
2019-03-22 10:00,{},16.43,2258,16.48,16.4,16.48,3.092,1618.0
2019-03-22 10:05,{},16.4,2258,16.44,16.34,16.43,4.9991,2616.0
2019-03-22 10:10,{},16.39,2258,16.44,16.39,16.4,1.7333,907.0
2019-03-22 10:15,{},16.43,2258,16.43,16.36,16.39,2.2378,1171.0
2019-03-22 10:20,{},16.43,2258,16.44,16.37,16.43,1.9396,1015.0
2019-03-22 10:25,{},16.39,2258,16.43,16.38,16.43,0.988,517.0
2019-03-22 10:30,{},16.37,2258,16.42,16.37,16.39,2.0142,1054.0
2019-03-22 10:35,{},16.39,2258,16.42,16.36,16.37,2.5741,1347.0
2019-03-22 10:40,{},16.4,2258,16.4,16.37,16.39,0.8294,434.0
2019-03-22 10:45,{},16.38,2258,16.4,16.37,16.4,1.5899,832.0
2019-03-22 10:50,{},16.29,2258,16.39,16.29,16.38,3.4856,1824.0
2019-03-22 10:55,{},16.27,2258,16.33,16.26,16.31,3.1627,1655.0
2019-03-22 11:00,{},16.24,2258,16.27,16.21,16.27,3.5315,1848.0
2019-03-22 11:05,{},16.23,2258,16.24,16.16,16.24,4.6437,2430.0
2019-03-22 11:10,{},16.24,2258,16.25,16.22,16.23,0.6918,362.0
2019-03-22 11:15,{},16.23,2258,16.26,16.23,16.24,0.5905,309.0
2019-03-22 11:20,{},16.23,2258,16.24,16.22,16.23,1.0377,543.0
2019-03-22 11:25,{},16.31,2258,16.31,16.21,16.23,1.1409,597.0
2019-03-22 11:30,{},16.29,2258,16.31,16.28,16.31,0.279,146.0
2019-03-22 11:30,{},16.29,2258,16.31,16.28,16.31,0.27899999999999997,146.0
2019-03-22 13:05,{},16.31,2258,16.31,16.27,16.29,2.2091,1156.0
2019-03-22 13:10,{},16.33,2258,16.38,16.31,16.31,1.5536,813.0
2019-03-22 13:15,{},16.32,2258,16.33,16.31,16.33,1.2612,660.0
2019-03-22 13:20,{},16.37,2258,16.37,16.32,16.32,2.0008,1047.0
2019-03-22 13:25,{},16.32,2258,16.37,16.31,16.37,1.8842,986.0
2019-03-22 13:30,{},16.31,2258,16.31,16.3,16.31,1.1829,619.0
2019-03-22 13:35,{},16.38,2258,16.4,16.31,16.31,5.0679,2652.0
2019-03-22 13:40,{},16.35,2258,16.39,16.33,16.38,4.0283,2108.0
2019-03-22 13:45,{},16.32,2258,16.35,16.31,16.35,3.2678,1710.0
2019-03-22 13:50,{},16.29,2258,16.33,16.27,16.32,2.2626,1184.0
2019-03-22 13:55,{},16.26,2258,16.31,16.26,16.29,1.5135,792.0
2019-03-22 14:00,{},16.23,2258,16.26,16.23,16.26,2.4365,1275.0
2019-03-22 14:05,{},16.26,2258,16.26,16.23,16.23,2.8110000000000004,1471.0
2019-03-22 14:10,{},16.29,2258,16.29,16.24,16.26,2.7002,1413.0
2019-03-22 14:15,{},16.31,2258,16.32,16.25,16.26,3.6117,1890.0
2019-03-22 14:20,{},16.31,2258,16.33,16.3,16.31,2.9697,1554.0
2019-03-22 14:25,{},16.3,2258,16.33,16.3,16.31,2.8684,1501.0
2019-03-22 14:30,{},16.33,2258,16.33,16.28,16.3,4.4812,2345.0
2019-03-22 14:35,{},16.28,2258,16.35,16.28,16.33,5.6947,2980.0
2019-03-22 14:40,{},16.33,2258,16.34,16.27,16.28,3.8946,2038.0
2019-03-22 14:45,{},16.3,2258,16.36,16.3,16.33,6.5489,3427.0
2019-03-22 14:50,{},16.32,2258,16.36,16.3,16.3,4.9724,2602.0
2019-03-22 14:55,{},16.33,2258,16.35,16.31,16.32,4.1678,2181.0
2019-03-22 15:00,{},16.34,2258,16.35,16.33,16.33,2.2263,1165.0
2019-03-25 09:35,{},15.95,2258,16.04,15.86,16.04,13.5794,7106.0
2019-03-25 09:40,{},15.83,2258,15.96,15.8,15.95,13.4628,7045.0
2019-03-25 09:45,{},15.9,2258,15.95,15.81,15.83,6.1705,3229.0
2019-03-25 09:50,{},15.93,2258,15.95,15.88,15.9,4.7698,2496.0
2019-03-25 09:55,{},15.98,2258,15.98,15.88,15.93,4.1774,2186.0
2019-03-25 10:00,{},15.95,2258,15.99,15.94,15.98,3.3671,1762.0
2019-03-25 10:05,{},15.95,2258,15.97,15.94,15.95,2.0906,1094.0
2019-03-25 10:10,{},16.0,2258,16.01,15.95,15.95,3.9787,2082.0
2019-03-25 10:15,{},15.98,2258,16.0,15.98,16.0,4.6704,2444.0
2019-03-25 10:20,{},16.0,2258,16.0,15.97,15.98,2.7556,1442.0
2019-03-25 10:25,{},16.0,2258,16.0,15.97,16.0,2.2588,1182.0
2019-03-25 10:30,{},16.09,2258,16.09,15.99,16.0,2.9295,1533.0
2019-03-25 10:35,{},16.11,2258,16.16,16.08,16.09,3.2391,1695.0
2019-03-25 10:40,{},16.07,2258,16.11,16.07,16.11,2.4097,1261.0
2019-03-25 10:45,{},16.06,2258,16.07,16.04,16.07,0.6669,349.0
2019-03-25 10:50,{},16.11,2258,16.13,16.05,16.06,2.3314,1220.0
2019-03-25 10:55,{},16.06,2258,16.11,16.06,16.11,2.0371,1066.0
2019-03-25 11:00,{},16.06,2258,16.07,16.06,16.06,0.6153,322.0
2019-03-25 11:05,{},15.99,2258,16.08,15.99,16.06,1.7887,936.0
2019-03-25 11:10,{},16.02,2258,16.04,15.97,15.99,1.6817,880.0
2019-03-25 11:15,{},15.96,2258,16.03,15.96,16.02,1.588,831.0
2019-03-25 11:20,{},15.96,2258,15.98,15.95,15.96,4.2882,2244.0
2019-03-25 11:25,{},15.96,2258,15.97,15.94,15.96,1.6874,883.0
2019-03-25 11:30,{},15.94,2258,15.96,15.94,15.96,0.5083,266.0
2019-03-25 13:05,{},15.93,2258,15.95,15.93,15.94,2.2091,1156.0
2019-03-25 13:10,{},15.95,2258,15.96,15.93,15.93,1.6224,849.0
2019-03-25 13:15,{},15.95,2258,15.96,15.94,15.95,0.6765,354.0
2019-03-25 13:20,{},16.01,2258,16.04,15.95,15.95,1.1905,623.0
2019-03-25 13:25,{},16.05,2258,16.05,16.01,16.01,1.3243,693.0
2019-03-25 13:30,{},15.98,2258,16.05,15.98,16.05,0.9498,497.0
2019-03-25 13:35,{},15.98,2258,16.0,15.97,15.98,1.4657,767.0
2019-03-25 13:40,{},15.92,2258,15.94,15.92,15.94,6.912000000000001,3617.0
2019-03-25 13:45,{},15.93,2258,15.99,15.92,15.92,1.1752,615.0
2019-03-25 13:50,{},15.94,2258,15.95,15.93,15.93,0.8542,447.0
2019-03-25 13:55,{},15.93,2258,15.95,15.93,15.94,1.2842,672.0
2019-03-25 14:00,{},15.9,2258,15.94,15.9,15.93,3.7035,1938.0
2019-03-25 14:05,{},15.92,2258,15.92,15.89,15.9,1.5097,790.0
2019-03-25 14:10,{},15.86,2258,15.93,15.85,15.92,5.3354,2792.0
2019-03-25 14:15,{},15.83,2258,15.86,15.83,15.86,3.8774,2029.0
2019-03-25 14:20,{},15.82,2258,15.84,15.81,15.83,5.5074,2882.0
2019-03-25 14:25,{},15.82,2258,15.86,15.81,15.82,3.7207,1947.0
2019-03-25 14:30,{},15.82,2258,15.83,15.81,15.82,3.4837,1823.0
2019-03-25 14:35,{},15.81,2258,15.83,15.8,15.82,4.7411,2481.0
2019-03-25 14:40,{},15.8,2258,15.82,15.8,15.81,7.5904,3972.0
2019-03-25 14:45,{},15.82,2258,15.83,15.8,15.8,4.208,2202.0
2019-03-25 14:50,{},15.8,2258,15.83,15.8,15.82,6.0559,3169.0
2019-03-25 14:55,{},15.7,2258,15.8,15.69,15.8,11.3149,5921.0
2019-03-25 15:00,{},15.71,2258,15.72,15.7,15.7,3.8067,1992.0
2019-03-26 09:35,{},15.68,2258,15.87,15.6,15.81,8.3051,4346.0
2019-03-26 09:40,{},15.64,2258,15.71,15.64,15.68,4.6876,2453.0
2019-03-26 09:45,{},15.56,2258,15.64,15.52,15.64,7.9821,4177.0
2019-03-26 09:50,{},15.55,2258,15.6,15.55,15.56,3.5888,1878.0
2019-03-26 09:55,{},15.54,2258,15.57,15.5,15.55,5.6106,2936.0
2019-03-26 10:00,{},15.53,2258,15.55,15.5,15.54,4.6418,2429.0
2019-03-26 10:05,{},15.58,2258,15.6,15.53,15.53,1.8804,984.0
2019-03-26 10:10,{},15.58,2258,15.59,15.54,15.58,1.2804,670.0
2019-03-26 10:15,{},15.7,2258,15.7,15.55,15.58,3.3748,1766.0
2019-03-26 10:20,{},15.68,2258,15.76,15.65,15.7,3.9462,2065.0
2019-03-26 10:25,{},15.69,2258,15.7,15.65,15.68,1.6893,884.0
2019-03-26 10:30,{},15.64,2258,15.7,15.64,15.69,0.9268,485.0
2019-03-26 10:35,{},15.64,2258,15.65,15.6,15.63,1.7485,915.0
2019-03-26 10:40,{},15.58,2258,15.65,15.58,15.64,0.9612,503.0
2019-03-26 10:45,{},15.62,2258,15.62,15.58,15.58,1.2135,635.0
2019-03-26 10:50,{},15.56,2258,15.62,15.56,15.62,2.8282,1480.0
2019-03-26 10:55,{},15.58,2258,15.6,15.54,15.56,2.9238,1530.0
2019-03-26 11:00,{},15.58,2258,15.6,15.57,15.58,0.537,281.0
2019-03-26 11:05,{},15.57,2258,15.59,15.54,15.58,1.546,809.0
2019-03-26 11:10,{},15.51,2258,15.58,15.48,15.57,5.9126,3094.0
2019-03-26 11:15,{},15.48,2258,15.54,15.46,15.51,3.7245,1949.0
2019-03-26 11:20,{},15.42,2258,15.5,15.4,15.48,6.6292,3469.0
2019-03-26 11:25,{},15.45,2258,15.45,15.41,15.42,1.6664,872.0
2019-03-26 11:30,{},15.38,2258,15.45,15.38,15.45,3.7264,1950.0
2019-03-26 13:05,{},15.35,2258,15.38,15.3,15.38,6.5718,3439.0
2019-03-26 13:10,{},15.24,2258,15.36,15.24,15.35,3.9939,2090.0
2019-03-26 13:15,{},15.22,2258,15.26,15.16,15.24,4.6647,2441.0
2019-03-26 13:20,{},15.39,2258,15.4,15.22,15.22,4.1506,2172.0
2019-03-26 13:25,{},15.39,2258,15.41,15.31,15.39,1.9072,998.0
2019-03-26 13:30,{},15.39,2258,15.4,15.37,15.39,1.3243,693.0
2019-03-26 13:35,{},15.37,2258,15.41,15.37,15.39,1.5976,836.0
2019-03-26 13:40,{},15.37,2258,15.38,15.32,15.37,1.1944,625.0
2019-03-26 13:45,{},15.36,2258,15.4,15.36,15.39,0.8083,423.0
2019-03-26 13:50,{},15.32,2258,15.39,15.32,15.36,2.1632,1132.0
2019-03-26 13:55,{},15.34,2258,15.34,15.32,15.32,1.2211,639.0
2019-03-26 14:00,{},15.27,2258,15.34,15.26,15.34,2.3142,1211.0
2019-03-26 14:05,{},15.24,2258,15.28,15.21,15.27,4.4984,2354.0
2019-03-26 14:10,{},15.33,2258,15.33,15.24,15.24,2.4155,1264.0
2019-03-26 14:15,{},15.34,2258,15.36,15.32,15.33,1.5402,806.0
2019-03-26 14:20,{},15.3,2258,15.34,15.29,15.34,1.288,674.0
2019-03-26 14:25,{},15.34,2258,15.34,15.3,15.3,1.3415,702.0
2019-03-26 14:30,{},15.35,2258,15.36,15.34,15.34,1.1963,626.0
2019-03-26 14:35,{},15.3,2258,15.35,15.3,15.35,1.1657,610.0
2019-03-26 14:40,{},15.29,2258,15.3,15.23,15.3,2.8454,1489.0
2019-03-26 14:45,{},15.31,2258,15.33,15.29,15.29,1.1466,600.0
2019-03-26 14:50,{},15.31,2258,15.31,15.29,15.31,2.6352,1379.0
2019-03-26 14:55,{},15.32,2258,15.32,15.3,15.31,3.4818,1822.0
2019-03-26 15:00,{},15.32,2258,15.32,15.3,15.32,1.2402,649.0
2019-03-27 09:35,{},15.33,2258,15.5,15.33,15.4,4.5244,2366.0
2019-03-27 09:40,{},15.33,2258,15.34,15.32,15.33,1.7249,902.0
2019-03-27 09:45,{},15.46,2258,15.46,15.27,15.33,3.9851,2084.0
2019-03-27 09:50,{},15.39,2258,15.46,15.36,15.46,1.3558,709.0
2019-03-27 09:55,{},15.37,2258,15.4,15.36,15.39,1.2736,666.0
2019-03-27 10:00,{},15.33,2258,15.39,15.33,15.37,1.4265,746.0
2019-03-27 10:05,{},15.26,2258,15.35,15.26,15.33,3.8360000000000003,2006.0
2019-03-27 10:05,{},15.26,2258,15.35,15.26,15.33,3.836,2006.0
2019-03-27 10:10,{},15.28,2258,15.3,15.2,15.26,3.7786,1976.0
2019-03-27 10:15,{},15.23,2258,15.28,15.16,15.28,5.2778,2760.0
2019-03-27 10:20,{},15.25,2258,15.25,15.2,15.23,1.0135,530.0
2019-03-27 10:25,{},15.34,2258,15.34,15.25,15.25,1.5489,810.0
2019-03-27 10:30,{},15.33,2258,15.34,15.29,15.34,1.2315,644.0
2019-03-27 10:35,{},15.27,2258,15.33,15.26,15.33,0.7305,382.0
2019-03-27 10:40,{},15.27,2258,15.3,15.23,15.27,2.0576,1076.0
2019-03-27 10:45,{},15.34,2258,15.36,15.27,15.27,2.1685,1134.0
2019-03-27 10:50,{},15.36,2258,15.38,15.32,15.34,1.8511,968.0
2019-03-27 10:55,{},15.32,2258,15.36,15.31,15.36,0.7764,406.0
2019-03-27 11:00,{},15.34,2258,15.35,15.3,15.32,1.22,638.0
2019-03-27 11:05,{},15.33,2258,15.34,15.31,15.33,0.8873,464.0
2019-03-27 11:10,{},15.35,2258,15.37,15.33,15.33,1.8625,974.0
2019-03-27 11:15,{},15.36,2258,15.36,15.34,15.35,0.5297,277.0
2019-03-27 11:20,{},15.34,2258,15.36,15.34,15.36,0.6636,347.0
2019-03-27 11:25,{},15.33,2258,15.35,15.33,15.34,0.6884,360.0
2019-03-27 11:30,{},15.31,2258,15.33,15.31,15.33,0.6463,338.0
2019-03-27 13:05,{},15.34,2258,15.37,15.31,15.31,2.7651,1446.0
2019-03-27 13:10,{},15.38,2258,15.39,15.34,15.34,1.4342,750.0
2019-03-27 13:15,{},15.52,2258,15.52,15.38,15.38,4.8399,2531.0
2019-03-27 13:20,{},15.52,2258,15.56,15.45,15.52,4.2911,2244.0
2019-03-27 13:25,{},15.55,2258,15.58,15.49,15.52,5.3218,2783.0
2019-03-27 13:30,{},15.6,2258,15.6,15.53,15.55,3.8341,2005.0
2019-03-27 13:35,{},15.57,2258,15.63,15.55,15.6,6.2626,3275.0
2019-03-27 13:40,{},15.5,2258,15.61,15.5,15.57,1.7822,932.0
2019-03-27 13:45,{},15.51,2258,15.55,15.49,15.5,2.1398,1119.0
2019-03-27 13:50,{},15.5,2258,15.52,15.5,15.51,1.046,547.0
2019-03-27 13:55,{},15.49,2258,15.51,15.48,15.5,0.8414,440.0
2019-03-27 14:00,{},15.51,2258,15.51,15.48,15.49,1.3214,691.0
2019-03-27 14:05,{},15.57,2258,15.6,15.49,15.51,1.8759,981.0
2019-03-27 14:10,{},15.55,2258,15.58,15.53,15.57,1.0116,529.0
2019-03-27 14:15,{},15.55,2258,15.55,15.52,15.55,0.9198,481.0
2019-03-27 14:20,{},15.53,2258,15.57,15.53,15.55,0.8739,457.0
2019-03-27 14:25,{},15.54,2258,15.55,15.52,15.53,0.6177,323.0
2019-03-27 14:30,{},15.52,2258,15.55,15.5,15.54,3.2069,1677.0
2019-03-27 14:35,{},15.49,2258,15.52,15.48,15.52,1.1588,606.0
2019-03-27 14:40,{},15.53,2258,15.53,15.48,15.49,1.4954,782.0
2019-03-27 14:45,{},15.5,2258,15.53,15.49,15.53,0.9236,483.0
2019-03-27 14:50,{},15.54,2258,15.57,15.5,15.5,3.1858,1666.0
2019-03-27 14:55,{},15.52,2258,15.55,15.44,15.54,4.6449,2429.0
2019-03-27 15:00,{},15.54,2258,15.54,15.52,15.52,1.7516,916.0
2019-03-28 09:35,{},15.43,2258,15.51,15.38,15.51,3.3139,1733.0
2019-03-28 09:40,{},15.6,2258,15.61,15.42,15.43,4.8437,2533.0
2019-03-28 09:45,{},15.58,2258,15.61,15.55,15.6,3.3312,1742.0
2019-03-28 09:50,{},15.59,2258,15.59,15.5,15.58,4.4785,2342.0
2019-03-28 09:55,{},15.66,2258,15.67,15.59,15.59,5.8706,3070.0
2019-03-28 10:00,{},15.6,2258,15.66,15.6,15.66,3.7977,1986.0
2019-03-28 10:05,{},15.6,2258,15.62,15.58,15.6,2.1054,1101.0
2019-03-28 10:10,{},15.59,2258,15.61,15.57,15.6,1.5833,828.0
2019-03-28 10:15,{},15.54,2258,15.61,15.54,15.59,2.8837,1508.0
2019-03-28 10:20,{},15.57,2258,15.57,15.52,15.54,2.3215,1214.0
2019-03-28 10:25,{},15.58,2258,15.6,15.56,15.57,1.5776,825.0
2019-03-28 10:30,{},15.57,2258,15.59,15.56,15.58,1.0173,532.0
2019-03-28 10:35,{},15.55,2258,15.58,15.53,15.57,2.2699,1187.0
2019-03-28 10:40,{},15.54,2258,15.58,15.53,15.55,1.7134,896.0
2019-03-28 10:45,{},15.53,2258,15.54,15.52,15.54,0.9045,473.0
2019-03-28 10:50,{},15.58,2258,15.6,15.53,15.54,1.9161,1002.0
2019-03-28 10:55,{},15.54,2258,15.59,15.54,15.58,0.8548,447.0
2019-03-28 11:00,{},15.57,2258,15.57,15.54,15.54,0.8624,451.0
2019-03-28 11:05,{},15.58,2258,15.58,15.56,15.57,1.2124,634.0
2019-03-28 11:10,{},15.55,2258,15.58,15.55,15.58,0.7439,389.0
2019-03-28 11:15,{},15.53,2258,15.55,15.53,15.55,0.4762,249.0
2019-03-28 11:20,{},15.53,2258,15.54,15.52,15.53,0.5565,291.0
2019-03-28 11:25,{},15.48,2258,15.53,15.48,15.53,1.7631,922.0
2019-03-28 11:30,{},15.52,2258,15.52,15.46,15.48,0.6444,337.0
2019-03-28 13:05,{},15.5,2258,15.52,15.48,15.52,0.4609,241.0
2019-03-28 13:10,{},15.52,2258,15.54,15.5,15.5,0.784,410.0
2019-03-28 13:15,{},15.53,2258,15.54,15.52,15.52,0.2983,156.0
2019-03-28 13:20,{},15.5,2258,15.54,15.5,15.53,0.5354,280.0
2019-03-28 13:25,{},15.47,2258,15.5,15.45,15.5,1.1474,600.0
2019-03-28 13:30,{},15.45,2258,15.49,15.45,15.47,0.3136,164.0
2019-03-28 13:35,{},15.5,2258,15.5,15.44,15.45,0.545,285.0
2019-03-28 13:40,{},15.49,2258,15.51,15.48,15.5,0.5966,312.0
2019-03-28 13:45,{},15.49,2258,15.5,15.49,15.49,0.3901,204.0
2019-03-28 13:50,{},15.5,2258,15.5,15.49,15.49,0.4915,257.0
2019-03-28 13:55,{},15.45,2258,15.51,15.45,15.5,0.61,319.0
2019-03-28 14:00,{},15.46,2258,15.47,15.45,15.45,0.9389,491.0
2019-03-28 14:05,{},15.46,2258,15.5,15.45,15.46,0.5947,311.0
2019-03-28 14:10,{},15.48,2258,15.48,15.44,15.46,1.0823,566.0
2019-03-28 14:15,{},15.54,2258,15.54,15.47,15.48,0.8854,463.0
2019-03-28 14:20,{},15.52,2258,15.56,15.52,15.54,0.8452,442.0
2019-03-28 14:25,{},15.49,2258,15.54,15.49,15.52,1.2927,676.0
2019-03-28 14:30,{},15.47,2258,15.5,15.45,15.49,0.5354,280.0
2019-03-28 14:35,{},15.47,2258,15.5,15.47,15.47,1.0498,549.0
2019-03-28 14:40,{},15.46,2258,15.49,15.45,15.47,1.2047,630.0
2019-03-28 14:45,{},15.42,2258,15.46,15.42,15.46,1.8434,964.0
2019-03-28 14:50,{},15.39,2258,15.44,15.38,15.42,3.6065,1886.0
2019-03-28 14:55,{},15.4,2258,15.41,15.38,15.39,4.2433,2219.0
2019-03-28 15:00,{},15.4,2258,15.41,15.4,15.4,1.9027,995.0
2019-03-29 09:35,{},15.41,2258,15.59,15.35,15.43,5.1172,2676.0
2019-03-29 09:40,{},15.39,2258,15.43,15.36,15.41,2.1953,1148.0
2019-03-29 09:45,{},15.46,2258,15.46,15.38,15.39,2.0844,1090.0
2019-03-29 09:50,{},15.37,2258,15.47,15.35,15.46,3.8972,2038.0
2019-03-29 09:55,{},15.3,2258,15.4,15.3,15.37,3.9698,2076.0
2019-03-29 10:00,{},15.26,2258,15.3,15.22,15.3,6.8746,3595.0
2019-03-29 10:05,{},15.26,2258,15.3,15.24,15.26,3.1839,1665.0
2019-03-29 10:10,{},15.3,2258,15.36,15.26,15.26,2.484,1299.0
2019-03-29 10:15,{},15.28,2258,15.3,15.27,15.3,1.4227,744.0
2019-03-29 10:20,{},15.33,2258,15.34,15.28,15.29,1.176,615.0
2019-03-29 10:25,{},15.4,2258,15.42,15.33,15.33,2.549,1333.0
2019-03-29 10:30,{},15.42,2258,15.43,15.38,15.4,2.1532,1126.0
2019-03-29 10:35,{},15.39,2258,15.44,15.36,15.42,3.1724,1659.0
2019-03-29 10:40,{},15.43,2258,15.43,15.38,15.39,2.2316,1167.0
2019-03-29 10:45,{},15.44,2258,15.45,15.41,15.43,2.0404,1067.0
2019-03-29 10:50,{},15.43,2258,15.46,15.43,15.44,2.5337,1325.0
2019-03-29 10:55,{},15.44,2258,15.44,15.42,15.43,1.1187,585.0
2019-03-29 11:00,{},15.46,2258,15.47,15.44,15.44,2.1628,1131.0
2019-03-29 11:05,{},15.57,2258,15.58,15.45,15.46,3.7652,1969.0
2019-03-29 11:10,{},15.6,2258,15.6,15.52,15.57,4.9891,2609.0
2019-03-29 11:15,{},15.57,2258,15.64,15.56,15.6,3.3063,1729.0
2019-03-29 11:20,{},15.52,2258,15.6,15.51,15.57,3.7289,1950.0
2019-03-29 11:25,{},15.57,2258,15.6,15.52,15.52,2.0366,1065.0
2019-03-29 11:30,{},15.6,2258,15.61,15.57,15.57,1.4839,776.0
2019-03-29 13:05,{},15.63,2258,15.64,15.59,15.6,3.8666,2022.0
2019-03-29 13:10,{},15.6,2258,15.64,15.6,15.63,3.4325,1795.0
2019-03-29 13:15,{},15.63,2258,15.63,15.6,15.6,2.8015,1465.0
2019-03-29 13:20,{},15.57,2258,15.63,15.57,15.63,1.9964,1044.0
2019-03-29 13:25,{},15.62,2258,15.62,15.57,15.57,3.0864,1614.0
2019-03-29 13:30,{},15.61,2258,15.63,15.6,15.62,2.3138,1210.0
2019-03-29 13:35,{},15.59,2258,15.61,15.59,15.6,1.6579,867.0
2019-03-29 13:40,{},15.56,2258,15.6,15.55,15.59,3.0481,1594.0
2019-03-29 13:45,{},15.57,2258,15.6,15.56,15.56,2.8952,1514.0
2019-03-29 13:50,{},15.61,2258,15.61,15.57,15.57,2.1991,1150.0
2019-03-29 13:55,{},15.61,2258,15.62,15.6,15.61,3.1151,1629.0
2019-03-29 14:00,{},15.6,2258,15.61,15.56,15.61,2.767,1447.0
2019-03-29 14:05,{},15.58,2258,15.6,15.57,15.6,1.7287,904.0
2019-03-29 14:10,{},15.55,2258,15.58,15.55,15.58,3.0462,1593.0
2019-03-29 14:15,{},15.56,2258,15.57,15.54,15.55,3.6046,1885.0
2019-03-29 14:20,{},15.57,2258,15.57,15.55,15.56,2.6255,1373.0
2019-03-29 14:25,{},15.59,2258,15.6,15.57,15.57,4.1247,2157.0
2019-03-29 14:30,{},15.6,2258,15.61,15.58,15.6,3.9698,2076.0
2019-03-29 14:35,{},15.6,2258,15.6,15.58,15.6,4.4345,2319.0
2019-03-29 14:40,{},15.6,2258,15.6,15.58,15.6,3.4899,1825.0
2019-03-29 14:45,{},15.6,2258,15.6,15.57,15.6,4.2127,2203.0
2019-03-29 14:50,{},15.68,2258,15.69,15.57,15.6,13.294,6952.0
2019-03-29 14:55,{},15.69,2258,15.69,15.64,15.68,11.7929,6167.0
2019-03-29 15:00,{},15.7,2258,15.71,15.68,15.69,6.2646,3276.0
2019-04-01 09:35,{},16.5,2258,16.7,16.32,16.7,84.4587,44167.0
2019-04-01 09:40,{},16.51,2258,16.51,16.4,16.5,25.3718,13268.0
2019-04-01 09:45,{},16.45,2258,16.58,16.45,16.51,17.0497,8916.0
2019-04-01 09:50,{},16.53,2258,16.55,16.45,16.45,13.0779,6839.0
2019-04-01 09:55,{},16.49,2258,16.54,16.46,16.53,10.1751,5321.0
2019-04-01 10:00,{},16.52,2258,16.52,16.49,16.49,9.0584,4737.0
2019-04-01 10:05,{},16.53,2258,16.55,16.51,16.52,10.657,5573.0
2019-04-01 10:10,{},16.52,2258,16.54,16.48,16.53,9.3223,4875.0
2019-04-01 10:15,{},16.65,2258,16.69,16.51,16.52,15.6442,8181.0
2019-04-01 10:20,{},17.05,2258,17.18,16.65,16.65,42.6644,22311.0
2019-04-01 10:25,{},17.17,2258,17.23,16.95,17.02,31.0187,16221.0
2019-04-01 10:30,{},17.06,2258,17.14,17.0,17.14,12.074000000000002,6314.0
2019-04-01 10:35,{},16.91,2258,17.08,16.88,17.06,9.2745,4850.0
2019-04-01 10:40,{},17.0,2258,17.07,16.91,16.91,4.5779,2394.0
2019-04-01 10:45,{},16.97,2258,17.01,16.97,17.0,3.0787,1610.0
2019-04-01 10:50,{},16.98,2258,16.99,16.95,16.97,2.7403,1433.0
2019-04-01 10:55,{},16.97,2258,17.0,16.95,16.98,3.639,1903.0
2019-04-01 11:00,{},16.97,2258,17.0,16.96,16.97,2.985,1561.0
2019-04-01 11:05,{},16.98,2258,16.98,16.95,16.97,4.207,2200.0
2019-04-01 11:10,{},17.0,2258,17.03,16.97,16.98,5.3677,2807.0
2019-04-01 11:15,{},16.97,2258,17.0,16.96,17.0,2.6274,1374.0
2019-04-01 11:20,{},17.05,2258,17.05,16.96,16.97,7.4406,3891.0
2019-04-01 11:25,{},16.99,2258,17.05,16.98,17.04,2.2029,1152.0
2019-04-01 11:30,{},17.0,2258,17.0,16.98,16.99,1.9409,1015.0
2019-04-01 13:05,{},17.04,2258,17.09,17.0,17.0,11.3378,5929.0
2019-04-01 13:10,{},17.1,2258,17.1,17.04,17.04,6.4424,3369.0
2019-04-01 13:15,{},17.19,2258,17.19,17.09,17.1,16.7609,8765.0
2019-04-01 13:20,{},17.04,2258,17.19,17.03,17.19,7.2169,3774.0
2019-04-01 13:25,{},17.07,2258,17.07,17.01,17.03,7.5936,3971.0
2019-04-01 13:30,{},17.06,2258,17.08,17.06,17.07,4.3102,2254.0
2019-04-01 13:35,{},17.05,2258,17.08,17.04,17.06,3.9182,2049.0
2019-04-01 13:40,{},16.97,2258,17.06,16.96,17.05,4.4594,2332.0
2019-04-01 13:45,{},16.95,2258,16.98,16.95,16.97,3.1896,1668.0
2019-04-01 13:50,{},16.92,2258,16.97,16.91,16.95,6.0657,3172.0
2019-04-01 13:55,{},16.9,2258,16.92,16.81,16.92,8.173,4274.0
2019-04-01 14:00,{},16.87,2258,16.89,16.83,16.86,7.8097,4084.0
2019-04-01 14:05,{},16.91,2258,16.91,16.86,16.87,4.6334,2423.0
2019-04-01 14:10,{},16.83,2258,16.92,16.83,16.91,4.773,2496.0
2019-04-01 14:15,{},16.8,2258,16.84,16.77,16.83,10.4639,5472.0
2019-04-01 14:20,{},16.86,2258,16.89,16.77,16.8,9.0756,4746.0
2019-04-01 14:25,{},16.92,2258,16.92,16.83,16.86,4.5799,2395.0
2019-04-01 14:30,{},16.89,2258,16.92,16.87,16.92,2.7957,1462.0
2019-04-01 14:35,{},16.96,2258,16.97,16.88,16.89,5.8305,3049.0
2019-04-01 14:40,{},17.04,2258,17.05,16.96,16.96,10.3013,5387.0
2019-04-01 14:45,{},17.07,2258,17.07,17.04,17.04,5.295,2769.0
2019-04-01 14:50,{},17.06,2258,17.09,17.05,17.07,7.3966,3868.0
2019-04-01 14:55,{},17.02,2258,17.06,17.01,17.06,5.8324,3050.0
2019-04-01 15:00,{},17.04,2258,17.04,17.02,17.02,4.49,2348.0
2019-04-02 09:35,{},18.0,2258,18.15,17.55,17.56,120.0879,62799.0
2019-04-02 09:40,{},17.69,2258,18.0,17.59,18.0,41.0887,21487.0
2019-04-02 09:45,{},17.72,2258,17.85,17.65,17.69,21.5301,11259.0
2019-04-02 09:50,{},17.65,2258,17.75,17.6,17.75,23.8516,12473.0
2019-04-02 09:55,{},17.46,2258,17.66,17.37,17.65,31.5771,16513.0
2019-04-02 10:00,{},17.68,2258,17.75,17.45,17.46,18.2697,9554.0
2019-04-02 10:05,{},17.76,2258,17.81,17.67,17.68,15.3516,8028.0
2019-04-02 10:10,{},17.56,2258,17.76,17.52,17.76,9.7162,5081.0
2019-04-02 10:15,{},17.57,2258,17.63,17.56,17.56,7.2589,3796.0
2019-04-02 10:20,{},17.47,2258,17.57,17.47,17.57,8.1558,4265.0
2019-04-02 10:25,{},17.62,2258,17.62,17.45,17.47,8.9398,4675.0
2019-04-02 10:30,{},17.61,2258,17.65,17.61,17.62,5.8496,3059.0
2019-04-02 10:35,{},17.56,2258,17.61,17.54,17.61,4.5378,2373.0
2019-04-02 10:40,{},17.58,2258,17.59,17.55,17.56,4.9069,2566.0
2019-04-02 10:45,{},17.55,2258,17.61,17.55,17.6,5.5303,2892.0
2019-04-02 10:50,{},17.49,2258,17.55,17.45,17.55,6.9759,3648.0
2019-04-02 10:55,{},17.57,2258,17.57,17.46,17.49,7.6758,4014.0
2019-04-02 11:00,{},17.63,2258,17.65,17.56,17.57,4.2051,2199.0
2019-04-02 11:05,{},17.66,2258,17.67,17.61,17.63,7.2111,3771.0
2019-04-02 11:10,{},17.77,2258,17.78,17.66,17.66,7.7427,4049.0
2019-04-02 11:15,{},17.88,2258,17.96,17.77,17.77,21.5053,11246.0
2019-04-02 11:20,{},17.88,2258,17.9,17.87,17.88,7.0084,3665.0
2019-04-02 11:25,{},17.86,2258,17.88,17.84,17.87,4.3045,2251.0
2019-04-02 11:30,{},17.85,2258,17.86,17.8,17.86,3.9278,2054.0
2019-04-02 13:05,{},17.89,2258,17.9,17.83,17.86,11.3932,5958.0
2019-04-02 13:10,{},17.86,2258,17.9,17.83,17.89,3.5664,1865.0
2019-04-02 13:15,{},17.81,2258,17.89,17.8,17.86,7.7236,4039.0
2019-04-02 13:20,{},17.74,2258,17.81,17.74,17.81,10.3166,5395.0
2019-04-02 13:25,{},17.73,2258,17.75,17.7,17.75,7.7236,4039.0
2019-04-02 13:30,{},17.68,2258,17.75,17.68,17.73,9.1406,4780.0
2019-04-02 13:35,{},17.55,2258,17.69,17.54,17.68,9.3031,4865.0
2019-04-02 13:40,{},17.57,2258,17.57,17.53,17.55,6.8229,3568.0
2019-04-02 13:45,{},17.56,2258,17.57,17.53,17.56,8.6587,4528.0
2019-04-02 13:50,{},17.57,2258,17.58,17.56,17.56,5.6354,2947.0
2019-04-02 13:55,{},17.69,2258,17.73,17.57,17.57,5.0063,2618.0
2019-04-02 14:00,{},17.8,2258,17.8,17.68,17.69,6.0121,3144.0
2019-04-02 14:05,{},17.7,2258,17.82,17.7,17.8,6.909,3613.0
2019-04-02 14:10,{},17.69,2258,17.7,17.6,17.7,3.7002,1935.0
2019-04-02 14:15,{},17.69,2258,17.72,17.68,17.69,3.3541,1754.0
2019-04-02 14:20,{},17.64,2258,17.69,17.63,17.69,3.3178,1735.0
2019-04-02 14:25,{},17.74,2258,17.74,17.64,17.64,3.4593,1809.0
2019-04-02 14:30,{},17.67,2258,17.75,17.66,17.74,4.2548,2225.0
2019-04-02 14:35,{},17.67,2258,17.73,17.65,17.67,5.0407,2636.0
2019-04-02 14:40,{},17.56,2258,17.68,17.56,17.67,4.4747,2340.0
2019-04-02 14:45,{},17.55,2258,17.58,17.53,17.56,8.2648,4322.0
2019-04-02 14:50,{},17.58,2258,17.58,17.53,17.55,10.3338,5404.0
2019-04-02 14:55,{},17.6,2258,17.6,17.57,17.58,13.9767,7309.0
2019-04-02 15:00,{},17.61,2258,17.62,17.59,17.6,6.1345,3208.0
2019-04-03 09:35,{},16.87,2258,16.99,16.66,16.9,76.9837,40258.0
2019-04-03 09:40,{},16.84,2258,16.9,16.78,16.87,24.1078,12607.0
2019-04-03 09:45,{},16.89,2258,16.89,16.81,16.84,16.65,8707.0
2019-04-03 09:50,{},16.76,2258,16.9,16.74,16.89,20.7671,10860.0
2019-04-03 09:55,{},16.66,2258,16.77,16.66,16.76,22.4155,11722.0
2019-04-03 10:00,{},16.53,2258,16.69,16.53,16.66,22.7291,11886.0
2019-04-03 10:05,{},16.59,2258,16.65,16.51,16.55,27.1579,14202.0
2019-04-03 10:10,{},16.51,2258,16.59,16.5,16.59,22.2338,11627.0
2019-04-03 10:15,{},16.6,2258,16.63,16.51,16.52,14.2674,7461.0
2019-04-03 10:20,{},16.55,2258,16.6,16.52,16.6,11.2211,5868.0
2019-04-03 10:25,{},16.56,2258,16.56,16.52,16.55,11.0987,5804.0
2019-04-03 10:30,{},16.61,2258,16.61,16.55,16.56,8.4885,4439.0
2019-04-03 10:35,{},16.61,2258,16.66,16.6,16.61,7.1365,3732.0
2019-04-03 10:40,{},16.63,2258,16.64,16.61,16.61,4.7214,2469.0
2019-04-03 10:45,{},16.63,2258,16.64,16.62,16.63,5.2033,2721.0
2019-04-03 10:50,{},16.6,2258,16.63,16.6,16.63,5.7215,2992.0
2019-04-03 10:55,{},16.59,2258,16.61,16.58,16.6,4.7175,2467.0
2019-04-03 11:00,{},16.56,2258,16.6,16.56,16.59,6.5514,3426.0
2019-04-03 11:05,{},16.55,2258,16.59,16.55,16.56,3.8569999999999998,2017.0
2019-04-03 11:05,{},16.55,2258,16.59,16.55,16.56,3.857,2017.0
2019-04-03 11:10,{},16.52,2258,16.55,16.51,16.55,9.741,5094.0
2019-04-03 11:15,{},16.54,2258,16.54,16.51,16.52,4.0961,2142.0
2019-04-03 11:20,{},16.52,2258,16.54,16.51,16.54,4.3963,2299.0
2019-04-03 11:25,{},16.52,2258,16.53,16.5,16.52,4.9891,2609.0
2019-04-03 11:30,{},16.51,2258,16.52,16.51,16.52,6.5495,3425.0
2019-04-03 13:05,{},16.55,2258,16.58,16.5,16.51,15.6652,8192.0
2019-04-03 13:10,{},16.55,2258,16.57,16.55,16.55,5.1287,2682.0
2019-04-03 13:15,{},16.58,2258,16.58,16.55,16.55,3.4937,1827.0
2019-04-03 13:20,{},16.56,2258,16.58,16.55,16.58,5.0388,2635.0
2019-04-03 13:25,{},16.56,2258,16.57,16.54,16.56,5.0541,2643.0
2019-04-03 13:30,{},16.6,2258,16.6,16.55,16.56,4.0808,2134.0
2019-04-03 13:35,{},16.58,2258,16.61,16.57,16.6,7.932,4148.0
2019-04-03 13:40,{},16.78,2258,16.78,16.57,16.58,11.1657,5839.0
2019-04-03 13:45,{},16.81,2258,16.89,16.78,16.78,10.3587,5417.0
2019-04-03 13:50,{},16.81,2258,16.9,16.79,16.81,11.2192,5867.0
2019-04-03 13:55,{},16.87,2258,16.89,16.81,16.81,5.9835,3129.0
2019-04-03 14:00,{},16.83,2258,16.87,16.8,16.87,5.121,2678.0
2019-04-03 14:05,{},16.79,2258,16.84,16.77,16.83,4.9145,2570.0
2019-04-03 14:10,{},16.8,2258,16.83,16.78,16.79,2.7498,1438.0
2019-04-03 14:15,{},16.8,2258,16.8,16.77,16.79,2.9085,1521.0
2019-04-03 14:20,{},16.82,2258,16.82,16.79,16.8,3.0806,1611.0
2019-04-03 14:25,{},16.85,2258,16.87,16.8,16.82,5.3907,2819.0
2019-04-03 14:30,{},16.87,2258,16.88,16.85,16.85,5.3161,2780.0
2019-04-03 14:35,{},16.91,2258,16.97,16.85,16.87,12.5215,6548.0
2019-04-03 14:40,{},16.9,2258,16.91,16.86,16.91,4.3064,2252.0
2019-04-03 14:45,{},16.92,2258,16.94,16.89,16.9,4.9202,2573.0
2019-04-03 14:50,{},16.87,2258,16.93,16.85,16.92,6.6107,3457.0
2019-04-03 14:55,{},16.83,2258,16.88,16.83,16.87,9.2381,4831.0
2019-04-03 15:00,{},16.84,2258,16.85,16.83,16.83,6.6336,3469.0
2019-04-04 09:35,{},17.95,2258,17.98,17.03,17.07,140.5739,73512.0
2019-04-04 09:40,{},18.0,2258,18.04,17.89,17.95,78.9399,41281.0
2019-04-04 09:45,{},18.33,2258,18.52,18.0,18.0,91.077,47628.0
2019-04-04 09:45,{},18.33,2258,18.52,18.0,18.0,91.07700000000001,47628.0
2019-04-04 09:50,{},18.16,2258,18.4,18.09,18.33,28.0394,14663.0
2019-04-04 09:55,{},18.2,2258,18.3,18.14,18.16,16.1567,8449.0
2019-04-04 10:00,{},18.16,2258,18.2,18.13,18.2,14.929,7807.0
2019-04-04 10:05,{},17.9,2258,18.18,17.87,18.16,20.335,10634.0
2019-04-04 10:10,{},18.06,2258,18.12,17.89,17.9,13.6612,7144.0
2019-04-04 10:15,{},17.89,2258,18.06,17.87,18.06,10.5002,5491.0
2019-04-04 10:20,{},17.95,2258,17.96,17.88,17.89,12.5349,6555.0
2019-04-04 10:25,{},17.89,2258,17.96,17.89,17.95,10.6379,5563.0
2019-04-04 10:30,{},17.86,2258,17.94,17.86,17.89,7.9512,4158.0
2019-04-04 10:35,{},17.8,2258,17.9,17.8,17.86,8.5019,4446.0
2019-04-04 10:40,{},17.84,2258,17.86,17.8,17.8,5.7081,2985.0
2019-04-04 10:45,{},17.77,2258,17.88,17.77,17.84,8.7773,4590.0
2019-04-04 10:50,{},17.77,2258,17.79,17.76,17.77,7.5553,3951.0
2019-04-04 10:55,{},17.81,2258,17.88,17.76,17.77,7.4655,3904.0
2019-04-04 11:00,{},17.78,2258,17.83,17.72,17.81,6.3506,3321.0
2019-04-04 11:05,{},17.79,2258,17.8,17.6,17.78,12.1218,6339.0
2019-04-04 11:10,{},17.7,2258,17.84,17.67,17.79,4.9432,2585.0
2019-04-04 11:15,{},17.77,2258,17.82,17.61,17.68,6.647,3476.0
2019-04-04 11:20,{},17.9,2258,17.91,17.76,17.77,6.1211,3201.0
2019-04-04 11:25,{},17.88,2258,17.92,17.83,17.9,3.966,2074.0
2019-04-04 11:30,{},17.9,2258,17.9,17.83,17.88,2.5223,1319.0
2019-04-04 13:05,{},18.0,2258,18.15,17.9,17.9,14.4777,7571.0
2019-04-04 13:10,{},18.04,2258,18.08,17.96,18.0,6.0714,3175.0
2019-04-04 13:15,{},18.02,2258,18.07,17.97,18.04,5.5494,2902.0
2019-04-04 13:20,{},18.0,2258,18.04,17.99,18.03,4.9623,2595.0
2019-04-04 13:25,{},18.15,2258,18.15,18.0,18.0,7.8881,4125.0
2019-04-04 13:30,{},18.17,2258,18.2,18.05,18.15,10.3453,5410.0
2019-04-04 13:35,{},18.13,2258,18.17,18.11,18.17,3.2375,1693.0
2019-04-04 13:40,{},18.11,2258,18.15,18.11,18.13,4.8705,2547.0
2019-04-04 13:45,{},18.0,2258,18.12,18.0,18.11,4.8189,2520.0
2019-04-04 13:50,{},17.86,2258,18.0,17.8,18.0,7.8422,4101.0
2019-04-04 13:55,{},17.86,2258,17.94,17.82,17.86,4.3466,2273.0
2019-04-04 14:00,{},17.93,2258,17.94,17.84,17.86,3.5817,1873.0
2019-04-04 14:05,{},17.93,2258,17.93,17.85,17.93,4.4058,2304.0
2019-04-04 14:10,{},17.89,2258,17.94,17.86,17.93,2.9564,1546.0
2019-04-04 14:15,{},17.9,2258,17.92,17.84,17.89,4.207,2200.0
2019-04-04 14:20,{},18.13,2258,18.13,17.86,17.9,9.7659,5107.0
2019-04-04 14:25,{},18.06,2258,18.18,18.03,18.13,7.3851,3862.0
2019-04-04 14:30,{},18.11,2258,18.13,17.98,18.06,10.135,5300.0
2019-04-04 14:35,{},18.05,2258,18.14,18.01,18.11,7.018,3670.0
2019-04-04 14:40,{},18.06,2258,18.1,17.9,18.05,9.4982,4967.0
2019-04-04 14:45,{},18.13,2258,18.13,18.01,18.06,10.1962,5332.0
2019-04-04 14:50,{},18.11,2258,18.14,18.08,18.13,6.9855,3653.0
2019-04-04 14:55,{},18.11,2258,18.12,18.08,18.11,13.4279,7022.0
2019-04-04 15:00,{},18.11,2258,18.12,18.1,18.11,6.5361,3418.0
2019-04-08 09:35,{},19.92,2258,19.92,19.92,19.92,126.3276,66062.0
2019-04-08 09:40,{},19.92,2258,19.92,19.7,19.92,226.8684,118639.0
2019-04-08 09:45,{},19.92,2258,19.92,19.92,19.92,9.8003,5125.0
2019-04-08 09:50,{},19.92,2258,19.92,19.92,19.92,3.6218,1894.0
2019-04-08 09:55,{},19.92,2258,19.92,19.92,19.92,2.9105,1522.0
2019-04-08 10:00,{},19.92,2258,19.92,19.92,19.92,1.8893,988.0
2019-04-08 10:05,{},19.92,2258,19.92,19.92,19.92,2.398,1254.0
2019-04-08 10:10,{},19.92,2258,19.92,19.92,19.92,1.352,707.0
2019-04-08 10:10,{},19.92,2258,19.92,19.92,19.92,1.3519999999999999,707.0
2019-04-08 10:15,{},19.92,2258,19.92,19.92,19.92,1.3864,725.0
2019-04-08 10:20,{},19.92,2258,19.92,19.92,19.92,5.4729,2862.0
2019-04-08 10:25,{},19.92,2258,19.92,19.92,19.92,4.1534,2172.0
2019-04-08 10:30,{},19.92,2258,19.92,19.92,19.92,0.9217,482.0
2019-04-08 10:35,{},19.92,2258,19.92,19.92,19.92,1.2391,648.0
2019-04-08 10:40,{},19.92,2258,19.92,19.92,19.92,0.7936,415.0
2019-04-08 10:45,{},19.92,2258,19.92,19.92,19.92,13.403,7009.0
2019-04-08 10:45,{},19.92,2258,19.92,19.92,19.92,13.402999999999999,7009.0
2019-04-08 10:50,{},19.92,2258,19.92,19.92,19.92,1.199,627.0
2019-04-08 10:55,{},19.92,2258,19.92,19.92,19.92,1.591,832.0
2019-04-08 11:00,{},19.92,2258,19.92,19.92,19.92,0.4609,241.0
2019-04-08 11:05,{},19.92,2258,19.92,19.92,19.92,0.3098,162.0
2019-04-08 11:10,{},19.92,2258,19.92,19.92,19.92,0.8127,425.0
2019-04-08 11:15,{},19.92,2258,19.92,19.92,19.92,0.7439,389.0
2019-04-08 11:20,{},19.92,2258,19.92,19.92,19.92,0.3461,181.0
2019-04-08 11:25,{},19.92,2258,19.92,19.92,19.92,1.4169999999999998,741.0
2019-04-08 11:30,{},19.92,2258,19.92,19.92,19.92,1.0403,544.0
2019-04-08 13:05,{},19.78,2258,19.92,19.73,19.92,92.7388,48497.0
2019-04-08 13:10,{},19.91,2258,19.92,19.52,19.78,65.187,34089.0
2019-04-08 13:15,{},19.92,2258,19.92,19.88,19.91,20.9411,10951.0
2019-04-08 13:20,{},19.92,2258,19.92,19.92,19.92,5.4786,2865.0
2019-04-08 13:25,{},19.92,2258,19.92,19.92,19.92,3.7805,1977.0
2019-04-08 13:30,{},19.92,2258,19.92,19.9,19.92,43.5995,22800.0
2019-04-08 13:35,{},19.92,2258,19.92,19.92,19.92,3.1017,1622.0
2019-04-08 13:40,{},19.92,2258,19.92,19.92,19.92,2.3253,1216.0
2019-04-08 13:45,{},19.92,2258,19.92,19.92,19.92,4.7711,2495.0
2019-04-08 13:50,{},19.92,2258,19.92,19.92,19.92,0.5699,298.0
2019-04-08 13:55,{},19.92,2258,19.92,19.92,19.92,2.3827,1246.0
2019-04-08 14:00,{},19.92,2258,19.92,19.92,19.92,1.0211,534.0
2019-04-08 14:05,{},19.92,2258,19.92,19.92,19.92,1.7899,936.0
2019-04-08 14:10,{},19.92,2258,19.92,19.92,19.92,0.348,182.0
2019-04-08 14:15,{},19.92,2258,19.92,19.92,19.92,0.1587,83.0
2019-04-08 14:20,{},19.92,2258,19.92,19.92,19.92,0.1358,71.0
2019-04-08 14:25,{},19.92,2258,19.92,19.92,19.92,0.2696,141.0
2019-04-08 14:30,{},19.92,2258,19.92,19.92,19.92,0.1013,53.0
2019-04-08 14:35,{},19.92,2258,19.92,19.92,19.92,0.044,23.0
2019-04-08 14:35,{},19.92,2258,19.92,19.92,19.92,0.044000000000000004,23.0
2019-04-08 14:40,{},19.92,2258,19.92,19.92,19.92,0.109,57.0
2019-04-08 14:45,{},19.92,2258,19.92,19.92,19.92,0.327,171.0
2019-04-08 14:50,{},19.92,2258,19.92,19.92,19.92,0.413,216.0
2019-04-08 14:55,{},19.92,2258,19.92,19.92,19.92,0.3174,166.0
2019-04-08 15:00,{},19.92,2258,19.92,19.92,19.92,0.3385,177.0
2019-04-09 09:35,{},19.05,2258,19.9,18.9,19.9,111.9225,58529.0
2019-04-09 09:40,{},18.9,2258,19.08,18.45,19.05,60.0793,31418.0
2019-04-09 09:45,{},18.88,2258,19.0,18.65,18.9,34.8777,18239.0
2019-04-09 09:50,{},18.67,2258,18.93,18.66,18.88,29.1677,15253.0
2019-04-09 09:55,{},18.8,2258,18.8,18.59,18.67,20.8168,10886.0
2019-04-09 10:00,{},18.66,2258,18.9,18.65,18.8,14.1469,7398.0
2019-04-09 10:05,{},18.81,2258,18.88,18.65,18.66,12.5368,6556.0
2019-04-09 10:10,{},18.88,2258,19.0,18.79,18.81,10.0221,5241.0
2019-04-09 10:15,{},19.05,2258,19.17,18.91,19.0,13.577,7100.0
2019-04-09 10:20,{},18.9,2258,19.06,18.86,19.05,6.6011,3452.0
2019-04-09 10:25,{},18.9,2258,19.07,18.89,18.9,4.7883,2504.0
2019-04-09 10:30,{},18.89,2258,18.94,18.84,18.89,7.2475,3790.0
2019-04-09 10:35,{},18.95,2258,19.01,18.89,18.89,8.1615,4268.0
2019-04-09 10:40,{},18.82,2258,18.95,18.8,18.95,7.7485,4052.0
2019-04-09 10:45,{},18.77,2258,18.82,18.63,18.82,10.9859,5745.0
2019-04-09 10:50,{},18.75,2258,18.92,18.75,18.9,6.3659,3329.0
2019-04-09 10:55,{},18.78,2258,18.82,18.73,18.74,5.8725,3071.0
2019-04-09 11:00,{},18.84,2258,18.85,18.78,18.78,4.3083,2253.0
2019-04-09 11:05,{},18.78,2258,18.86,18.78,18.84,6.6355,3470.0
2019-04-09 11:10,{},18.96,2258,19.0,18.76,18.78,5.7043,2983.0
2019-04-09 11:15,{},19.0,2258,19.03,18.96,18.96,5.9299,3101.0
2019-04-09 11:20,{},18.95,2258,19.02,18.89,18.99,3.9565,2069.0
2019-04-09 11:25,{},19.05,2258,19.06,18.95,18.95,5.7368,3000.0
2019-04-09 11:30,{},19.01,2258,19.08,19.01,19.06,5.1459,2691.0
2019-04-09 13:05,{},19.09,2258,19.14,19.0,19.01,5.0178,2624.0
2019-04-09 13:10,{},18.98,2258,19.1,18.98,19.09,6.2053,3245.0
2019-04-09 13:15,{},18.96,2258,19.1,18.95,18.98,5.6087,2933.0
2019-04-09 13:20,{},18.83,2258,19.04,18.83,18.96,4.337,2268.0
2019-04-09 13:25,{},18.86,2258,18.9,18.8,18.83,4.272,2234.0
2019-04-09 13:30,{},18.84,2258,18.92,18.84,18.86,5.8629999999999995,3066.0
2019-04-09 13:30,{},18.84,2258,18.92,18.84,18.86,5.863,3066.0
2019-04-09 13:35,{},18.72,2258,18.85,18.72,18.84,7.212999999999999,3772.0
2019-04-09 13:40,{},18.83,2258,18.86,18.69,18.72,9.6167,5029.0
2019-04-09 13:45,{},18.77,2258,18.83,18.71,18.81,6.4271,3361.0
2019-04-09 13:50,{},18.8,2258,18.85,18.76,18.77,6.7006,3504.0
2019-04-09 13:55,{},18.75,2258,18.8,18.72,18.79,6.364,3328.0
2019-04-09 14:00,{},18.79,2258,18.8,18.68,18.75,8.2839,4332.0
2019-04-09 14:05,{},18.64,2258,18.81,18.63,18.79,10.2956,5384.0
2019-04-09 14:10,{},18.6,2258,18.64,18.46,18.64,21.8762,11440.0
2019-04-09 14:15,{},18.55,2258,18.6,18.53,18.6,7.2876,3811.0
2019-04-09 14:20,{},18.45,2258,18.55,18.36,18.54,16.9675,8873.0
2019-04-09 14:25,{},18.54,2258,18.6,18.44,18.45,5.4576,2854.0
2019-04-09 14:30,{},18.59,2258,18.66,18.5,18.54,8.0678,4219.0
2019-04-09 14:35,{},18.57,2258,18.6,18.5,18.59,11.222999999999999,5869.0
2019-04-09 14:35,{},18.57,2258,18.6,18.5,18.59,11.223,5869.0
2019-04-09 14:40,{},18.51,2258,18.57,18.48,18.57,6.8019,3557.0
2019-04-09 14:45,{},18.55,2258,18.57,18.51,18.51,9.3624,4896.0
2019-04-09 14:50,{},18.54,2258,18.6,18.54,18.55,11.4735,6000.0
2019-04-09 14:55,{},18.53,2258,18.54,18.5,18.54,15.2426,7971.0
2019-04-09 15:00,{},18.5,2258,18.53,18.5,18.53,8.3948,4390.0
2019-04-10 09:35,{},18.07,2258,18.44,17.85,18.44,32.5849,17040.0
2019-04-10 09:40,{},18.1,2258,18.1,18.0,18.07,13.9174,7278.0
2019-04-10 09:45,{},18.15,2258,18.2,18.07,18.1,10.1828,5325.0
2019-04-10 09:50,{},18.11,2258,18.2,18.07,18.15,8.5554,4474.0
2019-04-10 09:55,{},17.96,2258,18.15,17.96,18.11,9.263,4844.0
2019-04-10 10:00,{},17.95,2258,18.07,17.9,17.96,12.3895,6479.0
2019-04-10 10:05,{},18.03,2258,18.04,17.95,17.96,6.2703,3279.0
2019-04-10 10:10,{},17.99,2258,18.04,17.9,18.03,10.3434,5409.0
2019-04-10 10:15,{},18.09,2258,18.1,17.96,17.99,3.966,2074.0
2019-04-10 10:20,{},18.06,2258,18.13,18.02,18.09,2.681,1402.0
2019-04-10 10:25,{},18.11,2258,18.14,18.0,18.06,3.5205,1841.0
2019-04-10 10:30,{},17.99,2258,18.12,17.98,18.11,3.3656,1760.0
2019-04-10 10:35,{},18.01,2258,18.03,17.97,17.99,1.7803,931.0
2019-04-10 10:40,{},17.92,2258,18.01,17.87,18.01,7.911,4137.0
2019-04-10 10:40,{},17.92,2258,18.01,17.87,18.01,7.9110000000000005,4137.0
2019-04-10 10:45,{},17.98,2258,18.0,17.89,17.92,5.7846,3025.0
2019-04-10 10:50,{},18.05,2258,18.05,17.96,17.98,5.2874,2765.0
2019-04-10 10:55,{},18.1,2258,18.12,18.02,18.05,6.037000000000001,3157.0
2019-04-10 11:00,{},18.15,2258,18.17,18.06,18.1,6.5379999999999985,3419.0
2019-04-10 11:00,{},18.15,2258,18.17,18.06,18.1,6.537999999999999,3419.0
2019-04-10 11:05,{},18.32,2258,18.32,18.12,18.15,10.2478,5359.0
2019-04-10 11:10,{},18.37,2258,18.39,18.2,18.32,9.7009,5073.0
2019-04-10 11:15,{},18.27,2258,18.38,18.12,18.37,6.6508,3478.0
2019-04-10 11:20,{},18.17,2258,18.3,18.16,18.27,8.4579,4423.0
2019-04-10 11:25,{},18.27,2258,18.33,18.17,18.29,5.7482,3006.0
2019-04-10 11:30,{},18.3,2258,18.32,18.18,18.27,4.5646,2387.0
2019-04-10 13:05,{},18.16,2258,18.33,18.15,18.3,5.4021,2825.0
2019-04-10 13:10,{},18.22,2258,18.28,18.11,18.16,3.2069,1677.0
2019-04-10 13:15,{},18.2,2258,18.24,18.12,18.22,4.8285,2525.0
2019-04-10 13:20,{},18.13,2258,18.21,18.13,18.2,2.3138,1210.0
2019-04-10 13:25,{},18.03,2258,18.16,18.03,18.13,3.2030000000000003,1675.0
2019-04-10 13:30,{},18.08,2258,18.17,18.02,18.03,4.5952,2403.0
2019-04-10 13:35,{},18.11,2258,18.16,18.06,18.08,5.1784,2708.0
2019-04-10 13:40,{},18.09,2258,18.11,17.96,18.11,9.2745,4850.0
2019-04-10 13:45,{},18.12,2258,18.18,18.02,18.05,7.4387,3890.0
2019-04-10 13:50,{},18.1,2258,18.17,18.02,18.12,5.6029,2930.0
2019-04-10 13:55,{},18.16,2258,18.16,18.05,18.1,3.7786,1976.0
2019-04-10 14:00,{},18.08,2258,18.16,18.03,18.16,3.8054,1990.0
2019-04-10 14:05,{},18.3,2258,18.33,18.06,18.08,8.1539,4264.0
2019-04-10 14:10,{},18.29,2258,18.34,18.2,18.3,5.71,2986.0
2019-04-10 14:15,{},18.96,2258,18.96,18.26,18.29,16.8451,8809.0
2019-04-10 14:20,{},18.78,2258,18.96,18.76,18.96,22.4652,11748.0
2019-04-10 14:25,{},18.86,2258,18.95,18.76,18.78,18.0402,9434.0
2019-04-10 14:30,{},18.72,2258,18.86,18.72,18.86,9.416,4924.0
2019-04-10 14:35,{},18.51,2258,18.72,18.5,18.72,16.7858,8778.0
2019-04-10 14:40,{},18.51,2258,18.51,18.49,18.51,10.1866,5327.0
2019-04-10 14:45,{},18.35,2258,18.52,18.32,18.51,10.1464,5306.0
2019-04-10 14:50,{},18.4,2258,18.4,18.35,18.35,6.5667,3434.0
2019-04-10 14:55,{},18.41,2258,18.49,18.29,18.4,17.7152,9264.0
2019-04-10 15:00,{},18.4,2258,18.41,18.37,18.41,3.8360000000000003,2006.0
2019-04-10 15:00,{},18.4,2258,18.41,18.37,18.41,3.836,2006.0
2019-04-11 09:35,{},17.97,2258,18.3,17.92,18.3,21.4383,11211.0
2019-04-11 09:40,{},18.06,2258,18.06,17.96,17.97,7.345,3841.0
2019-04-11 09:45,{},17.99,2258,18.11,17.99,18.06,4.9355,2581.0
2019-04-11 09:50,{},17.97,2258,18.0,17.92,17.99,8.5593,4476.0
2019-04-11 09:55,{},17.86,2258,17.98,17.85,17.97,12.0128,6282.0
2019-04-11 10:00,{},17.9,2258,17.92,17.82,17.86,10.4906,5486.0
2019-04-11 10:05,{},17.82,2258,17.93,17.82,17.9,7.8823,4122.0
2019-04-11 10:10,{},17.85,2258,17.86,17.79,17.82,9.1922,4807.0
2019-04-11 10:15,{},17.81,2258,17.86,17.81,17.86,3.5912,1878.0
2019-04-11 10:20,{},17.82,2258,17.84,17.78,17.81,5.1191,2677.0
2019-04-11 10:25,{},17.88,2258,17.95,17.82,17.82,3.3675,1761.0
2019-04-11 10:30,{},17.82,2258,17.88,17.82,17.88,3.6371,1902.0
2019-04-11 10:35,{},17.77,2258,17.84,17.75,17.82,7.3813,3860.0
2019-04-11 10:40,{},17.78,2258,17.79,17.74,17.75,3.4363,1797.0
2019-04-11 10:45,{},17.78,2258,17.78,17.73,17.78,6.8822,3599.0
2019-04-11 10:50,{},17.82,2258,17.85,17.78,17.78,3.1246,1634.0
2019-04-11 10:55,{},17.71,2258,17.82,17.71,17.82,5.9835,3129.0
2019-04-11 11:00,{},17.69,2258,17.72,17.65,17.71,6.1097,3195.0
2019-04-11 11:05,{},17.66,2258,17.72,17.65,17.69,4.3829,2292.0
2019-04-11 11:10,{},17.59,2258,17.67,17.45,17.66,19.8856,10399.0
2019-04-11 11:15,{},17.67,2258,17.67,17.5,17.59,6.7675,3539.0
2019-04-11 11:20,{},17.5,2258,17.65,17.47,17.65,5.8477,3058.0
2019-04-11 11:25,{},17.57,2258,17.57,17.48,17.5,4.882,2553.0
2019-04-11 11:30,{},17.56,2258,17.58,17.55,17.57,2.8206,1475.0
2019-04-11 13:05,{},17.48,2258,17.6,17.46,17.56,8.9953,4704.0
2019-04-11 13:10,{},17.57,2258,17.57,17.46,17.48,6.5437,3422.0
2019-04-11 13:15,{},17.65,2258,17.65,17.54,17.57,6.1383,3210.0
2019-04-11 13:20,{},17.54,2258,17.66,17.53,17.65,8.6664,4532.0
2019-04-11 13:25,{},17.6,2258,17.68,17.54,17.54,6.1039,3192.0
2019-04-11 13:30,{},17.64,2258,17.66,17.6,17.63,4.7022,2459.0
2019-04-11 13:35,{},17.6,2258,17.65,17.6,17.64,3.5052,1833.0
2019-04-11 13:40,{},17.57,2258,17.64,17.53,17.6,3.2164,1682.0
2019-04-11 13:45,{},17.48,2258,17.57,17.44,17.57,9.0603,4738.0
2019-04-11 13:50,{},17.59,2258,17.64,17.44,17.48,5.077,2655.0
2019-04-11 13:55,{},17.64,2258,17.69,17.59,17.59,8.107999999999999,4240.0
2019-04-11 14:00,{},17.54,2258,17.64,17.53,17.64,3.5339,1848.0
2019-04-11 14:05,{},17.53,2258,17.63,17.53,17.54,1.6426,859.0
2019-04-11 14:10,{},17.6,2258,17.62,17.52,17.53,2.463,1288.0
2019-04-11 14:15,{},17.58,2258,17.6,17.56,17.6,5.0656,2649.0
2019-04-11 14:20,{},17.57,2258,17.6,17.57,17.58,2.5892,1354.0
2019-04-11 14:25,{},17.52,2258,17.58,17.51,17.57,5.7884,3027.0
2019-04-11 14:30,{},17.49,2258,17.52,17.49,17.52,7.5993,3974.0
2019-04-11 14:35,{},17.35,2258,17.5,17.31,17.49,8.4503,4419.0
2019-04-11 14:40,{},17.3,2258,17.36,17.27,17.35,11.7088,6123.0
2019-04-11 14:45,{},17.22,2258,17.3,17.1,17.3,15.8717,8300.0
2019-04-11 14:50,{},17.17,2258,17.25,17.17,17.22,10.8081,5652.0
2019-04-11 14:55,{},17.19,2258,17.22,17.14,17.17,11.3875,5955.0
2019-04-11 15:00,{},17.19,2258,17.2,17.18,17.19,5.2186,2729.0
2019-04-12 09:35,{},17.18,2258,17.28,17.12,17.15,12.5865,6582.0
2019-04-12 09:40,{},17.25,2258,17.37,17.16,17.18,8.6778,4538.0
2019-04-12 09:45,{},17.3,2258,17.3,17.25,17.25,3.0348,1587.0
2019-04-12 09:50,{},17.32,2258,17.46,17.28,17.3,6.6679999999999975,3487.0
2019-04-12 09:55,{},17.35,2258,17.42,17.32,17.32,4.6047,2408.0
2019-04-12 10:00,{},17.31,2258,17.35,17.3,17.35,2.9755,1556.0
2019-04-12 10:05,{},17.22,2258,17.33,17.2,17.31,4.7328,2475.0
2019-04-12 10:10,{},17.29,2258,17.3,17.15,17.22,7.6414,3996.0
2019-04-12 10:15,{},17.32,2258,17.34,17.29,17.29,2.7058,1415.0
2019-04-12 10:20,{},17.2,2258,17.32,17.2,17.32,2.6695,1396.0
2019-04-12 10:25,{},17.16,2258,17.25,17.13,17.2,2.7881,1458.0
2019-04-12 10:30,{},17.18,2258,17.21,17.13,17.16,2.1398,1119.0
2019-04-12 10:35,{},17.04,2258,17.18,17.0,17.18,8.3241,4353.0
2019-04-12 10:40,{},17.06,2258,17.1,17.04,17.04,3.5205,1841.0
2019-04-12 10:45,{},17.03,2258,17.06,16.92,17.06,6.2626,3275.0
2019-04-12 10:50,{},16.96,2258,17.03,16.96,17.03,2.9143,1524.0
2019-04-12 10:55,{},16.9,2258,16.96,16.88,16.96,6.4175,3356.0
2019-04-12 11:00,{},16.99,2258,16.99,16.89,16.9,3.3962,1776.0
2019-04-12 11:05,{},17.09,2258,17.1,16.99,16.99,2.3731,1241.0
2019-04-12 11:10,{},17.06,2258,17.09,17.04,17.09,0.6808,356.0
2019-04-12 11:15,{},17.04,2258,17.13,17.04,17.06,1.6178,846.0
2019-04-12 11:20,{},17.0,2258,17.04,16.91,17.04,2.7747,1451.0
2019-04-12 11:25,{},17.02,2258,17.1,17.0,17.0,0.6578,344.0
2019-04-12 11:30,{},17.05,2258,17.06,17.02,17.02,0.4456,233.0
2019-04-12 13:05,{},16.98,2258,17.05,16.96,17.05,3.2738,1712.0
2019-04-12 13:10,{},16.96,2258,17.0,16.92,16.98,3.4765,1818.0
2019-04-12 13:15,{},16.93,2258,16.99,16.93,16.96,2.0327,1063.0
2019-04-12 13:20,{},16.99,2258,17.0,16.91,16.94,8.2801,4330.0
2019-04-12 13:25,{},16.96,2258,16.99,16.93,16.99,2.2679,1186.0
2019-04-12 13:30,{},16.95,2258,17.0,16.93,16.96,2.8493,1490.0
2019-04-12 13:35,{},16.9,2258,16.96,16.9,16.95,4.6487,2431.0
2019-04-12 13:40,{},16.9,2258,16.92,16.86,16.9,3.9679,2075.0
2019-04-12 13:45,{},16.84,2258,16.9,16.82,16.9,5.5895,2923.0
2019-04-12 13:50,{},16.86,2258,16.86,16.82,16.85,5.0178,2624.0
2019-04-12 13:55,{},16.85,2258,16.88,16.84,16.86,3.9794,2081.0
2019-04-12 14:00,{},16.82,2258,16.86,16.82,16.85,4.6028,2407.0
2019-04-12 14:05,{},16.82,2258,16.83,16.81,16.82,2.9621,1549.0
2019-04-12 14:10,{},16.8,2258,16.83,16.8,16.82,4.8265,2524.0
2019-04-12 14:15,{},16.82,2258,16.84,16.8,16.8,2.7537,1440.0
2019-04-12 14:20,{},16.91,2258,16.92,16.81,16.82,4.5665,2388.0
2019-04-12 14:25,{},16.9,2258,16.94,16.89,16.92,2.3616,1235.0
2019-04-12 14:30,{},16.89,2258,16.91,16.86,16.9,2.0977,1097.0
2019-04-12 14:35,{},16.99,2258,16.99,16.87,16.89,5.3314,2788.0
2019-04-12 14:40,{},17.13,2258,17.13,16.99,16.99,4.3867,2294.0
2019-04-12 14:45,{},16.99,2258,17.16,16.96,17.13,4.9241,2575.0
2019-04-12 14:50,{},17.02,2258,17.05,16.97,16.99,2.9908,1564.0
2019-04-12 14:55,{},17.06,2258,17.08,17.02,17.02,4.9126,2569.0
2019-04-12 15:00,{},17.04,2258,17.07,17.04,17.06,5.3524,2799.0
2019-04-15 09:35,{},17.35,2258,17.47,17.17,17.38,17.980999999999995,9403.0
2019-04-15 09:40,{},17.3,2258,17.39,17.22,17.35,8.9016,4655.0
2019-04-15 09:45,{},17.35,2258,17.36,17.26,17.3,5.5322,2893.0
2019-04-15 09:50,{},17.56,2258,17.59,17.35,17.35,14.8276,7754.0
2019-04-15 09:55,{},17.44,2258,17.58,17.43,17.56,8.0869,4229.0
2019-04-15 10:00,{},17.47,2258,17.53,17.43,17.44,7.8881,4125.0
2019-04-15 10:05,{},17.46,2258,17.49,17.43,17.47,3.4535,1806.0
2019-04-15 10:10,{},17.48,2258,17.53,17.44,17.46,5.4346,2842.0
2019-04-15 10:15,{},17.38,2258,17.5,17.36,17.48,7.1289,3728.0
2019-04-15 10:20,{},17.39,2258,17.39,17.3,17.38,5.8955,3083.0
2019-04-15 10:25,{},17.31,2258,17.39,17.31,17.39,3.6830000000000003,1926.0
2019-04-15 10:30,{},17.35,2258,17.35,17.25,17.31,4.2529,2224.0
2019-04-15 10:35,{},17.25,2258,17.35,17.25,17.35,3.2049,1676.0
2019-04-15 10:40,{},17.27,2258,17.3,17.23,17.25,2.0939,1095.0
2019-04-15 10:45,{},17.27,2258,17.32,17.24,17.27,2.2966,1201.0
2019-04-15 10:50,{},17.26,2258,17.28,17.25,17.27,1.7918,937.0
2019-04-15 10:55,{},17.27,2258,17.28,17.23,17.26,1.3386,700.0
2019-04-15 11:00,{},17.28,2258,17.31,17.27,17.27,0.8127,425.0
2019-04-15 11:05,{},17.3,2258,17.31,17.26,17.28,1.4571,762.0
2019-04-15 11:10,{},17.26,2258,17.31,17.24,17.3,2.2584,1181.0
2019-04-15 11:15,{},17.27,2258,17.3,17.26,17.26,0.5852,306.0
2019-04-15 11:20,{},17.19,2258,17.29,17.19,17.27,4.0081,2096.0
2019-04-15 11:25,{},17.18,2258,17.21,17.17,17.19,1.8969999999999998,992.0
2019-04-15 11:30,{},17.11,2258,17.19,17.1,17.18,2.5089,1312.0
2019-04-15 13:05,{},17.06,2258,17.18,17.03,17.11,4.14,2165.0
2019-04-15 13:10,{},17.08,2258,17.09,17.03,17.06,3.1877,1667.0
2019-04-15 13:15,{},16.95,2258,17.08,16.95,17.08,5.1803,2709.0
2019-04-15 13:20,{},17.01,2258,17.02,16.91,16.95,2.2679,1186.0
2019-04-15 13:25,{},17.01,2258,17.04,16.99,17.01,3.0768,1609.0
2019-04-15 13:30,{},17.0,2258,17.02,16.97,17.01,2.3406,1224.0
2019-04-15 13:35,{},17.02,2258,17.03,16.99,17.0,1.1646,609.0
2019-04-15 13:40,{},17.01,2258,17.03,17.01,17.02,1.0326,540.0
2019-04-15 13:45,{},16.95,2258,17.01,16.95,17.01,2.9621,1549.0
2019-04-15 13:50,{},16.92,2258,16.96,16.91,16.96,3.0462,1593.0
2019-04-15 13:55,{},16.9,2258,16.92,16.9,16.92,3.4765,1818.0
2019-04-15 14:00,{},16.9,2258,16.92,16.9,16.9,2.5796,1349.0
2019-04-15 14:05,{},16.81,2258,16.91,16.8,16.9,8.7467,4574.0
2019-04-15 14:10,{},16.88,2258,16.88,16.81,16.81,5.0675,2650.0
2019-04-15 14:15,{},16.85,2258,16.88,16.84,16.88,2.1169,1107.0
2019-04-15 14:20,{},16.89,2258,16.92,16.85,16.85,2.92,1527.0
2019-04-15 14:25,{},16.83,2258,16.9,16.83,16.89,3.9947,2089.0
2019-04-15 14:30,{},16.82,2258,16.84,16.8,16.83,3.7213,1946.0
2019-04-15 14:35,{},16.9,2258,16.92,16.81,16.82,2.9697,1553.0
2019-04-15 14:40,{},16.89,2258,16.95,16.89,16.9,3.6409,1904.0
2019-04-15 14:45,{},16.81,2258,16.91,16.81,16.9,6.2626,3275.0
2019-04-15 14:50,{},16.82,2258,16.84,16.8,16.81,4.6869,2451.0
2019-04-15 14:55,{},16.8,2258,16.85,16.79,16.82,6.2015,3243.0
2019-04-15 15:00,{},16.83,2258,16.83,16.8,16.8,2.4286,1270.0
2019-04-16 09:35,{},16.79,2258,16.8,16.55,16.79,10.5251,5504.0
2019-04-16 09:40,{},16.88,2258,16.96,16.76,16.79,6.3736,3333.0
2019-04-16 09:45,{},16.9,2258,16.93,16.86,16.88,3.813,1994.0
2019-04-16 09:50,{},16.69,2258,16.91,16.69,16.91,5.1516,2694.0
2019-04-16 09:55,{},16.74,2258,16.8,16.68,16.69,3.4134,1785.0
2019-04-16 10:00,{},16.82,2258,16.83,16.74,16.74,1.7249,902.0
2019-04-16 10:05,{},16.86,2258,16.89,16.75,16.82,3.1055,1624.0
2019-04-16 10:10,{},16.87,2258,16.88,16.75,16.86,2.0193,1056.0
2019-04-16 10:15,{},16.83,2258,16.89,16.81,16.87,2.658,1390.0
2019-04-16 10:20,{},16.98,2258,16.98,16.81,16.83,5.2166,2728.0
2019-04-16 10:25,{},17.03,2258,17.08,16.98,16.98,5.9529,3113.0
2019-04-16 10:30,{},17.06,2258,17.08,17.03,17.03,5.3046,2774.0
2019-04-16 10:35,{},17.12,2258,17.13,17.04,17.06,4.6927,2454.0
2019-04-16 10:40,{},17.08,2258,17.12,17.06,17.12,2.8359,1483.0
2019-04-16 10:45,{},17.22,2258,17.22,17.08,17.08,6.5093,3404.0
2019-04-16 10:50,{},17.19,2258,17.24,17.16,17.22,6.7235,3516.0
2019-04-16 10:55,{},17.17,2258,17.19,17.13,17.19,4.7768,2498.0
2019-04-16 11:00,{},17.11,2258,17.18,17.1,17.16,3.0959,1619.0
2019-04-16 11:05,{},17.15,2258,17.17,17.1,17.11,2.4324,1272.0
2019-04-16 11:10,{},17.15,2258,17.18,17.12,17.15,2.6791,1401.0
2019-04-16 11:15,{},17.18,2258,17.18,17.12,17.15,3.4057,1781.0
2019-04-16 11:20,{},17.22,2258,17.23,17.17,17.18,4.2031,2198.0
2019-04-16 11:25,{},17.23,2258,17.24,17.2,17.22,3.7385,1955.0
2019-04-16 11:30,{},17.26,2258,17.27,17.22,17.22,3.1112,1627.0
2019-04-16 13:05,{},17.27,2258,17.34,17.26,17.26,6.9702,3645.0
2019-04-16 13:10,{},17.28,2258,17.3,17.25,17.27,2.1761,1138.0
2019-04-16 13:15,{},17.22,2258,17.28,17.21,17.28,1.5986,836.0
2019-04-16 13:20,{},17.24,2258,17.24,17.16,17.22,1.9543,1022.0
2019-04-16 13:25,{},17.27,2258,17.29,17.24,17.24,1.6445,860.0
2019-04-16 13:30,{},17.21,2258,17.27,17.18,17.24,1.3673,715.0
2019-04-16 13:35,{},17.24,2258,17.25,17.2,17.21,2.3387,1223.0
2019-04-16 13:40,{},17.23,2258,17.24,17.19,17.24,1.2984,679.0
2019-04-16 13:45,{},17.22,2258,17.24,17.2,17.23,1.8472,966.0
2019-04-16 13:50,{},17.21,2258,17.25,17.21,17.23,1.9084,998.0
2019-04-16 13:55,{},17.28,2258,17.28,17.21,17.21,2.9755,1556.0
2019-04-16 14:00,{},17.26,2258,17.28,17.24,17.28,1.3902,727.0
2019-04-16 14:05,{},17.27,2258,17.28,17.23,17.26,3.6505,1909.0
2019-04-16 14:10,{},17.31,2258,17.32,17.27,17.27,3.052,1596.0
2019-04-16 14:15,{},17.39,2258,17.39,17.31,17.31,6.8306,3572.0
2019-04-16 14:20,{},17.4,2258,17.46,17.35,17.35,11.2383,5877.0
2019-04-16 14:25,{},17.46,2258,17.47,17.39,17.4,6.5839,3443.0
2019-04-16 14:30,{},17.43,2258,17.48,17.42,17.46,7.0142,3668.0
2019-04-16 14:35,{},17.49,2258,17.5,17.41,17.43,8.02,4194.0
2019-04-16 14:40,{},17.54,2258,17.55,17.49,17.49,5.5379,2896.0
2019-04-16 14:45,{},17.53,2258,17.59,17.52,17.54,6.2932,3291.0
2019-04-16 14:50,{},17.45,2258,17.53,17.4,17.53,6.3602,3326.0
2019-04-16 14:55,{},17.51,2258,17.52,17.45,17.45,6.5877,3445.0
2019-04-16 15:00,{},17.51,2258,17.52,17.5,17.51,2.8168,1473.0
2019-04-17 09:35,{},17.43,2258,17.55,17.42,17.55,8.2973,4339.0
2019-04-17 09:40,{},17.33,2258,17.45,17.3,17.43,6.7923,3552.0
2019-04-17 09:45,{},17.42,2258,17.49,17.33,17.33,4.0846,2136.0
2019-04-17 09:50,{},17.47,2258,17.47,17.37,17.42,3.1074,1625.0
2019-04-17 09:55,{},17.49,2258,17.49,17.46,17.47,3.6792,1924.0
2019-04-17 10:00,{},17.62,2258,17.64,17.48,17.49,5.6641,2962.0
2019-04-17 10:05,{},17.6,2258,17.7,17.6,17.62,7.0027,3662.0
2019-04-17 10:10,{},17.53,2258,17.67,17.53,17.6,4.3198,2259.0
2019-04-17 10:15,{},17.38,2258,17.55,17.37,17.53,7.3488,3843.0
2019-04-17 10:20,{},17.36,2258,17.4,17.33,17.38,8.3049,4343.0
2019-04-17 10:25,{},17.53,2258,17.53,17.36,17.36,3.029,1584.0
2019-04-17 10:30,{},17.45,2258,17.53,17.43,17.53,1.7191,899.0
2019-04-17 10:35,{},17.44,2258,17.45,17.4,17.45,2.4592,1286.0
2019-04-17 10:40,{},17.46,2258,17.54,17.44,17.44,2.4037,1257.0
2019-04-17 10:45,{},17.49,2258,17.54,17.46,17.46,2.6657,1394.0
2019-04-17 10:50,{},17.48,2258,17.5,17.44,17.49,2.1589,1129.0
2019-04-17 10:55,{},17.49,2258,17.5,17.45,17.48,1.6503,863.0
2019-04-17 11:00,{},17.56,2258,17.58,17.4,17.49,3.8360000000000003,2006.0
2019-04-17 11:00,{},17.56,2258,17.58,17.4,17.49,3.836,2006.0
2019-04-17 11:05,{},17.59,2258,17.63,17.54,17.56,4.6219,2417.0
2019-04-17 11:10,{},17.53,2258,17.61,17.51,17.59,3.0214,1580.0
2019-04-17 11:15,{},17.61,2258,17.61,17.52,17.56,4.6544,2434.0
2019-04-17 11:20,{},17.78,2258,17.85,17.6,17.61,14.7512,7714.0
2019-04-17 11:25,{},17.77,2258,17.85,17.68,17.78,7.9129,4138.0
2019-04-17 11:30,{},17.68,2258,17.77,17.64,17.77,4.1592,2175.0
2019-04-17 13:05,{},17.7,2258,17.77,17.64,17.68,3.1055,1624.0
2019-04-17 13:10,{},17.69,2258,17.7,17.62,17.68,2.3463,1227.0
2019-04-17 13:15,{},17.7,2258,17.7,17.65,17.69,3.5644,1864.0
2019-04-17 13:20,{},17.7,2258,17.76,17.68,17.7,2.6255,1373.0
2019-04-17 13:25,{},17.73,2258,17.74,17.67,17.7,3.0233,1581.0
2019-04-17 13:30,{},17.7,2258,17.74,17.68,17.73,2.4286,1270.0
2019-04-17 13:35,{},17.67,2258,17.71,17.66,17.7,2.2469,1175.0
2019-04-17 13:40,{},17.6,2258,17.67,17.58,17.67,2.9908,1564.0
2019-04-17 13:45,{},17.62,2258,17.63,17.58,17.6,3.1801,1663.0
2019-04-17 13:50,{},17.63,2258,17.67,17.6,17.62,2.6523,1387.0
2019-04-17 13:55,{},17.66,2258,17.7,17.63,17.63,3.2394,1694.0
2019-04-17 14:00,{},17.6,2258,17.66,17.59,17.66,3.2260000000000004,1687.0
2019-04-17 14:05,{},17.58,2258,17.6,17.58,17.6,3.3923,1774.0
2019-04-17 14:10,{},17.61,2258,17.64,17.58,17.6,1.7287,904.0
2019-04-17 14:15,{},17.42,2258,17.64,17.41,17.61,4.817,2519.0
2019-04-17 14:20,{},17.41,2258,17.44,17.35,17.42,6.9549,3637.0
2019-04-17 14:25,{},17.33,2258,17.43,17.3,17.41,6.8803,3598.0
2019-04-17 14:30,{},17.39,2258,17.46,17.31,17.33,1.962,1026.0
2019-04-17 14:35,{},17.42,2258,17.42,17.38,17.39,1.2927,676.0
2019-04-17 14:40,{},17.45,2258,17.48,17.42,17.42,1.6656,871.0
2019-04-17 14:45,{},17.42,2258,17.46,17.4,17.45,2.3999,1255.0
2019-04-17 14:50,{},17.43,2258,17.44,17.4,17.42,1.9237,1006.0
2019-04-17 14:55,{},17.39,2258,17.45,17.39,17.43,4.3045,2251.0
2019-04-17 15:00,{},17.39,2258,17.4,17.38,17.39,4.7367,2477.0
2019-04-18 09:35,{},17.15,2258,17.3,17.11,17.3,9.2783,4852.0
2019-04-18 09:40,{},17.08,2258,17.18,17.06,17.15,6.9071,3612.0
2019-04-18 09:45,{},17.24,2258,17.26,17.05,17.08,6.9033,3610.0
2019-04-18 09:50,{},17.23,2258,17.25,17.18,17.24,2.1647,1132.0
2019-04-18 09:55,{},17.12,2258,17.23,17.1,17.23,4.1209,2155.0
2019-04-18 10:00,{},17.07,2258,17.13,17.05,17.12,4.9986,2614.0
2019-04-18 10:05,{},17.07,2258,17.1,17.06,17.07,1.9237,1006.0
2019-04-18 10:10,{},17.21,2258,17.24,16.97,17.06,12.9269,6760.0
2019-04-18 10:15,{},17.19,2258,17.21,17.1,17.21,2.3215,1214.0
2019-04-18 10:20,{},17.21,2258,17.21,17.1,17.19,1.7306,905.0
2019-04-18 10:25,{},17.29,2258,17.38,17.19,17.21,4.7137,2465.0
2019-04-18 10:30,{},17.28,2258,17.34,17.2,17.29,2.3559,1232.0
2019-04-18 10:35,{},17.26,2258,17.3,17.2,17.28,1.2889,674.0
2019-04-18 10:40,{},17.19,2258,17.26,17.17,17.26,1.6312,853.0
2019-04-18 10:45,{},17.23,2258,17.25,17.14,17.19,2.289,1197.0
2019-04-18 10:50,{},17.25,2258,17.25,17.19,17.23,1.3252,693.0
2019-04-18 10:55,{},17.24,2258,17.25,17.2,17.25,1.5566,814.0
2019-04-18 11:00,{},17.3,2258,17.31,17.22,17.24,1.3577,710.0
2019-04-18 11:05,{},17.27,2258,17.3,17.24,17.3,2.0423,1068.0
2019-04-18 11:10,{},17.2,2258,17.27,17.18,17.27,1.2296,643.0
2019-04-18 11:15,{},17.19,2258,17.2,17.15,17.2,1.2602,659.0
2019-04-18 11:20,{},17.22,2258,17.23,17.15,17.2,1.5202,795.0
2019-04-18 11:25,{},17.15,2258,17.22,17.12,17.22,1.6618,869.0
2019-04-18 11:30,{},17.1,2258,17.14,17.09,17.13,1.4361,751.0
2019-04-18 13:05,{},17.14,2258,17.19,17.09,17.1,1.0747,562.0
2019-04-18 13:10,{},17.11,2258,17.16,17.08,17.14,1.3749,719.0
2019-04-18 13:15,{},17.11,2258,17.13,17.08,17.11,1.1837,619.0
2019-04-18 13:20,{},17.08,2258,17.13,17.05,17.11,2.3387,1223.0
2019-04-18 13:25,{},17.16,2258,17.16,17.06,17.08,2.4917,1303.0
2019-04-18 13:30,{},17.09,2258,17.17,17.08,17.16,2.8187,1474.0
2019-04-18 13:35,{},17.08,2258,17.12,17.04,17.09,3.7039999999999997,1937.0
2019-04-18 13:35,{},17.08,2258,17.12,17.04,17.09,3.704,1937.0
2019-04-18 13:40,{},17.1,2258,17.11,17.07,17.07,2.4821,1298.0
2019-04-18 13:45,{},17.09,2258,17.11,17.08,17.1,1.4495,758.0
2019-04-18 13:50,{},17.07,2258,17.13,17.07,17.09,2.4381,1275.0
2019-04-18 13:55,{},17.04,2258,17.08,17.03,17.07,2.6791,1401.0
2019-04-18 14:00,{},17.07,2258,17.07,17.02,17.03,3.0501,1595.0
2019-04-18 14:05,{},17.12,2258,17.12,17.05,17.07,1.4858,777.0
2019-04-18 14:10,{},17.15,2258,17.18,17.12,17.12,1.4973,783.0
2019-04-18 14:15,{},17.1,2258,17.18,17.1,17.15,1.7669,924.0
2019-04-18 14:20,{},17.09,2258,17.14,17.09,17.1,0.7553,395.0
2019-04-18 14:25,{},17.1,2258,17.14,17.09,17.09,0.6406,335.0
2019-04-18 14:30,{},17.04,2258,17.12,17.04,17.1,2.0901,1093.0
2019-04-18 14:35,{},17.07,2258,17.07,17.04,17.04,1.0058,526.0
2019-04-18 14:40,{},17.09,2258,17.12,17.04,17.07,1.8262,955.0
2019-04-18 14:45,{},17.05,2258,17.09,17.03,17.09,2.2087,1155.0
2019-04-18 14:50,{},17.06,2258,17.08,17.04,17.05,1.7172,898.0
2019-04-18 14:55,{},17.1,2258,17.1,17.04,17.06,4.5015,2354.0
2019-04-18 15:00,{},17.14,2258,17.14,17.1,17.1,2.0939,1095.0
2019-04-19 09:35,{},17.09,2258,17.14,17.02,17.03,3.488,1824.0
2019-04-19 09:40,{},16.89,2258,17.09,16.88,17.09,7.5974,3973.0
2019-04-19 09:45,{},16.95,2258,16.96,16.85,16.89,4.01,2097.0
2019-04-19 09:50,{},16.91,2258,16.95,16.9,16.95,3.574,1869.0
2019-04-19 09:55,{},17.01,2258,17.05,16.9,16.91,3.4382,1798.0
2019-04-19 10:00,{},17.04,2258,17.05,17.0,17.02,2.3463,1227.0
2019-04-19 10:05,{},16.98,2258,17.06,16.93,17.04,3.815,1995.0
2019-04-19 10:10,{},16.92,2258,17.0,16.91,16.98,3.7691,1971.0
2019-04-19 10:15,{},16.93,2258,16.99,16.92,16.92,2.3483,1228.0
2019-04-19 10:20,{},16.91,2258,16.98,16.9,16.93,2.6657,1394.0
2019-04-19 10:25,{},16.9,2258,16.96,16.88,16.91,4.1094,2149.0
2019-04-19 10:30,{},16.85,2258,16.94,16.85,16.9,4.0157,2100.0
2019-04-19 10:35,{},16.86,2258,16.88,16.83,16.85,3.0921,1617.0
2019-04-19 10:40,{},16.86,2258,16.89,16.84,16.86,2.3463,1227.0
2019-04-19 10:45,{},16.89,2258,16.91,16.86,16.86,1.5833,828.0
2019-04-19 10:50,{},16.9,2258,16.91,16.88,16.89,1.0345,541.0
2019-04-19 10:55,{},16.9,2258,16.9,16.84,16.9,2.1838,1142.0
2019-04-19 11:00,{},16.91,2258,16.93,16.9,16.9,1.2124,634.0
2019-04-19 11:05,{},16.9,2258,16.92,16.88,16.91,0.6368,333.0
2019-04-19 11:10,{},17.01,2258,17.04,16.9,16.9,2.2966,1201.0
2019-04-19 11:15,{},17.0,2258,17.03,16.96,17.01,1.0995,575.0
2019-04-19 11:20,{},17.0,2258,17.01,16.92,17.0,0.6941,363.0
2019-04-19 11:25,{},16.99,2258,17.03,16.98,17.0,0.9274,485.0
2019-04-19 11:30,{},17.03,2258,17.03,16.98,16.99,0.4551,238.0
2019-04-19 13:05,{},17.0,2258,17.04,16.96,17.03,2.3119,1209.0
2019-04-19 13:10,{},17.0,2258,17.04,16.96,17.0,2.4955,1305.0
2019-04-19 13:15,{},17.02,2258,17.03,16.98,17.0,2.0155,1054.0
2019-04-19 13:20,{},17.02,2258,17.02,17.0,17.02,2.5165,1316.0
2019-04-19 13:25,{},17.06,2258,17.06,17.01,17.02,1.5948,834.0
2019-04-19 13:30,{},17.06,2258,17.07,17.04,17.05,1.526,798.0
2019-04-19 13:35,{},17.05,2258,17.06,17.04,17.06,1.1646,609.0
2019-04-19 13:40,{},17.07,2258,17.07,17.03,17.05,1.2908,675.0
2019-04-19 13:45,{},17.04,2258,17.08,17.03,17.07,1.9123,1000.0
2019-04-19 13:50,{},17.07,2258,17.07,17.03,17.04,1.6522,864.0
2019-04-19 13:55,{},17.01,2258,17.07,17.01,17.07,1.9907,1041.0
2019-04-19 14:00,{},17.05,2258,17.05,17.0,17.01,2.5337,1325.0
2019-04-19 14:05,{},17.04,2258,17.05,17.03,17.05,0.6196,324.0
2019-04-19 14:10,{},17.04,2258,17.07,17.03,17.04,1.8281,956.0
2019-04-19 14:15,{},17.02,2258,17.04,17.01,17.04,2.5892,1354.0
2019-04-19 14:20,{},17.04,2258,17.04,17.0,17.02,2.8913,1512.0
2019-04-19 14:25,{},17.03,2258,17.08,17.03,17.04,3.312,1732.0
2019-04-19 14:30,{},17.04,2258,17.05,17.02,17.03,1.0403,544.0
2019-04-19 14:35,{},17.06,2258,17.06,17.03,17.04,1.7899,936.0
2019-04-19 14:40,{},17.07,2258,17.07,17.05,17.06,1.4036,734.0
2019-04-19 14:45,{},17.1,2258,17.1,17.03,17.07,4.7099,2463.0
2019-04-19 14:50,{},17.28,2258,17.32,17.1,17.1,14.4203,7541.0
2019-04-19 14:55,{},17.3,2258,17.3,17.25,17.28,9.8558,5154.0
2019-04-19 15:00,{},17.3,2258,17.3,17.29,17.3,4.8552,2539.0
2019-04-22 09:35,{},17.17,2258,17.32,17.13,17.31,7.0256,3674.0
2019-04-22 09:40,{},17.25,2258,17.25,17.14,17.17,4.1553,2173.0
2019-04-22 09:45,{},17.18,2258,17.28,17.16,17.25,3.4669,1813.0
2019-04-22 09:50,{},17.1,2258,17.18,17.1,17.18,5.2989,2771.0
2019-04-22 09:55,{},17.11,2258,17.14,17.1,17.1,2.6905,1407.0
2019-04-22 10:00,{},17.06,2258,17.15,17.05,17.11,4.5473,2378.0
2019-04-22 10:05,{},17.12,2258,17.12,17.06,17.06,2.0385,1066.0
2019-04-22 10:10,{},17.08,2258,17.13,17.08,17.12,2.375,1242.0
2019-04-22 10:15,{},17.01,2258,17.12,17.0,17.08,6.1269,3204.0
2019-04-22 10:20,{},17.0,2258,17.08,17.0,17.01,3.1552,1650.0
2019-04-22 10:25,{},17.02,2258,17.03,17.0,17.0,3.7939,1984.0
2019-04-22 10:30,{},17.05,2258,17.05,17.01,17.02,1.6598,868.0
2019-04-22 10:35,{},17.05,2258,17.08,17.03,17.05,2.2507,1177.0
2019-04-22 10:40,{},17.0,2258,17.05,17.0,17.05,3.5625,1863.0
2019-04-22 10:45,{},17.05,2258,17.06,16.98,17.0,3.2202,1684.0
2019-04-22 10:50,{},17.03,2258,17.07,17.02,17.05,1.3156,688.0
2019-04-22 10:55,{},17.01,2258,17.07,17.01,17.03,1.2411,649.0
2019-04-22 11:00,{},17.0,2258,17.04,16.98,17.01,3.8417,2009.0
2019-04-22 11:05,{},17.08,2258,17.08,16.99,17.0,1.9983,1045.0
2019-04-22 11:10,{},17.0,2258,17.08,16.99,17.08,2.4094,1260.0
2019-04-22 11:15,{},17.0,2258,17.05,17.0,17.0,0.6272,328.0
2019-04-22 11:20,{},17.0,2258,17.05,16.98,17.0,1.5623,817.0
2019-04-22 11:25,{},16.98,2258,17.05,16.98,17.0,1.4169999999999998,741.0
2019-04-22 11:30,{},16.89,2258,16.99,16.89,16.98,6.8631,3589.0
2019-04-22 13:05,{},16.9,2258,16.91,16.85,16.89,3.7748,1974.0
2019-04-22 13:10,{},16.88,2258,16.91,16.87,16.9,1.2525,655.0
2019-04-22 13:15,{},16.98,2258,16.98,16.87,16.88,1.4169999999999998,741.0
2019-04-22 13:20,{},16.84,2258,16.98,16.83,16.98,4.8189,2520.0
2019-04-22 13:25,{},16.84,2258,16.85,16.75,16.84,10.0145,5237.0
2019-04-22 13:30,{},16.81,2258,16.85,16.8,16.84,1.6426,859.0
2019-04-22 13:35,{},16.82,2258,16.85,16.8,16.81,2.0404,1067.0
2019-04-22 13:40,{},16.77,2258,16.82,16.76,16.82,4.0406,2113.0
2019-04-22 13:45,{},16.75,2258,16.77,16.73,16.77,3.8054,1990.0
2019-04-22 13:50,{},16.75,2258,16.76,16.74,16.75,1.7076,893.0
2019-04-22 13:55,{},16.75,2258,16.77,16.74,16.75,2.7039,1414.0
2019-04-22 14:00,{},16.85,2258,16.85,16.72,16.75,2.3081,1207.0
2019-04-22 14:05,{},16.81,2258,16.87,16.76,16.85,1.9696,1030.0
2019-04-22 14:10,{},16.82,2258,16.84,16.77,16.81,0.8854,463.0
2019-04-22 14:15,{},16.83,2258,16.83,16.8,16.82,0.9121,477.0
2019-04-22 14:20,{},16.86,2258,16.88,16.82,16.84,1.8549,970.0
2019-04-22 14:25,{},16.82,2258,16.88,16.81,16.86,1.0039,525.0
2019-04-22 14:30,{},16.8,2258,16.87,16.79,16.82,1.4916,780.0
2019-04-22 14:35,{},16.79,2258,16.81,16.78,16.8,1.3348,698.0
2019-04-22 14:40,{},16.77,2258,16.8,16.77,16.79,1.9696,1030.0
2019-04-22 14:45,{},16.76,2258,16.78,16.72,16.77,4.0827,2135.0
2019-04-22 14:50,{},16.81,2258,16.82,16.74,16.76,3.0252,1582.0
2019-04-22 14:55,{},16.78,2258,16.83,16.76,16.81,2.8703,1501.0
2019-04-22 15:00,{},16.78,2258,16.78,16.77,16.78,1.6732,875.0
2019-04-23 09:35,{},16.7,2258,16.77,16.58,16.66,5.7769,3021.0
2019-04-23 09:40,{},16.57,2258,16.7,16.57,16.7,4.6889,2452.0
2019-04-23 09:45,{},16.61,2258,16.62,16.52,16.56,5.3811,2814.0
2019-04-23 09:50,{},16.61,2258,16.65,16.6,16.61,1.6656,871.0
2019-04-23 09:55,{},16.67,2258,16.68,16.58,16.61,2.572,1345.0
2019-04-23 10:00,{},16.87,2258,16.87,16.67,16.67,5.1038,2669.0
2019-04-23 10:05,{},16.87,2258,16.96,16.87,16.87,4.6105,2411.0
2019-04-23 10:10,{},16.84,2258,16.89,16.83,16.87,1.9046,996.0
2019-04-23 10:15,{},16.82,2258,16.9,16.8,16.84,2.5548,1336.0
2019-04-23 10:20,{},16.87,2258,16.89,16.82,16.82,1.0804,565.0
2019-04-23 10:25,{},16.84,2258,16.88,16.84,16.88,2.2354,1169.0
2019-04-23 10:30,{},16.85,2258,16.86,16.82,16.84,2.1723,1136.0
2019-04-23 10:35,{},16.77,2258,16.83,16.77,16.81,1.6292,852.0
2019-04-23 10:40,{},16.78,2258,16.79,16.74,16.76,1.7727,927.0
2019-04-23 10:45,{},16.68,2258,16.78,16.66,16.78,2.0824,1089.0
2019-04-23 10:50,{},16.78,2258,16.81,16.66,16.68,2.0729,1084.0
2019-04-23 10:55,{},16.63,2258,16.78,16.63,16.78,2.9697,1553.0
2019-04-23 11:00,{},16.66,2258,16.68,16.6,16.63,2.0251,1059.0
2019-04-23 11:05,{},16.7,2258,16.77,16.66,16.66,2.2431,1173.0
2019-04-23 11:10,{},16.7,2258,16.77,16.69,16.7,0.7955,416.0
2019-04-23 11:15,{},16.63,2258,16.7,16.62,16.7,1.9562,1023.0
2019-04-23 11:20,{},16.63,2258,16.63,16.59,16.63,2.551,1334.0
2019-04-23 11:25,{},16.7,2258,16.7,16.62,16.62,0.392,205.0
2019-04-23 11:30,{},16.75,2258,16.76,16.7,16.7,0.7305,382.0
2019-04-23 13:05,{},16.71,2258,16.75,16.69,16.75,0.9179,480.0
2019-04-23 13:10,{},16.71,2258,16.73,16.68,16.71,0.5163,270.0
2019-04-23 13:15,{},16.71,2258,16.74,16.71,16.71,0.3595,188.0
2019-04-23 13:20,{},16.73,2258,16.74,16.7,16.71,0.4475,234.0
2019-04-23 13:25,{},16.78,2258,16.78,16.71,16.73,0.8758,458.0
2019-04-23 13:30,{},16.75,2258,16.78,16.73,16.78,0.7726,404.0
2019-04-23 13:35,{},16.78,2258,16.78,16.75,16.75,0.8777,459.0
2019-04-23 13:40,{},16.87,2258,16.87,16.79,16.79,2.0805,1088.0
2019-04-23 13:45,{},16.84,2258,16.87,16.82,16.87,0.6808,356.0
2019-04-23 13:50,{},16.8,2258,16.85,16.79,16.84,1.2984,679.0
2019-04-23 13:55,{},16.79,2258,16.8,16.76,16.8,1.0804,565.0
2019-04-23 14:00,{},16.8,2258,16.8,16.75,16.76,1.0154,531.0
2019-04-23 14:05,{},16.78,2258,16.81,16.76,16.8,0.6502,340.0
2019-04-23 14:10,{},16.76,2258,16.78,16.75,16.78,1.2047,630.0
2019-04-23 14:15,{},16.75,2258,16.76,16.72,16.76,0.6674,349.0
2019-04-23 14:20,{},16.76,2258,16.76,16.75,16.75,0.5488,287.0
2019-04-23 14:25,{},16.71,2258,16.76,16.71,16.76,1.1932,624.0
2019-04-23 14:30,{},16.75,2258,16.76,16.7,16.71,0.5067,265.0
2019-04-23 14:35,{},16.65,2258,16.75,16.65,16.75,2.2029,1152.0
2019-04-23 14:40,{},16.59,2258,16.66,16.55,16.65,8.1998,4288.0
2019-04-23 14:45,{},16.56,2258,16.65,16.55,16.59,5.1899,2714.0
2019-04-23 14:50,{},16.58,2258,16.58,16.54,16.56,2.4859,1300.0
2019-04-23 14:55,{},16.56,2258,16.63,16.53,16.58,6.9549,3637.0
2019-04-23 15:00,{},16.56,2258,16.57,16.56,16.56,1.2296,643.0
2019-04-24 09:35,{},15.81,2258,15.98,15.52,15.98,54.5567,28530.0
2019-04-24 09:40,{},15.82,2258,15.83,15.7,15.81,23.6986,12393.0
2019-04-24 09:45,{},15.79,2258,15.95,15.79,15.82,17.3996,9099.0
2019-04-24 09:50,{},15.83,2258,15.89,15.79,15.79,8.1194,4246.0
2019-04-24 09:55,{},15.73,2258,15.85,15.73,15.83,12.2059,6383.0
2019-04-24 10:00,{},15.67,2258,15.79,15.66,15.73,16.2293,8487.0
2019-04-24 10:05,{},15.6,2258,15.67,15.53,15.67,24.1671,12638.0
2019-04-24 10:10,{},15.62,2258,15.69,15.59,15.6,7.8383,4099.0
2019-04-24 10:15,{},15.72,2258,15.75,15.61,15.62,5.1669,2702.0
2019-04-24 10:20,{},15.69,2258,15.76,15.67,15.72,5.7635,3014.0
2019-04-24 10:25,{},15.64,2258,15.69,15.62,15.69,6.3143,3302.0
2019-04-24 10:30,{},15.59,2258,15.64,15.59,15.63,5.4098,2829.0
2019-04-24 10:35,{},15.55,2258,15.59,15.54,15.59,9.4561,4945.0
2019-04-24 10:40,{},15.55,2258,15.56,15.52,15.55,7.9722,4169.0
2019-04-24 10:45,{},15.54,2258,15.58,15.53,15.54,6.8918,3604.0
2019-04-24 10:50,{},15.53,2258,15.55,15.52,15.54,7.2914,3813.0
2019-04-24 10:55,{},15.56,2258,15.57,15.52,15.53,3.9966,2090.0
2019-04-24 11:00,{},15.54,2258,15.58,15.52,15.56,4.6965,2456.0
2019-04-24 11:05,{},15.52,2258,15.55,15.52,15.54,4.3599,2280.0
2019-04-24 11:10,{},15.53,2258,15.54,15.51,15.52,5.4977,2875.0
2019-04-24 11:15,{},15.51,2258,15.54,15.51,15.53,4.5588,2384.0
2019-04-24 11:20,{},15.52,2258,15.54,15.51,15.51,3.6314,1899.0
2019-04-24 11:25,{},15.51,2258,15.52,15.5,15.52,4.8495,2536.0
2019-04-24 11:30,{},15.57,2258,15.57,15.5,15.51,3.6945,1932.0
2019-04-24 13:05,{},15.6,2258,15.61,15.56,15.57,4.6066,2409.0
2019-04-24 13:10,{},15.57,2258,15.62,15.57,15.6,3.5396,1851.0
2019-04-24 13:15,{},15.53,2258,15.56,15.53,15.56,3.7671,1970.0
2019-04-24 13:20,{},15.61,2258,15.61,15.53,15.53,3.924,2052.0
2019-04-24 13:25,{},15.58,2258,15.61,15.57,15.61,5.3639,2805.0
2019-04-24 13:30,{},15.59,2258,15.59,15.57,15.57,2.9277,1531.0
2019-04-24 13:35,{},15.61,2258,15.62,15.58,15.59,4.0368,2111.0
2019-04-24 13:40,{},15.59,2258,15.61,15.59,15.61,3.9431,2062.0
2019-04-24 13:45,{},15.59,2258,15.59,15.56,15.59,5.3926,2820.0
2019-04-24 13:50,{},15.6,2258,15.61,15.59,15.59,5.7196,2991.0
2019-04-24 13:55,{},15.61,2258,15.61,15.6,15.6,2.136,1117.0
2019-04-24 14:00,{},15.57,2258,15.61,15.57,15.61,3.8666,2022.0
2019-04-24 14:05,{},15.58,2258,15.58,15.56,15.57,5.3352,2790.0
2019-04-24 14:10,{},15.56,2258,15.58,15.56,15.57,5.1516,2694.0
2019-04-24 14:15,{},15.55,2258,15.58,15.55,15.56,5.8228,3045.0
2019-04-24 14:20,{},15.54,2258,15.56,15.54,15.55,7.9646,4165.0
2019-04-24 14:25,{},15.52,2258,15.55,15.5,15.55,14.558,7613.0
2019-04-24 14:30,{},15.5,2258,15.53,15.48,15.52,6.0332,3155.0
2019-04-24 14:35,{},15.51,2258,15.54,15.5,15.5,4.3772,2289.0
2019-04-24 14:40,{},15.54,2258,15.55,15.5,15.51,5.5245,2889.0
2019-04-24 14:45,{},15.55,2258,15.56,15.53,15.54,4.6563,2435.0
2019-04-24 14:50,{},15.57,2258,15.57,15.54,15.55,7.3412,3839.0
2019-04-24 14:55,{},15.67,2258,15.67,15.56,15.57,6.8115,3562.0
2019-04-24 15:00,{},15.69,2258,15.7,15.67,15.67,4.9910000000000005,2610.0
2019-04-25 09:35,{},15.53,2258,15.69,15.5,15.68,8.5038,4447.0
2019-04-25 09:40,{},15.5,2258,15.54,15.43,15.53,7.7274,4041.0
2019-04-25 09:45,{},15.48,2258,15.51,15.46,15.5,3.6868,1928.0
2019-04-25 09:50,{},15.54,2258,15.54,15.48,15.48,1.6923,885.0
2019-04-25 09:55,{},15.52,2258,15.58,15.49,15.54,3.2183,1683.0
2019-04-25 10:00,{},15.59,2258,15.59,15.52,15.52,2.1092,1103.0
2019-04-25 10:05,{},15.54,2258,15.6,15.53,15.59,2.7766,1452.0
2019-04-25 10:10,{},15.58,2258,15.58,15.54,15.54,1.6885,883.0
2019-04-25 10:15,{},15.56,2258,15.58,15.54,15.58,1.7669,924.0
2019-04-25 10:20,{},15.65,2258,15.65,15.56,15.56,2.0748,1085.0
2019-04-25 10:25,{},15.63,2258,15.66,15.63,15.65,2.6045,1362.0
2019-04-25 10:30,{},15.57,2258,15.63,15.56,15.63,1.9926,1042.0
2019-04-25 10:35,{},15.54,2258,15.59,15.54,15.57,2.1035,1100.0
2019-04-25 10:40,{},15.56,2258,15.59,15.54,15.54,1.0709,560.0
2019-04-25 10:45,{},15.58,2258,15.61,15.56,15.56,1.0785,564.0
2019-04-25 10:50,{},15.6,2258,15.6,15.58,15.58,1.0039,525.0
2019-04-25 10:55,{},15.6,2258,15.61,15.6,15.61,1.6771,877.0
2019-04-25 11:00,{},15.58,2258,15.61,15.58,15.6,1.2869,673.0
2019-04-25 11:05,{},15.55,2258,15.59,15.55,15.58,2.3253,1216.0
2019-04-25 11:10,{},15.52,2258,15.56,15.52,15.55,4.8304,2526.0
2019-04-25 11:15,{},15.48,2258,15.53,15.48,15.52,4.5875,2399.0
2019-04-25 11:20,{},15.45,2258,15.5,15.44,15.48,5.3562,2801.0
2019-04-25 11:25,{},15.42,2258,15.45,15.42,15.45,7.1232,3725.0
2019-04-25 11:30,{},15.33,2258,15.43,15.32,15.42,6.6833,3495.0
2019-04-25 13:05,{},15.26,2258,15.37,15.26,15.33,10.613,5550.0
2019-04-25 13:10,{},15.32,2258,15.37,15.25,15.28,6.1594,3221.0
2019-04-25 13:15,{},15.22,2258,15.32,15.18,15.32,9.8233,5137.0
2019-04-25 13:20,{},15.15,2258,15.22,15.15,15.22,8.9016,4655.0
2019-04-25 13:25,{},15.12,2258,15.15,15.08,15.15,8.8595,4633.0
2019-04-25 13:30,{},15.27,2258,15.28,15.11,15.12,4.7615,2490.0
2019-04-25 13:35,{},15.18,2258,15.27,15.15,15.26,4.01,2097.0
2019-04-25 13:40,{},15.29,2258,15.29,15.14,15.18,6.4386,3367.0
2019-04-25 13:45,{},15.3,2258,15.33,15.23,15.29,5.3352,2790.0
2019-04-25 13:50,{},15.28,2258,15.3,15.27,15.3,1.7535,917.0
2019-04-25 13:55,{},15.28,2258,15.3,15.28,15.28,2.4324,1272.0
2019-04-25 14:00,{},15.23,2258,15.28,15.22,15.28,2.8646,1498.0
2019-04-25 14:05,{},15.27,2258,15.27,15.18,15.21,3.0367,1588.0
2019-04-25 14:10,{},15.18,2258,15.29,15.18,15.27,3.7423,1957.0
2019-04-25 14:15,{},15.18,2258,15.19,15.15,15.18,1.7574,919.0
2019-04-25 14:20,{},15.25,2258,15.26,15.16,15.18,2.2163,1159.0
2019-04-25 14:25,{},15.14,2258,15.25,15.12,15.25,3.9373,2059.0
2019-04-25 14:30,{},15.24,2258,15.24,15.14,15.14,3.2891,1720.0
2019-04-25 14:35,{},15.13,2258,15.24,15.13,15.24,5.9471,3110.0
2019-04-25 14:40,{},15.1,2258,15.13,15.06,15.13,6.3143,3302.0
2019-04-25 14:45,{},15.18,2258,15.2,15.1,15.1,2.8932,1513.0
2019-04-25 14:50,{},15.09,2258,15.18,15.09,15.18,3.6811,1925.0
2019-04-25 14:55,{},15.1,2258,15.12,15.08,15.09,6.341,3316.0
2019-04-25 15:00,{},15.11,2258,15.11,15.1,15.1,3.4994,1830.0
2019-04-26 09:35,{},15.16,2258,15.18,15.02,15.07,4.7462,2482.0
2019-04-26 09:40,{},15.09,2258,15.16,15.08,15.16,4.3313,2265.0
2019-04-26 09:45,{},15.08,2258,15.1,15.03,15.09,3.4574,1808.0
2019-04-26 09:50,{},14.95,2258,15.1,14.95,15.08,6.6929,3500.0
2019-04-26 09:55,{},15.0,2258,15.01,14.91,14.95,4.2376,2216.0
2019-04-26 10:00,{},15.0,2258,15.01,14.99,15.0,2.9774,1557.0
2019-04-26 10:05,{},14.97,2258,15.0,14.97,15.0,2.2067,1154.0
2019-04-26 10:10,{},14.98,2258,14.98,14.91,14.97,3.2853,1718.0
2019-04-26 10:15,{},15.0,2258,15.0,14.96,14.98,1.1512,602.0
2019-04-26 10:20,{},14.96,2258,15.01,14.96,15.0,2.0729,1084.0
2019-04-26 10:25,{},14.98,2258,14.99,14.96,14.96,0.8471,443.0
2019-04-26 10:30,{},14.94,2258,14.99,14.93,14.98,2.354,1231.0
2019-04-26 10:35,{},14.94,2258,14.95,14.93,14.94,1.5298,800.0
2019-04-26 10:40,{},14.89,2258,14.96,14.89,14.94,3.4210000000000003,1789.0
2019-04-26 10:45,{},14.8,2258,14.89,14.8,14.89,5.5398,2897.0
2019-04-26 10:50,{},14.83,2258,14.84,14.75,14.8,4.9049,2565.0
2019-04-26 10:55,{},14.87,2258,14.87,14.82,14.83,0.7324,383.0
2019-04-26 11:00,{},14.86,2258,14.9,14.85,14.87,0.8548,447.0
2019-04-26 11:05,{},14.84,2258,14.87,14.84,14.86,0.9982,522.0
2019-04-26 11:10,{},14.89,2258,14.89,14.82,14.84,2.2182,1160.0
2019-04-26 11:15,{},14.83,2258,14.89,14.83,14.89,0.7381,386.0
2019-04-26 11:20,{},14.84,2258,14.86,14.82,14.83,0.8835,462.0
2019-04-26 11:25,{},14.83,2258,14.84,14.81,14.84,1.6866,882.0
2019-04-26 11:30,{},14.81,2258,14.83,14.8,14.83,1.5489,810.0
2019-04-26 13:05,{},14.8,2258,14.82,14.79,14.81,2.4859,1300.0
2019-04-26 13:10,{},14.83,2258,14.83,14.79,14.8,1.4591,763.0
2019-04-26 13:15,{},14.84,2258,14.85,14.81,14.83,2.2316,1167.0
2019-04-26 13:20,{},14.9,2258,14.9,14.84,14.84,1.264,661.0
2019-04-26 13:25,{},14.95,2258,14.97,14.9,14.9,1.7191,899.0
2019-04-26 13:30,{},14.95,2258,15.0,14.94,14.95,2.4993,1307.0
2019-04-26 13:35,{},14.93,2258,14.97,14.92,14.95,1.2869,673.0
2019-04-26 13:40,{},14.93,2258,14.95,14.91,14.93,1.7937,938.0
2019-04-26 13:45,{},14.95,2258,14.97,14.93,14.93,1.4591,763.0
2019-04-26 13:50,{},14.88,2258,14.96,14.88,14.95,2.3769,1243.0
2019-04-26 13:55,{},14.9,2258,14.93,14.88,14.88,1.3099,685.0
2019-04-26 14:00,{},14.87,2258,14.9,14.86,14.9,0.828,433.0
2019-04-26 14:05,{},14.9,2258,14.9,14.86,14.87,1.5432,807.0
2019-04-26 14:10,{},14.89,2258,14.92,14.89,14.9,1.3692,716.0
2019-04-26 14:15,{},14.87,2258,14.89,14.86,14.89,1.0537,551.0
2019-04-26 14:20,{},14.87,2258,14.88,14.87,14.87,1.0517,550.0
2019-04-26 14:25,{},14.86,2258,14.87,14.85,14.87,0.8663,453.0
2019-04-26 14:30,{},14.89,2258,14.89,14.85,14.86,2.5815,1350.0
2019-04-26 14:35,{},14.96,2258,14.96,14.88,14.89,1.22,638.0
2019-04-26 14:40,{},14.9,2258,14.96,14.9,14.96,1.1397,596.0
2019-04-26 14:45,{},14.88,2258,14.91,14.88,14.9,1.2621,660.0
2019-04-26 14:50,{},14.87,2258,14.9,14.86,14.88,3.2604,1705.0
2019-04-26 14:55,{},14.88,2258,14.9,14.86,14.87,3.3292,1741.0
2019-04-26 15:00,{},14.88,2258,14.9,14.88,14.88,2.0652,1080.0
2019-04-29 09:35,{},14.9,2258,15.06,14.9,14.9,6.7025,3505.0
2019-04-29 09:40,{},14.97,2258,14.98,14.87,14.9,3.5243,1843.0
2019-04-29 09:45,{},14.82,2258,15.0,14.8,14.97,4.7271,2472.0
2019-04-29 09:50,{},14.9,2258,14.92,14.82,14.82,3.0883,1615.0
2019-04-29 09:55,{},14.88,2258,14.95,14.88,14.9,2.9506,1543.0
2019-04-29 10:00,{},14.92,2258,14.93,14.86,14.88,3.1017,1622.0
2019-04-29 10:05,{},14.95,2258,14.95,14.91,14.92,1.1282,590.0
2019-04-29 10:10,{},14.98,2258,15.02,14.94,14.95,3.3407,1747.0
2019-04-29 10:15,{},14.91,2258,14.98,14.9,14.98,2.333,1220.0
2019-04-29 10:20,{},14.95,2258,14.95,14.9,14.91,1.4686,768.0
2019-04-29 10:25,{},14.96,2258,14.96,14.92,14.95,1.2755,667.0
2019-04-29 10:30,{},14.85,2258,14.96,14.85,14.96,2.2966,1201.0
2019-04-29 10:35,{},14.76,2258,14.85,14.76,14.85,3.8647,2021.0
2019-04-29 10:40,{},14.71,2258,14.83,14.69,14.76,3.8016,1988.0
2019-04-29 10:45,{},14.63,2258,14.71,14.59,14.71,4.4364,2320.0
2019-04-29 10:50,{},14.65,2258,14.69,14.62,14.62,2.616,1368.0
2019-04-29 10:55,{},14.7,2258,14.71,14.63,14.65,3.2413,1695.0
2019-04-29 11:00,{},14.71,2258,14.71,14.7,14.7,1.4017,733.0
2019-04-29 11:05,{},14.71,2258,14.71,14.7,14.71,2.1188,1108.0
2019-04-29 11:10,{},14.7,2258,14.72,14.63,14.7,2.375,1242.0
2019-04-29 11:15,{},14.78,2258,14.83,14.7,14.7,2.0672,1081.0
2019-04-29 11:20,{},14.75,2258,14.81,14.75,14.78,1.4399,753.0
2019-04-29 11:25,{},14.71,2258,14.76,14.71,14.75,1.2047,630.0
2019-04-29 11:30,{},14.71,2258,14.73,14.71,14.71,0.4341,227.0
2019-04-29 13:05,{},14.71,2258,14.73,14.7,14.71,1.6006,837.0
2019-04-29 13:10,{},14.66,2258,14.71,14.66,14.71,1.4246,745.0
2019-04-29 13:15,{},14.72,2258,14.73,14.66,14.66,1.1359,594.0
2019-04-29 13:20,{},14.8,2258,14.8,14.7,14.72,0.7687,402.0
2019-04-29 13:25,{},14.78,2258,14.8,14.75,14.8,1.3022,681.0
2019-04-29 13:30,{},14.9,2258,14.91,14.78,14.78,3.4822,1821.0
2019-04-29 13:35,{},14.89,2258,14.91,14.87,14.9,2.5663,1342.0
2019-04-29 13:40,{},14.95,2258,14.98,14.89,14.89,3.3216,1737.0
2019-04-29 13:45,{},14.93,2258,14.96,14.92,14.95,1.4265,746.0
2019-04-29 13:50,{},14.87,2258,14.96,14.87,14.93,1.9448,1017.0
2019-04-29 13:55,{},14.9,2258,14.91,14.87,14.87,1.1913,623.0
2019-04-29 14:00,{},14.87,2258,14.91,14.87,14.9,1.1148,583.0
2019-04-29 14:05,{},14.79,2258,14.87,14.75,14.87,1.6828,880.0
2019-04-29 14:10,{},14.81,2258,14.81,14.78,14.79,0.5756,301.0
2019-04-29 14:15,{},14.73,2258,14.81,14.73,14.81,1.2028,629.0
2019-04-29 14:20,{},14.74,2258,14.76,14.72,14.73,1.0058,526.0
2019-04-29 14:25,{},14.75,2258,14.77,14.72,14.74,1.243,650.0
2019-04-29 14:30,{},14.85,2258,14.88,14.75,14.75,2.8187,1474.0
2019-04-29 14:35,{},14.87,2258,14.92,14.81,14.85,1.8683,977.0
2019-04-29 14:40,{},14.9,2258,14.94,14.86,14.87,3.0864,1614.0
2019-04-29 14:45,{},14.81,2258,14.9,14.8,14.9,2.616,1368.0
2019-04-29 14:50,{},14.86,2258,14.91,14.81,14.81,3.1686,1657.0
2019-04-29 14:55,{},14.9,2258,14.9,14.85,14.86,3.815,1995.0
2019-04-29 15:00,{},14.88,2258,14.9,14.88,14.9,1.8186,951.0
2019-04-30 09:35,{},14.94,2258,14.94,14.85,14.88,4.3332,2266.0
2019-04-30 09:40,{},14.93,2258,15.02,14.91,14.94,3.9871,2085.0
2019-04-30 09:45,{},15.04,2258,15.05,14.93,14.94,6.45,3373.0
2019-04-30 09:50,{},15.05,2258,15.06,15.02,15.05,4.7233,2470.0
2019-04-30 09:55,{},15.04,2258,15.06,15.01,15.05,5.7368,3000.0
2019-04-30 10:00,{},15.09,2258,15.09,15.02,15.04,4.0138,2099.0
2019-04-30 10:05,{},15.1,2258,15.15,15.08,15.09,6.2856,3287.0
2019-04-30 10:10,{},15.25,2258,15.26,15.1,15.1,5.6871,2974.0
2019-04-30 10:15,{},15.22,2258,15.25,15.16,15.25,6.3257,3308.0
2019-04-30 10:20,{},15.35,2258,15.35,15.22,15.22,7.7446,4050.0
2019-04-30 10:25,{},15.3,2258,15.4,15.3,15.35,8.152000000000001,4263.0
2019-04-30 10:30,{},15.31,2258,15.37,15.27,15.3,4.2509,2223.0
2019-04-30 10:35,{},15.32,2258,15.33,15.28,15.31,2.4993,1307.0
2019-04-30 10:40,{},15.24,2258,15.32,15.24,15.32,1.7918,937.0
2019-04-30 10:45,{},15.31,2258,15.31,15.22,15.24,2.1264,1112.0
2019-04-30 10:50,{},15.33,2258,15.35,15.25,15.31,2.1532,1126.0
2019-04-30 10:55,{},15.35,2258,15.35,15.28,15.33,1.352,707.0
2019-04-30 11:00,{},15.25,2258,15.35,15.23,15.35,1.5814,827.0
2019-04-30 11:05,{},15.27,2258,15.3,15.24,15.25,1.0384,543.0
2019-04-30 11:10,{},15.23,2258,15.3,15.23,15.3,0.9447,494.0
2019-04-30 11:15,{},15.22,2258,15.28,15.22,15.23,1.6082,841.0
2019-04-30 11:20,{},15.3,2258,15.3,15.22,15.22,1.2564,657.0
2019-04-30 11:25,{},15.32,2258,15.32,15.29,15.3,2.9449,1540.0
2019-04-30 11:30,{},15.31,2258,15.32,15.3,15.32,1.3118,686.0
2019-04-30 13:05,{},15.32,2258,15.34,15.28,15.31,4.3332,2266.0
2019-04-30 13:10,{},15.34,2258,15.35,15.28,15.32,3.377,1766.0
2019-04-30 13:15,{},15.35,2258,15.35,15.3,15.34,2.9258,1530.0
2019-04-30 13:20,{},15.38,2258,15.39,15.33,15.35,3.9756,2079.0
2019-04-30 13:25,{},15.45,2258,15.45,15.32,15.38,4.119,2154.0
2019-04-30 13:30,{},15.37,2258,15.45,15.35,15.45,4.2223,2208.0
2019-04-30 13:35,{},15.44,2258,15.45,15.37,15.37,2.6198,1370.0
2019-04-30 13:40,{},15.42,2258,15.44,15.39,15.44,2.0098,1051.0
2019-04-30 13:45,{},15.41,2258,15.43,15.4,15.42,1.4495,758.0
2019-04-30 13:50,{},15.37,2258,15.41,15.37,15.41,3.2317,1690.0
2019-04-30 13:55,{},15.35,2258,15.39,15.35,15.37,2.7689,1448.0
2019-04-30 14:00,{},15.35,2258,15.38,15.34,15.35,2.4573,1285.0
2019-04-30 14:05,{},15.34,2258,15.37,15.32,15.35,2.9468,1541.0
2019-04-30 14:10,{},15.28,2258,15.34,15.25,15.34,3.5759,1870.0
2019-04-30 14:15,{},15.38,2258,15.38,15.27,15.28,2.4037,1257.0
2019-04-30 14:20,{},15.42,2258,15.42,15.37,15.38,6.3105,3300.0
2019-04-30 14:25,{},15.39,2258,15.42,15.35,15.42,1.7727,927.0
2019-04-30 14:30,{},15.4,2258,15.4,15.37,15.39,1.1856,620.0
2019-04-30 14:35,{},15.4,2258,15.42,15.39,15.4,2.2067,1154.0
2019-04-30 14:40,{},15.39,2258,15.41,15.38,15.4,1.1856,620.0
2019-04-30 14:45,{},15.38,2258,15.4,15.37,15.39,1.7057,892.0
2019-04-30 14:50,{},15.42,2258,15.42,15.36,15.38,2.9487,1542.0
2019-04-30 14:55,{},15.45,2258,15.45,15.41,15.43,6.3372,3314.0
2019-04-30 15:00,{},15.48,2258,15.48,15.45,15.45,4.7998,2510.0
2019-05-06 09:35,{},15.18,2258,15.23,14.84,14.92,12.6228,6601.0
2019-05-06 09:40,{},14.99,2258,15.19,14.97,15.18,5.7808,3023.0
2019-05-06 09:45,{},15.02,2258,15.02,14.93,14.98,6.8382,3576.0
2019-05-06 09:50,{},15.05,2258,15.06,15.0,15.02,5.3734,2810.0
2019-05-06 09:55,{},15.15,2258,15.18,15.05,15.05,3.924,2052.0
2019-05-06 10:00,{},15.21,2258,15.27,15.14,15.15,4.8323,2527.0
2019-05-06 10:05,{},15.17,2258,15.23,15.17,15.21,3.7844,1979.0
2019-05-06 10:10,{},15.19,2258,15.23,15.16,15.17,1.983,1037.0
2019-05-06 10:15,{},15.2,2258,15.25,15.17,15.19,5.4270000000000005,2838.0
2019-05-06 10:20,{},15.15,2258,15.22,15.15,15.2,5.2836,2763.0
2019-05-06 10:25,{},15.14,2258,15.19,15.13,15.15,2.8493,1490.0
2019-05-06 10:30,{},15.0,2258,15.14,14.98,15.14,7.6892,4021.0
2019-05-06 10:35,{},15.06,2258,15.1,14.98,15.0,3.1839,1665.0
2019-05-06 10:40,{},15.05,2258,15.1,15.02,15.05,1.2066,631.0
2019-05-06 10:45,{},15.01,2258,15.09,15.0,15.04,4.1324,2161.0
2019-05-06 10:50,{},15.01,2258,15.02,15.0,15.01,2.5318,1324.0
2019-05-06 10:55,{},14.91,2258,15.04,14.9,15.01,5.4155,2832.0
2019-05-06 11:00,{},15.0,2258,15.0,14.87,14.91,5.404,2826.0
2019-05-06 11:05,{},15.06,2258,15.09,14.97,15.0,1.1971,626.0
2019-05-06 11:10,{},14.99,2258,15.08,14.97,15.06,1.7631,922.0
2019-05-06 11:15,{},15.02,2258,15.04,14.97,14.99,0.96,502.0
2019-05-06 11:20,{},15.0,2258,15.03,14.98,15.02,1.5126,791.0
2019-05-06 11:25,{},15.0,2258,15.02,15.0,15.0,1.4858,777.0
2019-05-06 11:30,{},14.96,2258,15.0,14.93,15.0,1.3061,683.0
2019-05-06 13:05,{},14.89,2258,14.96,14.88,14.96,1.8797,983.0
2019-05-06 13:10,{},14.9,2258,14.91,14.89,14.89,1.2965,678.0
2019-05-06 13:15,{},14.88,2258,14.9,14.88,14.9,1.2028,629.0
2019-05-06 13:20,{},14.85,2258,14.89,14.84,14.89,3.8207,1998.0
2019-05-06 13:25,{},14.7,2258,14.85,14.68,14.85,7.5228,3934.0
2019-05-06 13:30,{},14.85,2258,14.87,14.68,14.7,2.3961,1253.0
2019-05-06 13:35,{},14.85,2258,14.87,14.81,14.85,1.1875,621.0
2019-05-06 13:40,{},14.82,2258,14.86,14.81,14.85,1.4285,747.0
2019-05-06 13:45,{},14.76,2258,14.81,14.76,14.81,2.0997,1098.0
2019-05-06 13:50,{},14.78,2258,14.82,14.75,14.76,2.1666,1133.0
2019-05-06 13:55,{},14.7,2258,14.82,14.63,14.78,4.6219,2417.0
2019-05-06 14:00,{},14.68,2258,14.76,14.68,14.7,2.1551,1127.0
2019-05-06 14:05,{},14.67,2258,14.76,14.61,14.68,2.7001,1412.0
2019-05-06 14:10,{},14.63,2258,14.71,14.63,14.67,2.1647,1132.0
2019-05-06 14:15,{},14.75,2258,14.75,14.61,14.64,3.4727,1816.0
2019-05-06 14:20,{},14.82,2258,14.84,14.75,14.75,2.8416,1486.0
2019-05-06 14:25,{},14.81,2258,14.82,14.74,14.82,2.2699,1187.0
2019-05-06 14:30,{},14.8,2258,14.81,14.77,14.81,0.7324,383.0
2019-05-06 14:35,{},14.8,2258,14.81,14.76,14.8,1.679,878.0
2019-05-06 14:40,{},14.83,2258,14.83,14.8,14.8,1.8377,961.0
2019-05-06 14:45,{},14.86,2258,14.86,14.81,14.83,2.7498,1438.0
2019-05-06 14:50,{},14.88,2258,14.9,14.86,14.86,2.5337,1325.0
2019-05-06 14:55,{},14.88,2258,14.9,14.87,14.88,3.247,1698.0
2019-05-06 15:00,{},14.86,2258,14.88,14.86,14.88,0.8089,423.0
2019-05-07 09:35,{},15.0,2258,15.06,14.92,14.92,8.4637,4426.0
2019-05-07 09:40,{},14.87,2258,15.0,14.83,15.0,4.1018,2145.0
2019-05-07 09:45,{},14.95,2258,14.95,14.87,14.87,3.0826,1612.0
2019-05-07 09:50,{},15.04,2258,15.08,14.93,14.93,8.7275,4564.0
2019-05-07 09:55,{},15.05,2258,15.07,15.04,15.04,2.5586,1338.0
2019-05-07 10:00,{},15.09,2258,15.16,15.04,15.05,5.515,2884.0
2019-05-07 10:05,{},15.15,2258,15.16,15.08,15.09,2.3922,1251.0
2019-05-07 10:10,{},15.18,2258,15.19,15.12,15.15,3.7939,1984.0
2019-05-07 10:15,{},15.17,2258,15.19,15.16,15.18,2.7231,1424.0
2019-05-07 10:20,{},15.17,2258,15.18,15.13,15.17,3.0883,1615.0
2019-05-07 10:25,{},15.15,2258,15.17,15.14,15.17,2.201,1151.0
2019-05-07 10:30,{},15.14,2258,15.16,15.14,15.15,1.5069,788.0
2019-05-07 10:35,{},15.08,2258,15.14,15.07,15.14,2.0901,1093.0
2019-05-07 10:40,{},15.04,2258,15.08,15.01,15.08,1.0881,569.0
2019-05-07 10:45,{},15.01,2258,15.04,14.97,15.04,3.9393,2060.0
2019-05-07 10:50,{},15.0,2258,15.02,14.99,15.01,1.3156,688.0
2019-05-07 10:55,{},14.96,2258,15.01,14.96,15.0,1.0479,548.0
2019-05-07 11:00,{},15.0,2258,15.0,14.9,14.96,1.7727,927.0
2019-05-07 11:05,{},14.99,2258,15.0,14.97,15.0,0.5603,293.0
2019-05-07 11:10,{},15.01,2258,15.01,14.98,14.99,1.0039,525.0
2019-05-07 11:15,{},15.02,2258,15.07,15.01,15.01,0.3461,181.0
2019-05-07 11:20,{},14.99,2258,15.02,14.98,15.02,1.0613,555.0
2019-05-07 11:25,{},14.99,2258,14.99,14.97,14.99,0.3997,209.0
2019-05-07 11:30,{},15.01,2258,15.02,14.99,14.99,0.4915,257.0
2019-05-07 13:05,{},14.95,2258,15.02,14.95,15.01,1.0517,550.0
2019-05-07 13:10,{},14.95,2258,14.98,14.9,14.95,1.0154,531.0
2019-05-07 13:15,{},14.88,2258,14.95,14.88,14.95,2.1188,1108.0
2019-05-07 13:20,{},14.89,2258,14.9,14.87,14.88,1.6618,869.0
2019-05-07 13:25,{},14.88,2258,14.89,14.8,14.89,3.2566,1703.0
2019-05-07 13:30,{},14.86,2258,14.91,14.85,14.86,0.8452,442.0
2019-05-07 13:35,{},14.88,2258,14.91,14.84,14.86,1.4533,760.0
2019-05-07 13:40,{},14.86,2258,14.88,14.84,14.88,1.1416,597.0
2019-05-07 13:45,{},14.9,2258,14.91,14.85,14.86,2.7498,1438.0
2019-05-07 13:50,{},14.94,2258,15.0,14.9,14.9,5.1478,2692.0
2019-05-07 13:55,{},14.88,2258,14.94,14.87,14.94,0.4972,260.0
2019-05-07 14:00,{},14.86,2258,14.89,14.84,14.88,2.0691,1082.0
2019-05-07 14:05,{},14.89,2258,14.89,14.86,14.86,0.327,171.0
2019-05-07 14:10,{},14.88,2258,14.9,14.88,14.89,1.1091,580.0
2019-05-07 14:15,{},14.86,2258,14.89,14.86,14.88,0.7611,398.0
2019-05-07 14:20,{},14.85,2258,14.87,14.84,14.86,1.0154,531.0
2019-05-07 14:25,{},14.9,2258,14.99,14.85,14.85,4.1725,2182.0
2019-05-07 14:30,{},14.97,2258,14.98,14.89,14.9,1.9677,1029.0
2019-05-07 14:35,{},15.05,2258,15.1,14.97,14.97,2.9812,1559.0
2019-05-07 14:40,{},15.05,2258,15.08,15.03,15.05,1.2009,628.0
2019-05-07 14:45,{},15.07,2258,15.08,15.03,15.05,3.4555,1807.0
2019-05-07 14:50,{},15.08,2258,15.08,15.03,15.07,3.0367,1588.0
2019-05-07 14:55,{},15.08,2258,15.09,15.06,15.08,3.1705,1658.0
2019-05-07 15:00,{},15.11,2258,15.11,15.08,15.08,2.9238,1529.0
2019-05-08 09:35,{},14.87,2258,14.89,14.7,14.8,5.6545,2957.0
2019-05-08 09:40,{},14.94,2258,14.94,14.86,14.87,2.5223,1319.0
2019-05-08 09:45,{},14.97,2258,14.97,14.93,14.94,1.7096,894.0
2019-05-08 09:50,{},14.95,2258,14.98,14.89,14.97,2.2641,1184.0
2019-05-08 09:55,{},14.99,2258,14.99,14.89,14.95,2.0844,1090.0
2019-05-08 10:00,{},15.04,2258,15.06,14.98,14.99,1.8778,982.0
2019-05-08 10:05,{},15.07,2258,15.1,15.0,15.04,1.962,1026.0
2019-05-08 10:10,{},15.04,2258,15.08,14.99,15.07,2.5701,1344.0
2019-05-08 10:15,{},15.03,2258,15.05,15.0,15.04,1.0575,553.0
2019-05-08 10:20,{},15.06,2258,15.07,15.01,15.03,1.6292,852.0
2019-05-08 10:25,{},15.13,2258,15.15,15.05,15.06,2.8187,1474.0
2019-05-08 10:30,{},15.13,2258,15.16,15.12,15.13,1.5279,799.0
2019-05-08 10:35,{},15.11,2258,15.14,15.06,15.13,2.5854,1352.0
2019-05-08 10:40,{},15.12,2258,15.16,15.08,15.11,1.9639,1027.0
2019-05-08 10:45,{},15.14,2258,15.16,15.12,15.12,1.0154,531.0
2019-05-08 10:50,{},15.15,2258,15.16,15.12,15.14,1.1397,596.0
2019-05-08 10:55,{},15.07,2258,15.15,15.07,15.15,1.7803,931.0
2019-05-08 11:00,{},15.07,2258,15.08,15.03,15.07,1.8128,948.0
2019-05-08 11:05,{},15.06,2258,15.07,15.06,15.07,0.4436,232.0
2019-05-08 11:10,{},15.08,2258,15.1,15.06,15.06,0.9427,493.0
2019-05-08 11:15,{},15.07,2258,15.08,15.05,15.08,0.5985,313.0
2019-05-08 11:20,{},15.1,2258,15.1,15.06,15.07,1.5183,794.0
2019-05-08 11:25,{},15.12,2258,15.12,15.1,15.1,0.7802,408.0
2019-05-08 11:30,{},15.11,2258,15.12,15.1,15.12,0.6062,317.0
2019-05-08 13:05,{},15.06,2258,15.11,15.06,15.11,1.0001,523.0
2019-05-08 13:10,{},15.03,2258,15.06,15.02,15.06,0.7075,370.0
2019-05-08 13:15,{},15.02,2258,15.03,15.0,15.03,1.939,1014.0
2019-05-08 13:20,{},15.02,2258,15.02,15.0,15.02,1.6522,864.0
2019-05-08 13:25,{},15.03,2258,15.05,15.01,15.02,0.5316,278.0
2019-05-08 13:30,{},15.03,2258,15.04,15.01,15.03,1.6159,845.0
2019-05-08 13:35,{},15.0,2258,15.03,14.99,15.03,1.8721,979.0
2019-05-08 13:40,{},14.94,2258,15.0,14.94,15.0,1.7765,929.0
2019-05-08 13:45,{},14.98,2258,15.0,14.94,14.94,1.3481,705.0
2019-05-08 13:50,{},15.0,2258,15.0,14.96,14.97,0.5067,265.0
2019-05-08 13:55,{},14.99,2258,15.02,14.98,15.0,1.3386,700.0
2019-05-08 14:00,{},15.01,2258,15.01,14.98,14.99,1.2965,678.0
2019-05-08 14:05,{},14.99,2258,15.02,14.97,15.01,0.4972,260.0
2019-05-08 14:10,{},15.03,2258,15.03,14.99,14.99,0.3997,209.0
2019-05-08 14:15,{},15.0,2258,15.03,14.96,15.03,2.1781,1139.0
2019-05-08 14:20,{},15.0,2258,15.01,14.96,15.0,0.7649,400.0
2019-05-08 14:25,{},14.97,2258,15.04,14.96,15.0,2.8397,1485.0
2019-05-08 14:30,{},14.96,2258,14.97,14.96,14.97,0.8892,465.0
2019-05-08 14:35,{},14.95,2258,14.97,14.93,14.96,2.5242,1320.0
2019-05-08 14:40,{},14.9,2258,15.0,14.9,14.95,3.0099,1574.0
2019-05-08 14:45,{},14.95,2258,14.95,14.9,14.9,0.7247,379.0
2019-05-08 14:50,{},14.95,2258,14.96,14.94,14.95,0.8911,466.0
2019-05-08 14:55,{},14.91,2258,14.96,14.91,14.95,2.549,1333.0
2019-05-08 15:00,{},14.92,2258,14.92,14.9,14.91,2.7689,1448.0
2019-05-09 09:35,{},14.88,2258,14.88,14.71,14.72,4.2031,2198.0
2019-05-09 09:40,{},14.82,2258,14.88,14.8,14.88,3.2547,1702.0
2019-05-09 09:45,{},14.77,2258,14.83,14.75,14.82,2.9525,1544.0
2019-05-09 09:50,{},14.71,2258,14.77,14.71,14.77,4.8686,2546.0
2019-05-09 09:55,{},14.74,2258,14.74,14.7,14.71,3.6218,1894.0
2019-05-09 10:00,{},14.74,2258,14.77,14.71,14.74,0.851,445.0
2019-05-09 10:05,{},14.76,2258,14.78,14.74,14.74,0.9542,499.0
2019-05-09 10:10,{},14.75,2258,14.77,14.73,14.76,1.5145,792.0
2019-05-09 10:15,{},14.8,2258,14.83,14.75,14.75,0.9791,512.0
2019-05-09 10:20,{},14.78,2258,14.83,14.78,14.8,0.4513,236.0
2019-05-09 10:25,{},14.75,2258,14.8,14.74,14.78,1.4265,746.0
2019-05-09 10:30,{},14.77,2258,14.77,14.73,14.75,0.8165,427.0
2019-05-09 10:35,{},14.74,2258,14.77,14.73,14.77,0.5737,300.0
2019-05-09 10:40,{},14.73,2258,14.76,14.73,14.74,1.002,524.0
2019-05-09 10:45,{},14.72,2258,14.73,14.71,14.73,2.6141,1367.0
2019-05-09 10:50,{},14.74,2258,14.74,14.71,14.72,1.482,775.0
2019-05-09 10:55,{},14.79,2258,14.82,14.74,14.74,0.7993,418.0
2019-05-09 11:00,{},14.75,2258,14.79,14.74,14.79,0.3805,199.0
2019-05-09 11:05,{},14.75,2258,14.77,14.74,14.75,0.1568,82.0
2019-05-09 11:10,{},14.76,2258,14.76,14.74,14.75,0.3786,198.0
2019-05-09 11:15,{},14.74,2258,14.78,14.74,14.75,0.6368,333.0
2019-05-09 11:20,{},14.74,2258,14.78,14.74,14.74,0.6157,322.0
2019-05-09 11:25,{},14.76,2258,14.76,14.74,14.74,0.2352,123.0
2019-05-09 11:30,{},14.75,2258,14.77,14.75,14.76,0.1912,100.0
2019-05-09 13:05,{},14.73,2258,14.76,14.73,14.75,0.5526,289.0
2019-05-09 13:10,{},14.72,2258,14.76,14.71,14.73,1.2659,662.0
2019-05-09 13:15,{},14.77,2258,14.79,14.71,14.72,1.4571,762.0
2019-05-09 13:20,{},14.79,2258,14.85,14.75,14.77,2.6733,1398.0
2019-05-09 13:25,{},14.8,2258,14.84,14.75,14.79,1.6713,874.0
2019-05-09 13:30,{},14.79,2258,14.8,14.76,14.8,0.3021,158.0
2019-05-09 13:35,{},14.78,2258,14.8,14.77,14.79,0.6444,337.0
2019-05-09 13:40,{},14.8,2258,14.81,14.77,14.78,0.2601,136.0
2019-05-09 13:45,{},14.74,2258,14.81,14.74,14.8,2.2622,1183.0
2019-05-09 13:50,{},14.78,2258,14.79,14.71,14.74,2.354,1231.0
2019-05-09 13:55,{},14.76,2258,14.78,14.72,14.78,0.4341,227.0
2019-05-09 14:00,{},14.78,2258,14.78,14.75,14.76,0.6444,337.0
2019-05-09 14:05,{},14.73,2258,14.78,14.73,14.78,0.9829,514.0
2019-05-09 14:10,{},14.72,2258,14.75,14.71,14.73,1.2774,668.0
2019-05-09 14:15,{},14.73,2258,14.74,14.71,14.72,0.6387,334.0
2019-05-09 14:20,{},14.72,2258,14.74,14.71,14.73,0.7783,407.0
2019-05-09 14:25,{},14.72,2258,14.73,14.71,14.72,0.5871,307.0
2019-05-09 14:30,{},14.69,2258,14.72,14.66,14.72,6.561,3431.0
2019-05-09 14:35,{},14.67,2258,14.72,14.66,14.69,1.1512,602.0
2019-05-09 14:40,{},14.63,2258,14.67,14.6,14.67,3.9756,2079.0
2019-05-09 14:45,{},14.61,2258,14.65,14.6,14.63,2.5567,1337.0
2019-05-09 14:50,{},14.52,2258,14.61,14.51,14.61,7.7217,4038.0
2019-05-09 14:55,{},14.46,2258,14.54,14.46,14.52,7.7676,4062.0
2019-05-09 15:00,{},14.48,2258,14.49,14.47,14.47,3.6887,1929.0
2019-05-10 09:35,{},14.75,2258,14.79,14.59,14.59,7.9626,4164.0
2019-05-10 09:40,{},14.74,2258,14.75,14.61,14.75,3.966,2074.0
2019-05-10 09:45,{},14.76,2258,14.77,14.72,14.74,5.3409,2793.0
2019-05-10 09:50,{},14.79,2258,14.81,14.74,14.76,7.1786,3754.0
2019-05-10 09:55,{},14.86,2258,14.95,14.79,14.79,10.7928,5644.0
2019-05-10 10:00,{},14.84,2258,14.9,14.83,14.86,3.2833,1717.0
2019-05-10 10:05,{},14.86,2258,14.87,14.83,14.84,1.8587,972.0
2019-05-10 10:10,{},14.83,2258,14.87,14.83,14.86,1.6025,838.0
2019-05-10 10:15,{},14.76,2258,14.84,14.76,14.83,2.0538,1074.0
2019-05-10 10:20,{},14.76,2258,14.77,14.75,14.76,0.937,490.0
2019-05-10 10:25,{},14.74,2258,14.76,14.72,14.76,1.2544,656.0
2019-05-10 10:30,{},14.75,2258,14.76,14.73,14.74,0.7917,414.0
2019-05-10 10:35,{},14.72,2258,14.75,14.7,14.75,1.9352,1012.0
2019-05-10 10:40,{},14.66,2258,14.71,14.66,14.71,1.5241,797.0
2019-05-10 10:45,{},14.66,2258,14.72,14.66,14.66,0.8701,455.0
2019-05-10 10:50,{},14.65,2258,14.68,14.65,14.66,1.3634,713.0
2019-05-10 10:55,{},14.66,2258,14.68,14.65,14.65,0.958,501.0
2019-05-10 11:00,{},14.64,2258,14.66,14.64,14.66,0.6789,355.0
2019-05-10 11:05,{},14.61,2258,14.65,14.61,14.64,2.66,1391.0
2019-05-10 11:10,{},14.63,2258,14.63,14.6,14.61,0.8471,443.0
2019-05-10 11:15,{},14.65,2258,14.65,14.62,14.63,0.6463,338.0
2019-05-10 11:20,{},14.64,2258,14.66,14.63,14.65,1.2984,679.0
2019-05-10 11:25,{},14.65,2258,14.66,14.64,14.64,0.5565,291.0
2019-05-10 11:30,{},14.7,2258,14.7,14.65,14.65,0.6368,333.0
2019-05-10 13:05,{},14.23,2258,14.7,14.22,14.7,10.8444,5671.0
2019-05-10 13:10,{},14.45,2258,14.55,14.23,14.23,5.3467,2796.0
2019-05-10 13:15,{},14.61,2258,14.63,14.45,14.45,2.2775,1191.0
2019-05-10 13:20,{},14.61,2258,14.62,14.55,14.61,0.8777,459.0
2019-05-10 13:25,{},14.62,2258,14.69,14.61,14.61,4.163,2177.0
2019-05-10 13:30,{},14.58,2258,14.62,14.5,14.62,0.9657,505.0
2019-05-10 13:35,{},14.57,2258,14.59,14.52,14.58,1.3692,716.0
2019-05-10 13:40,{},14.62,2258,14.62,14.51,14.57,2.0576,1076.0
2019-05-10 13:45,{},14.7,2258,14.7,14.62,14.62,1.5202,795.0
2019-05-10 13:50,{},14.62,2258,14.71,14.62,14.69,1.2085,632.0
2019-05-10 13:55,{},14.66,2258,14.66,14.62,14.62,0.392,205.0
2019-05-10 14:00,{},14.72,2258,14.75,14.65,14.67,2.2679,1186.0
2019-05-10 14:05,{},14.7,2258,14.77,14.68,14.72,1.7229,901.0
2019-05-10 14:10,{},14.75,2258,14.75,14.69,14.7,0.4226,221.0
2019-05-10 14:15,{},14.75,2258,14.78,14.73,14.75,1.9907,1041.0
2019-05-10 14:20,{},14.79,2258,14.8,14.75,14.75,1.5547,813.0
2019-05-10 14:25,{},14.82,2258,14.85,14.76,14.79,3.4593,1809.0
2019-05-10 14:30,{},14.78,2258,14.84,14.78,14.82,1.3768,720.0
2019-05-10 14:35,{},14.76,2258,14.78,14.73,14.78,1.2449,651.0
2019-05-10 14:40,{},14.76,2258,14.78,14.76,14.76,0.5871,307.0
2019-05-10 14:45,{},14.74,2258,14.77,14.74,14.76,1.9256,1007.0
2019-05-10 14:50,{},14.72,2258,14.76,14.7,14.74,3.2948,1723.0
2019-05-10 14:55,{},14.75,2258,14.77,14.71,14.72,5.8592,3064.0
2019-05-10 15:00,{},14.73,2258,14.75,14.73,14.75,4.4479,2326.0
2019-05-13 09:35,{},14.57,2258,14.66,14.5,14.53,7.2934,3814.0
2019-05-13 09:40,{},14.54,2258,14.62,14.54,14.57,2.3234,1215.0
2019-05-13 09:45,{},14.53,2258,14.58,14.53,14.54,2.4305,1271.0
2019-05-13 09:50,{},14.58,2258,14.64,14.51,14.54,3.771,1972.0
2019-05-13 09:50,{},14.58,2258,14.64,14.51,14.54,3.7710000000000004,1972.0
2019-05-13 09:55,{},14.61,2258,14.62,14.56,14.58,0.8031,420.0
2019-05-13 10:00,{},14.61,2258,14.62,14.58,14.61,1.1512,602.0
2019-05-13 10:05,{},14.59,2258,14.62,14.57,14.61,2.1016,1099.0
2019-05-13 10:10,{},14.53,2258,14.59,14.52,14.59,2.9716,1554.0
2019-05-13 10:15,{},14.55,2258,14.59,14.53,14.53,0.5756,301.0
2019-05-13 10:20,{},14.52,2258,14.57,14.52,14.55,1.8893,988.0
2019-05-13 10:25,{},14.52,2258,14.55,14.52,14.52,0.893,467.0
2019-05-13 10:30,{},14.56,2258,14.57,14.53,14.57,0.9829,514.0
2019-05-13 10:35,{},14.53,2258,14.56,14.52,14.56,0.5794,303.0
2019-05-13 10:40,{},14.54,2258,14.57,14.52,14.53,0.9619,503.0
2019-05-13 10:45,{},14.51,2258,14.56,14.51,14.54,1.5833,828.0
2019-05-13 10:50,{},14.53,2258,14.57,14.51,14.51,1.0766,563.0
2019-05-13 10:55,{},14.54,2258,14.57,14.52,14.53,0.5813,304.0
2019-05-13 11:00,{},14.54,2258,14.57,14.54,14.54,0.6655,348.0
2019-05-13 11:05,{},14.53,2258,14.56,14.53,14.54,0.5048,264.0
2019-05-13 11:10,{},14.52,2258,14.55,14.52,14.53,0.4934,258.0
2019-05-13 11:15,{},14.48,2258,14.52,14.46,14.52,4.0272,2106.0
2019-05-13 11:20,{},14.51,2258,14.52,14.48,14.48,1.1072,579.0
2019-05-13 11:25,{},14.49,2258,14.52,14.49,14.51,0.5526,289.0
2019-05-13 11:30,{},14.49,2258,14.5,14.48,14.49,0.9179,480.0
2019-05-13 13:05,{},14.48,2258,14.5,14.48,14.49,0.7649,400.0
2019-05-13 13:10,{},14.48,2258,14.5,14.47,14.48,0.8051,421.0
2019-05-13 13:15,{},14.46,2258,14.49,14.46,14.48,1.1607,607.0
2019-05-13 13:20,{},14.49,2258,14.5,14.46,14.46,0.6827,357.0
2019-05-13 13:25,{},14.48,2258,14.49,14.48,14.49,0.6808,356.0
2019-05-13 13:30,{},14.48,2258,14.49,14.47,14.48,0.8968,469.0
2019-05-13 13:35,{},14.48,2258,14.49,14.45,14.48,1.5929,833.0
2019-05-13 13:40,{},14.47,2258,14.48,14.45,14.48,0.828,433.0
2019-05-13 13:45,{},14.5,2258,14.52,14.46,14.47,1.3424,702.0
2019-05-13 13:50,{},14.52,2258,14.52,14.48,14.5,0.4666,244.0
2019-05-13 13:55,{},14.46,2258,14.52,14.46,14.52,0.9159999999999999,479.0
2019-05-13 13:55,{},14.46,2258,14.52,14.46,14.52,0.916,479.0
2019-05-13 14:00,{},14.46,2258,14.49,14.46,14.46,1.2869,673.0
2019-05-13 14:05,{},14.45,2258,14.48,14.45,14.46,0.9523,498.0
2019-05-13 14:10,{},14.42,2258,14.47,14.42,14.45,2.1704,1135.0
2019-05-13 14:15,{},14.42,2258,14.45,14.42,14.42,0.6502,340.0
2019-05-13 14:20,{},14.4,2258,14.44,14.4,14.42,2.9984,1568.0
2019-05-13 14:25,{},14.42,2258,14.43,14.38,14.4,1.2544,656.0
2019-05-13 14:30,{},14.4,2258,14.43,14.4,14.42,0.5852,306.0
2019-05-13 14:35,{},14.4,2258,14.41,14.39,14.4,1.939,1014.0
2019-05-13 14:40,{},14.41,2258,14.42,14.39,14.4,1.3711,717.0
2019-05-13 14:45,{},14.39,2258,14.42,14.39,14.41,2.3138,1210.0
2019-05-13 14:50,{},14.44,2258,14.44,14.39,14.39,1.1665,610.0
2019-05-13 14:55,{},14.43,2258,14.47,14.42,14.44,1.9256,1007.0
2019-05-13 15:00,{},14.4,2258,14.44,14.4,14.43,2.4745,1294.0
2019-05-14 09:35,{},14.42,2258,14.48,14.18,14.19,9.4466,4940.0
2019-05-14 09:40,{},14.38,2258,14.42,14.35,14.42,1.8683,977.0
2019-05-14 09:45,{},14.26,2258,14.41,14.26,14.38,2.528,1322.0
2019-05-14 09:50,{},14.34,2258,14.37,14.25,14.26,2.6542,1388.0
2019-05-14 09:55,{},14.62,2258,14.62,14.34,14.34,4.9317,2579.0
2019-05-14 10:00,{},14.64,2258,14.66,14.53,14.62,9.9055,5180.0
2019-05-14 10:05,{},14.65,2258,14.68,14.62,14.64,4.0559,2121.0
2019-05-14 10:10,{},14.61,2258,14.66,14.61,14.65,4.1993,2196.0
2019-05-14 10:15,{},14.59,2258,14.64,14.58,14.61,1.7612,921.0
2019-05-14 10:20,{},14.62,2258,14.63,14.58,14.59,0.958,501.0
2019-05-14 10:25,{},14.72,2258,14.72,14.62,14.62,4.5626,2386.0
2019-05-14 10:30,{},15.0,2258,15.0,14.7,14.72,12.5674,6572.0
2019-05-14 10:35,{},14.96,2258,15.03,14.92,15.0,6.1766,3230.0
2019-05-14 10:40,{},14.88,2258,14.96,14.87,14.96,4.5053,2356.0
2019-05-14 10:45,{},14.86,2258,14.9,14.85,14.88,2.2201,1161.0
2019-05-14 10:50,{},14.89,2258,14.9,14.85,14.86,2.4955,1305.0
2019-05-14 10:55,{},14.85,2258,14.91,14.84,14.89,2.9181,1526.0
2019-05-14 11:00,{},14.84,2258,14.88,14.83,14.85,1.4017,733.0
2019-05-14 11:05,{},14.75,2258,14.84,14.75,14.84,4.1381,2164.0
2019-05-14 11:10,{},14.84,2258,14.85,14.75,14.75,0.8682,454.0
2019-05-14 11:15,{},14.8,2258,14.86,14.77,14.84,1.0862,568.0
2019-05-14 11:20,{},14.81,2258,14.84,14.79,14.8,0.9791,512.0
2019-05-14 11:25,{},14.79,2258,14.84,14.79,14.81,0.7171,375.0
2019-05-14 11:30,{},14.77,2258,14.8,14.77,14.79,0.5144,269.0
2019-05-14 13:05,{},14.77,2258,14.79,14.74,14.77,2.0117,1052.0
2019-05-14 13:10,{},14.76,2258,14.77,14.75,14.77,1.0594,554.0
2019-05-14 13:15,{},14.78,2258,14.79,14.76,14.76,0.9466,495.0
2019-05-14 13:20,{},14.85,2258,14.85,14.78,14.78,1.2583,658.0
2019-05-14 13:25,{},14.83,2258,14.85,14.83,14.85,1.2009,628.0
2019-05-14 13:30,{},14.8,2258,14.83,14.8,14.83,0.6463,338.0
2019-05-14 13:35,{},14.78,2258,14.8,14.77,14.8,1.0976,574.0
2019-05-14 13:40,{},14.8,2258,14.81,14.78,14.78,0.7114,372.0
2019-05-14 13:45,{},14.79,2258,14.82,14.79,14.81,0.9485,496.0
2019-05-14 13:50,{},14.76,2258,14.8,14.76,14.79,0.8873,464.0
2019-05-14 13:55,{},14.78,2258,14.79,14.76,14.77,0.6177,323.0
2019-05-14 14:00,{},14.81,2258,14.81,14.76,14.78,1.1627,608.0
2019-05-14 14:05,{},14.82,2258,14.84,14.81,14.81,1.6713,874.0
2019-05-14 14:10,{},14.78,2258,14.82,14.77,14.82,0.5775,302.0
2019-05-14 14:15,{},14.8,2258,14.8,14.78,14.79,0.3423,179.0
2019-05-14 14:20,{},14.78,2258,14.82,14.77,14.8,1.1206,586.0
2019-05-14 14:25,{},14.8,2258,14.81,14.75,14.78,1.3501,706.0
2019-05-14 14:30,{},14.79,2258,14.81,14.79,14.79,2.2699,1187.0
2019-05-14 14:35,{},14.76,2258,14.8,14.76,14.79,2.004,1048.0
2019-05-14 14:40,{},14.77,2258,14.77,14.75,14.76,0.6425,336.0
2019-05-14 14:45,{},14.76,2258,14.77,14.75,14.77,2.4419999999999997,1277.0
2019-05-14 14:45,{},14.76,2258,14.77,14.75,14.77,2.442,1277.0
2019-05-14 14:50,{},14.74,2258,14.76,14.74,14.76,3.4096,1783.0
2019-05-14 14:55,{},14.73,2258,14.76,14.72,14.75,2.702,1413.0
2019-05-14 15:00,{},14.72,2258,14.74,14.72,14.73,1.7,889.0
2019-05-15 09:35,{},15.01,2258,15.01,14.74,14.78,8.8691,4638.0
2019-05-15 09:40,{},14.92,2258,15.11,14.91,15.02,10.0891,5276.0
2019-05-15 09:45,{},14.99,2258,14.99,14.92,14.92,3.0615,1601.0
2019-05-15 09:50,{},15.0,2258,15.05,14.97,14.99,3.5893,1877.0
2019-05-15 09:55,{},14.99,2258,15.05,14.99,15.0,2.6447,1383.0
2019-05-15 10:00,{},14.95,2258,15.02,14.92,14.99,4.4785,2342.0
2019-05-15 10:05,{},14.85,2258,14.95,14.85,14.94,2.9258,1530.0
2019-05-15 10:10,{},14.83,2258,14.86,14.8,14.85,3.1036,1623.0
2019-05-15 10:15,{},14.87,2258,14.9,14.82,14.83,1.3195,690.0
2019-05-15 10:20,{},14.82,2258,14.89,14.82,14.87,1.2755,667.0
2019-05-15 10:25,{},14.83,2258,14.83,14.82,14.82,0.9925,519.0
2019-05-15 10:30,{},14.82,2258,14.84,14.82,14.83,0.763,399.0
2019-05-15 10:35,{},14.82,2258,14.83,14.81,14.82,0.8089,423.0
2019-05-15 10:40,{},14.79,2258,14.82,14.79,14.82,1.786,934.0
2019-05-15 10:45,{},14.8,2258,14.81,14.78,14.8,1.2755,667.0
2019-05-15 10:50,{},14.8,2258,14.81,14.79,14.8,0.9619,503.0
2019-05-15 10:55,{},14.84,2258,14.84,14.8,14.8,1.3921,728.0
2019-05-15 11:00,{},14.85,2258,14.87,14.84,14.84,0.6234,326.0
2019-05-15 11:05,{},14.9,2258,14.94,14.84,14.85,1.3998,732.0
2019-05-15 11:10,{},14.88,2258,14.95,14.88,14.9,1.0231,535.0
2019-05-15 11:15,{},14.85,2258,14.88,14.84,14.88,0.8337,436.0
2019-05-15 11:20,{},14.86,2258,14.88,14.84,14.85,0.3652,191.0
2019-05-15 11:25,{},14.88,2258,14.88,14.82,14.86,0.742,388.0
2019-05-15 11:30,{},14.85,2258,14.95,14.82,14.88,2.2048,1153.0
2019-05-15 13:05,{},14.93,2258,14.99,14.85,14.85,4.0291,2107.0
2019-05-15 13:10,{},14.89,2258,14.95,14.86,14.93,0.9007,471.0
2019-05-15 13:15,{},14.93,2258,14.95,14.89,14.89,0.6865,359.0
2019-05-15 13:20,{},14.92,2258,14.93,14.9,14.93,1.1799,617.0
2019-05-15 13:25,{},14.92,2258,14.93,14.9,14.92,1.5757,824.0
2019-05-15 13:30,{},14.88,2258,14.93,14.88,14.92,1.2812,670.0
2019-05-15 13:35,{},14.85,2258,14.9,14.85,14.88,1.3634,713.0
2019-05-15 13:40,{},14.88,2258,14.88,14.84,14.85,2.0423,1068.0
2019-05-15 13:45,{},14.88,2258,14.91,14.86,14.9,1.3271,694.0
2019-05-15 13:50,{},14.93,2258,14.96,14.88,14.88,2.681,1402.0
2019-05-15 13:55,{},14.94,2258,14.95,14.89,14.93,3.3656,1760.0
2019-05-15 14:00,{},14.94,2258,14.98,14.89,14.94,2.9162,1525.0
2019-05-15 14:05,{},14.97,2258,14.98,14.93,14.94,2.1628,1131.0
2019-05-15 14:10,{},14.94,2258,14.98,14.94,14.97,1.6407,858.0
2019-05-15 14:15,{},14.91,2258,14.95,14.91,14.94,1.5375,804.0
2019-05-15 14:20,{},14.94,2258,14.94,14.91,14.91,1.4476,757.0
2019-05-15 14:25,{},14.93,2258,14.96,14.93,14.94,2.2832,1194.0
2019-05-15 14:30,{},14.92,2258,14.95,14.92,14.93,0.9963,521.0
2019-05-15 14:35,{},14.91,2258,14.95,14.9,14.92,2.6274,1374.0
2019-05-15 14:40,{},14.91,2258,14.91,14.9,14.91,1.1875,621.0
2019-05-15 14:45,{},14.92,2258,14.92,14.91,14.91,1.4782,773.0
2019-05-15 14:50,{},14.87,2258,14.92,14.86,14.92,4.0712,2129.0
2019-05-15 14:55,{},14.89,2258,14.89,14.87,14.87,3.2776,1714.0
2019-05-15 15:00,{},14.9,2258,14.9,14.88,14.89,1.9792,1035.0
2019-05-16 09:35,{},14.95,2258,15.03,14.75,14.83,4.7692,2494.0
2019-05-16 09:40,{},14.95,2258,14.95,14.87,14.95,4.3676,2284.0
2019-05-16 09:45,{},15.04,2258,15.04,14.95,14.95,3.6448,1906.0
2019-05-16 09:50,{},14.96,2258,15.04,14.95,15.04,1.9926,1042.0
2019-05-16 09:55,{},14.94,2258,14.98,14.94,14.96,1.0326,540.0
2019-05-16 10:00,{},14.91,2258,14.96,14.86,14.94,3.0481,1594.0
2019-05-16 10:05,{},14.91,2258,14.92,14.88,14.91,1.9467,1018.0
2019-05-16 10:10,{},14.96,2258,15.0,14.9,14.91,2.4706,1292.0
2019-05-16 10:15,{},14.99,2258,15.0,14.95,14.96,3.1342,1639.0
2019-05-16 10:20,{},14.92,2258,15.0,14.9,15.0,1.6025,838.0
2019-05-16 10:25,{},14.94,2258,14.98,14.9,14.92,2.4553,1284.0
2019-05-16 10:30,{},14.91,2258,14.97,14.91,14.94,1.1435,598.0
2019-05-16 10:35,{},14.95,2258,14.96,14.91,14.91,1.2583,658.0
2019-05-16 10:40,{},14.94,2258,14.96,14.93,14.95,0.763,399.0
2019-05-16 10:45,{},14.93,2258,14.95,14.93,14.94,1.046,547.0
2019-05-16 10:50,{},14.9,2258,14.93,14.9,14.93,2.2603,1182.0
2019-05-16 10:55,{},14.87,2258,14.91,14.86,14.9,2.0346,1064.0
2019-05-16 11:00,{},14.88,2258,14.89,14.85,14.87,1.744,912.0
2019-05-16 11:05,{},15.07,2258,15.07,14.86,14.88,7.6108,3980.0
2019-05-16 11:10,{},15.2,2258,15.26,15.07,15.07,20.2068,10567.0
2019-05-16 11:15,{},15.25,2258,15.28,15.15,15.2,9.9743,5216.0
2019-05-16 11:20,{},15.47,2258,15.48,15.25,15.26,17.9924,9409.0
2019-05-16 11:25,{},15.38,2258,15.46,15.35,15.46,4.3217,2260.0
2019-05-16 11:30,{},15.46,2258,15.46,15.38,15.38,4.4862,2346.0
2019-05-16 13:05,{},15.52,2258,15.6,15.46,15.46,14.8276,7754.0
2019-05-16 13:10,{},15.52,2258,15.55,15.51,15.52,5.6144,2936.0
2019-05-16 13:15,{},15.49,2258,15.52,15.48,15.52,2.2373,1170.0
2019-05-16 13:20,{},15.45,2258,15.49,15.44,15.49,3.1074,1625.0
2019-05-16 13:25,{},15.46,2258,15.48,15.45,15.45,1.9123,1000.0
2019-05-16 13:30,{},15.44,2258,15.47,15.44,15.46,1.3405,701.0
2019-05-16 13:35,{},15.44,2258,15.45,15.4,15.44,1.5585,815.0
2019-05-16 13:40,{},15.43,2258,15.45,15.43,15.44,1.3998,732.0
2019-05-16 13:45,{},15.39,2258,15.44,15.39,15.43,2.1016,1099.0
2019-05-16 13:50,{},15.39,2258,15.4,15.37,15.39,2.0442,1069.0
2019-05-16 13:55,{},15.4,2258,15.42,15.38,15.39,1.1971,626.0
2019-05-16 14:00,{},15.41,2258,15.42,15.4,15.4,1.2564,657.0
2019-05-16 14:05,{},15.4,2258,15.42,15.4,15.41,2.2947,1200.0
2019-05-16 14:10,{},15.35,2258,15.42,15.35,15.4,2.9697,1553.0
2019-05-16 14:15,{},15.35,2258,15.37,15.34,15.35,1.7899,936.0
2019-05-16 14:20,{},15.32,2258,15.35,15.32,15.34,2.2584,1181.0
2019-05-16 14:25,{},15.35,2258,15.35,15.32,15.32,1.2659,662.0
2019-05-16 14:30,{},15.36,2258,15.36,15.34,15.35,1.3921,728.0
2019-05-16 14:35,{},15.42,2258,15.44,15.35,15.36,3.2891,1720.0
2019-05-16 14:40,{},15.42,2258,15.44,15.4,15.42,2.0882,1092.0
2019-05-16 14:45,{},15.37,2258,15.42,15.37,15.42,0.9294,486.0
2019-05-16 14:50,{},15.38,2258,15.4,15.37,15.37,3.8111,1993.0
2019-05-16 14:55,{},15.39,2258,15.41,15.36,15.38,5.9509,3112.0
2019-05-16 15:00,{},15.4,2258,15.41,15.39,15.39,2.8684,1500.0
2019-05-17 09:35,{},15.12,2258,15.3,15.1,15.3,18.0441,9436.0
2019-05-17 09:40,{},15.11,2258,15.13,15.04,15.12,9.283999999999999,4855.0
2019-05-17 09:40,{},15.11,2258,15.13,15.04,15.12,9.284,4855.0
2019-05-17 09:45,{},15.04,2258,15.14,15.04,15.11,4.4689,2337.0
2019-05-17 09:50,{},15.14,2258,15.14,15.04,15.04,1.8052,944.0
2019-05-17 09:55,{},15.06,2258,15.17,15.04,15.16,2.6829,1403.0
2019-05-17 10:00,{},15.09,2258,15.1,15.05,15.06,1.1722,613.0
2019-05-17 10:05,{},15.04,2258,15.1,15.04,15.09,3.3923,1774.0
2019-05-17 10:10,{},14.97,2258,15.05,14.95,15.04,7.1365,3732.0
2019-05-17 10:15,{},15.0,2258,15.0,14.95,14.97,2.1341,1116.0
2019-05-17 10:20,{},15.01,2258,15.07,14.97,15.0,2.2737,1189.0
2019-05-17 10:25,{},14.98,2258,15.06,14.98,15.01,2.6236,1372.0
2019-05-17 10:30,{},15.0,2258,15.0,14.96,14.98,1.8319,958.0
2019-05-17 10:35,{},14.99,2258,15.01,14.96,15.0,2.1647,1132.0
2019-05-17 10:40,{},14.96,2258,14.99,14.95,14.99,2.289,1197.0
2019-05-17 10:45,{},14.96,2258,15.01,14.95,14.96,1.939,1014.0
2019-05-17 10:50,{},14.98,2258,14.99,14.95,14.96,1.2583,658.0
2019-05-17 10:55,{},14.92,2258,14.99,14.92,14.98,3.4497,1804.0
2019-05-17 11:00,{},14.92,2258,14.92,14.88,14.92,5.5264,2890.0
2019-05-17 11:05,{},14.87,2258,14.92,14.83,14.92,3.8436,2010.0
2019-05-17 11:10,{},14.85,2258,14.9,14.83,14.87,2.2335,1168.0
2019-05-17 11:15,{},14.92,2258,14.92,14.84,14.84,2.0633,1079.0
2019-05-17 11:20,{},14.84,2258,14.92,14.83,14.92,2.4687,1291.0
2019-05-17 11:25,{},14.87,2258,14.9,14.83,14.84,0.7305,382.0
2019-05-17 11:30,{},14.89,2258,14.89,14.85,14.87,0.5603,293.0
2019-05-17 13:05,{},14.88,2258,14.9,14.85,14.89,0.9638,504.0
2019-05-17 13:10,{},14.88,2258,14.88,14.87,14.88,0.8376,438.0
2019-05-17 13:15,{},14.95,2258,14.95,14.88,14.88,1.1818,618.0
2019-05-17 13:20,{},14.91,2258,14.95,14.9,14.95,0.9905,518.0
2019-05-17 13:25,{},14.86,2258,14.91,14.85,14.91,2.1991,1150.0
2019-05-17 13:30,{},14.87,2258,14.87,14.84,14.86,0.7993,418.0
2019-05-17 13:35,{},14.87,2258,14.88,14.83,14.87,1.4093,737.0
2019-05-17 13:40,{},14.84,2258,14.88,14.83,14.87,1.2831,671.0
2019-05-17 13:45,{},14.85,2258,14.88,14.84,14.84,1.0288,538.0
2019-05-17 13:50,{},14.86,2258,14.86,14.84,14.85,1.1225,587.0
2019-05-17 13:55,{},14.84,2258,14.87,14.83,14.86,1.6541,865.0
2019-05-17 14:00,{},14.86,2258,14.86,14.83,14.84,1.0881,569.0
2019-05-17 14:05,{},14.88,2258,14.9,14.84,14.86,1.6637,870.0
2019-05-17 14:10,{},14.92,2258,14.93,14.85,14.88,0.851,445.0
2019-05-17 14:15,{},14.92,2258,14.96,14.92,14.92,2.2507,1177.0
2019-05-17 14:20,{},14.9,2258,14.97,14.88,14.92,1.2678,663.0
2019-05-17 14:25,{},14.86,2258,14.91,14.86,14.9,0.8586,449.0
2019-05-17 14:30,{},14.86,2258,14.87,14.85,14.86,1.3768,720.0
2019-05-17 14:35,{},14.84,2258,14.88,14.82,14.86,2.0155,1054.0
2019-05-17 14:40,{},14.83,2258,14.87,14.83,14.84,0.7706,403.0
2019-05-17 14:45,{},14.77,2258,14.85,14.77,14.83,4.0655,2126.0
2019-05-17 14:50,{},14.76,2258,14.78,14.75,14.77,2.4458,1279.0
2019-05-17 14:55,{},14.8,2258,14.81,14.75,14.76,2.964,1550.0
2019-05-17 15:00,{},14.82,2258,14.82,14.8,14.8,1.5528,812.0
2019-05-20 09:35,{},14.37,2258,14.8,14.21,14.8,10.6379,5563.0
2019-05-20 09:40,{},14.47,2258,14.54,14.33,14.37,3.9393,2060.0
2019-05-20 09:45,{},14.43,2258,14.48,14.43,14.47,2.4783,1296.0
2019-05-20 09:50,{},14.29,2258,14.44,14.26,14.43,6.4826,3390.0
2019-05-20 09:55,{},14.35,2258,14.35,14.28,14.29,4.2012,2197.0
2019-05-20 10:00,{},14.36,2258,14.39,14.29,14.35,3.706,1938.0
2019-05-20 10:00,{},14.36,2258,14.39,14.29,14.35,3.7060000000000004,1938.0
2019-05-20 10:05,{},14.28,2258,14.39,14.28,14.36,2.5261,1321.0
2019-05-20 10:10,{},14.32,2258,14.38,14.27,14.28,3.7461,1959.0
2019-05-20 10:15,{},14.32,2258,14.35,14.3,14.32,3.4134,1785.0
2019-05-20 10:20,{},14.28,2258,14.32,14.26,14.32,4.4364,2320.0
2019-05-20 10:25,{},14.26,2258,14.3,14.24,14.28,3.989,2086.0
2019-05-20 10:30,{},14.35,2258,14.36,14.25,14.25,2.8989999999999996,1516.0
2019-05-20 10:30,{},14.35,2258,14.36,14.25,14.25,2.899,1516.0
2019-05-20 10:35,{},14.35,2258,14.38,14.34,14.35,3.639,1903.0
2019-05-20 10:40,{},14.28,2258,14.36,14.28,14.35,3.5625,1863.0
2019-05-20 10:45,{},14.35,2258,14.35,14.23,14.28,1.8128,948.0
2019-05-20 10:50,{},14.44,2258,14.44,14.35,14.35,1.2105,633.0
2019-05-20 10:55,{},14.39,2258,14.47,14.39,14.44,2.004,1048.0
2019-05-20 11:00,{},14.42,2258,14.43,14.35,14.39,0.7802,408.0
2019-05-20 11:05,{},14.4,2258,14.42,14.4,14.42,0.5354,280.0
2019-05-20 11:10,{},14.38,2258,14.4,14.36,14.4,0.3997,209.0
2019-05-20 11:15,{},14.44,2258,14.44,14.38,14.38,0.7133,373.0
2019-05-20 11:20,{},14.44,2258,14.45,14.43,14.44,0.5584,292.0
2019-05-20 11:25,{},14.38,2258,14.45,14.38,14.44,0.8471,443.0
2019-05-20 11:30,{},14.4,2258,14.44,14.38,14.38,0.4647,243.0
2019-05-20 13:05,{},14.38,2258,14.43,14.37,14.4,0.4723,247.0
2019-05-20 13:10,{},14.42,2258,14.43,14.35,14.38,0.7898,413.0
2019-05-20 13:15,{},14.34,2258,14.42,14.34,14.42,0.2276,119.0
2019-05-20 13:20,{},14.3,2258,14.34,14.3,14.34,2.7422,1434.0
2019-05-20 13:25,{},14.32,2258,14.34,14.3,14.3,0.8452,442.0
2019-05-20 13:30,{},14.36,2258,14.37,14.31,14.32,0.7515,393.0
2019-05-20 13:35,{},14.38,2258,14.38,14.35,14.36,0.2448,128.0
2019-05-20 13:40,{},14.4,2258,14.42,14.37,14.38,0.415,217.0
2019-05-20 13:45,{},14.4,2258,14.41,14.37,14.4,0.501,262.0
2019-05-20 13:50,{},14.39,2258,14.42,14.38,14.38,0.7228,378.0
2019-05-20 13:55,{},14.36,2258,14.39,14.36,14.39,0.1817,95.0
2019-05-20 14:00,{},14.36,2258,14.36,14.34,14.36,0.5679,297.0
2019-05-20 14:05,{},14.38,2258,14.38,14.35,14.36,0.6138,321.0
2019-05-20 14:10,{},14.4,2258,14.41,14.37,14.38,0.7611,398.0
2019-05-20 14:15,{},14.39,2258,14.41,14.39,14.4,0.6234,326.0
2019-05-20 14:20,{},14.38,2258,14.39,14.36,14.39,0.8892,465.0
2019-05-20 14:25,{},14.36,2258,14.38,14.35,14.38,1.046,547.0
2019-05-20 14:30,{},14.34,2258,14.36,14.33,14.36,0.8490000000000001,444.0
2019-05-20 14:35,{},14.36,2258,14.39,14.34,14.34,1.0135,530.0
2019-05-20 14:40,{},14.41,2258,14.42,14.36,14.36,1.4227,744.0
2019-05-20 14:45,{},14.41,2258,14.42,14.41,14.41,1.7746,928.0
2019-05-20 14:50,{},14.41,2258,14.43,14.4,14.41,1.5872,830.0
2019-05-20 14:55,{},14.45,2258,14.45,14.41,14.41,1.5279,799.0
2019-05-20 15:00,{},14.46,2258,14.46,14.44,14.45,1.3959,730.0
2019-05-21 09:35,{},14.61,2258,14.65,14.47,14.49,3.1285,1636.0
2019-05-21 09:40,{},14.58,2258,14.63,14.54,14.61,2.3961,1253.0
2019-05-21 09:45,{},14.62,2258,14.63,14.55,14.58,2.6561,1389.0
2019-05-21 09:50,{},14.62,2258,14.64,14.6,14.62,2.4037,1257.0
2019-05-21 09:55,{},14.64,2258,14.68,14.61,14.62,2.681,1402.0
2019-05-21 10:00,{},14.63,2258,14.65,14.61,14.64,1.8109,947.0
2019-05-21 10:05,{},14.59,2258,14.65,14.59,14.63,1.111,581.0
2019-05-21 10:10,{},14.54,2258,14.6,14.54,14.59,1.3386,700.0
2019-05-21 10:15,{},14.53,2258,14.56,14.53,14.54,1.7841,933.0
2019-05-21 10:20,{},14.54,2258,14.56,14.53,14.53,1.0517,550.0
2019-05-21 10:25,{},14.54,2258,14.56,14.53,14.54,1.2602,659.0
2019-05-21 10:30,{},14.59,2258,14.6,14.5,14.54,2.0824,1089.0
2019-05-21 10:35,{},14.6,2258,14.63,14.57,14.59,2.0461,1070.0
2019-05-21 10:40,{},14.58,2258,14.61,14.58,14.6,1.6598,868.0
2019-05-21 10:45,{},14.62,2258,14.63,14.58,14.58,1.2028,629.0
2019-05-21 10:50,{},14.63,2258,14.64,14.61,14.62,1.2659,662.0
2019-05-21 10:55,{},14.6,2258,14.63,14.6,14.63,1.591,832.0
2019-05-21 11:00,{},14.65,2258,14.66,14.6,14.6,2.8110000000000004,1470.0
2019-05-21 11:05,{},14.69,2258,14.69,14.65,14.65,2.092,1094.0
2019-05-21 11:10,{},14.66,2258,14.69,14.66,14.69,1.4457,756.0
2019-05-21 11:15,{},14.67,2258,14.68,14.65,14.66,1.2965,678.0
2019-05-21 11:20,{},14.64,2258,14.67,14.64,14.67,1.2525,655.0
2019-05-21 11:25,{},14.64,2258,14.65,14.63,14.64,0.6846,358.0
2019-05-21 11:30,{},14.62,2258,14.65,14.62,14.64,1.2296,643.0
2019-05-21 13:05,{},14.65,2258,14.66,14.62,14.62,0.6731,352.0
2019-05-21 13:10,{},14.62,2258,14.65,14.62,14.65,1.09,570.0
2019-05-21 13:15,{},14.63,2258,14.64,14.62,14.62,0.7592,397.0
2019-05-21 13:20,{},14.61,2258,14.64,14.61,14.63,0.7764,406.0
2019-05-21 13:25,{},14.61,2258,14.63,14.61,14.61,0.8204,429.0
2019-05-21 13:30,{},14.62,2258,14.63,14.61,14.61,0.9427,493.0
2019-05-21 13:35,{},14.64,2258,14.65,14.62,14.62,0.7362,385.0
2019-05-21 13:40,{},14.62,2258,14.65,14.62,14.64,0.6483,339.0
2019-05-21 13:45,{},14.61,2258,14.63,14.61,14.62,0.5775,302.0
2019-05-21 13:50,{},14.61,2258,14.63,14.61,14.61,0.7726,404.0
2019-05-21 13:55,{},14.62,2258,14.62,14.61,14.61,0.7056,369.0
2019-05-21 14:00,{},14.66,2258,14.66,14.61,14.62,1.2544,656.0
2019-05-21 14:05,{},14.65,2258,14.68,14.65,14.66,1.7899,936.0
2019-05-21 14:10,{},14.64,2258,14.66,14.64,14.65,0.6999,366.0
2019-05-21 14:15,{},14.62,2258,14.64,14.62,14.64,1.1474,600.0
2019-05-21 14:20,{},14.63,2258,14.64,14.62,14.62,0.6941,363.0
2019-05-21 14:25,{},14.61,2258,14.64,14.61,14.63,1.09,570.0
2019-05-21 14:30,{},14.61,2258,14.62,14.6,14.61,0.5679,297.0
2019-05-21 14:35,{},14.61,2258,14.64,14.6,14.61,0.9217,482.0
2019-05-21 14:40,{},14.58,2258,14.63,14.58,14.61,1.2755,667.0
2019-05-21 14:45,{},14.6,2258,14.6,14.57,14.58,1.8396,962.0
2019-05-21 14:50,{},14.63,2258,14.63,14.59,14.6,0.9657,505.0
2019-05-21 14:55,{},14.66,2258,14.66,14.62,14.63,1.7669,924.0
2019-05-21 15:00,{},14.65,2258,14.67,14.65,14.66,2.1475,1123.0
2019-05-22 09:35,{},14.58,2258,14.65,14.54,14.65,2.5777,1348.0
2019-05-22 09:40,{},14.46,2258,14.58,14.39,14.58,5.5035,2878.0
2019-05-22 09:45,{},14.49,2258,14.53,14.45,14.46,1.2277,642.0
2019-05-22 09:50,{},14.45,2258,14.51,14.44,14.49,3.2547,1702.0
2019-05-22 09:55,{},14.49,2258,14.52,14.45,14.45,4.7577,2488.0
2019-05-22 10:00,{},14.53,2258,14.59,14.49,14.49,1.0192,533.0
2019-05-22 10:05,{},14.53,2258,14.55,14.48,14.53,3.1399,1642.0
2019-05-22 10:10,{},14.47,2258,14.53,14.46,14.53,1.3348,698.0
2019-05-22 10:15,{},14.53,2258,14.55,14.46,14.47,1.9773,1034.0
2019-05-22 10:20,{},14.51,2258,14.54,14.5,14.53,1.2315,644.0
2019-05-22 10:25,{},14.5,2258,14.55,14.5,14.51,1.1799,617.0
2019-05-22 10:30,{},14.49,2258,14.51,14.48,14.5,0.7114,372.0
2019-05-22 10:35,{},14.49,2258,14.5,14.49,14.49,0.545,285.0
2019-05-22 10:40,{},14.48,2258,14.51,14.47,14.49,1.308,684.0
2019-05-22 10:45,{},14.49,2258,14.53,14.48,14.48,1.3099,685.0
2019-05-22 10:50,{},14.49,2258,14.51,14.48,14.49,0.6808,356.0
2019-05-22 10:55,{},14.5,2258,14.51,14.48,14.49,0.6081,318.0
2019-05-22 11:00,{},14.52,2258,14.55,14.49,14.5,1.5413,806.0
2019-05-22 11:05,{},14.56,2258,14.58,14.51,14.52,1.0613,555.0
2019-05-22 11:10,{},14.59,2258,14.59,14.52,14.52,1.4189,742.0
2019-05-22 11:15,{},14.56,2258,14.61,14.56,14.59,1.9295,1009.0
2019-05-22 11:20,{},14.54,2258,14.56,14.54,14.56,0.8701,455.0
2019-05-22 11:25,{},14.52,2258,14.56,14.51,14.54,0.6024,315.0
2019-05-22 11:30,{},14.5,2258,14.56,14.5,14.52,0.6903,361.0
2019-05-22 13:05,{},14.48,2258,14.51,14.48,14.5,0.6234,326.0
2019-05-22 13:10,{},14.49,2258,14.49,14.47,14.48,1.3768,720.0
2019-05-22 13:15,{},14.48,2258,14.5,14.48,14.49,0.5048,264.0
2019-05-22 13:20,{},14.47,2258,14.49,14.47,14.48,0.3844,201.0
2019-05-22 13:25,{},14.4,2258,14.48,14.4,14.47,2.7613,1444.0
2019-05-22 13:30,{},14.4,2258,14.43,14.39,14.4,2.9716,1554.0
2019-05-22 13:35,{},14.37,2258,14.43,14.33,14.4,4.685,2450.0
2019-05-22 13:40,{},14.38,2258,14.39,14.34,14.37,1.2411,649.0
2019-05-22 13:45,{},14.35,2258,14.4,14.35,14.38,2.1953,1148.0
2019-05-22 13:50,{},14.35,2258,14.39,14.33,14.35,3.1189,1631.0
2019-05-22 13:55,{},14.35,2258,14.37,14.33,14.36,0.9772,511.0
2019-05-22 14:00,{},14.36,2258,14.37,14.35,14.35,0.7783,407.0
2019-05-22 14:05,{},14.32,2258,14.37,14.32,14.36,2.5031,1309.0
2019-05-22 14:10,{},14.3,2258,14.34,14.29,14.32,4.6066,2409.0
2019-05-22 14:15,{},14.3,2258,14.32,14.29,14.3,1.1263,589.0
2019-05-22 14:20,{},14.3,2258,14.31,14.28,14.29,1.4399,753.0
2019-05-22 14:25,{},14.33,2258,14.34,14.3,14.3,1.2468,652.0
2019-05-22 14:30,{},14.32,2258,14.36,14.31,14.33,2.115,1106.0
2019-05-22 14:35,{},14.36,2258,14.36,14.28,14.32,3.0233,1581.0
2019-05-22 14:40,{},14.34,2258,14.4,14.32,14.36,0.7687,402.0
2019-05-22 14:45,{},14.36,2258,14.38,14.35,14.35,0.7706,403.0
2019-05-22 14:50,{},14.36,2258,14.38,14.35,14.37,0.8586,449.0
2019-05-22 14:55,{},14.36,2258,14.38,14.36,14.36,1.6771,877.0
2019-05-22 15:00,{},14.36,2258,14.36,14.35,14.36,1.2602,659.0
2019-05-23 09:35,{},14.22,2258,14.44,14.2,14.29,4.9929,2611.0
2019-05-23 09:40,{},14.24,2258,14.25,14.19,14.22,2.8129,1471.0
2019-05-23 09:45,{},14.1,2258,14.35,14.06,14.24,7.6529,4002.0
2019-05-23 09:50,{},14.13,2258,14.23,14.1,14.1,2.8474,1489.0
2019-05-23 09:55,{},14.16,2258,14.16,14.13,14.13,3.1132,1628.0
2019-05-23 10:00,{},14.14,2258,14.2,14.14,14.16,1.6809,879.0
2019-05-23 10:05,{},14.14,2258,14.15,14.1,14.14,2.1456,1122.0
2019-05-23 10:10,{},14.13,2258,14.14,14.11,14.14,1.1474,600.0
2019-05-23 10:15,{},14.13,2258,14.14,14.12,14.13,0.8758,458.0
2019-05-23 10:20,{},14.14,2258,14.16,14.13,14.13,1.3768,720.0
2019-05-23 10:25,{},14.15,2258,14.16,14.13,14.14,0.8127,425.0
2019-05-23 10:30,{},14.14,2258,14.16,14.14,14.15,0.7515,393.0
2019-05-23 10:35,{},14.18,2258,14.19,14.13,14.14,1.3501,706.0
2019-05-23 10:40,{},14.18,2258,14.21,14.17,14.18,0.6024,315.0
2019-05-23 10:45,{},14.19,2258,14.19,14.17,14.18,0.6597,345.0
2019-05-23 10:50,{},14.17,2258,14.19,14.16,14.19,0.6291,329.0
2019-05-23 10:55,{},14.19,2258,14.22,14.17,14.17,0.9294,486.0
2019-05-23 11:00,{},14.19,2258,14.21,14.18,14.19,0.8758,458.0
2019-05-23 11:05,{},14.16,2258,14.19,14.16,14.19,0.7305,382.0
2019-05-23 11:10,{},14.15,2258,14.17,14.14,14.17,0.7286,381.0
2019-05-23 11:15,{},14.15,2258,14.17,14.14,14.15,0.4398,230.0
2019-05-23 11:20,{},14.14,2258,14.17,14.14,14.15,0.4073,213.0
2019-05-23 11:25,{},14.13,2258,14.14,14.13,14.14,0.7573,396.0
2019-05-23 11:30,{},14.12,2258,14.14,14.12,14.13,0.545,285.0
2019-05-23 13:05,{},14.11,2258,14.14,14.11,14.12,1.9524,1021.0
2019-05-23 13:10,{},14.13,2258,14.13,14.11,14.11,0.8261,432.0
2019-05-23 13:15,{},14.12,2258,14.14,14.11,14.13,1.4151,740.0
2019-05-23 13:20,{},14.1,2258,14.12,14.09,14.12,2.9277,1531.0
2019-05-23 13:25,{},14.09,2258,14.1,14.08,14.1,1.7287,904.0
2019-05-23 13:30,{},14.06,2258,14.09,14.06,14.09,2.1436,1121.0
2019-05-23 13:35,{},14.08,2258,14.09,14.06,14.06,1.5298,800.0
2019-05-23 13:40,{},14.07,2258,14.09,14.07,14.08,0.7056,369.0
2019-05-23 13:45,{},14.08,2258,14.08,14.06,14.07,1.8530000000000002,969.0
2019-05-23 13:45,{},14.08,2258,14.08,14.06,14.07,1.853,969.0
2019-05-23 13:50,{},14.03,2258,14.08,14.03,14.08,3.5644,1864.0
2019-05-23 13:55,{},13.94,2258,14.04,13.93,14.03,8.0774,4224.0
2019-05-23 14:00,{},13.97,2258,14.0,13.93,13.95,3.0118,1575.0
2019-05-23 14:05,{},13.85,2258,14.05,13.79,13.97,7.7676,4062.0
2019-05-23 14:10,{},13.86,2258,13.91,13.85,13.85,1.9486,1019.0
2019-05-23 14:15,{},13.9,2258,13.91,13.84,13.86,2.6733,1398.0
2019-05-23 14:20,{},13.97,2258,13.97,13.88,13.9,1.6235,849.0
2019-05-23 14:25,{},13.82,2258,13.97,13.81,13.97,5.4423,2846.0
2019-05-23 14:30,{},13.82,2258,13.86,13.81,13.82,2.7192,1422.0
2019-05-23 14:35,{},13.79,2258,13.82,13.78,13.82,7.1595,3744.0
2019-05-23 14:40,{},13.8,2258,13.8,13.76,13.79,3.2011,1674.0
2019-05-23 14:45,{},13.8,2258,13.8,13.72,13.8,6.2703,3279.0
2019-05-23 14:50,{},13.79,2258,13.81,13.77,13.8,3.9278,2054.0
2019-05-23 14:55,{},13.8,2258,13.81,13.72,13.79,4.9375,2582.0
2019-05-23 15:00,{},13.82,2258,13.82,13.8,13.8,1.7784,930.0
2019-05-24 09:35,{},13.9,2258,13.96,13.71,13.72,3.9832,2083.0
2019-05-24 09:40,{},13.85,2258,13.9,13.83,13.9,2.79,1459.0
2019-05-24 09:45,{},13.78,2258,13.92,13.78,13.85,3.3866,1771.0
2019-05-24 09:50,{},13.74,2258,13.8,13.72,13.78,1.2965,678.0
2019-05-24 09:55,{},13.77,2258,13.8,13.74,13.74,1.9314,1010.0
2019-05-24 10:00,{},13.76,2258,13.82,13.75,13.77,1.4323,749.0
2019-05-24 10:05,{},13.72,2258,13.76,13.72,13.76,1.7765,929.0
2019-05-24 10:10,{},13.62,2258,13.72,13.58,13.72,6.6298,3467.0
2019-05-24 10:15,{},13.42,2258,13.64,13.3,13.62,11.3684,5945.0
2019-05-24 10:20,{},13.34,2258,13.42,13.25,13.42,9.4064,4919.0
2019-05-24 10:25,{},13.4,2258,13.42,13.34,13.34,5.9356,3104.0
2019-05-24 10:30,{},13.36,2258,13.54,13.36,13.39,11.7527,6146.0
2019-05-24 10:35,{},13.33,2258,13.4,13.33,13.36,4.2662,2231.0
2019-05-24 10:40,{},13.24,2258,13.35,13.18,13.33,20.9832,10973.0
2019-05-24 10:45,{},13.3,2258,13.36,13.23,13.24,4.1668,2179.0
2019-05-24 10:50,{},13.31,2258,13.34,13.28,13.3,2.1666,1133.0
2019-05-24 10:55,{},13.24,2258,13.34,13.24,13.31,5.4404,2845.0
2019-05-24 11:00,{},13.37,2258,13.39,13.24,13.24,4.6716,2443.0
2019-05-24 11:05,{},13.32,2258,13.37,13.32,13.37,1.3405,701.0
2019-05-24 11:10,{},13.32,2258,13.35,13.31,13.32,1.5317,801.0
2019-05-24 11:15,{},13.32,2258,13.37,13.32,13.32,1.1129,582.0
2019-05-24 11:20,{},13.35,2258,13.37,13.32,13.32,1.1512,602.0
2019-05-24 11:25,{},13.33,2258,13.37,13.33,13.35,0.9083,475.0
2019-05-24 11:30,{},13.33,2258,13.35,13.32,13.33,0.7687,402.0
2019-05-24 13:05,{},13.36,2258,13.39,13.33,13.33,1.09,570.0
2019-05-24 13:10,{},13.34,2258,13.37,13.34,13.36,0.8529,446.0
2019-05-24 13:15,{},13.37,2258,13.37,13.34,13.34,0.6425,336.0
2019-05-24 13:20,{},13.4,2258,13.44,13.35,13.37,1.0995,575.0
2019-05-24 13:25,{},13.41,2258,13.43,13.4,13.4,0.6119,320.0
2019-05-24 13:30,{},13.39,2258,13.41,13.37,13.41,1.069,559.0
2019-05-24 13:35,{},13.43,2258,13.43,13.37,13.39,1.4017,733.0
2019-05-24 13:40,{},13.44,2258,13.45,13.38,13.43,1.7593,920.0
2019-05-24 13:45,{},13.42,2258,13.45,13.4,13.44,1.7459,913.0
2019-05-24 13:50,{},13.43,2258,13.43,13.42,13.42,0.5718,299.0
2019-05-24 13:55,{},13.41,2258,13.44,13.41,13.42,0.9236,483.0
2019-05-24 14:00,{},13.37,2258,13.41,13.37,13.41,1.9926,1042.0
2019-05-24 14:05,{},13.38,2258,13.41,13.37,13.37,0.8892,465.0
2019-05-24 14:10,{},13.37,2258,13.4,13.37,13.38,0.6903,361.0
2019-05-24 14:15,{},13.3,2258,13.4,13.29,13.37,3.7308,1951.0
2019-05-24 14:20,{},13.29,2258,13.32,13.26,13.29,2.6944,1409.0
2019-05-24 14:25,{},13.32,2258,13.32,13.26,13.29,3.1323,1638.0
2019-05-24 14:30,{},13.32,2258,13.39,13.27,13.32,7.0142,3668.0
2019-05-24 14:35,{},13.29,2258,13.32,13.25,13.32,3.9431,2062.0
2019-05-24 14:40,{},13.24,2258,13.29,13.23,13.29,3.989,2086.0
2019-05-24 14:45,{},13.23,2258,13.26,13.18,13.24,5.0273,2629.0
2019-05-24 14:50,{},13.23,2258,13.25,13.21,13.23,3.4841,1822.0
2019-05-24 14:55,{},13.31,2258,13.31,13.21,13.23,3.1323,1638.0
2019-05-24 15:00,{},13.37,2258,13.37,13.3,13.31,2.8665,1499.0
2019-05-27 09:35,{},13.39,2258,13.44,13.25,13.38,4.6181,2415.0
2019-05-27 09:40,{},13.42,2258,13.48,13.39,13.39,2.8818,1507.0
2019-05-27 09:45,{},13.44,2258,13.46,13.37,13.42,2.2756,1190.0
2019-05-27 09:50,{},13.45,2258,13.46,13.4,13.44,3.6314,1899.0
2019-05-27 09:55,{},13.42,2258,13.47,13.39,13.44,3.8245,2000.0
2019-05-27 10:00,{},13.43,2258,13.46,13.4,13.42,1.5872,830.0
2019-05-27 10:05,{},13.43,2258,13.44,13.38,13.43,0.8663,453.0
2019-05-27 10:10,{},13.38,2258,13.43,13.38,13.43,1.2869,673.0
2019-05-27 10:15,{},13.39,2258,13.41,13.38,13.38,2.0748,1085.0
2019-05-27 10:20,{},13.38,2258,13.4,13.34,13.39,0.8567,448.0
2019-05-27 10:25,{},13.38,2258,13.4,13.33,13.38,2.7785,1453.0
2019-05-27 10:30,{},13.34,2258,13.38,13.33,13.38,1.6828,880.0
2019-05-27 10:35,{},13.4,2258,13.43,13.34,13.34,1.8721,979.0
2019-05-27 10:40,{},13.41,2258,13.42,13.4,13.4,0.7477,391.0
2019-05-27 10:45,{},13.39,2258,13.41,13.38,13.41,0.6922,362.0
2019-05-27 10:50,{},13.4,2258,13.41,13.38,13.39,0.5756,301.0
2019-05-27 10:55,{},13.39,2258,13.41,13.38,13.4,0.6597,345.0
2019-05-27 11:00,{},13.32,2258,13.39,13.32,13.39,2.006,1049.0
2019-05-27 11:05,{},13.34,2258,13.36,13.33,13.33,0.4934,258.0
2019-05-27 11:10,{},13.34,2258,13.35,13.26,13.34,4.2395,2217.0
2019-05-27 11:15,{},13.35,2258,13.36,13.32,13.34,1.0154,531.0
2019-05-27 11:20,{},13.35,2258,13.36,13.32,13.35,0.4551,238.0
2019-05-27 11:25,{},13.37,2258,13.4,13.33,13.35,1.9448,1017.0
2019-05-27 11:30,{},13.38,2258,13.39,13.37,13.37,1.1435,598.0
2019-05-27 13:05,{},13.43,2258,13.44,13.38,13.38,3.1552,1650.0
2019-05-27 13:10,{},13.44,2258,13.44,13.41,13.43,1.4782,773.0
2019-05-27 13:15,{},13.51,2258,13.52,13.44,13.44,4.3676,2284.0
2019-05-27 13:20,{},13.49,2258,13.51,13.46,13.51,2.1838,1142.0
2019-05-27 13:25,{},13.53,2258,13.53,13.47,13.49,2.2048,1153.0
2019-05-27 13:30,{},13.6,2258,13.63,13.53,13.53,4.0349,2110.0
2019-05-27 13:35,{},13.53,2258,13.6,13.51,13.6,3.4115,1784.0
2019-05-27 13:40,{},13.55,2258,13.57,13.51,13.53,1.9371,1013.0
2019-05-27 13:45,{},13.52,2258,13.55,13.49,13.55,1.7746,928.0
2019-05-27 13:50,{},13.55,2258,13.56,13.5,13.52,2.6619,1392.0
2019-05-27 13:55,{},13.57,2258,13.57,13.53,13.55,1.7191,899.0
2019-05-27 14:00,{},13.53,2258,13.57,13.5,13.57,2.6886,1406.0
2019-05-27 14:05,{},13.5,2258,13.54,13.49,13.53,2.5701,1344.0
2019-05-27 14:10,{},13.54,2258,13.54,13.5,13.5,3.727,1949.0
2019-05-27 14:15,{},13.58,2258,13.58,13.54,13.54,1.0747,562.0
2019-05-27 14:20,{},13.59,2258,13.61,13.57,13.58,1.9084,998.0
2019-05-27 14:25,{},13.56,2258,13.59,13.54,13.59,2.1953,1148.0
2019-05-27 14:30,{},13.59,2258,13.6,13.56,13.56,3.7576,1965.0
2019-05-27 14:35,{},13.59,2258,13.6,13.58,13.59,0.8414,440.0
2019-05-27 14:40,{},13.57,2258,13.59,13.56,13.59,1.9084,998.0
2019-05-27 14:45,{},13.58,2258,13.59,13.57,13.57,1.7038,891.0
2019-05-27 14:50,{},13.59,2258,13.6,13.58,13.58,2.0117,1052.0
2019-05-27 14:55,{},13.58,2258,13.59,13.56,13.59,5.3448,2795.0
2019-05-27 15:00,{},13.57,2258,13.59,13.57,13.58,2.8129,1471.0
2019-05-28 09:35,{},13.58,2258,13.63,13.51,13.57,4.926,2576.0
2019-05-28 09:40,{},13.64,2258,13.67,13.59,13.59,3.9144,2047.0
2019-05-28 09:45,{},13.8,2258,13.8,13.63,13.64,5.1937,2716.0
2019-05-28 09:50,{},13.75,2258,13.8,13.7,13.8,3.6734,1921.0
2019-05-28 09:55,{},13.83,2258,13.88,13.75,13.75,7.4731,3908.0
2019-05-28 10:00,{},13.83,2258,13.84,13.75,13.83,3.2642,1707.0
2019-05-28 10:05,{},13.78,2258,13.85,13.78,13.83,2.5605,1339.0
2019-05-28 10:10,{},13.78,2258,13.82,13.76,13.78,2.0098,1051.0
2019-05-28 10:15,{},13.78,2258,13.8,13.76,13.78,1.4858,777.0
2019-05-28 10:20,{},13.76,2258,13.79,13.76,13.78,1.6923,885.0
2019-05-28 10:25,{},13.79,2258,13.8,13.76,13.76,2.3903,1250.0
2019-05-28 10:30,{},13.79,2258,13.79,13.7,13.79,2.6141,1367.0
2019-05-28 10:35,{},13.79,2258,13.8,13.75,13.79,1.1072,579.0
2019-05-28 10:40,{},13.81,2258,13.82,13.77,13.79,1.4916,780.0
2019-05-28 10:45,{},13.77,2258,13.81,13.77,13.81,0.3002,157.0
2019-05-28 10:50,{},13.8,2258,13.81,13.77,13.77,0.6789,355.0
2019-05-28 10:55,{},13.79,2258,13.81,13.79,13.8,0.4762,249.0
2019-05-28 11:00,{},13.79,2258,13.81,13.77,13.79,1.547,809.0
2019-05-28 11:05,{},13.77,2258,13.79,13.77,13.79,1.0823,566.0
2019-05-28 11:10,{},13.76,2258,13.78,13.75,13.77,0.7649,400.0
2019-05-28 11:15,{},13.76,2258,13.78,13.75,13.76,0.6999,366.0
2019-05-28 11:20,{},13.82,2258,13.84,13.76,13.76,3.5568,1860.0
2019-05-28 11:25,{},13.81,2258,13.84,13.79,13.82,0.7114,372.0
2019-05-28 11:30,{},13.8,2258,13.82,13.8,13.81,0.2658,139.0
2019-05-28 13:05,{},13.83,2258,13.85,13.8,13.8,4.5454,2377.0
2019-05-28 13:10,{},13.85,2258,13.87,13.83,13.84,1.9811,1036.0
2019-05-28 13:15,{},13.89,2258,13.9,13.85,13.85,2.18,1140.0
2019-05-28 13:20,{},13.9,2258,13.92,13.88,13.89,2.2488,1176.0
2019-05-28 13:25,{},13.9,2258,13.91,13.88,13.9,1.4074,736.0
2019-05-28 13:30,{},13.88,2258,13.9,13.85,13.9,1.4514,759.0
2019-05-28 13:35,{},13.83,2258,13.88,13.83,13.88,0.8548,447.0
2019-05-28 13:40,{},13.72,2258,13.89,13.72,13.84,6.5132,3406.0
2019-05-28 13:45,{},13.78,2258,13.86,13.7,13.72,5.0082,2619.0
2019-05-28 13:50,{},13.74,2258,13.81,13.71,13.78,4.4651,2335.0
2019-05-28 13:55,{},13.77,2258,13.77,13.74,13.74,0.8548,447.0
2019-05-28 14:00,{},13.75,2258,13.78,13.75,13.77,0.8701,455.0
2019-05-28 14:05,{},13.69,2258,13.76,13.68,13.75,2.3597,1234.0
2019-05-28 14:10,{},13.71,2258,13.76,13.68,13.69,2.1035,1100.0
2019-05-28 14:15,{},13.73,2258,13.75,13.71,13.71,0.4073,213.0
2019-05-28 14:20,{},13.75,2258,13.75,13.7,13.73,1.7975,940.0
2019-05-28 14:25,{},13.74,2258,13.75,13.73,13.75,0.3691,193.0
2019-05-28 14:30,{},13.67,2258,13.74,13.67,13.74,5.8725,3071.0
2019-05-28 14:35,{},13.66,2258,13.69,13.6,13.67,9.4313,4932.0
2019-05-28 14:40,{},13.64,2258,13.67,13.64,13.66,1.4648,766.0
2019-05-28 14:45,{},13.6,2258,13.65,13.5,13.64,5.0464,2639.0
2019-05-28 14:50,{},13.6,2258,13.62,13.6,13.61,1.7076,893.0
2019-05-28 14:55,{},13.6,2258,13.61,13.6,13.6,3.4765,1818.0
2019-05-28 15:00,{},13.63,2258,13.63,13.6,13.6,1.0479,548.0
2019-05-29 09:35,{},13.53,2258,13.65,13.52,13.62,3.3656,1760.0
2019-05-29 09:40,{},13.71,2258,13.75,13.53,13.53,2.7651,1446.0
2019-05-29 09:45,{},13.75,2258,13.77,13.65,13.71,4.316,2257.0
2019-05-29 09:50,{},13.75,2258,13.77,13.71,13.75,1.7688,925.0
2019-05-29 09:55,{},13.72,2258,13.75,13.69,13.75,0.6808,356.0
2019-05-29 10:00,{},13.68,2258,13.72,13.67,13.72,0.4609,241.0
2019-05-29 10:05,{},13.71,2258,13.77,13.68,13.68,1.2085,632.0
2019-05-29 10:10,{},13.7,2258,13.74,13.68,13.71,0.9963,521.0
2019-05-29 10:15,{},13.71,2258,13.72,13.69,13.7,1.0938,572.0
2019-05-29 10:20,{},13.72,2258,13.74,13.7,13.71,0.5756,301.0
2019-05-29 10:25,{},13.73,2258,13.73,13.71,13.72,0.6272,328.0
2019-05-29 10:30,{},13.75,2258,13.75,13.73,13.73,0.5737,300.0
2019-05-29 10:35,{},13.74,2258,13.75,13.71,13.75,1.7841,933.0
2019-05-29 10:40,{},13.7,2258,13.75,13.69,13.74,1.9601,1025.0
2019-05-29 10:45,{},13.72,2258,13.72,13.7,13.7,0.2046,107.0
2019-05-29 10:50,{},13.75,2258,13.75,13.71,13.72,1.2391,648.0
2019-05-29 10:55,{},13.74,2258,13.75,13.71,13.75,0.2199,115.0
2019-05-29 11:00,{},13.73,2258,13.74,13.72,13.74,0.4704,246.0
2019-05-29 11:05,{},13.75,2258,13.75,13.71,13.73,0.7286,381.0
2019-05-29 11:10,{},13.75,2258,13.75,13.72,13.75,0.9427,493.0
2019-05-29 11:15,{},13.79,2258,13.82,13.75,13.75,2.2431,1173.0
2019-05-29 11:20,{},13.79,2258,13.79,13.76,13.79,0.6903,361.0
2019-05-29 11:25,{},13.81,2258,13.85,13.79,13.79,1.5336,802.0
2019-05-29 11:30,{},13.8,2258,13.82,13.78,13.81,0.3499,183.0
2019-05-29 13:05,{},13.8,2258,13.84,13.8,13.8,1.4877,778.0
2019-05-29 13:10,{},13.78,2258,13.82,13.77,13.8,0.6253,327.0
2019-05-29 13:15,{},13.8,2258,13.8,13.76,13.79,0.5067,265.0
2019-05-29 13:20,{},13.76,2258,13.79,13.75,13.79,0.5966,312.0
2019-05-29 13:25,{},13.78,2258,13.8,13.76,13.76,0.4934,258.0
2019-05-29 13:30,{},13.79,2258,13.8,13.78,13.78,0.6043,316.0
2019-05-29 13:35,{},13.78,2258,13.81,13.76,13.79,0.5947,311.0
2019-05-29 13:40,{},13.82,2258,13.83,13.78,13.78,1.2659,662.0
2019-05-29 13:45,{},13.78,2258,13.84,13.77,13.82,2.3196,1213.0
2019-05-29 13:50,{},13.77,2258,13.8,13.77,13.78,0.8567,448.0
2019-05-29 13:55,{},13.75,2258,13.79,13.73,13.77,1.7402,910.0
2019-05-29 14:00,{},13.76,2258,13.78,13.75,13.75,0.7974,417.0
2019-05-29 14:05,{},13.77,2258,13.77,13.73,13.76,0.96,502.0
2019-05-29 14:10,{},13.74,2258,13.77,13.74,13.77,0.5144,269.0
2019-05-29 14:15,{},13.76,2258,13.76,13.74,13.74,0.5603,293.0
2019-05-29 14:20,{},13.75,2258,13.77,13.75,13.76,0.7267,380.0
2019-05-29 14:25,{},13.73,2258,13.76,13.73,13.75,1.2831,671.0
2019-05-29 14:30,{},13.73,2258,13.74,13.72,13.73,0.7783,407.0
2019-05-29 14:35,{},13.72,2258,13.74,13.72,13.73,1.3902,727.0
2019-05-29 14:40,{},13.8,2258,13.81,13.71,13.72,2.7804,1454.0
2019-05-29 14:45,{},13.82,2258,13.82,13.75,13.8,3.1686,1657.0
2019-05-29 14:50,{},13.8,2258,13.85,13.79,13.82,6.9052,3611.0
2019-05-29 14:55,{},13.87,2258,13.87,13.78,13.8,17.8242,9321.0
2019-05-29 15:00,{},13.86,2258,13.88,13.85,13.87,5.5188,2886.0
2019-05-30 09:35,{},13.64,2258,13.85,13.63,13.85,4.1094,2149.0
2019-05-30 09:40,{},13.7,2258,13.76,13.64,13.64,1.9907,1041.0
2019-05-30 09:45,{},13.7,2258,13.8,13.7,13.7,2.2699,1187.0
2019-05-30 09:50,{},13.73,2258,13.73,13.66,13.7,2.0844,1090.0
2019-05-30 09:55,{},13.79,2258,13.79,13.7,13.73,1.6809,879.0
2019-05-30 10:00,{},13.71,2258,13.78,13.7,13.78,1.9887,1040.0
2019-05-30 10:05,{},13.7,2258,13.73,13.66,13.71,1.7287,904.0
2019-05-30 10:10,{},13.7,2258,13.73,13.67,13.7,1.1359,594.0
2019-05-30 10:15,{},13.72,2258,13.77,13.69,13.7,1.4667,767.0
2019-05-30 10:20,{},13.74,2258,13.77,13.71,13.72,1.1569,605.0
2019-05-30 10:25,{},13.67,2258,13.78,13.66,13.74,2.8072,1468.0
2019-05-30 10:30,{},13.72,2258,13.77,13.65,13.67,4.2433,2219.0
2019-05-30 10:35,{},13.73,2258,13.75,13.71,13.72,1.002,524.0
2019-05-30 10:40,{},13.73,2258,13.73,13.72,13.73,1.0785,564.0
2019-05-30 10:45,{},13.7,2258,13.73,13.66,13.73,2.157,1128.0
2019-05-30 10:50,{},13.68,2258,13.71,13.67,13.7,2.027,1060.0
2019-05-30 10:50,{},13.68,2258,13.71,13.67,13.7,2.0269999999999997,1060.0
2019-05-30 10:55,{},13.67,2258,13.69,13.67,13.68,0.8796,460.0
2019-05-30 11:00,{},13.65,2258,13.68,13.65,13.67,1.6694,873.0
2019-05-30 11:05,{},13.69,2258,13.71,13.64,13.65,1.7746,928.0
2019-05-30 11:10,{},13.72,2258,13.75,13.66,13.69,0.8127,425.0
2019-05-30 11:15,{},13.71,2258,13.75,13.7,13.72,0.5067,265.0
2019-05-30 11:20,{},13.7,2258,13.72,13.7,13.71,0.6081,318.0
2019-05-30 11:25,{},13.71,2258,13.74,13.7,13.7,0.3767,197.0
2019-05-30 11:30,{},13.7,2258,13.71,13.7,13.71,0.3079,161.0
2019-05-30 13:05,{},13.69,2258,13.73,13.68,13.7,1.3998,732.0
2019-05-30 13:10,{},13.66,2258,13.73,13.66,13.69,1.0001,523.0
2019-05-30 13:15,{},13.67,2258,13.68,13.66,13.66,0.3346,175.0
2019-05-30 13:20,{},13.66,2258,13.68,13.66,13.67,0.8835,462.0
2019-05-30 13:25,{},13.62,2258,13.67,13.62,13.66,4.3886,2295.0
2019-05-30 13:30,{},13.56,2258,13.62,13.56,13.62,2.7135,1419.0
2019-05-30 13:35,{},13.58,2258,13.6,13.56,13.56,2.6963,1410.0
2019-05-30 13:40,{},13.62,2258,13.63,13.57,13.58,3.1438,1644.0
2019-05-30 13:45,{},13.63,2258,13.64,13.58,13.62,1.4055,735.0
2019-05-30 13:50,{},13.55,2258,13.63,13.55,13.63,3.7595,1966.0
2019-05-30 13:55,{},13.52,2258,13.56,13.51,13.55,1.9754,1033.0
2019-05-30 14:00,{},13.54,2258,13.57,13.51,13.52,2.1245,1111.0
2019-05-30 14:05,{},13.56,2258,13.59,13.54,13.54,2.1073,1102.0
2019-05-30 14:10,{},13.55,2258,13.6,13.55,13.56,4.2165,2205.0
2019-05-30 14:15,{},13.53,2258,13.57,13.53,13.55,1.786,934.0
2019-05-30 14:20,{},13.54,2258,13.54,13.49,13.53,5.2491,2745.0
2019-05-30 14:25,{},13.47,2258,13.54,13.45,13.54,6.6451,3475.0
2019-05-30 14:30,{},13.49,2258,13.5,13.45,13.47,5.5876,2922.0
2019-05-30 14:35,{},13.46,2258,13.54,13.45,13.49,6.3372,3314.0
2019-05-30 14:40,{},13.54,2258,13.54,13.45,13.45,5.23,2735.0
2019-05-30 14:45,{},13.51,2258,13.54,13.51,13.54,1.6598,868.0
2019-05-30 14:50,{},13.53,2258,13.53,13.5,13.51,2.4305,1271.0
2019-05-30 14:55,{},13.55,2258,13.55,13.53,13.53,1.6904,884.0
2019-05-30 15:00,{},13.54,2258,13.55,13.54,13.55,1.1703,612.0
2019-05-31 09:35,{},13.7,2258,13.71,13.55,13.6,3.5243,1843.0
2019-05-31 09:40,{},13.75,2258,13.77,13.66,13.7,3.1896,1668.0
2019-05-31 09:45,{},13.72,2258,13.76,13.7,13.76,2.0614,1078.0
2019-05-31 09:50,{},13.72,2258,13.73,13.68,13.72,1.809,946.0
2019-05-31 09:50,{},13.72,2258,13.73,13.68,13.72,1.8090000000000002,946.0
2019-05-31 09:55,{},13.68,2258,13.73,13.68,13.72,1.046,547.0
2019-05-31 10:00,{},13.7,2258,13.7,13.68,13.68,0.8012,419.0
2019-05-31 10:05,{},13.72,2258,13.75,13.7,13.7,1.5986,836.0
2019-05-31 10:10,{},13.71,2258,13.74,13.69,13.72,0.8433,441.0
2019-05-31 10:15,{},13.71,2258,13.74,13.71,13.72,0.8701,455.0
2019-05-31 10:20,{},13.7,2258,13.72,13.69,13.71,0.4647,243.0
2019-05-31 10:25,{},13.7,2258,13.72,13.7,13.7,0.6463,338.0
2019-05-31 10:30,{},13.7,2258,13.72,13.69,13.7,1.5853,829.0
2019-05-31 10:35,{},13.72,2258,13.72,13.68,13.7,1.4858,777.0
2019-05-31 10:40,{},13.7,2258,13.72,13.7,13.72,1.3175,689.0
2019-05-31 10:45,{},13.69,2258,13.72,13.68,13.7,1.8645,975.0
2019-05-31 10:50,{},13.7,2258,13.71,13.68,13.69,1.7899,936.0
2019-05-31 10:55,{},13.7,2258,13.7,13.68,13.7,1.0173,532.0
2019-05-31 11:00,{},13.71,2258,13.71,13.68,13.7,0.6559,343.0
2019-05-31 11:05,{},13.7,2258,13.71,13.68,13.71,1.3883,726.0
2019-05-31 11:10,{},13.7,2258,13.72,13.68,13.7,1.8721,979.0
2019-05-31 11:15,{},13.71,2258,13.71,13.69,13.7,1.1512,602.0
2019-05-31 11:20,{},13.73,2258,13.74,13.69,13.71,3.8685,2023.0
2019-05-31 11:25,{},13.72,2258,13.74,13.72,13.73,0.9638,504.0
2019-05-31 11:30,{},13.71,2258,13.72,13.7,13.72,0.3691,193.0
2019-05-31 13:05,{},13.74,2258,13.74,13.71,13.71,1.4495,758.0
2019-05-31 13:10,{},13.72,2258,13.75,13.72,13.74,1.0231,535.0
2019-05-31 13:15,{},13.78,2258,13.8,13.72,13.72,3.5262,1844.0
2019-05-31 13:20,{},13.79,2258,13.82,13.78,13.78,1.5585,815.0
2019-05-31 13:25,{},13.81,2258,13.82,13.78,13.79,1.352,707.0
2019-05-31 13:25,{},13.81,2258,13.82,13.78,13.79,1.3519999999999999,707.0
2019-05-31 13:30,{},13.76,2258,13.82,13.76,13.81,2.0021,1047.0
2019-05-31 13:35,{},13.78,2258,13.78,13.74,13.76,1.1703,612.0
2019-05-31 13:40,{},13.79,2258,13.81,13.76,13.78,1.5489,810.0
2019-05-31 13:45,{},13.79,2258,13.8,13.78,13.79,1.0976,574.0
2019-05-31 13:50,{},13.72,2258,13.8,13.72,13.79,1.2105,633.0
2019-05-31 13:55,{},13.76,2258,13.79,13.7,13.72,3.5759,1870.0
2019-05-31 14:00,{},13.76,2258,13.76,13.71,13.76,1.5661,819.0
2019-05-31 14:05,{},13.73,2258,13.77,13.73,13.76,2.1742,1137.0
2019-05-31 14:10,{},13.77,2258,13.77,13.73,13.73,1.7325,906.0
2019-05-31 14:15,{},13.77,2258,13.79,13.76,13.77,2.3712,1240.0
2019-05-31 14:20,{},13.78,2258,13.78,13.74,13.77,1.5642,818.0
2019-05-31 14:25,{},13.79,2258,13.81,13.76,13.78,2.5873,1353.0
2019-05-31 14:30,{},13.78,2258,13.79,13.73,13.79,2.484,1299.0
2019-05-31 14:35,{},13.73,2258,13.78,13.73,13.78,1.1569,605.0
2019-05-31 14:40,{},13.77,2258,13.77,13.73,13.73,1.8281,956.0
2019-05-31 14:45,{},13.76,2258,13.78,13.76,13.77,2.6026,1361.0
2019-05-31 14:50,{},13.76,2258,13.76,13.75,13.76,1.4571,762.0
2019-05-31 14:55,{},13.73,2258,13.76,13.73,13.75,2.0136,1053.0
2019-05-31 15:00,{},13.74,2258,13.75,13.73,13.73,1.3711,717.0
2019-06-03 09:35,{},13.68,2258,13.78,13.6,13.78,5.3734,2810.0
2019-06-03 09:40,{},13.69,2258,13.77,13.65,13.68,1.2143,635.0
2019-06-03 09:45,{},13.69,2258,13.74,13.67,13.69,1.4132,739.0
2019-06-03 09:50,{},13.7,2258,13.76,13.69,13.69,1.6216,848.0
2019-06-03 09:55,{},13.72,2258,13.72,13.66,13.7,2.4859,1300.0
2019-06-03 10:00,{},13.57,2258,13.72,13.57,13.72,3.2451,1697.0
2019-06-03 10:05,{},13.62,2258,13.62,13.57,13.57,1.8224,953.0
2019-06-03 10:10,{},13.6,2258,13.64,13.59,13.62,1.0288,538.0
2019-06-03 10:15,{},13.5,2258,13.6,13.5,13.6,3.0042,1571.0
2019-06-03 10:20,{},13.49,2258,13.52,13.48,13.5,2.3368,1222.0
2019-06-03 10:25,{},13.44,2258,13.51,13.44,13.49,2.8741,1503.0
2019-06-03 10:30,{},13.32,2258,13.45,13.32,13.44,3.9048,2042.0
2019-06-03 10:35,{},13.36,2258,13.4,13.31,13.32,3.2489,1699.0
2019-06-03 10:40,{},13.35,2258,13.42,13.35,13.36,1.2736,666.0
2019-06-03 10:45,{},13.42,2258,13.45,13.35,13.35,1.7344,907.0
2019-06-03 10:50,{},13.35,2258,13.42,13.34,13.42,2.3368,1222.0
2019-06-03 10:55,{},13.37,2258,13.39,13.32,13.35,2.528,1322.0
2019-06-03 11:00,{},13.38,2258,13.38,13.33,13.37,1.7306,905.0
2019-06-03 11:05,{},13.34,2258,13.38,13.33,13.38,0.7343,384.0
2019-06-03 11:10,{},13.33,2258,13.34,13.3,13.33,4.1687,2180.0
2019-06-03 11:15,{},13.33,2258,13.37,13.33,13.33,1.2277,642.0
2019-06-03 11:20,{},13.37,2258,13.38,13.33,13.33,0.8051,421.0
2019-06-03 11:25,{},13.34,2258,13.37,13.32,13.37,1.6828,880.0
2019-06-03 11:30,{},13.36,2258,13.36,13.33,13.33,0.6119,320.0
2019-06-03 13:05,{},13.42,2258,13.43,13.36,13.36,1.4877,778.0
2019-06-03 13:10,{},13.43,2258,13.48,13.4,13.42,1.4935,781.0
2019-06-03 13:15,{},13.46,2258,13.48,13.37,13.43,1.2258,641.0
2019-06-03 13:20,{},13.46,2258,13.46,13.41,13.46,0.8204,429.0
2019-06-03 13:25,{},13.47,2258,13.47,13.42,13.47,0.4934,258.0
2019-06-03 13:30,{},13.46,2258,13.48,13.44,13.47,0.8031,420.0
2019-06-03 13:35,{},13.47,2258,13.47,13.42,13.46,0.6024,315.0
2019-06-03 13:40,{},13.49,2258,13.51,13.47,13.47,1.4457,756.0
2019-06-03 13:45,{},13.55,2258,13.55,13.48,13.49,1.1588,606.0
2019-06-03 13:50,{},13.56,2258,13.57,13.54,13.55,0.8127,425.0
2019-06-03 13:55,{},13.53,2258,13.57,13.49,13.56,0.6769,354.0
2019-06-03 14:00,{},13.51,2258,13.53,13.51,13.53,0.4532,237.0
2019-06-03 14:05,{},13.54,2258,13.54,13.51,13.51,0.4494,235.0
2019-06-03 14:10,{},13.51,2258,13.54,13.5,13.54,0.7955,416.0
2019-06-03 14:15,{},13.5,2258,13.51,13.49,13.51,1.285,672.0
2019-06-03 14:20,{},13.48,2258,13.5,13.47,13.5,0.9619,503.0
2019-06-03 14:25,{},13.4,2258,13.48,13.38,13.48,2.7804,1454.0
2019-06-03 14:30,{},13.34,2258,13.44,13.34,13.4,4.1974,2195.0
2019-06-03 14:35,{},13.4,2258,13.43,13.34,13.34,1.9046,996.0
2019-06-03 14:40,{},13.37,2258,13.41,13.33,13.4,3.8972,2038.0
2019-06-03 14:45,{},13.4,2258,13.44,13.37,13.37,0.9274,485.0
2019-06-03 14:50,{},13.38,2258,13.43,13.38,13.38,0.9714,508.0
2019-06-03 14:55,{},13.4,2258,13.4,13.38,13.38,1.1971,626.0
2019-06-03 15:00,{},13.4,2258,13.41,13.39,13.4,0.6674,349.0
2019-06-04 09:35,{},13.28,2258,13.4,13.23,13.4,5.1784,2708.0
2019-06-04 09:40,{},13.2,2258,13.28,13.2,13.28,3.5071,1834.0
2019-06-04 09:45,{},13.18,2258,13.26,13.18,13.21,4.4842,2345.0
2019-06-04 09:50,{},13.19,2258,13.21,13.16,13.18,4.3466,2273.0
2019-06-04 09:55,{},13.21,2258,13.21,13.17,13.18,2.4152,1263.0
2019-06-04 10:00,{},13.19,2258,13.21,13.18,13.2,1.2984,679.0
2019-06-04 10:05,{},13.2,2258,13.21,13.17,13.19,1.6503,863.0
2019-06-04 10:10,{},13.22,2258,13.27,13.2,13.21,0.6081,318.0
2019-06-04 10:15,{},13.2,2258,13.23,13.19,13.22,0.9714,508.0
2019-06-04 10:20,{},13.21,2258,13.21,13.18,13.2,1.983,1037.0
2019-06-04 10:25,{},13.19,2258,13.23,13.19,13.21,0.8663,453.0
2019-06-04 10:30,{},13.2,2258,13.21,13.19,13.19,0.8223,430.0
2019-06-04 10:35,{},13.2,2258,13.22,13.19,13.2,0.8816,461.0
2019-06-04 10:40,{},13.17,2258,13.2,13.12,13.2,5.8611,3065.0
2019-06-04 10:45,{},13.17,2258,13.18,13.13,13.17,0.8796,460.0
2019-06-04 10:50,{},13.2,2258,13.21,13.14,13.17,1.6503,863.0
2019-06-04 10:55,{},13.16,2258,13.2,13.15,13.17,1.1722,613.0
2019-06-04 11:00,{},13.2,2258,13.2,13.16,13.2,1.2391,648.0
2019-06-04 11:05,{},13.18,2258,13.2,13.17,13.18,0.4685,245.0
2019-06-04 11:10,{},13.19,2258,13.2,13.17,13.18,0.5546,290.0
2019-06-04 11:15,{},13.16,2258,13.19,13.16,13.19,1.1665,610.0
2019-06-04 11:20,{},13.17,2258,13.2,13.15,13.16,0.5966,312.0
2019-06-04 11:25,{},13.18,2258,13.2,13.16,13.2,0.4379,229.0
2019-06-04 11:30,{},13.22,2258,13.22,13.17,13.18,0.4876,255.0
2019-06-04 13:05,{},13.2,2258,13.23,13.19,13.22,0.8318,435.0
2019-06-04 13:10,{},13.23,2258,13.23,13.19,13.2,0.6884,360.0
2019-06-04 13:15,{},13.24,2258,13.24,13.2,13.23,0.8988,470.0
2019-06-04 13:20,{},13.25,2258,13.25,13.21,13.24,0.4991,261.0
2019-06-04 13:25,{},13.2,2258,13.24,13.19,13.22,1.3539,708.0
2019-06-04 13:30,{},13.23,2258,13.23,13.19,13.2,0.4417,231.0
2019-06-04 13:35,{},13.2,2258,13.23,13.2,13.2,0.6884,360.0
2019-06-04 13:40,{},13.19,2258,13.22,13.19,13.2,0.633,331.0
2019-06-04 13:45,{},13.21,2258,13.22,13.19,13.21,0.7821,409.0
2019-06-04 13:50,{},13.2,2258,13.22,13.17,13.21,1.069,559.0
2019-06-04 13:55,{},13.22,2258,13.22,13.19,13.2,0.4188,219.0
2019-06-04 14:00,{},13.19,2258,13.22,13.19,13.22,0.7114,372.0
2019-06-04 14:05,{},13.18,2258,13.2,13.17,13.19,0.8490000000000001,444.0
2019-06-04 14:10,{},13.17,2258,13.18,13.15,13.18,0.8433,441.0
2019-06-04 14:15,{},13.16,2258,13.18,13.15,13.17,1.0498,549.0
2019-06-04 14:20,{},13.14,2258,13.17,13.14,13.16,1.4227,744.0
2019-06-04 14:25,{},13.15,2258,13.15,13.13,13.14,1.2602,659.0
2019-06-04 14:30,{},13.15,2258,13.15,13.14,13.15,1.2965,678.0
2019-06-04 14:35,{},13.16,2258,13.17,13.15,13.15,0.4972,260.0
2019-06-04 14:40,{},13.15,2258,13.17,13.13,13.16,3.8819,2030.0
2019-06-04 14:45,{},13.16,2258,13.18,13.15,13.15,1.3042,682.0
2019-06-04 14:50,{},13.18,2258,13.24,13.16,13.16,2.8512,1491.0
2019-06-04 14:55,{},13.15,2258,13.23,13.13,13.18,3.4956,1828.0
2019-06-04 15:00,{},13.18,2258,13.18,13.14,13.15,1.1971,626.0
2019-06-05 09:35,{},13.2,2258,13.35,13.2,13.26,3.9832,2083.0
2019-06-05 09:40,{},13.23,2258,13.24,13.19,13.2,1.4724,770.0
2019-06-05 09:45,{},13.2,2258,13.24,13.19,13.23,1.5069,788.0
2019-06-05 09:50,{},13.18,2258,13.24,13.17,13.2,1.3558,709.0
2019-06-05 09:55,{},13.17,2258,13.18,13.15,13.18,1.7727,927.0
2019-06-05 10:00,{},13.17,2258,13.19,13.16,13.17,1.9027,995.0
2019-06-05 10:05,{},13.13,2258,13.18,13.13,13.17,3.1533,1649.0
2019-06-05 10:10,{},13.14,2258,13.16,13.1,13.12,1.2219,639.0
2019-06-05 10:15,{},13.16,2258,13.16,13.13,13.14,0.937,490.0
2019-06-05 10:20,{},13.12,2258,13.16,13.12,13.16,1.0345,541.0
2019-06-05 10:25,{},13.11,2258,13.12,13.09,13.12,2.1761,1138.0
2019-06-05 10:30,{},13.14,2258,13.18,13.11,13.11,1.6637,870.0
2019-06-05 10:35,{},13.15,2258,13.18,13.13,13.14,0.8242,431.0
2019-06-05 10:40,{},13.16,2258,13.18,13.14,13.15,0.7917,414.0
2019-06-05 10:45,{},13.16,2258,13.18,13.15,13.16,0.392,205.0
2019-06-05 10:50,{},13.18,2258,13.18,13.15,13.16,0.3863,202.0
2019-06-05 10:55,{},13.16,2258,13.18,13.15,13.18,0.7018,367.0
2019-06-05 11:00,{},13.18,2258,13.18,13.15,13.16,0.6387,334.0
2019-06-05 11:05,{},13.21,2258,13.23,13.17,13.18,1.0288,538.0
2019-06-05 11:10,{},13.22,2258,13.22,13.18,13.21,0.8529,446.0
2019-06-05 11:15,{},13.25,2258,13.27,13.22,13.22,1.1646,609.0
2019-06-05 11:20,{},13.23,2258,13.26,13.23,13.25,0.7133,373.0
2019-06-05 11:25,{},13.25,2258,13.25,13.21,13.23,0.4398,230.0
2019-06-05 11:30,{},13.26,2258,13.26,13.22,13.25,0.5584,292.0
2019-06-05 13:05,{},13.25,2258,13.26,13.25,13.26,0.8031,420.0
2019-06-05 13:10,{},13.25,2258,13.26,13.24,13.25,0.6157,322.0
2019-06-05 13:15,{},13.26,2258,13.26,13.23,13.25,0.7859,411.0
2019-06-05 13:20,{},13.27,2258,13.27,13.26,13.26,0.9447,494.0
2019-06-05 13:25,{},13.25,2258,13.27,13.25,13.27,1.0651,557.0
2019-06-05 13:30,{},13.23,2258,13.25,13.2,13.25,1.2869,673.0
2019-06-05 13:35,{},13.24,2258,13.25,13.23,13.23,0.3767,197.0
2019-06-05 13:40,{},13.22,2258,13.24,13.21,13.24,0.7993,418.0
2019-06-05 13:45,{},13.23,2258,13.23,13.2,13.22,1.025,536.0
2019-06-05 13:50,{},13.23,2258,13.24,13.2,13.23,0.7056,369.0
2019-06-05 13:55,{},13.19,2258,13.25,13.19,13.2,1.1340000000000001,593.0
2019-06-05 13:55,{},13.19,2258,13.25,13.19,13.2,1.134,593.0
2019-06-05 14:00,{},13.21,2258,13.24,13.19,13.19,1.4017,733.0
2019-06-05 14:05,{},13.24,2258,13.24,13.2,13.21,0.5985,313.0
2019-06-05 14:10,{},13.23,2258,13.24,13.2,13.24,0.5297,277.0
2019-06-05 14:15,{},13.21,2258,13.24,13.21,13.23,0.5354,280.0
2019-06-05 14:20,{},13.21,2258,13.23,13.2,13.21,0.7936,415.0
2019-06-05 14:25,{},13.22,2258,13.22,13.19,13.21,0.6559,343.0
2019-06-05 14:30,{},13.2,2258,13.22,13.18,13.22,1.0957,573.0
2019-06-05 14:35,{},13.19,2258,13.2,13.15,13.2,1.1837,619.0
2019-06-05 14:40,{},13.13,2258,13.19,13.13,13.15,1.3539,708.0
2019-06-05 14:45,{},13.17,2258,13.17,13.1,13.13,2.4114,1261.0
2019-06-05 14:50,{},13.13,2258,13.17,13.12,13.17,1.4591,763.0
2019-06-05 14:55,{},13.12,2258,13.14,13.12,13.13,2.2125,1157.0
2019-06-05 15:00,{},13.13,2258,13.14,13.12,13.12,0.7879,412.0
2019-06-06 09:35,{},13.04,2258,13.2,13.02,13.15,3.7117,1941.0
2019-06-06 09:40,{},13.08,2258,13.15,13.04,13.04,1.9562,1023.0
2019-06-06 09:45,{},13.1,2258,13.14,13.07,13.08,1.6598,868.0
2019-06-06 09:50,{},13.08,2258,13.13,13.05,13.1,3.1055,1624.0
2019-06-06 09:55,{},13.08,2258,13.1,13.06,13.08,1.2238,640.0
2019-06-06 10:00,{},13.03,2258,13.08,13.02,13.08,2.8359,1483.0
2019-06-06 10:05,{},13.04,2258,13.05,13.02,13.03,2.1781,1139.0
2019-06-06 10:10,{},13.11,2258,13.14,13.03,13.04,1.1684,611.0
2019-06-06 10:15,{},13.06,2258,13.13,13.05,13.11,1.2984,679.0
2019-06-06 10:20,{},13.02,2258,13.07,13.02,13.06,1.4629,765.0
2019-06-06 10:25,{},13.06,2258,13.07,13.02,13.02,0.3251,170.0
2019-06-06 10:30,{},13.02,2258,13.06,13.02,13.06,1.3233,692.0
2019-06-06 10:35,{},12.97,2258,13.04,12.97,13.02,3.9335,2057.0
2019-06-06 10:40,{},13.0,2258,13.0,12.93,12.97,2.8703,1501.0
2019-06-06 10:45,{},13.0,2258,13.0,12.98,13.0,0.3557,186.0
2019-06-06 10:50,{},12.98,2258,13.0,12.96,13.0,0.6177,323.0
2019-06-06 10:55,{},12.96,2258,12.98,12.95,12.98,0.6674,349.0
2019-06-06 11:00,{},12.95,2258,12.98,12.94,12.96,1.6216,848.0
2019-06-06 11:05,{},12.91,2258,12.97,12.91,12.95,1.4418,754.0
2019-06-06 11:10,{},12.9,2258,12.93,12.89,12.91,2.528,1322.0
2019-06-06 11:15,{},12.91,2258,12.91,12.88,12.9,1.7555,918.0
2019-06-06 11:20,{},12.93,2258,12.94,12.9,12.91,0.8988,470.0
2019-06-06 11:25,{},12.93,2258,12.94,12.9,12.93,1.5585,815.0
2019-06-06 11:30,{},12.92,2258,12.93,12.91,12.93,0.5699,298.0
2019-06-06 13:05,{},12.87,2258,12.93,12.87,12.92,1.7822,932.0
2019-06-06 13:10,{},12.8,2258,12.87,12.8,12.87,3.3178,1735.0
2019-06-06 13:15,{},12.76,2258,12.8,12.75,12.8,5.0235,2627.0
2019-06-06 13:20,{},12.78,2258,12.78,12.75,12.75,1.57,821.0
2019-06-06 13:25,{},12.75,2258,12.78,12.74,12.78,2.0461,1070.0
2019-06-06 13:30,{},12.77,2258,12.78,12.74,12.75,2.1895,1145.0
2019-06-06 13:35,{},12.79,2258,12.79,12.76,12.77,1.2717,665.0
2019-06-06 13:40,{},12.75,2258,12.8,12.75,12.79,1.8224,953.0
2019-06-06 13:45,{},12.84,2258,12.85,12.76,12.76,1.4916,780.0
2019-06-06 13:50,{},12.8,2258,12.85,12.8,12.84,1.8147,949.0
2019-06-06 13:55,{},12.84,2258,12.84,12.79,12.8,0.9944,520.0
2019-06-06 14:00,{},12.8,2258,12.84,12.8,12.84,1.5317,801.0
2019-06-06 14:05,{},12.81,2258,12.83,12.8,12.8,1.352,707.0
2019-06-06 14:05,{},12.81,2258,12.83,12.8,12.8,1.3519999999999999,707.0
2019-06-06 14:10,{},12.8,2258,12.81,12.78,12.81,1.2736,666.0
2019-06-06 14:15,{},12.8,2258,12.83,12.78,12.8,1.1588,606.0
2019-06-06 14:20,{},12.82,2258,12.83,12.79,12.8,1.6598,868.0
2019-06-06 14:25,{},12.8,2258,12.82,12.79,12.82,1.3195,690.0
2019-06-06 14:30,{},12.8,2258,12.84,12.79,12.8,2.855,1493.0
2019-06-06 14:35,{},12.79,2258,12.8,12.77,12.8,3.4822,1821.0
2019-06-06 14:40,{},12.81,2258,12.82,12.79,12.79,2.9353,1535.0
2019-06-06 14:45,{},12.84,2258,12.84,12.79,12.81,4.1037,2146.0
2019-06-06 14:50,{},12.81,2258,12.84,12.8,12.84,3.3312,1742.0
2019-06-06 14:55,{},12.78,2258,12.81,12.78,12.8,2.0021,1047.0
2019-06-06 15:00,{},12.77,2258,12.79,12.77,12.78,3.3866,1771.0
2019-06-10 09:35,{},12.99,2258,13.03,12.76,12.76,6.4902,3394.0
2019-06-10 09:40,{},12.96,2258,13.04,12.96,12.98,2.4458,1279.0
2019-06-10 09:45,{},13.04,2258,13.04,12.93,12.96,2.5204,1318.0
2019-06-10 09:50,{},12.99,2258,13.04,12.96,13.04,0.9905,518.0
2019-06-10 09:55,{},12.9,2258,12.99,12.9,12.99,1.9333,1011.0
2019-06-10 10:00,{},12.89,2258,12.91,12.87,12.9,0.7114,372.0
2019-06-10 10:05,{},12.92,2258,12.93,12.89,12.89,2.4152,1263.0
2019-06-10 10:10,{},12.9,2258,12.94,12.9,12.92,0.8911,466.0
2019-06-10 10:15,{},12.91,2258,12.93,12.9,12.9,0.3958,207.0
2019-06-10 10:20,{},12.92,2258,12.94,12.91,12.91,0.6272,328.0
2019-06-10 10:25,{},13.0,2258,13.01,12.92,12.92,1.3501,706.0
2019-06-10 10:30,{},12.98,2258,13.05,12.95,12.95,2.2622,1183.0
2019-06-10 10:35,{},12.94,2258,12.98,12.94,12.98,0.7171,375.0
2019-06-10 10:40,{},12.99,2258,13.0,12.94,12.94,0.7534,394.0
2019-06-10 10:45,{},13.01,2258,13.01,12.98,13.0,1.155,604.0
2019-06-10 10:50,{},13.04,2258,13.09,12.98,13.01,3.2241,1686.0
2019-06-10 10:55,{},13.01,2258,13.04,13.0,13.04,0.4341,227.0
2019-06-10 11:00,{},13.04,2258,13.04,13.0,13.01,1.0938,572.0
2019-06-10 11:05,{},13.04,2258,13.05,13.01,13.04,1.5030000000000001,786.0
2019-06-10 11:05,{},13.04,2258,13.05,13.01,13.04,1.503,786.0
2019-06-10 11:10,{},13.02,2258,13.04,13.0,13.04,0.1855,97.0
2019-06-10 11:15,{},13.04,2258,13.05,13.0,13.02,1.0976,574.0
2019-06-10 11:20,{},13.0,2258,13.06,13.0,13.04,1.285,672.0
2019-06-10 11:25,{},13.0,2258,13.04,13.0,13.0,0.3939,206.0
2019-06-10 11:30,{},13.01,2258,13.02,13.0,13.0,0.3423,179.0
2019-06-10 13:05,{},13.01,2258,13.05,13.01,13.01,1.5872,830.0
2019-06-10 13:10,{},13.02,2258,13.03,13.0,13.01,1.1474,600.0
2019-06-10 13:15,{},13.01,2258,13.04,13.01,13.01,0.6846,358.0
2019-06-10 13:20,{},13.01,2258,13.03,13.01,13.01,0.4704,246.0
2019-06-10 13:25,{},13.0,2258,13.01,12.98,13.01,1.1646,609.0
2019-06-10 13:30,{},12.98,2258,13.0,12.98,12.99,0.7152,374.0
2019-06-10 13:35,{},12.98,2258,12.99,12.98,12.98,0.6234,326.0
2019-06-10 13:40,{},12.98,2258,13.0,12.97,12.98,1.329,695.0
2019-06-10 13:45,{},12.98,2258,12.99,12.96,12.99,0.5469,286.0
2019-06-10 13:50,{},12.99,2258,13.0,12.96,12.98,0.8567,448.0
2019-06-10 13:55,{},13.01,2258,13.02,12.99,12.99,1.0632,556.0
2019-06-10 14:00,{},13.0,2258,13.02,12.99,13.02,0.7114,372.0
2019-06-10 14:05,{},13.01,2258,13.02,12.98,13.0,1.155,604.0
2019-06-10 14:10,{},12.99,2258,13.02,12.99,13.01,0.524,274.0
2019-06-10 14:15,{},13.0,2258,13.0,12.98,12.99,0.1912,100.0
2019-06-10 14:20,{},12.99,2258,13.0,12.98,13.0,0.5067,265.0
2019-06-10 14:25,{},12.97,2258,13.0,12.97,12.99,0.5679,297.0
2019-06-10 14:30,{},12.99,2258,12.99,12.96,12.97,0.851,445.0
2019-06-10 14:35,{},12.96,2258,12.99,12.96,12.99,1.4132,739.0
2019-06-10 14:40,{},12.98,2258,12.98,12.96,12.96,0.9236,483.0
2019-06-10 14:45,{},12.98,2258,12.99,12.96,12.98,1.199,627.0
2019-06-10 14:50,{},12.99,2258,13.0,12.97,12.98,3.7002,1935.0
2019-06-10 14:55,{},12.96,2258,13.0,12.96,13.0,2.6619,1392.0
2019-06-10 15:00,{},12.97,2258,12.97,12.95,12.96,1.2621,660.0
2019-06-11 09:35,{},13.08,2258,13.09,12.97,12.97,1.6923,885.0
2019-06-11 09:40,{},13.08,2258,13.12,13.05,13.08,2.048,1071.0
2019-06-11 09:45,{},13.11,2258,13.11,13.08,13.08,2.8569,1494.0
2019-06-11 09:50,{},13.18,2258,13.18,13.12,13.12,3.2489,1699.0
2019-06-11 09:55,{},13.24,2258,13.24,13.15,13.18,3.8494,2013.0
2019-06-11 10:00,{},13.22,2258,13.24,13.2,13.24,2.354,1231.0
2019-06-11 10:05,{},13.38,2258,13.41,13.22,13.22,8.8059,4605.0
2019-06-11 10:10,{},13.4,2258,13.42,13.32,13.38,4.4613,2333.0
2019-06-11 10:15,{},13.35,2258,13.4,13.31,13.4,2.5605,1339.0
2019-06-11 10:20,{},13.33,2258,13.38,13.33,13.35,1.0441,546.0
2019-06-11 10:25,{},13.36,2258,13.37,13.32,13.33,0.5660000000000001,296.0
2019-06-11 10:30,{},13.36,2258,13.38,13.36,13.36,0.9294,486.0
2019-06-11 10:35,{},13.36,2258,13.39,13.36,13.36,1.3596,711.0
2019-06-11 10:40,{},13.33,2258,13.38,13.32,13.36,2.2087,1155.0
2019-06-11 10:45,{},13.35,2258,13.37,13.33,13.33,0.7458,390.0
2019-06-11 10:50,{},13.35,2258,13.37,13.33,13.34,0.9504,497.0
2019-06-11 10:55,{},13.36,2258,13.37,13.35,13.35,0.7668,401.0
2019-06-11 11:00,{},13.38,2258,13.38,13.35,13.36,1.2238,640.0
2019-06-11 11:05,{},13.37,2258,13.38,13.36,13.38,2.3387,1223.0
2019-06-11 11:10,{},13.37,2258,13.38,13.36,13.37,0.9848,515.0
2019-06-11 11:15,{},13.38,2258,13.41,13.37,13.37,3.5128,1837.0
2019-06-11 11:20,{},13.43,2258,13.44,13.38,13.38,2.0098,1051.0
2019-06-11 11:25,{},13.42,2258,13.44,13.41,13.43,1.2105,633.0
2019-06-11 11:30,{},13.41,2258,13.43,13.41,13.42,0.8337,436.0
2019-06-11 13:05,{},13.4,2258,13.44,13.4,13.41,2.2488,1176.0
2019-06-11 13:10,{},13.41,2258,13.43,13.4,13.4,1.2831,671.0
2019-06-11 13:15,{},13.42,2258,13.43,13.39,13.41,1.4916,780.0
2019-06-11 13:20,{},13.42,2258,13.43,13.41,13.42,0.6024,315.0
2019-06-11 13:25,{},13.44,2258,13.44,13.41,13.42,1.0957,573.0
2019-06-11 13:30,{},13.4,2258,13.44,13.4,13.44,0.9217,482.0
2019-06-11 13:35,{},13.39,2258,13.42,13.38,13.4,1.3596,711.0
2019-06-11 13:40,{},13.39,2258,13.41,13.39,13.4,1.0097,528.0
2019-06-11 13:45,{},13.44,2258,13.44,13.38,13.39,2.79,1459.0
2019-06-11 13:50,{},13.43,2258,13.45,13.4,13.44,2.9697,1553.0
2019-06-11 13:55,{},13.43,2258,13.45,13.43,13.43,0.8261,432.0
2019-06-11 14:00,{},13.44,2258,13.44,13.42,13.43,1.2372,647.0
2019-06-11 14:05,{},13.44,2258,13.45,13.42,13.44,1.5623,817.0
2019-06-11 14:10,{},13.44,2258,13.45,13.41,13.44,2.1857,1143.0
2019-06-11 14:15,{},13.45,2258,13.45,13.43,13.44,0.7764,406.0
2019-06-11 14:20,{},13.43,2258,13.45,13.42,13.45,2.0136,1053.0
2019-06-11 14:25,{},13.48,2258,13.48,13.42,13.43,2.5165,1316.0
2019-06-11 14:30,{},13.47,2258,13.49,13.47,13.48,1.3501,706.0
2019-06-11 14:35,{},13.47,2258,13.48,13.46,13.47,1.9237,1006.0
2019-06-11 14:40,{},13.46,2258,13.47,13.44,13.47,1.7516,916.0
2019-06-11 14:45,{},13.44,2258,13.47,13.44,13.46,2.1054,1101.0
2019-06-11 14:50,{},13.43,2258,13.45,13.43,13.44,1.7,889.0
2019-06-11 14:55,{},13.46,2258,13.46,13.43,13.43,4.119,2154.0
2019-06-11 15:00,{},13.45,2258,13.46,13.44,13.46,0.6578,344.0
2019-06-12 09:35,{},13.39,2258,13.47,13.36,13.47,2.8187,1474.0
2019-06-12 09:40,{},13.44,2258,13.44,13.36,13.39,1.6943,886.0
2019-06-12 09:45,{},13.43,2258,13.44,13.41,13.44,1.0632,556.0
2019-06-12 09:50,{},13.42,2258,13.44,13.4,13.43,1.8377,961.0
2019-06-12 09:55,{},13.4,2258,13.43,13.4,13.42,1.264,661.0
2019-06-12 10:00,{},13.45,2258,13.46,13.4,13.41,2.8435,1487.0
2019-06-12 10:05,{},13.49,2258,13.49,13.42,13.45,1.8128,948.0
2019-06-12 10:10,{},13.58,2258,13.58,13.47,13.49,2.9755,1556.0
2019-06-12 10:15,{},13.55,2258,13.58,13.54,13.58,1.5355,803.0
2019-06-12 10:20,{},13.51,2258,13.57,13.51,13.55,4.3982,2300.0
2019-06-12 10:25,{},13.53,2258,13.53,13.48,13.51,1.5413,806.0
2019-06-12 10:30,{},13.47,2258,13.54,13.47,13.53,0.9141,478.0
2019-06-12 10:35,{},13.44,2258,13.48,13.41,13.47,2.1647,1132.0
2019-06-12 10:40,{},13.4,2258,13.44,13.39,13.44,1.6713,874.0
2019-06-12 10:45,{},13.42,2258,13.42,13.39,13.4,0.7917,414.0
2019-06-12 10:50,{},13.37,2258,13.42,13.37,13.42,1.8434,964.0
2019-06-12 10:55,{},13.38,2258,13.39,13.36,13.37,1.4169999999999998,741.0
2019-06-12 11:00,{},13.33,2258,13.38,13.32,13.38,3.3426,1748.0
2019-06-12 11:05,{},13.41,2258,13.41,13.33,13.33,1.308,684.0
2019-06-12 11:10,{},13.41,2258,13.41,13.36,13.37,0.589,308.0
2019-06-12 11:15,{},13.36,2258,13.41,13.36,13.41,0.4073,213.0
2019-06-12 11:20,{},13.38,2258,13.38,13.35,13.36,0.4035,211.0
2019-06-12 11:25,{},13.37,2258,13.4,13.37,13.38,0.3748,196.0
2019-06-12 11:30,{},13.38,2258,13.38,13.36,13.37,0.1262,66.0
2019-06-12 13:05,{},13.37,2258,13.4,13.37,13.38,0.5584,292.0
2019-06-12 13:10,{},13.36,2258,13.38,13.35,13.37,1.0632,556.0
2019-06-12 13:15,{},13.36,2258,13.39,13.35,13.36,0.3767,197.0
2019-06-12 13:20,{},13.36,2258,13.39,13.35,13.36,0.6119,320.0
2019-06-12 13:25,{},13.35,2258,13.37,13.32,13.36,1.9409,1015.0
2019-06-12 13:30,{},13.33,2258,13.35,13.32,13.35,0.7267,380.0
2019-06-12 13:35,{},13.37,2258,13.38,13.33,13.33,0.8261,432.0
2019-06-12 13:40,{},13.39,2258,13.39,13.36,13.37,0.3614,189.0
2019-06-12 13:45,{},13.37,2258,13.4,13.35,13.39,0.3882,203.0
2019-06-12 13:50,{},13.4,2258,13.41,13.37,13.37,0.2735,143.0
2019-06-12 13:55,{},13.4,2258,13.42,13.35,13.4,0.7649,400.0
2019-06-12 14:00,{},13.37,2258,13.44,13.36,13.4,0.74,387.0
2019-06-12 14:05,{},13.42,2258,13.42,13.37,13.37,0.4092,214.0
2019-06-12 14:10,{},13.42,2258,13.44,13.37,13.42,0.6349,332.0
2019-06-12 14:15,{},13.38,2258,13.42,13.37,13.42,0.6253,327.0
2019-06-12 14:20,{},13.37,2258,13.4,13.33,13.38,2.289,1197.0
2019-06-12 14:25,{},13.34,2258,13.37,13.34,13.37,0.7133,373.0
2019-06-12 14:30,{},13.38,2258,13.38,13.34,13.34,1.1072,579.0
2019-06-12 14:35,{},13.35,2258,13.38,13.34,13.38,0.9198,481.0
2019-06-12 14:40,{},13.36,2258,13.37,13.35,13.35,1.0785,564.0
2019-06-12 14:45,{},13.35,2258,13.36,13.34,13.36,0.8242,431.0
2019-06-12 14:50,{},13.32,2258,13.36,13.32,13.35,2.0346,1064.0
2019-06-12 14:55,{},13.31,2258,13.33,13.3,13.32,3.0806,1611.0
2019-06-12 15:00,{},13.31,2258,13.31,13.3,13.31,1.1378,595.0
2019-06-13 09:35,{},13.3,2258,13.34,13.23,13.28,1.6771,877.0
2019-06-13 09:40,{},13.3,2258,13.36,13.29,13.3,0.9695,507.0
2019-06-13 09:45,{},13.28,2258,13.3,13.27,13.3,0.8911,466.0
2019-06-13 09:50,{},13.25,2258,13.28,13.25,13.28,0.9026,472.0
2019-06-13 09:55,{},13.26,2258,13.28,13.25,13.25,1.4074,736.0
2019-06-13 10:00,{},13.27,2258,13.29,13.26,13.26,0.6368,333.0
2019-06-13 10:05,{},13.26,2258,13.28,13.26,13.27,0.9485,496.0
2019-06-13 10:10,{},13.25,2258,13.27,13.25,13.26,1.6828,880.0
2019-06-13 10:15,{},13.22,2258,13.26,13.22,13.25,0.9313,487.0
2019-06-13 10:20,{},13.26,2258,13.28,13.22,13.22,1.1263,589.0
2019-06-13 10:25,{},13.29,2258,13.31,13.26,13.26,0.4264,223.0
2019-06-13 10:30,{},13.34,2258,13.35,13.29,13.29,0.6368,333.0
2019-06-13 10:35,{},13.4,2258,13.4,13.32,13.34,1.8052,944.0
2019-06-13 10:40,{},13.43,2258,13.44,13.37,13.4,2.7460000000000004,1436.0
2019-06-13 10:45,{},13.41,2258,13.44,13.38,13.43,1.1378,595.0
2019-06-13 10:50,{},13.4,2258,13.41,13.37,13.41,0.6234,326.0
2019-06-13 10:55,{},13.4,2258,13.42,13.4,13.4,0.6291,329.0
2019-06-13 11:00,{},13.37,2258,13.41,13.37,13.4,0.6368,333.0
2019-06-13 11:05,{},13.37,2258,13.4,13.36,13.37,0.4169,218.0
2019-06-13 11:10,{},13.38,2258,13.39,13.36,13.37,0.2467,129.0
2019-06-13 11:15,{},13.38,2258,13.39,13.37,13.38,0.174,91.0
2019-06-13 11:20,{},13.38,2258,13.38,13.36,13.38,0.4762,249.0
2019-06-13 11:25,{},13.44,2258,13.44,13.37,13.38,1.4304,748.0
2019-06-13 11:30,{},13.5,2258,13.5,13.44,13.44,2.048,1071.0
2019-06-13 13:05,{},13.48,2258,13.54,13.47,13.5,2.0193,1056.0
2019-06-13 13:10,{},13.45,2258,13.48,13.45,13.48,0.3423,179.0
2019-06-13 13:15,{},13.42,2258,13.45,13.37,13.45,1.0307,539.0
2019-06-13 13:20,{},13.4,2258,13.42,13.4,13.42,0.2314,121.0
2019-06-13 13:25,{},13.4,2258,13.42,13.39,13.4,0.4781,250.0
2019-06-13 13:30,{},13.42,2258,13.42,13.4,13.4,0.1721,90.0
2019-06-13 13:35,{},13.43,2258,13.45,13.42,13.42,0.3308,173.0
2019-06-13 13:40,{},13.45,2258,13.46,13.43,13.43,0.5928,310.0
2019-06-13 13:45,{},13.45,2258,13.46,13.44,13.45,0.3844,201.0
2019-06-13 13:50,{},13.45,2258,13.49,13.44,13.45,0.8299,434.0
2019-06-13 13:55,{},13.44,2258,13.45,13.44,13.45,1.4342,750.0
2019-06-13 14:00,{},13.43,2258,13.45,13.42,13.44,0.28300000000000003,148.0
2019-06-13 14:05,{},13.42,2258,13.44,13.42,13.43,0.4666,244.0
2019-06-13 14:10,{},13.39,2258,13.43,13.39,13.42,0.6636,347.0
2019-06-13 14:15,{},13.39,2258,13.4,13.39,13.39,0.3538,185.0
2019-06-13 14:20,{},13.4,2258,13.4,13.39,13.39,1.0058,526.0
2019-06-13 14:25,{},13.39,2258,13.41,13.39,13.4,0.8682,454.0
2019-06-13 14:30,{},13.37,2258,13.39,13.37,13.38,0.7094,371.0
2019-06-13 14:35,{},13.39,2258,13.4,13.37,13.37,1.4361,751.0
2019-06-13 14:40,{},13.41,2258,13.41,13.39,13.39,0.4092,214.0
2019-06-13 14:45,{},13.41,2258,13.41,13.39,13.41,0.8051,421.0
2019-06-13 14:50,{},13.41,2258,13.41,13.38,13.41,1.5279,799.0
2019-06-13 14:55,{},13.43,2258,13.43,13.38,13.41,2.2335,1168.0
2019-06-13 15:00,{},13.43,2258,13.43,13.42,13.43,0.3385,177.0
2019-06-14 09:35,{},13.36,2258,13.42,13.34,13.42,3.2298,1689.0
2019-06-14 09:40,{},13.37,2258,13.37,13.32,13.36,2.9525,1544.0
2019-06-14 09:45,{},13.35,2258,13.37,13.33,13.37,0.872,456.0
2019-06-14 09:50,{},13.4,2258,13.44,13.35,13.35,2.5337,1325.0
2019-06-14 09:55,{},13.4,2258,13.43,13.38,13.4,1.0785,564.0
2019-06-14 10:00,{},13.36,2258,13.4,13.35,13.4,0.4475,234.0
2019-06-14 10:05,{},13.38,2258,13.39,13.35,13.36,0.4762,249.0
2019-06-14 10:10,{},13.35,2258,13.39,13.35,13.38,0.2907,152.0
2019-06-14 10:15,{},13.39,2258,13.39,13.35,13.35,1.0326,540.0
2019-06-14 10:20,{},13.39,2258,13.4,13.37,13.39,0.3595,188.0
2019-06-14 10:25,{},13.4,2258,13.4,13.37,13.39,0.2735,143.0
2019-06-14 10:30,{},13.4,2258,13.4,13.37,13.4,0.5335,279.0
2019-06-14 10:35,{},13.39,2258,13.4,13.37,13.4,0.1262,66.0
2019-06-14 10:40,{},13.39,2258,13.4,13.38,13.39,0.1415,74.0
2019-06-14 10:45,{},13.33,2258,13.39,13.33,13.39,1.7765,929.0
2019-06-14 10:50,{},13.35,2258,13.35,13.33,13.33,0.0975,51.0
2019-06-14 10:55,{},13.34,2258,13.35,13.33,13.35,0.4513,236.0
2019-06-14 11:00,{},13.33,2258,13.34,13.33,13.34,0.6597,345.0
2019-06-14 11:05,{},13.33,2258,13.34,13.33,13.33,0.2696,141.0
2019-06-14 11:10,{},13.33,2258,13.33,13.33,13.33,0.28300000000000003,148.0
2019-06-14 11:15,{},13.31,2258,13.34,13.31,13.33,1.1225,587.0
2019-06-14 11:20,{},13.3,2258,13.32,13.29,13.31,1.7229,901.0
2019-06-14 11:25,{},13.3,2258,13.3,13.27,13.3,0.5335,279.0
2019-06-14 11:30,{},13.31,2258,13.31,13.29,13.3,0.065,34.0
2019-06-14 13:05,{},13.3,2258,13.31,13.29,13.31,0.218,114.0
2019-06-14 13:10,{},13.3,2258,13.31,13.29,13.3,0.2256,118.0
2019-06-14 13:15,{},13.31,2258,13.31,13.29,13.3,0.522,273.0
2019-06-14 13:20,{},13.3,2258,13.31,13.3,13.31,0.2123,111.0
2019-06-14 13:25,{},13.3,2258,13.31,13.3,13.3,0.2792,146.0
2019-06-14 13:30,{},13.32,2258,13.32,13.3,13.3,0.1492,78.0
2019-06-14 13:35,{},13.31,2258,13.32,13.3,13.32,0.415,217.0
2019-06-14 13:40,{},13.28,2258,13.31,13.27,13.31,1.3003,680.0
2019-06-14 13:45,{},13.26,2258,13.29,13.25,13.28,1.0728,561.0
2019-06-14 13:50,{},13.22,2258,13.26,13.22,13.25,1.2124,634.0
2019-06-14 13:55,{},13.23,2258,13.23,13.15,13.22,3.3178,1735.0
2019-06-14 14:00,{},13.2,2258,13.22,13.2,13.21,0.6521,341.0
2019-06-14 14:05,{},13.2,2258,13.22,13.19,13.2,0.742,388.0
2019-06-14 14:10,{},13.17,2258,13.2,13.17,13.2,0.545,285.0
2019-06-14 14:15,{},13.18,2258,13.19,13.16,13.17,0.4704,246.0
2019-06-14 14:20,{},13.25,2258,13.25,13.18,13.18,1.2736,666.0
2019-06-14 14:25,{},13.17,2258,13.25,13.17,13.25,1.7478,914.0
2019-06-14 14:30,{},13.23,2258,13.23,13.17,13.17,1.6656,871.0
2019-06-14 14:35,{},13.25,2258,13.27,13.2,13.23,2.4247,1268.0
2019-06-14 14:40,{},13.26,2258,13.28,13.22,13.27,2.3502,1229.0
2019-06-14 14:45,{},13.25,2258,13.26,13.21,13.26,2.5318,1324.0
2019-06-14 14:50,{},13.27,2258,13.3,13.24,13.24,2.1207,1109.0
2019-06-14 14:55,{},13.25,2258,13.27,13.2,13.27,1.0135,530.0
2019-06-14 15:00,{},13.22,2258,13.26,13.22,13.25,0.6655,348.0
2019-06-17 09:35,{},13.05,2258,13.26,13.0,13.22,4.3083,2253.0
2019-06-17 09:40,{},13.19,2258,13.19,13.05,13.05,1.2602,659.0
2019-06-17 09:45,{},13.18,2258,13.21,13.17,13.18,2.2507,1177.0
2019-06-17 09:50,{},13.2,2258,13.26,13.17,13.18,1.939,1014.0
2019-06-17 09:55,{},13.24,2258,13.24,13.2,13.2,0.7286,381.0
2019-06-17 10:00,{},13.19,2258,13.24,13.18,13.24,1.0001,523.0
2019-06-17 10:05,{},13.18,2258,13.21,13.18,13.19,0.6521,341.0
2019-06-17 10:10,{},13.21,2258,13.21,13.18,13.18,0.3825,200.0
2019-06-17 10:15,{},13.22,2258,13.23,13.19,13.21,0.828,433.0
2019-06-17 10:20,{},13.2,2258,13.23,13.2,13.22,0.3939,206.0
2019-06-17 10:25,{},13.22,2258,13.23,13.15,13.2,1.329,695.0
2019-06-17 10:30,{},13.2,2258,13.23,13.2,13.22,0.4551,238.0
2019-06-17 10:35,{},13.19,2258,13.2,13.19,13.2,0.2754,144.0
2019-06-17 10:40,{},13.21,2258,13.23,13.19,13.19,0.4456,233.0
2019-06-17 10:45,{},13.21,2258,13.21,13.19,13.21,0.2161,113.0
2019-06-17 10:50,{},13.21,2258,13.22,13.21,13.21,0.2008,105.0
2019-06-17 10:55,{},13.21,2258,13.22,13.21,13.21,0.1778,93.0
2019-06-17 11:00,{},13.24,2258,13.24,13.21,13.21,0.3691,193.0
2019-06-17 11:05,{},13.23,2258,13.25,13.23,13.24,0.3251,170.0
2019-06-17 11:10,{},13.22,2258,13.26,13.22,13.23,1.0843,567.0
2019-06-17 11:15,{},13.24,2258,13.24,13.21,13.22,0.0784,41.0
2019-06-17 11:20,{},13.22,2258,13.25,13.22,13.24,0.3136,164.0
2019-06-17 11:25,{},13.22,2258,13.25,13.22,13.22,0.1319,69.0
2019-06-17 11:30,{},13.21,2258,13.23,13.2,13.22,0.3251,170.0
2019-06-17 13:05,{},13.24,2258,13.25,13.2,13.21,0.3672,192.0
2019-06-17 13:10,{},13.24,2258,13.24,13.23,13.24,0.2983,156.0
2019-06-17 13:15,{},13.25,2258,13.26,13.23,13.24,0.4054,212.0
2019-06-17 13:20,{},13.24,2258,13.25,13.23,13.25,0.1798,94.0
2019-06-17 13:25,{},13.23,2258,13.24,13.22,13.24,0.304,159.0
2019-06-17 13:30,{},13.25,2258,13.25,13.23,13.23,0.6349,332.0
2019-06-17 13:35,{},13.25,2258,13.25,13.24,13.25,0.2429,127.0
2019-06-17 13:40,{},13.22,2258,13.26,13.22,13.25,0.9141,478.0
2019-06-17 13:45,{},13.21,2258,13.24,13.21,13.22,0.1645,86.0
2019-06-17 13:50,{},13.23,2258,13.26,13.21,13.21,0.1664,87.0
2019-06-17 13:55,{},13.24,2258,13.24,13.22,13.23,0.2907,152.0
2019-06-17 14:00,{},13.25,2258,13.26,13.23,13.24,0.4819,252.0
2019-06-17 14:05,{},13.24,2258,13.28,13.23,13.27,2.0385,1066.0
2019-06-17 14:10,{},13.27,2258,13.27,13.24,13.24,0.2792,146.0
2019-06-17 14:15,{},13.28,2258,13.28,13.25,13.27,0.7859,411.0
2019-06-17 14:20,{},13.26,2258,13.28,13.25,13.28,0.6808,356.0
2019-06-17 14:25,{},13.26,2258,13.26,13.24,13.26,0.5775,302.0
2019-06-17 14:30,{},13.23,2258,13.27,13.23,13.26,0.4762,249.0
2019-06-17 14:35,{},13.19,2258,13.23,13.19,13.23,0.6616,346.0
2019-06-17 14:40,{},13.23,2258,13.23,13.19,13.19,0.1013,53.0
2019-06-17 14:45,{},13.21,2258,13.23,13.21,13.23,0.4934,258.0
2019-06-17 14:50,{},13.21,2258,13.23,13.21,13.21,0.4494,235.0
2019-06-17 14:55,{},13.21,2258,13.23,13.21,13.21,0.654,342.0
2019-06-17 15:00,{},13.22,2258,13.22,13.21,13.21,0.2237,117.0
2019-06-18 09:35,{},13.31,2258,13.35,13.17,13.21,1.5948,834.0
2019-06-18 09:40,{},13.27,2258,13.32,13.27,13.31,0.415,217.0
2019-06-18 09:45,{},13.31,2258,13.32,13.27,13.27,0.5373,281.0
2019-06-18 09:50,{},13.22,2258,13.31,13.21,13.31,1.4361,751.0
2019-06-18 09:55,{},13.21,2258,13.26,13.21,13.22,1.2678,663.0
2019-06-18 10:00,{},13.24,2258,13.27,13.2,13.21,1.0575,553.0
2019-06-18 10:05,{},13.28,2258,13.3,13.22,13.24,0.436,228.0
2019-06-18 10:10,{},13.25,2258,13.28,13.23,13.28,0.1071,56.0
2019-06-18 10:15,{},13.22,2258,13.28,13.22,13.25,0.3958,207.0
2019-06-18 10:20,{},13.2,2258,13.26,13.18,13.22,0.7114,372.0
2019-06-18 10:25,{},13.25,2258,13.25,13.19,13.2,0.2352,123.0
2019-06-18 10:30,{},13.3,2258,13.3,13.22,13.25,1.9754,1033.0
2019-06-18 10:35,{},13.28,2258,13.3,13.26,13.3,0.9695,507.0
2019-06-18 10:40,{},13.27,2258,13.29,13.26,13.28,0.2256,118.0
2019-06-18 10:45,{},13.25,2258,13.29,13.25,13.27,0.4322,226.0
2019-06-18 10:50,{},13.29,2258,13.29,13.24,13.25,0.5412,283.0
2019-06-18 10:55,{},13.25,2258,13.3,13.24,13.29,0.6961,364.0
2019-06-18 11:00,{},13.26,2258,13.29,13.25,13.25,0.3557,186.0
2019-06-18 11:05,{},13.26,2258,13.27,13.25,13.26,0.2792,146.0
2019-06-18 11:10,{},13.25,2258,13.26,13.24,13.26,0.3346,175.0
2019-06-18 11:15,{},13.25,2258,13.26,13.25,13.25,0.0841,44.0
2019-06-18 11:20,{},13.22,2258,13.26,13.22,13.25,1.199,627.0
2019-06-18 11:25,{},13.24,2258,13.26,13.22,13.22,0.0688,36.0
2019-06-18 11:30,{},13.25,2258,13.26,13.23,13.24,0.08800000000000001,46.0
2019-06-18 13:05,{},13.24,2258,13.26,13.23,13.25,0.0861,45.0
2019-06-18 13:10,{},13.23,2258,13.26,13.23,13.24,0.2084,109.0
2019-06-18 13:15,{},13.24,2258,13.26,13.23,13.23,0.1702,89.0
2019-06-18 13:20,{},13.21,2258,13.25,13.2,13.24,0.6559,343.0
2019-06-18 13:25,{},13.2,2258,13.23,13.2,13.21,1.0632,556.0
2019-06-18 13:30,{},13.22,2258,13.22,13.2,13.2,0.2849,149.0
2019-06-18 13:35,{},13.21,2258,13.22,13.2,13.22,0.4436,232.0
2019-06-18 13:40,{},13.22,2258,13.22,13.2,13.21,0.3289,172.0
2019-06-18 13:45,{},13.18,2258,13.22,13.18,13.22,0.7286,381.0
2019-06-18 13:50,{},13.2,2258,13.21,13.18,13.18,0.3633,190.0
2019-06-18 13:55,{},13.21,2258,13.22,13.19,13.2,0.262,137.0
2019-06-18 14:00,{},13.19,2258,13.21,13.19,13.21,0.4264,223.0
2019-06-18 14:05,{},13.21,2258,13.22,13.18,13.19,0.4647,243.0
2019-06-18 14:10,{},13.21,2258,13.22,13.19,13.21,0.1358,71.0
2019-06-18 14:15,{},13.25,2258,13.25,13.21,13.21,0.371,194.0
2019-06-18 14:20,{},13.21,2258,13.25,13.21,13.25,0.2046,107.0
2019-06-18 14:25,{},13.21,2258,13.23,13.21,13.21,0.3729,195.0
2019-06-18 14:30,{},13.22,2258,13.26,13.21,13.21,0.8165,427.0
2019-06-18 14:35,{},13.22,2258,13.25,13.21,13.22,0.2486,130.0
2019-06-18 14:40,{},13.22,2258,13.25,13.21,13.22,0.4819,252.0
2019-06-18 14:45,{},13.24,2258,13.24,13.21,13.22,0.4169,218.0
2019-06-18 14:50,{},13.25,2258,13.25,13.23,13.24,0.7802,408.0
2019-06-18 14:55,{},13.24,2258,13.26,13.24,13.25,1.0403,544.0
2019-06-18 15:00,{},13.25,2258,13.26,13.23,13.24,0.1874,98.0
2019-06-19 09:35,{},13.57,2258,13.6,13.42,13.5,7.9588,4162.0
2019-06-19 09:40,{},13.47,2258,13.57,13.45,13.57,3.8417,2009.0
2019-06-19 09:45,{},13.46,2258,13.5,13.46,13.47,2.9391,1537.0
2019-06-19 09:50,{},13.5,2258,13.5,13.46,13.46,2.5968,1358.0
2019-06-19 09:55,{},13.48,2258,13.51,13.48,13.5,2.0767,1086.0
2019-06-19 10:00,{},13.44,2258,13.49,13.43,13.48,2.8034,1466.0
2019-06-19 10:05,{},13.44,2258,13.45,13.43,13.44,0.7286,381.0
2019-06-19 10:10,{},13.45,2258,13.45,13.42,13.44,0.9982,522.0
2019-06-19 10:15,{},13.46,2258,13.46,13.43,13.45,1.3902,727.0
2019-06-19 10:20,{},13.47,2258,13.48,13.46,13.46,0.8663,453.0
2019-06-19 10:25,{},13.46,2258,13.47,13.46,13.47,1.0078,527.0
2019-06-19 10:30,{},13.46,2258,13.47,13.45,13.46,0.8643,452.0
2019-06-19 10:35,{},13.47,2258,13.47,13.46,13.46,0.457,239.0
2019-06-19 10:40,{},13.43,2258,13.47,13.42,13.47,0.9198,481.0
2019-06-19 10:45,{},13.44,2258,13.44,13.42,13.43,0.6157,322.0
2019-06-19 10:50,{},13.42,2258,13.44,13.42,13.44,0.8223,430.0
2019-06-19 10:55,{},13.4,2258,13.43,13.4,13.42,3.1055,1624.0
2019-06-19 11:00,{},13.4,2258,13.41,13.4,13.4,1.4495,758.0
2019-06-19 11:05,{},13.39,2258,13.4,13.36,13.4,2.9774,1557.0
2019-06-19 11:10,{},13.4,2258,13.4,13.37,13.39,0.3251,170.0
2019-06-19 11:15,{},13.39,2258,13.4,13.38,13.4,0.3155,165.0
2019-06-19 11:20,{},13.41,2258,13.41,13.38,13.39,0.1645,86.0
2019-06-19 11:25,{},13.41,2258,13.42,13.4,13.41,0.4054,212.0
2019-06-19 11:30,{},13.43,2258,13.43,13.41,13.41,0.0421,22.0
2019-06-19 13:05,{},13.42,2258,13.45,13.42,13.43,0.5373,281.0
2019-06-19 13:10,{},13.41,2258,13.43,13.41,13.42,0.4819,252.0
2019-06-19 13:15,{},13.41,2258,13.42,13.39,13.41,1.1378,595.0
2019-06-19 13:20,{},13.43,2258,13.44,13.41,13.41,0.916,479.0
2019-06-19 13:25,{},13.44,2258,13.45,13.41,13.43,0.9083,475.0
2019-06-19 13:30,{},13.42,2258,13.44,13.41,13.44,0.981,513.0
2019-06-19 13:35,{},13.42,2258,13.42,13.4,13.42,0.3519,184.0
2019-06-19 13:40,{},13.42,2258,13.42,13.4,13.42,0.2658,139.0
2019-06-19 13:45,{},13.41,2258,13.42,13.4,13.42,0.2256,118.0
2019-06-19 13:50,{},13.39,2258,13.41,13.39,13.41,0.5813,304.0
2019-06-19 13:55,{},13.39,2258,13.4,13.38,13.39,0.4819,252.0
2019-06-19 14:00,{},13.38,2258,13.39,13.38,13.39,0.742,388.0
2019-06-19 14:05,{},13.39,2258,13.39,13.38,13.38,0.3997,209.0
2019-06-19 14:10,{},13.35,2258,13.39,13.35,13.39,1.3998,732.0
2019-06-19 14:15,{},13.37,2258,13.38,13.35,13.35,0.3958,207.0
2019-06-19 14:20,{},13.35,2258,13.37,13.35,13.37,0.4245,222.0
2019-06-19 14:25,{},13.35,2258,13.37,13.34,13.35,0.5813,304.0
2019-06-19 14:30,{},13.35,2258,13.37,13.34,13.35,0.1759,92.0
2019-06-19 14:35,{},13.33,2258,13.36,13.32,13.35,1.329,695.0
2019-06-19 14:40,{},13.31,2258,13.35,13.27,13.33,1.6866,882.0
2019-06-19 14:45,{},13.3,2258,13.33,13.3,13.31,0.9427,493.0
2019-06-19 14:50,{},13.3,2258,13.32,13.3,13.3,1.874,980.0
2019-06-19 14:55,{},13.34,2258,13.34,13.29,13.3,1.2143,635.0
2019-06-19 15:00,{},13.31,2258,13.34,13.31,13.34,0.5641,295.0
2019-06-20 09:35,{},13.19,2258,13.3,13.18,13.3,2.8607,1496.0
2019-06-20 09:40,{},13.16,2258,13.2,13.1,13.19,5.3601,2803.0
2019-06-20 09:45,{},13.13,2258,13.18,13.1,13.16,2.8837,1508.0
2019-06-20 09:50,{},13.04,2258,13.13,13.0,13.13,8.0869,4229.0
2019-06-20 09:55,{},13.05,2258,13.05,13.0,13.03,4.1152,2152.0
2019-06-20 10:00,{},13.08,2258,13.08,13.03,13.05,3.2508,1700.0
2019-06-20 10:05,{},13.0,2258,13.08,12.99,13.08,5.5303,2892.0
2019-06-20 10:10,{},13.0,2258,13.04,12.99,13.0,2.9066,1520.0
2019-06-20 10:15,{},13.05,2258,13.05,13.0,13.0,1.7784,930.0
2019-06-20 10:20,{},13.08,2258,13.14,13.05,13.05,1.5432,807.0
2019-06-20 10:25,{},13.17,2258,13.18,13.08,13.08,1.9065,997.0
2019-06-20 10:30,{},13.15,2258,13.18,13.13,13.17,0.9102,476.0
2019-06-20 10:35,{},13.16,2258,13.16,13.15,13.15,1.1244,588.0
2019-06-20 10:40,{},13.1,2258,13.16,13.1,13.16,1.6847,881.0
2019-06-20 10:45,{},13.1,2258,13.12,13.09,13.1,1.1512,602.0
2019-06-20 10:50,{},13.1,2258,13.12,13.1,13.1,2.2909,1198.0
2019-06-20 10:55,{},13.11,2258,13.13,13.09,13.1,3.1017,1622.0
2019-06-20 11:00,{},13.11,2258,13.12,13.1,13.11,2.442,1277.0
2019-06-20 11:05,{},13.16,2258,13.16,13.11,13.11,1.8434,964.0
2019-06-20 11:10,{},13.21,2258,13.22,13.15,13.16,2.2488,1176.0
2019-06-20 11:15,{},13.25,2258,13.27,13.2,13.21,1.8377,961.0
2019-06-20 11:20,{},13.23,2258,13.26,13.23,13.25,2.3043,1205.0
2019-06-20 11:25,{},13.3,2258,13.31,13.23,13.23,2.9315,1533.0
2019-06-20 11:30,{},13.32,2258,13.36,13.3,13.3,1.7593,920.0
2019-06-20 13:05,{},13.38,2258,13.4,13.32,13.32,2.9908,1564.0
2019-06-20 13:10,{},13.34,2258,13.39,13.34,13.39,2.0691,1082.0
2019-06-20 13:15,{},13.32,2258,13.35,13.32,13.34,2.9927,1565.0
2019-06-20 13:20,{},13.26,2258,13.32,13.26,13.32,2.3387,1223.0
2019-06-20 13:25,{},13.21,2258,13.27,13.2,13.26,3.8054,1990.0
2019-06-20 13:30,{},13.18,2258,13.23,13.17,13.21,3.3025,1727.0
2019-06-20 13:35,{},13.2,2258,13.2,13.17,13.18,1.788,935.0
2019-06-20 13:40,{},13.2,2258,13.22,13.19,13.2,1.8243,954.0
2019-06-20 13:45,{},13.2,2258,13.22,13.19,13.2,2.7575,1442.0
2019-06-20 13:50,{},13.18,2258,13.2,13.17,13.2,3.0405,1590.0
2019-06-20 13:55,{},13.22,2258,13.22,13.18,13.18,1.9735,1032.0
2019-06-20 14:00,{},13.14,2258,13.22,13.13,13.22,8.3298,4356.0
2019-06-20 14:05,{},13.18,2258,13.18,13.14,13.14,1.918,1003.0
2019-06-20 14:10,{},13.18,2258,13.2,13.16,13.18,1.7287,904.0
2019-06-20 14:15,{},13.19,2258,13.23,13.17,13.18,3.618,1892.0
2019-06-20 14:20,{},13.21,2258,13.22,13.19,13.19,2.5854,1352.0
2019-06-20 14:25,{},13.2,2258,13.22,13.17,13.21,5.0407,2636.0
2019-06-20 14:30,{},13.2,2258,13.21,13.18,13.2,1.7172,898.0
2019-06-20 14:35,{},13.22,2258,13.22,13.2,13.2,1.7918,937.0
2019-06-20 14:40,{},13.26,2258,13.26,13.22,13.22,1.7555,918.0
2019-06-20 14:45,{},13.23,2258,13.27,13.23,13.26,2.4247,1268.0
2019-06-20 14:50,{},13.28,2258,13.28,13.23,13.23,1.9486,1019.0
2019-06-20 14:55,{},13.28,2258,13.29,13.27,13.28,2.3999,1255.0
2019-06-20 15:00,{},13.29,2258,13.29,13.27,13.28,2.0251,1059.0
2019-06-21 09:35,{},13.36,2258,13.37,13.26,13.3,7.3048,3820.0
2019-06-21 09:40,{},13.36,2258,13.41,13.36,13.36,6.1957,3240.0
2019-06-21 09:45,{},13.39,2258,13.4,13.35,13.36,3.1285,1636.0
2019-06-21 09:50,{},13.47,2258,13.48,13.39,13.4,5.2874,2765.0
2019-06-21 09:55,{},13.53,2258,13.56,13.47,13.47,6.8325,3573.0
2019-06-21 10:00,{},13.47,2258,13.53,13.47,13.53,2.6791,1401.0
2019-06-21 10:05,{},13.48,2258,13.49,13.47,13.47,2.6217,1371.0
2019-06-21 10:10,{},13.49,2258,13.5,13.48,13.48,1.6847,881.0
2019-06-21 10:15,{},13.51,2258,13.52,13.49,13.49,2.658,1390.0
2019-06-21 10:20,{},13.52,2258,13.54,13.51,13.51,1.9524,1021.0
2019-06-21 10:25,{},13.49,2258,13.53,13.49,13.52,2.0499,1072.0
2019-06-21 10:30,{},13.5,2258,13.51,13.49,13.49,1.9677,1029.0
2019-06-21 10:35,{},13.49,2258,13.5,13.45,13.5,3.4268,1792.0
2019-06-21 10:40,{},13.48,2258,13.51,13.48,13.49,1.5891,831.0
2019-06-21 10:45,{},13.5,2258,13.5,13.47,13.48,1.8625,974.0
2019-06-21 10:50,{},13.52,2258,13.53,13.49,13.49,2.7403,1433.0
2019-06-21 10:55,{},13.53,2258,13.54,13.5,13.52,2.7862,1457.0
2019-06-21 11:00,{},13.54,2258,13.54,13.51,13.53,1.8492,967.0
2019-06-21 11:05,{},13.6,2258,13.61,13.53,13.54,6.7943,3553.0
2019-06-21 11:10,{},13.6,2258,13.64,13.59,13.61,4.0635,2125.0
2019-06-21 11:15,{},13.61,2258,13.62,13.59,13.6,3.4344,1796.0
2019-06-21 11:20,{},13.58,2258,13.61,13.58,13.61,1.2353,646.0
2019-06-21 11:25,{},13.57,2258,13.6,13.56,13.58,1.8721,979.0
2019-06-21 11:30,{},13.57,2258,13.59,13.56,13.57,1.4591,763.0
2019-06-21 13:05,{},13.58,2258,13.6,13.55,13.57,3.2049,1676.0
2019-06-21 13:10,{},13.58,2258,13.62,13.58,13.58,1.83,957.0
2019-06-21 13:15,{},13.58,2258,13.61,13.54,13.58,3.5893,1877.0
2019-06-21 13:20,{},13.58,2258,13.6,13.57,13.58,1.5317,801.0
2019-06-21 13:25,{},13.57,2258,13.57,13.55,13.57,2.1322,1115.0
2019-06-21 13:30,{},13.59,2258,13.59,13.56,13.57,1.6732,875.0
2019-06-21 13:35,{},13.56,2258,13.6,13.56,13.59,1.3634,713.0
2019-06-21 13:40,{},13.55,2258,13.58,13.54,13.56,2.2546,1179.0
2019-06-21 13:45,{},13.53,2258,13.57,13.53,13.55,2.0805,1088.0
2019-06-21 13:50,{},13.53,2258,13.56,13.53,13.53,1.5164,793.0
2019-06-21 13:55,{},13.58,2258,13.58,13.53,13.53,2.048,1071.0
2019-06-21 14:00,{},13.58,2258,13.59,13.56,13.58,1.6713,874.0
2019-06-21 14:05,{},13.55,2258,13.59,13.55,13.58,2.1647,1132.0
2019-06-21 14:10,{},13.55,2258,13.58,13.54,13.55,1.7727,927.0
2019-06-21 14:15,{},13.56,2258,13.57,13.55,13.55,1.22,638.0
2019-06-21 14:20,{},13.55,2258,13.56,13.52,13.55,2.9659,1551.0
2019-06-21 14:25,{},13.53,2258,13.55,13.52,13.55,2.1838,1142.0
2019-06-21 14:30,{},13.53,2258,13.54,13.51,13.54,2.6102,1365.0
2019-06-21 14:35,{},13.54,2258,13.55,13.53,13.53,1.5795,826.0
2019-06-21 14:40,{},13.55,2258,13.55,13.54,13.54,1.9314,1010.0
2019-06-21 14:45,{},13.58,2258,13.59,13.55,13.55,2.4381,1275.0
2019-06-21 14:50,{},13.58,2258,13.6,13.57,13.58,3.1591,1652.0
2019-06-21 14:55,{},13.58,2258,13.58,13.57,13.58,2.0786,1087.0
2019-06-21 15:00,{},13.57,2258,13.58,13.56,13.58,2.9162,1525.0
2019-06-24 09:35,{},13.54,2258,13.56,13.5,13.56,4.2949,2246.0
2019-06-24 09:40,{},13.54,2258,13.55,13.51,13.54,2.4152,1263.0
2019-06-24 09:45,{},13.5,2258,13.54,13.49,13.54,3.2680000000000002,1709.0
2019-06-24 09:50,{},13.51,2258,13.51,13.49,13.5,1.3615,712.0
2019-06-24 09:55,{},13.51,2258,13.52,13.5,13.51,0.8873,464.0
2019-06-24 10:00,{},13.48,2258,13.52,13.45,13.51,3.3656,1760.0
2019-06-24 10:05,{},13.48,2258,13.5,13.47,13.48,0.8605,450.0
2019-06-24 10:10,{},13.48,2258,13.5,13.47,13.48,1.1588,606.0
2019-06-24 10:15,{},13.42,2258,13.48,13.42,13.48,2.006,1049.0
2019-06-24 10:20,{},13.49,2258,13.49,13.42,13.42,1.3539,708.0
2019-06-24 10:25,{},13.48,2258,13.5,13.45,13.49,1.0957,573.0
2019-06-24 10:30,{},13.48,2258,13.49,13.47,13.48,0.5546,290.0
2019-06-24 10:35,{},13.46,2258,13.48,13.46,13.48,1.5508,811.0
2019-06-24 10:40,{},13.47,2258,13.48,13.45,13.46,0.5718,299.0
2019-06-24 10:45,{},13.49,2258,13.49,13.46,13.47,0.3997,209.0
2019-06-24 10:50,{},13.48,2258,13.49,13.46,13.49,0.3289,172.0
2019-06-24 10:55,{},13.48,2258,13.49,13.47,13.48,0.3805,199.0
2019-06-24 11:00,{},13.48,2258,13.49,13.47,13.48,0.4723,247.0
2019-06-24 11:05,{},13.46,2258,13.5,13.46,13.48,0.6827,357.0
2019-06-24 11:10,{},13.48,2258,13.5,13.46,13.46,0.1186,62.0
2019-06-24 11:15,{},13.46,2258,13.49,13.46,13.48,0.5871,307.0
2019-06-24 11:20,{},13.47,2258,13.48,13.46,13.46,0.3519,184.0
2019-06-24 11:25,{},13.43,2258,13.47,13.43,13.47,4.9604,2594.0
2019-06-24 11:30,{},13.44,2258,13.44,13.42,13.43,0.9313,487.0
2019-06-24 13:05,{},13.45,2258,13.45,13.43,13.44,1.1875,621.0
2019-06-24 13:10,{},13.44,2258,13.46,13.44,13.46,0.6253,327.0
2019-06-24 13:15,{},13.41,2258,13.44,13.41,13.44,1.4667,767.0
2019-06-24 13:20,{},13.4,2258,13.41,13.35,13.41,5.4767,2864.0
2019-06-24 13:25,{},13.38,2258,13.4,13.38,13.4,1.4744,771.0
2019-06-24 13:30,{},13.42,2258,13.42,13.38,13.38,0.4838,253.0
2019-06-24 13:35,{},13.42,2258,13.43,13.4,13.42,0.4111,215.0
2019-06-24 13:40,{},13.41,2258,13.44,13.41,13.42,0.5679,297.0
2019-06-24 13:45,{},13.43,2258,13.44,13.41,13.41,1.2085,632.0
2019-06-24 13:50,{},13.41,2258,13.43,13.41,13.43,0.7324,383.0
2019-06-24 13:55,{},13.42,2258,13.45,13.41,13.41,0.5546,290.0
2019-06-24 14:00,{},13.39,2258,13.43,13.39,13.42,1.1034,577.0
2019-06-24 14:05,{},13.42,2258,13.42,13.39,13.39,0.7305,382.0
2019-06-24 14:10,{},13.44,2258,13.44,13.41,13.42,1.1091,580.0
2019-06-24 14:15,{},13.48,2258,13.48,13.43,13.44,1.8969999999999998,992.0
2019-06-24 14:20,{},13.56,2258,13.56,13.48,13.48,4.1917,2192.0
2019-06-24 14:25,{},13.63,2258,13.67,13.56,13.56,6.6776,3492.0
2019-06-24 14:30,{},13.63,2258,13.64,13.59,13.63,3.6448,1906.0
2019-06-24 14:35,{},13.61,2258,13.63,13.57,13.63,1.6675,872.0
2019-06-24 14:40,{},13.58,2258,13.62,13.57,13.61,1.8319,958.0
2019-06-24 14:45,{},13.61,2258,13.61,13.54,13.58,2.9927,1565.0
2019-06-24 14:50,{},13.64,2258,13.64,13.61,13.61,3.0462,1593.0
2019-06-24 14:55,{},13.65,2258,13.66,13.64,13.65,5.3276,2786.0
2019-06-24 15:00,{},13.66,2258,13.66,13.64,13.65,2.224,1163.0
2019-06-25 09:35,{},13.57,2258,13.73,13.53,13.71,5.9012,3086.0
2019-06-25 09:40,{},13.57,2258,13.58,13.55,13.57,1.6656,871.0
2019-06-25 09:45,{},13.52,2258,13.57,13.51,13.57,2.375,1242.0
2019-06-25 09:50,{},13.56,2258,13.57,13.5,13.52,1.8530000000000002,969.0
2019-06-25 09:55,{},13.52,2258,13.56,13.52,13.56,1.6197,847.0
2019-06-25 10:00,{},13.44,2258,13.52,13.43,13.52,2.6408,1381.0
2019-06-25 10:05,{},13.44,2258,13.49,13.43,13.44,1.9371,1013.0
2019-06-25 10:10,{},13.45,2258,13.46,13.43,13.44,1.4399,753.0
2019-06-25 10:15,{},13.44,2258,13.46,13.43,13.45,2.2603,1182.0
2019-06-25 10:20,{},13.41,2258,13.45,13.41,13.44,2.1456,1122.0
2019-06-25 10:25,{},13.39,2258,13.42,13.36,13.41,6.0599,3169.0
2019-06-25 10:30,{},13.44,2258,13.45,13.36,13.38,2.1188,1108.0
2019-06-25 10:35,{},13.43,2258,13.44,13.39,13.44,1.4744,771.0
2019-06-25 10:40,{},13.33,2258,13.46,13.33,13.43,4.2471,2221.0
2019-06-25 10:45,{},13.36,2258,13.39,13.33,13.33,2.3578,1233.0
2019-06-25 10:50,{},13.33,2258,13.4,13.32,13.36,1.4686,768.0
2019-06-25 10:55,{},13.34,2258,13.35,13.32,13.33,1.069,559.0
2019-06-25 11:00,{},13.26,2258,13.35,13.26,13.35,3.3828,1769.0
2019-06-25 11:05,{},13.21,2258,13.28,13.2,13.26,4.4728,2339.0
2019-06-25 11:10,{},13.25,2258,13.26,13.19,13.21,3.0195,1579.0
2019-06-25 11:15,{},13.23,2258,13.25,13.23,13.25,1.0613,555.0
2019-06-25 11:20,{},13.23,2258,13.25,13.23,13.23,1.0594,554.0
2019-06-25 11:25,{},13.25,2258,13.25,13.22,13.23,1.0384,543.0
2019-06-25 11:30,{},13.26,2258,13.27,13.25,13.25,0.3251,170.0
2019-06-25 13:05,{},13.24,2258,13.27,13.22,13.26,2.2316,1167.0
2019-06-25 13:10,{},13.24,2258,13.25,13.23,13.24,0.4245,222.0
2019-06-25 13:15,{},13.24,2258,13.26,13.23,13.25,0.872,456.0
2019-06-25 13:20,{},13.25,2258,13.26,13.24,13.24,0.8663,453.0
2019-06-25 13:25,{},13.3,2258,13.3,13.25,13.25,0.9753,510.0
2019-06-25 13:30,{},13.3,2258,13.31,13.28,13.3,0.5316,278.0
2019-06-25 13:35,{},13.33,2258,13.33,13.28,13.3,0.5985,313.0
2019-06-25 13:40,{},13.3,2258,13.33,13.29,13.33,0.7267,380.0
2019-06-25 13:45,{},13.28,2258,13.3,13.28,13.3,0.8701,455.0
2019-06-25 13:50,{},13.32,2258,13.34,13.28,13.28,0.5852,306.0
2019-06-25 13:55,{},13.34,2258,13.36,13.31,13.32,1.2238,640.0
2019-06-25 14:00,{},13.34,2258,13.34,13.32,13.34,0.4207,220.0
2019-06-25 14:05,{},13.33,2258,13.34,13.32,13.34,1.0269,537.0
2019-06-25 14:10,{},13.34,2258,13.35,13.33,13.33,0.2926,153.0
2019-06-25 14:15,{},13.31,2258,13.34,13.3,13.34,1.111,581.0
2019-06-25 14:20,{},13.3,2258,13.33,13.3,13.31,0.9466,495.0
2019-06-25 14:25,{},13.3,2258,13.31,13.29,13.3,0.6157,322.0
2019-06-25 14:30,{},13.3,2258,13.3,13.3,13.3,0.2333,122.0
2019-06-25 14:35,{},13.31,2258,13.31,13.3,13.3,0.5182,271.0
2019-06-25 14:40,{},13.35,2258,13.36,13.31,13.31,0.6272,328.0
2019-06-25 14:45,{},13.36,2258,13.37,13.34,13.35,1.1722,613.0
2019-06-25 14:50,{},13.37,2258,13.38,13.35,13.36,1.2429999999999999,650.0
2019-06-25 14:55,{},13.33,2258,13.39,13.33,13.37,2.4955,1305.0
2019-06-25 15:00,{},13.34,2258,13.36,13.34,13.36,0.9427,493.0
2019-06-26 09:35,{},13.23,2258,13.23,13.14,13.23,4.3466,2273.0
2019-06-26 09:40,{},13.25,2258,13.25,13.23,13.23,0.6578,344.0
2019-06-26 09:45,{},13.29,2258,13.3,13.25,13.25,0.96,502.0
2019-06-26 09:50,{},13.3,2258,13.31,13.26,13.29,0.545,285.0
2019-06-26 09:55,{},13.32,2258,13.34,13.29,13.3,0.9236,483.0
2019-06-26 10:00,{},13.32,2258,13.34,13.31,13.32,0.6138,321.0
2019-06-26 10:05,{},13.26,2258,13.32,13.24,13.32,0.5737,300.0
2019-06-26 10:10,{},13.27,2258,13.3,13.26,13.26,1.3061,683.0
2019-06-26 10:15,{},13.31,2258,13.32,13.27,13.27,0.4436,232.0
2019-06-26 10:20,{},13.3,2258,13.33,13.29,13.31,0.807,422.0
2019-06-26 10:25,{},13.37,2258,13.38,13.29,13.3,1.2793,669.0
2019-06-26 10:30,{},13.36,2258,13.39,13.35,13.37,0.654,342.0
2019-06-26 10:35,{},13.39,2258,13.4,13.35,13.36,0.7094,371.0
2019-06-26 10:40,{},13.36,2258,13.39,13.36,13.39,1.0039,525.0
2019-06-26 10:45,{},13.36,2258,13.37,13.34,13.36,0.6999,366.0
2019-06-26 10:50,{},13.33,2258,13.36,13.32,13.36,0.6502,340.0
2019-06-26 10:55,{},13.32,2258,13.33,13.3,13.33,1.3921,728.0
2019-06-26 11:00,{},13.32,2258,13.33,13.3,13.32,0.4417,231.0
2019-06-26 11:05,{},13.32,2258,13.33,13.3,13.32,0.5393,282.0
2019-06-26 11:10,{},13.28,2258,13.32,13.28,13.32,0.9408,492.0
2019-06-26 11:15,{},13.28,2258,13.28,13.25,13.28,0.9351,489.0
2019-06-26 11:20,{},13.27,2258,13.28,13.26,13.28,0.2888,151.0
2019-06-26 11:25,{},13.28,2258,13.28,13.27,13.27,0.2008,105.0
2019-06-26 11:30,{},13.28,2258,13.29,13.28,13.28,0.3442,180.0
2019-06-26 13:05,{},13.28,2258,13.28,13.27,13.28,0.1109,58.0
2019-06-26 13:10,{},13.3,2258,13.3,13.27,13.28,0.6597,345.0
2019-06-26 13:15,{},13.31,2258,13.32,13.3,13.3,0.3346,175.0
2019-06-26 13:20,{},13.3,2258,13.31,13.3,13.31,0.3805,199.0
2019-06-26 13:25,{},13.28,2258,13.3,13.28,13.3,0.3461,181.0
2019-06-26 13:30,{},13.29,2258,13.3,13.26,13.28,1.1665,610.0
2019-06-26 13:35,{},13.25,2258,13.29,13.25,13.29,1.4265,746.0
2019-06-26 13:40,{},13.26,2258,13.26,13.25,13.25,1.0957,573.0
2019-06-26 13:45,{},13.25,2258,13.28,13.24,13.26,1.1646,609.0
2019-06-26 13:50,{},13.23,2258,13.25,13.23,13.25,0.7094,371.0
2019-06-26 13:55,{},13.27,2258,13.27,13.23,13.23,0.2027,106.0
2019-06-26 14:00,{},13.26,2258,13.27,13.25,13.27,0.0535,28.0
2019-06-26 14:05,{},13.26,2258,13.27,13.25,13.26,0.5316,278.0
2019-06-26 14:10,{},13.27,2258,13.27,13.25,13.26,0.1855,97.0
2019-06-26 14:15,{},13.28,2258,13.29,13.27,13.27,0.109,57.0
2019-06-26 14:20,{},13.35,2258,13.35,13.28,13.28,1.1168,584.0
2019-06-26 14:25,{},13.35,2258,13.37,13.32,13.35,1.2602,659.0
2019-06-26 14:30,{},13.34,2258,13.35,13.34,13.35,1.1321,592.0
2019-06-26 14:35,{},13.35,2258,13.35,13.33,13.34,1.176,615.0
2019-06-26 14:40,{},13.37,2258,13.38,13.35,13.35,2.1283,1113.0
2019-06-26 14:45,{},13.37,2258,13.38,13.36,13.37,1.6082,841.0
2019-06-26 14:50,{},13.35,2258,13.39,13.35,13.37,0.9848,515.0
2019-06-26 14:55,{},13.26,2258,13.35,13.26,13.33,2.1379,1118.0
2019-06-26 15:00,{},13.29,2258,13.3,13.26,13.26,1.3940000000000001,729.0
2019-06-27 09:35,{},13.33,2258,13.37,13.32,13.35,1.1416,597.0
2019-06-27 09:40,{},13.38,2258,13.38,13.3,13.33,1.4724,770.0
2019-06-27 09:45,{},13.4,2258,13.41,13.35,13.38,2.0289,1061.0
2019-06-27 09:50,{},13.4,2258,13.41,13.35,13.39,1.8243,954.0
2019-06-27 09:55,{},13.37,2258,13.41,13.36,13.4,2.0652,1080.0
2019-06-27 10:00,{},13.4,2258,13.4,13.37,13.37,1.6044,839.0
2019-06-27 10:05,{},13.4,2258,13.4,13.38,13.4,1.1569,605.0
2019-06-27 10:10,{},13.37,2258,13.4,13.37,13.4,2.2163,1159.0
2019-06-27 10:15,{},13.35,2258,13.37,13.35,13.37,2.1475,1123.0
2019-06-27 10:20,{},13.35,2258,13.36,13.35,13.35,2.4764,1295.0
2019-06-27 10:25,{},13.33,2258,13.36,13.32,13.35,1.8568,971.0
2019-06-27 10:30,{},13.32,2258,13.33,13.31,13.33,1.09,570.0
2019-06-27 10:35,{},13.31,2258,13.34,13.31,13.32,0.5660000000000001,296.0
2019-06-27 10:40,{},13.31,2258,13.31,13.3,13.31,0.5316,278.0
2019-06-27 10:45,{},13.3,2258,13.32,13.3,13.31,1.3328,697.0
2019-06-27 10:50,{},13.33,2258,13.33,13.3,13.3,0.5756,301.0
2019-06-27 10:55,{},13.32,2258,13.33,13.29,13.33,0.8204,429.0
2019-06-27 11:00,{},13.32,2258,13.33,13.31,13.32,0.631,330.0
2019-06-27 11:05,{},13.34,2258,13.34,13.32,13.32,0.2677,140.0
2019-06-27 11:10,{},13.34,2258,13.34,13.31,13.34,0.4589,240.0
2019-06-27 11:15,{},13.34,2258,13.34,13.32,13.34,0.1472,77.0
2019-06-27 11:20,{},13.32,2258,13.34,13.32,13.34,0.2333,122.0
2019-06-27 11:25,{},13.31,2258,13.33,13.31,13.32,0.6349,332.0
2019-06-27 11:30,{},13.33,2258,13.33,13.31,13.31,0.4742,248.0
2019-06-27 13:05,{},13.36,2258,13.36,13.31,13.33,1.3233,692.0
2019-06-27 13:10,{},13.33,2258,13.37,13.33,13.37,0.7668,401.0
2019-06-27 13:15,{},13.33,2258,13.33,13.32,13.33,0.3213,168.0
2019-06-27 13:20,{},13.32,2258,13.33,13.3,13.33,1.9008,994.0
2019-06-27 13:25,{},13.31,2258,13.33,13.31,13.32,1.6426,859.0
2019-06-27 13:30,{},13.3,2258,13.32,13.29,13.31,1.9161,1002.0
2019-06-27 13:35,{},13.28,2258,13.32,13.28,13.3,1.1435,598.0
2019-06-27 13:40,{},13.25,2258,13.29,13.21,13.28,2.1264,1112.0
2019-06-27 13:45,{},13.25,2258,13.29,13.25,13.25,0.8108,424.0
2019-06-27 13:50,{},13.25,2258,13.27,13.25,13.25,0.807,422.0
2019-06-27 13:55,{},13.23,2258,13.25,13.22,13.25,2.1016,1099.0
2019-06-27 14:00,{},13.25,2258,13.26,13.23,13.23,0.5832,305.0
2019-06-27 14:05,{},13.23,2258,13.26,13.23,13.25,1.4801,774.0
2019-06-27 14:10,{},13.22,2258,13.24,13.21,13.23,2.4649,1289.0
2019-06-27 14:15,{},13.24,2258,13.25,13.22,13.22,0.2046,107.0
2019-06-27 14:20,{},13.25,2258,13.27,13.25,13.25,0.3538,185.0
2019-06-27 14:25,{},13.27,2258,13.27,13.23,13.25,0.9026,472.0
2019-06-27 14:30,{},13.28,2258,13.28,13.24,13.27,0.9925,519.0
2019-06-27 14:35,{},13.24,2258,13.28,13.24,13.28,0.9007,471.0
2019-06-27 14:40,{},13.26,2258,13.26,13.24,13.24,0.6941,363.0
2019-06-27 14:45,{},13.25,2258,13.26,13.24,13.26,1.2755,667.0
2019-06-27 14:50,{},13.25,2258,13.26,13.25,13.25,1.0938,572.0
2019-06-27 14:55,{},13.26,2258,13.27,13.24,13.25,3.8207,1998.0
2019-06-27 15:00,{},13.25,2258,13.26,13.24,13.26,1.1971,626.0
2019-06-28 09:35,{},13.22,2258,13.27,13.18,13.25,1.1512,602.0
2019-06-28 09:40,{},13.18,2258,13.22,13.16,13.22,2.0461,1070.0
2019-06-28 09:45,{},13.19,2258,13.19,13.16,13.18,1.1454,599.0
2019-06-28 09:50,{},13.17,2258,13.19,13.16,13.19,1.4093,737.0
2019-06-28 09:55,{},13.17,2258,13.18,13.16,13.17,1.6388,857.0
2019-06-28 10:00,{},13.18,2258,13.23,13.17,13.17,0.5718,299.0
2019-06-28 10:05,{},13.2,2258,13.21,13.17,13.18,1.285,672.0
2019-06-28 10:10,{},13.17,2258,13.2,13.16,13.2,2.2756,1190.0
2019-06-28 10:15,{},13.15,2258,13.17,13.14,13.16,2.1188,1108.0
2019-06-28 10:20,{},13.16,2258,13.17,13.14,13.15,0.4647,243.0
2019-06-28 10:25,{},13.13,2258,13.15,13.12,13.15,0.9313,487.0
2019-06-28 10:30,{},13.11,2258,13.13,13.1,13.13,2.0461,1070.0
2019-06-28 10:35,{},13.12,2258,13.12,13.11,13.11,0.5106,267.0
2019-06-28 10:40,{},13.1,2258,13.12,13.08,13.12,2.593,1356.0
2019-06-28 10:45,{},13.06,2258,13.1,13.06,13.1,1.7153,897.0
2019-06-28 10:50,{},13.08,2258,13.09,13.06,13.06,0.6272,328.0
2019-06-28 10:55,{},13.07,2258,13.09,13.06,13.08,0.6081,318.0
2019-06-28 11:00,{},13.08,2258,13.08,13.07,13.07,0.5335,279.0
2019-06-28 11:05,{},13.05,2258,13.08,13.05,13.08,1.3233,692.0
2019-06-28 11:10,{},13.05,2258,13.06,13.05,13.05,1.6904,884.0
2019-06-28 11:15,{},13.07,2258,13.07,13.03,13.05,1.9983,1045.0
2019-06-28 11:20,{},13.07,2258,13.07,13.04,13.07,0.6846,358.0
2019-06-28 11:25,{},13.06,2258,13.08,13.05,13.07,0.545,285.0
2019-06-28 11:30,{},13.03,2258,13.07,13.01,13.06,3.3006,1726.0
2019-06-28 13:05,{},13.01,2258,13.06,13.0,13.03,2.658,1390.0
2019-06-28 13:10,{},13.03,2258,13.03,13.01,13.01,0.2084,109.0
2019-06-28 13:15,{},13.04,2258,13.04,13.02,13.03,0.3576,187.0
2019-06-28 13:20,{},13.05,2258,13.06,13.04,13.04,0.6272,328.0
2019-06-28 13:25,{},13.07,2258,13.07,13.05,13.05,0.2543,133.0
2019-06-28 13:30,{},13.04,2258,13.07,13.04,13.07,0.8816,461.0
2019-06-28 13:35,{},13.03,2258,13.04,13.02,13.04,0.4704,246.0
2019-06-28 13:40,{},13.04,2258,13.04,13.02,13.03,0.6865,359.0
2019-06-28 13:45,{},13.04,2258,13.05,13.04,13.04,0.2639,138.0
2019-06-28 13:50,{},13.03,2258,13.05,13.01,13.04,1.0422,545.0
2019-06-28 13:55,{},13.02,2258,13.03,13.02,13.03,0.5565,291.0
2019-06-28 14:00,{},13.01,2258,13.02,13.0,13.02,2.2259,1164.0
2019-06-28 14:05,{},13.01,2258,13.02,13.0,13.01,1.4074,736.0
2019-06-28 14:10,{},13.01,2258,13.02,13.0,13.01,1.9696,1030.0
2019-06-28 14:15,{},13.01,2258,13.02,13.0,13.01,3.4363,1797.0
2019-06-28 14:20,{},13.03,2258,13.03,13.01,13.01,0.3021,158.0
2019-06-28 14:25,{},13.04,2258,13.04,13.01,13.03,1.6331,854.0
2019-06-28 14:30,{},13.06,2258,13.06,13.03,13.04,0.7228,378.0
2019-06-28 14:35,{},13.03,2258,13.06,13.03,13.06,1.7,889.0
2019-06-28 14:40,{},13.03,2258,13.04,13.03,13.03,1.2755,667.0
2019-06-28 14:45,{},13.03,2258,13.04,13.03,13.03,1.2717,665.0
2019-06-28 14:50,{},13.03,2258,13.04,13.02,13.03,1.6006,837.0
2019-06-28 14:55,{},13.03,2258,13.05,13.03,13.03,1.1569,605.0
2019-06-28 15:00,{},13.05,2258,13.05,13.03,13.03,1.0116,529.0
2019-07-01 09:35,{},13.25,2258,13.3,13.25,13.3,8.0028,4185.0
2019-07-01 09:40,{},13.25,2258,13.26,13.24,13.26,2.4573,1285.0
2019-07-01 09:45,{},13.26,2258,13.27,13.25,13.25,1.1856,620.0
2019-07-01 09:50,{},13.26,2258,13.27,13.25,13.26,1.3099,685.0
2019-07-01 09:55,{},13.29,2258,13.3,13.26,13.26,3.7748,1974.0
2019-07-01 10:00,{},13.28,2258,13.31,13.28,13.3,2.9258,1530.0
2019-07-01 10:05,{},13.29,2258,13.3,13.27,13.28,0.9045,473.0
2019-07-01 10:10,{},13.3,2258,13.3,13.28,13.29,2.3234,1215.0
2019-07-01 10:15,{},13.29,2258,13.3,13.28,13.3,1.0307,539.0
2019-07-01 10:20,{},13.32,2258,13.32,13.29,13.29,2.4783,1296.0
2019-07-01 10:25,{},13.3,2258,13.33,13.29,13.32,2.0366,1065.0
2019-07-01 10:30,{},13.3,2258,13.31,13.29,13.3,0.9255,484.0
2019-07-01 10:35,{},13.29,2258,13.3,13.29,13.3,0.7152,374.0
2019-07-01 10:40,{},13.29,2258,13.3,13.28,13.29,1.8205,952.0
2019-07-01 10:45,{},13.28,2258,13.3,13.27,13.29,1.2908,675.0
2019-07-01 10:50,{},13.28,2258,13.31,13.26,13.28,3.5128,1837.0
2019-07-01 10:55,{},13.28,2258,13.31,13.28,13.28,2.3406,1224.0
2019-07-01 11:00,{},13.3,2258,13.32,13.28,13.3,2.2469,1175.0
2019-07-01 11:05,{},13.3,2258,13.32,13.3,13.3,1.8492,967.0
2019-07-01 11:10,{},13.26,2258,13.3,13.26,13.3,4.4460000000000015,2325.0
2019-07-01 11:15,{},13.28,2258,13.3,13.26,13.26,0.5488,287.0
2019-07-01 11:20,{},13.29,2258,13.3,13.28,13.28,1.2181,637.0
2019-07-01 11:25,{},13.27,2258,13.3,13.27,13.29,1.0728,561.0
2019-07-01 11:30,{},13.28,2258,13.3,13.27,13.27,0.5335,279.0
2019-07-01 13:05,{},13.28,2258,13.29,13.27,13.28,1.5451,808.0
2019-07-01 13:10,{},13.27,2258,13.29,13.27,13.28,1.8109,947.0
2019-07-01 13:15,{},13.27,2258,13.28,13.27,13.27,1.1148,583.0
2019-07-01 13:20,{},13.28,2258,13.29,13.26,13.27,1.1129,582.0
2019-07-01 13:25,{},13.3,2258,13.3,13.28,13.28,1.0881,569.0
2019-07-01 13:30,{},13.3,2258,13.31,13.29,13.3,2.4094,1260.0
2019-07-01 13:35,{},13.29,2258,13.3,13.29,13.3,0.7094,371.0
2019-07-01 13:40,{},13.28,2258,13.3,13.28,13.29,0.9294,486.0
2019-07-01 13:45,{},13.29,2258,13.3,13.28,13.28,0.8835,462.0
2019-07-01 13:50,{},13.31,2258,13.31,13.29,13.29,1.7306,905.0
2019-07-01 13:55,{},13.3,2258,13.31,13.29,13.31,1.4514,759.0
2019-07-01 14:00,{},13.31,2258,13.31,13.3,13.3,0.5431,284.0
2019-07-01 14:05,{},13.3,2258,13.31,13.29,13.31,2.0308,1062.0
2019-07-01 14:10,{},13.32,2258,13.32,13.3,13.3,1.6101,842.0
2019-07-01 14:15,{},13.33,2258,13.33,13.31,13.32,1.6503,863.0
2019-07-01 14:20,{},13.35,2258,13.35,13.33,13.33,2.0174,1055.0
2019-07-01 14:25,{},13.34,2258,13.35,13.34,13.35,2.4362,1274.0
2019-07-01 14:30,{},13.35,2258,13.37,13.34,13.34,2.2622,1183.0
2019-07-01 14:35,{},13.35,2258,13.36,13.34,13.35,1.8453,965.0
2019-07-01 14:40,{},13.35,2258,13.35,13.32,13.35,2.333,1220.0
2019-07-01 14:45,{},13.44,2258,13.44,13.34,13.35,6.2435,3265.0
2019-07-01 14:50,{},13.44,2258,13.49,13.44,13.44,10.3434,5409.0
2019-07-01 14:55,{},13.41,2258,13.45,13.4,13.44,3.4325,1795.0
2019-07-01 15:00,{},13.41,2258,13.41,13.4,13.41,1.7402,910.0
2019-07-02 09:35,{},13.36,2258,13.43,13.31,13.43,2.8357,1481.0
2019-07-02 09:40,{},13.34,2258,13.36,13.34,13.36,2.3168,1210.0
2019-07-02 09:45,{},13.38,2258,13.39,13.34,13.34,1.7941,937.0
2019-07-02 09:50,{},13.39,2258,13.42,13.38,13.38,2.5561,1335.0
2019-07-02 09:55,{},13.38,2258,13.45,13.38,13.39,4.1051,2144.0
2019-07-02 10:00,{},13.38,2258,13.41,13.37,13.38,2.5485,1331.0
2019-07-02 10:05,{},13.4,2258,13.4,13.37,13.38,2.1177,1106.0
2019-07-02 10:10,{},13.36,2258,13.4,13.36,13.4,2.1942,1146.0
2019-07-02 10:15,{},13.32,2258,13.38,13.32,13.36,6.2323,3255.0
2019-07-02 10:20,{},13.31,2258,13.36,13.31,13.32,2.6767,1398.0
2019-07-02 10:25,{},13.31,2258,13.35,13.31,13.31,3.8294,2000.0
2019-07-02 10:30,{},13.32,2258,13.34,13.31,13.31,2.0602,1076.0
2019-07-02 10:35,{},13.35,2258,13.37,13.32,13.32,1.8362,959.0
2019-07-02 10:40,{},13.38,2258,13.38,13.35,13.35,0.4117,215.0
2019-07-02 10:45,{},13.37,2258,13.38,13.34,13.38,1.4035,733.0
2019-07-02 10:50,{},13.36,2258,13.38,13.35,13.37,0.6261,327.0
2019-07-02 10:55,{},13.32,2258,13.37,13.32,13.36,2.4068,1257.0
2019-07-02 11:00,{},13.33,2258,13.33,13.3,13.32,1.8668,975.0
2019-07-02 11:05,{},13.33,2258,13.33,13.32,13.33,0.27,141.0
2019-07-02 11:10,{},13.33,2258,13.34,13.32,13.33,0.7697,402.0
2019-07-02 11:15,{},13.32,2258,13.34,13.31,13.33,0.6509999999999999,340.0
2019-07-02 11:20,{},13.32,2258,13.33,13.31,13.32,0.4308,225.0
2019-07-02 11:25,{},13.32,2258,13.33,13.32,13.32,0.5457,285.0
2019-07-02 11:30,{},13.33,2258,13.34,13.32,13.32,0.8865,463.0
2019-07-02 13:05,{},13.33,2258,13.35,13.33,13.33,0.9382,490.0
2019-07-02 13:10,{},13.32,2258,13.35,13.32,13.33,0.5591,292.0
2019-07-02 13:15,{},13.32,2258,13.34,13.32,13.32,0.1819,95.0
2019-07-02 13:20,{},13.32,2258,13.33,13.31,13.32,2.2479,1174.0
2019-07-02 13:25,{},13.31,2258,13.33,13.31,13.32,0.8961,468.0
2019-07-02 13:30,{},13.32,2258,13.32,13.3,13.31,5.2175,2725.0
2019-07-02 13:35,{},13.29,2258,13.32,13.29,13.32,2.7495,1436.0
2019-07-02 13:40,{},13.32,2258,13.32,13.29,13.29,1.2982,678.0
2019-07-02 13:45,{},13.31,2258,13.32,13.3,13.32,0.5916,309.0
2019-07-02 13:50,{},13.31,2258,13.32,13.31,13.31,0.4691,245.0
2019-07-02 13:55,{},13.32,2258,13.34,13.31,13.31,1.0186,532.0
2019-07-02 14:00,{},13.3,2258,13.34,13.29,13.32,1.168,610.0
2019-07-02 14:05,{},13.31,2258,13.32,13.3,13.3,0.45,235.0
2019-07-02 14:10,{},13.32,2258,13.32,13.31,13.31,0.5476,286.0
2019-07-02 14:15,{},13.33,2258,13.33,13.31,13.32,0.9497,496.0
2019-07-02 14:20,{},13.32,2258,13.35,13.32,13.33,1.0531,550.0
2019-07-02 14:25,{},13.31,2258,13.34,13.31,13.32,1.1029,576.0
2019-07-02 14:30,{},13.35,2258,13.35,13.31,13.31,1.1086,579.0
2019-07-02 14:35,{},13.34,2258,13.35,13.33,13.35,0.7812,408.0
2019-07-02 14:40,{},13.34,2258,13.35,13.34,13.34,1.0837,566.0
2019-07-02 14:45,{},13.32,2258,13.34,13.31,13.34,1.7558,917.0
2019-07-02 14:50,{},13.31,2258,13.33,13.31,13.32,1.5528,811.0
2019-07-02 14:55,{},13.35,2258,13.35,13.31,13.31,2.8452,1486.0
2019-07-02 15:00,{},13.34,2258,13.35,13.32,13.35,0.7831,409.0
2019-07-03 09:35,{},13.23,2258,13.33,13.22,13.33,2.5351,1324.0
2019-07-03 09:40,{},13.24,2258,13.27,13.24,13.24,0.8788,459.0
2019-07-03 09:45,{},13.26,2258,13.26,13.24,13.24,0.8042,420.0
2019-07-03 09:50,{},13.21,2258,13.27,13.21,13.26,2.9199,1525.0
2019-07-03 09:55,{},13.2,2258,13.21,13.17,13.21,3.9347,2055.0
2019-07-03 10:00,{},13.19,2258,13.2,13.19,13.2,0.8942,467.0
2019-07-03 10:05,{},13.18,2258,13.19,13.17,13.19,1.7213,899.0
2019-07-03 10:10,{},13.19,2258,13.22,13.17,13.18,1.3077,683.0
2019-07-03 10:15,{},13.21,2258,13.22,13.16,13.2,2.9582,1545.0
2019-07-03 10:20,{},13.19,2258,13.22,13.18,13.19,0.6874,359.0
2019-07-03 10:25,{},13.19,2258,13.2,13.19,13.19,0.2566,134.0
2019-07-03 10:30,{},13.19,2258,13.2,13.19,13.19,1.0186,532.0
2019-07-03 10:35,{},13.2,2258,13.2,13.18,13.19,0.852,445.0
2019-07-03 10:40,{},13.2,2258,13.2,13.19,13.2,0.7391,386.0
2019-07-03 10:45,{},13.19,2258,13.21,13.19,13.2,0.785,410.0
2019-07-03 10:50,{},13.21,2258,13.21,13.19,13.19,0.7391,386.0
2019-07-03 10:55,{},13.2,2258,13.21,13.19,13.21,0.8922,466.0
2019-07-03 11:00,{},13.21,2258,13.21,13.19,13.2,0.4672,244.0
2019-07-03 11:05,{},13.23,2258,13.23,13.21,13.21,0.9478,495.0
2019-07-03 11:10,{},13.24,2258,13.25,13.21,13.23,0.6146,321.0
2019-07-03 11:15,{},13.26,2258,13.27,13.22,13.24,1.5509,810.0
2019-07-03 11:20,{},13.25,2258,13.26,13.24,13.26,0.4174,218.0
2019-07-03 11:25,{},13.23,2258,13.26,13.22,13.25,0.2929,153.0
2019-07-03 11:30,{},13.25,2258,13.25,13.23,13.23,0.201,105.0
2019-07-03 13:05,{},13.24,2258,13.25,13.23,13.25,0.4557,238.0
2019-07-03 13:10,{},13.24,2258,13.25,13.24,13.24,0.2393,125.0
2019-07-03 13:15,{},13.24,2258,13.24,13.23,13.24,0.157,82.0
2019-07-03 13:20,{},13.26,2258,13.27,13.23,13.24,1.4303,747.0
2019-07-03 13:25,{},13.24,2258,13.26,13.24,13.26,0.3638,190.0
2019-07-03 13:30,{},13.25,2258,13.27,13.24,13.24,1.2982,678.0
2019-07-03 13:35,{},13.24,2258,13.27,13.24,13.25,0.3906,204.0
2019-07-03 13:40,{},13.26,2258,13.26,13.23,13.24,0.8788,459.0
2019-07-03 13:45,{},13.24,2258,13.26,13.24,13.26,0.1972,103.0
2019-07-03 13:50,{},13.23,2258,13.26,13.23,13.24,0.5763,301.0
2019-07-03 13:55,{},13.24,2258,13.25,13.23,13.23,0.5017,262.0
2019-07-03 14:00,{},13.26,2258,13.26,13.23,13.24,0.8157,426.0
2019-07-03 14:05,{},13.27,2258,13.27,13.24,13.26,0.6509999999999999,340.0
2019-07-03 14:10,{},13.25,2258,13.28,13.25,13.27,0.8769,458.0
2019-07-03 14:15,{},13.36,2258,13.39,13.26,13.27,6.0217,3145.0
2019-07-03 14:20,{},13.31,2258,13.36,13.3,13.36,1.325,692.0
2019-07-03 14:25,{},13.33,2258,13.35,13.31,13.31,1.5011,784.0
2019-07-03 14:30,{},13.29,2258,13.33,13.27,13.33,0.4882,255.0
2019-07-03 14:35,{},13.3,2258,13.31,13.29,13.29,0.6089,318.0
2019-07-03 14:40,{},13.28,2258,13.31,13.27,13.3,2.447,1278.0
2019-07-03 14:45,{},13.3,2258,13.31,13.28,13.28,1.3077,683.0
2019-07-03 14:50,{},13.29,2258,13.3,13.26,13.3,0.9439,493.0
2019-07-03 14:55,{},13.28,2258,13.3,13.25,13.29,2.5676,1341.0
2019-07-03 15:00,{},13.28,2258,13.29,13.28,13.28,0.5629,294.0
2019-07-04 09:35,{},13.36,2258,13.42,13.34,13.34,4.7408,2476.0
2019-07-04 09:40,{},13.38,2258,13.4,13.35,13.36,2.1483,1122.0
2019-07-04 09:45,{},13.54,2258,13.55,13.38,13.38,7.6492,3995.0
2019-07-04 09:50,{},13.51,2258,13.56,13.5,13.54,9.4892,4956.0
2019-07-04 09:55,{},13.54,2258,13.56,13.46,13.51,8.4725,4425.0
2019-07-04 10:00,{},13.65,2258,13.67,13.53,13.54,13.3895,6993.0
2019-07-04 10:05,{},13.6,2258,13.65,13.6,13.65,6.1691,3222.0
2019-07-04 10:10,{},13.59,2258,13.61,13.55,13.6,4.5149,2358.0
2019-07-04 10:15,{},13.53,2258,13.59,13.52,13.59,2.8701,1499.0
2019-07-04 10:20,{},13.55,2258,13.56,13.53,13.53,2.3551,1230.0
2019-07-04 10:25,{},13.57,2258,13.57,13.54,13.55,1.526,797.0
2019-07-04 10:30,{},13.57,2258,13.57,13.55,13.57,1.1412,596.0
2019-07-04 10:35,{},13.56,2258,13.57,13.55,13.57,1.2388,647.0
2019-07-04 10:40,{},13.57,2258,13.57,13.56,13.56,2.1694,1133.0
2019-07-04 10:45,{},13.54,2258,13.58,13.54,13.57,1.5413,805.0
2019-07-04 10:50,{},13.51,2258,13.53,13.48,13.53,2.7859,1455.0
2019-07-04 10:55,{},13.52,2258,13.53,13.49,13.51,2.3742,1240.0
2019-07-04 11:00,{},13.52,2258,13.55,13.52,13.52,2.0257,1058.0
2019-07-04 11:05,{},13.51,2258,13.52,13.5,13.52,1.8151,948.0
2019-07-04 11:10,{},13.48,2258,13.51,13.48,13.51,1.8381,960.0
2019-07-04 11:15,{},13.47,2258,13.48,13.46,13.48,1.078,563.0
2019-07-04 11:20,{},13.48,2258,13.49,13.46,13.47,1.5873,829.0
2019-07-04 11:25,{},13.47,2258,13.48,13.46,13.48,1.7366,907.0
2019-07-04 11:30,{},13.48,2258,13.48,13.46,13.47,0.6395,334.0
2019-07-04 13:05,{},13.55,2258,13.56,13.47,13.48,6.1175,3195.0
2019-07-04 13:10,{},13.54,2258,13.57,13.53,13.55,2.3589,1232.0
2019-07-04 13:15,{},13.53,2258,13.56,13.53,13.54,3.1133,1626.0
2019-07-04 13:20,{},13.52,2258,13.54,13.52,13.53,1.6428,858.0
2019-07-04 13:25,{},13.51,2258,13.52,13.5,13.52,1.3748,718.0
2019-07-04 13:30,{},13.52,2258,13.54,13.51,13.51,1.1871,620.0
2019-07-04 13:35,{},13.55,2258,13.55,13.52,13.52,1.0531,550.0
2019-07-04 13:40,{},13.56,2258,13.57,13.54,13.55,2.872,1500.0
2019-07-04 13:45,{},13.55,2258,13.57,13.54,13.56,1.4877,777.0
2019-07-04 13:50,{},13.56,2258,13.56,13.54,13.55,1.1373,594.0
2019-07-04 13:55,{},13.57,2258,13.57,13.55,13.55,1.279,668.0
2019-07-04 13:55,{},13.57,2258,13.57,13.55,13.55,1.2790000000000001,668.0
2019-07-04 14:00,{},13.57,2258,13.57,13.55,13.57,1.9319,1009.0
2019-07-04 14:05,{},13.55,2258,13.57,13.54,13.57,1.9319,1009.0
2019-07-04 14:10,{},13.54,2258,13.55,13.53,13.55,1.5069,787.0
2019-07-04 14:15,{},13.58,2258,13.58,13.53,13.54,4.58,2392.0
2019-07-04 14:20,{},13.56,2258,13.58,13.55,13.58,2.2134,1156.0
2019-07-04 14:25,{},13.56,2258,13.56,13.54,13.56,3.2378,1691.0
2019-07-04 14:30,{},13.53,2258,13.56,13.51,13.56,5.162000000000001,2696.0
2019-07-04 14:35,{},13.54,2258,13.55,13.53,13.53,1.3862,724.0
2019-07-04 14:40,{},13.55,2258,13.55,13.54,13.54,3.6934,1929.0
2019-07-04 14:45,{},13.55,2258,13.55,13.54,13.55,2.6231,1370.0
2019-07-04 14:50,{},13.57,2258,13.59,13.55,13.55,4.0381,2109.0
2019-07-04 14:55,{},13.6,2258,13.61,13.57,13.57,6.6651,3481.0
2019-07-04 15:00,{},13.61,2258,13.61,13.6,13.6,5.0835,2655.0
2019-07-05 09:35,{},13.75,2258,13.78,13.65,13.68,13.8107,7213.0
2019-07-05 09:40,{},13.63,2258,13.75,13.63,13.74,7.519,3927.0
2019-07-05 09:45,{},13.57,2258,13.64,13.54,13.63,6.15,3212.0
2019-07-05 09:50,{},13.6,2258,13.65,13.57,13.57,2.4719,1291.0
2019-07-05 09:55,{},13.55,2258,13.6,13.55,13.6,3.3699,1760.0
2019-07-05 10:00,{},13.6,2258,13.6,13.55,13.56,1.4609,763.0
2019-07-05 10:05,{},13.57,2258,13.6,13.55,13.6,1.3537,707.0
2019-07-05 10:10,{},13.58,2258,13.59,13.57,13.57,0.6089,318.0
2019-07-05 10:15,{},13.55,2258,13.59,13.55,13.58,1.0244,535.0
2019-07-05 10:20,{},13.59,2258,13.59,13.54,13.55,0.6663,348.0
2019-07-05 10:25,{},13.6,2258,13.6,13.58,13.59,0.6989,365.0
2019-07-05 10:30,{},13.61,2258,13.61,13.59,13.6,0.7257,379.0
2019-07-05 10:35,{},13.6,2258,13.64,13.6,13.61,2.3264,1215.0
2019-07-05 10:40,{},13.63,2258,13.64,13.59,13.6,1.1929,623.0
2019-07-05 10:45,{},13.62,2258,13.64,13.62,13.63,0.8367,437.0
2019-07-05 10:50,{},13.61,2258,13.63,13.61,13.62,0.7257,379.0
2019-07-05 10:55,{},13.62,2258,13.63,13.61,13.61,0.718,375.0
2019-07-05 11:00,{},13.62,2258,13.62,13.61,13.62,0.6338,331.0
2019-07-05 11:05,{},13.62,2258,13.63,13.61,13.62,0.5897,308.0
2019-07-05 11:10,{},13.62,2258,13.63,13.61,13.62,0.6472,338.0
2019-07-05 11:15,{},13.61,2258,13.62,13.61,13.62,0.2125,111.0
2019-07-05 11:20,{},13.61,2258,13.62,13.61,13.62,0.3159,165.0
2019-07-05 11:25,{},13.61,2258,13.61,13.6,13.61,0.718,375.0
2019-07-05 11:30,{},13.61,2258,13.62,13.61,13.61,0.1896,99.0
2019-07-05 13:05,{},13.6,2258,13.62,13.6,13.61,0.4442,232.0
2019-07-05 13:10,{},13.61,2258,13.61,13.6,13.6,0.8271,432.0
2019-07-05 13:15,{},13.6,2258,13.61,13.59,13.61,1.0607,554.0
2019-07-05 13:20,{},13.6,2258,13.6,13.58,13.6,1.0799,564.0
2019-07-05 13:25,{},13.62,2258,13.62,13.58,13.6,0.8252,431.0
2019-07-05 13:30,{},13.64,2258,13.65,13.62,13.62,1.8419,962.0
2019-07-05 13:35,{},13.63,2258,13.64,13.61,13.64,1.1929,623.0
2019-07-05 13:40,{},13.63,2258,13.65,13.62,13.63,2.491,1301.0
2019-07-05 13:45,{},13.63,2258,13.64,13.62,13.63,2.133,1114.0
2019-07-05 13:50,{},13.63,2258,13.65,13.63,13.63,0.9497,496.0
2019-07-05 13:55,{},13.63,2258,13.64,13.63,13.63,1.3556,708.0
2019-07-05 14:00,{},13.65,2258,13.66,13.63,13.63,2.2230000000000003,1161.0
2019-07-05 14:05,{},13.66,2258,13.66,13.65,13.65,0.3427,179.0
2019-07-05 14:10,{},13.65,2258,13.66,13.65,13.66,2.2268,1163.0
2019-07-05 14:15,{},13.63,2258,13.66,13.63,13.65,0.9803,512.0
2019-07-05 14:20,{},13.63,2258,13.64,13.63,13.63,0.3906,204.0
2019-07-05 14:25,{},13.64,2258,13.64,13.63,13.63,0.8654,452.0
2019-07-05 14:30,{},13.63,2258,13.64,13.63,13.64,0.7869,411.0
2019-07-05 14:35,{},13.63,2258,13.64,13.62,13.63,1.4935,780.0
2019-07-05 14:40,{},13.62,2258,13.64,13.62,13.63,1.7883,934.0
2019-07-05 14:45,{},13.6,2258,13.62,13.6,13.61,1.9358,1011.0
2019-07-05 14:50,{},13.6,2258,13.61,13.6,13.6,1.8917,988.0
2019-07-05 14:55,{},13.6,2258,13.61,13.6,13.6,4.4536,2326.0
2019-07-05 15:00,{},13.6,2258,13.6,13.59,13.6,2.5868,1351.0
2019-07-08 09:35,{},13.52,2258,13.58,13.5,13.5,3.119,1629.0
2019-07-08 09:40,{},13.43,2258,13.52,13.41,13.52,3.5192,1838.0
2019-07-08 09:45,{},13.42,2258,13.45,13.42,13.43,1.5758,823.0
2019-07-08 09:50,{},13.38,2258,13.42,13.35,13.42,4.8882,2553.0
2019-07-08 09:55,{},13.37,2258,13.41,13.37,13.38,1.9798,1034.0
2019-07-08 10:00,{},13.32,2258,13.37,13.3,13.37,4.2755,2233.0
2019-07-08 10:05,{},13.34,2258,13.35,13.32,13.32,0.7984,417.0
2019-07-08 10:10,{},13.33,2258,13.37,13.32,13.34,1.3326,696.0
2019-07-08 10:15,{},13.35,2258,13.35,13.33,13.33,0.5763,301.0
2019-07-08 10:20,{},13.33,2258,13.35,13.32,13.35,0.7104,371.0
2019-07-08 10:25,{},13.32,2258,13.33,13.31,13.33,2.0583,1075.0
2019-07-08 10:30,{},13.32,2258,13.32,13.3,13.32,3.7241,1945.0
2019-07-08 10:35,{},13.22,2258,13.32,13.22,13.32,2.6557,1387.0
2019-07-08 10:40,{},13.27,2258,13.27,13.22,13.22,0.8961,468.0
2019-07-08 10:45,{},13.24,2258,13.27,13.23,13.27,1.0454,546.0
2019-07-08 10:50,{},13.23,2258,13.24,13.22,13.24,0.9401,491.0
2019-07-08 10:55,{},13.16,2258,13.23,13.16,13.23,3.4043,1778.0
2019-07-08 11:00,{},13.19,2258,13.21,13.13,13.16,2.4623,1286.0
2019-07-08 11:05,{},13.29,2258,13.3,13.18,13.19,1.3231,691.0
2019-07-08 11:10,{},13.28,2258,13.31,13.24,13.29,0.7697,402.0
2019-07-08 11:15,{},13.29,2258,13.29,13.27,13.28,0.2164,113.0
2019-07-08 11:20,{},13.34,2258,13.34,13.28,13.29,1.258,657.0
2019-07-08 11:25,{},13.41,2258,13.41,13.33,13.34,2.2651,1183.0
2019-07-08 11:30,{},13.4,2258,13.41,13.38,13.41,0.6701,350.0
2019-07-08 13:05,{},13.41,2258,13.42,13.37,13.4,1.2063,630.0
2019-07-08 13:10,{},13.37,2258,13.41,13.37,13.41,0.8137,425.0
2019-07-08 13:15,{},13.4,2258,13.43,13.37,13.37,0.8578,448.0
2019-07-08 13:20,{},13.33,2258,13.4,13.32,13.4,2.6729,1396.0
2019-07-08 13:25,{},13.35,2258,13.35,13.33,13.33,0.7199,376.0
2019-07-08 13:30,{},13.38,2258,13.39,13.35,13.38,0.7065,369.0
2019-07-08 13:35,{},13.37,2258,13.38,13.3,13.37,2.1904,1144.0
2019-07-08 13:40,{},13.37,2258,13.38,13.3,13.37,1.0512,549.0
2019-07-08 13:45,{},13.3,2258,13.37,13.25,13.37,2.1808,1139.0
2019-07-08 13:50,{},13.24,2258,13.35,13.21,13.3,1.5586,814.0
2019-07-08 13:55,{},13.27,2258,13.29,13.23,13.24,0.2125,111.0
2019-07-08 14:00,{},13.29,2258,13.29,13.26,13.27,0.4787,250.0
2019-07-08 14:05,{},13.29,2258,13.32,13.29,13.29,0.3485,182.0
2019-07-08 14:10,{},13.32,2258,13.32,13.29,13.29,0.607,317.0
2019-07-08 14:15,{},13.32,2258,13.33,13.32,13.32,0.3963,207.0
2019-07-08 14:20,{},13.33,2258,13.33,13.32,13.32,0.8252,431.0
2019-07-08 14:25,{},13.35,2258,13.36,13.33,13.33,0.875,457.0
2019-07-08 14:30,{},13.35,2258,13.36,13.34,13.35,0.7372,385.0
2019-07-08 14:35,{},13.37,2258,13.37,13.35,13.35,1.392,727.0
2019-07-08 14:40,{},13.4,2258,13.4,13.37,13.37,1.1986,626.0
2019-07-08 14:45,{},13.43,2258,13.48,13.4,13.4,2.5676,1341.0
2019-07-08 14:50,{},13.39,2258,13.43,13.36,13.43,1.0665,557.0
2019-07-08 14:55,{},13.4,2258,13.42,13.37,13.39,1.4609,763.0
2019-07-08 15:00,{},13.42,2258,13.44,13.4,13.4,1.1546,603.0
2019-07-09 09:35,{},13.39,2258,13.41,13.26,13.27,4.2793,2235.0
2019-07-09 09:40,{},13.31,2258,13.39,13.31,13.39,1.6926,884.0
2019-07-09 09:45,{},13.27,2258,13.34,13.26,13.31,1.7213,899.0
2019-07-09 09:50,{},13.23,2258,13.27,13.2,13.27,4.3866,2291.0
2019-07-09 09:55,{},13.24,2258,13.27,13.23,13.23,1.1258,588.0
2019-07-09 10:00,{},13.26,2258,13.29,13.24,13.24,0.7065,369.0
2019-07-09 10:05,{},13.3,2258,13.3,13.25,13.26,0.358,187.0
2019-07-09 10:10,{},13.28,2258,13.3,13.27,13.3,0.2183,114.0
2019-07-09 10:15,{},13.26,2258,13.29,13.26,13.28,0.4193,219.0
2019-07-09 10:20,{},13.23,2258,13.29,13.23,13.26,0.5878,307.0
2019-07-09 10:25,{},13.25,2258,13.29,13.23,13.23,1.0607,554.0
2019-07-09 10:30,{},13.29,2258,13.29,13.25,13.25,1.2082,631.0
2019-07-09 10:35,{},13.26,2258,13.29,13.26,13.29,0.1608,84.0
2019-07-09 10:40,{},13.28,2258,13.28,13.26,13.26,0.36,188.0
2019-07-09 10:45,{},13.25,2258,13.28,13.25,13.28,0.6146,321.0
2019-07-09 10:50,{},13.25,2258,13.28,13.25,13.25,0.4595,240.0
2019-07-09 10:55,{},13.25,2258,13.28,13.25,13.25,0.2374,124.0
2019-07-09 11:00,{},13.26,2258,13.28,13.25,13.25,0.1627,85.0
2019-07-09 11:05,{},13.26,2258,13.27,13.24,13.26,0.6855,358.0
2019-07-09 11:10,{},13.24,2258,13.27,13.24,13.26,0.6204,324.0
2019-07-09 11:15,{},13.25,2258,13.25,13.24,13.24,0.1513,79.0
2019-07-09 11:20,{},13.24,2258,13.27,13.23,13.25,0.9191,480.0
2019-07-09 11:25,{},13.23,2258,13.25,13.23,13.24,0.3044,159.0
2019-07-09 11:30,{},13.24,2258,13.25,13.22,13.23,1.0473,547.0
2019-07-09 13:05,{},13.25,2258,13.25,13.23,13.24,0.6146,321.0
2019-07-09 13:10,{},13.24,2258,13.26,13.23,13.25,0.2719,142.0
2019-07-09 13:15,{},13.23,2258,13.26,13.23,13.24,0.4634,242.0
2019-07-09 13:20,{},13.25,2258,13.25,13.22,13.23,1.3001,679.0
2019-07-09 13:25,{},13.24,2258,13.25,13.23,13.25,0.2949,154.0
2019-07-09 13:30,{},13.22,2258,13.24,13.21,13.24,0.8176,427.0
2019-07-09 13:35,{},13.21,2258,13.23,13.21,13.22,0.7927,414.0
2019-07-09 13:40,{},13.23,2258,13.24,13.21,13.21,1.4705,768.0
2019-07-09 13:45,{},13.21,2258,13.23,13.2,13.23,1.1603,606.0
2019-07-09 13:50,{},13.2,2258,13.21,13.2,13.21,0.9708,507.0
2019-07-09 13:55,{},13.21,2258,13.23,13.2,13.2,0.7008,366.0
2019-07-09 14:00,{},13.25,2258,13.25,13.21,13.21,0.7142,373.0
2019-07-09 14:05,{},13.25,2258,13.26,13.23,13.25,0.7008,366.0
2019-07-09 14:10,{},13.27,2258,13.27,13.23,13.25,0.5036,263.0
2019-07-09 14:15,{},13.28,2258,13.29,13.26,13.27,0.6031,315.0
2019-07-09 14:20,{},13.25,2258,13.28,13.25,13.28,0.6204,324.0
2019-07-09 14:25,{},13.33,2258,13.34,13.25,13.25,2.5465,1330.0
2019-07-09 14:30,{},13.31,2258,13.33,13.3,13.33,0.3561,186.0
2019-07-09 14:35,{},13.3,2258,13.34,13.3,13.31,0.6989,365.0
2019-07-09 14:40,{},13.29,2258,13.32,13.29,13.3,0.5285,276.0
2019-07-09 14:45,{},13.29,2258,13.3,13.28,13.29,0.2604,136.0
2019-07-09 14:50,{},13.26,2258,13.29,13.26,13.29,0.7544,394.0
2019-07-09 14:55,{},13.24,2258,13.29,13.24,13.26,2.0851,1089.0
2019-07-09 15:00,{},13.28,2258,13.29,13.24,13.24,0.5399,282.0
2019-07-10 09:35,{},13.33,2258,13.37,13.26,13.26,1.5873,829.0
2019-07-10 09:40,{},13.31,2258,13.34,13.31,13.33,0.9593,501.0
2019-07-10 09:45,{},13.3,2258,13.32,13.3,13.31,0.7812,408.0
2019-07-10 09:50,{},13.34,2258,13.34,13.3,13.3,0.6587,344.0
2019-07-10 09:55,{},13.33,2258,13.34,13.33,13.34,0.5361,280.0
2019-07-10 10:00,{},13.31,2258,13.32,13.3,13.32,0.4174,218.0
2019-07-10 10:05,{},13.3,2258,13.31,13.29,13.31,0.5859,306.0
2019-07-10 10:10,{},13.31,2258,13.31,13.29,13.3,0.1627,85.0
2019-07-10 10:15,{},13.32,2258,13.32,13.3,13.31,0.4346,227.0
2019-07-10 10:20,{},13.34,2258,13.34,13.32,13.32,0.2757,144.0
2019-07-10 10:25,{},13.33,2258,13.36,13.33,13.34,0.5955,311.0
2019-07-10 10:30,{},13.34,2258,13.34,13.33,13.33,0.0862,45.0
2019-07-10 10:35,{},13.33,2258,13.34,13.33,13.34,0.0498,26.0
2019-07-10 10:40,{},13.32,2258,13.34,13.32,13.33,0.5591,292.0
2019-07-10 10:45,{},13.42,2258,13.42,13.32,13.32,2.0334,1062.0
2019-07-10 10:50,{},13.41,2258,13.46,13.38,13.42,2.4872,1299.0
2019-07-10 10:55,{},13.39,2258,13.42,13.39,13.41,0.8482,443.0
2019-07-10 11:00,{},13.4,2258,13.4,13.39,13.39,0.247,129.0
2019-07-10 11:05,{},13.41,2258,13.42,13.4,13.4,0.3772,197.0
2019-07-10 11:10,{},13.41,2258,13.42,13.4,13.41,0.7812,408.0
2019-07-10 11:15,{},13.38,2258,13.41,13.38,13.41,0.3293,172.0
2019-07-10 11:20,{},13.4,2258,13.4,13.38,13.38,0.2221,116.0
2019-07-10 11:25,{},13.4,2258,13.41,13.39,13.4,0.4978,260.0
2019-07-10 11:30,{},13.4,2258,13.4,13.4,13.4,0.1991,104.0
2019-07-10 13:05,{},13.4,2258,13.41,13.39,13.4,0.3427,179.0
2019-07-10 13:10,{},13.4,2258,13.4,13.39,13.4,0.3734,195.0
2019-07-10 13:15,{},13.39,2258,13.41,13.39,13.4,0.5936,310.0
2019-07-10 13:20,{},13.38,2258,13.39,13.38,13.39,0.0881,46.0
2019-07-10 13:25,{},13.4,2258,13.4,13.38,13.38,0.1493,78.0
2019-07-10 13:30,{},13.39,2258,13.4,13.39,13.4,0.3523,184.0
2019-07-10 13:35,{},13.39,2258,13.39,13.38,13.39,0.695,363.0
2019-07-10 13:40,{},13.4,2258,13.4,13.39,13.39,0.3676,192.0
2019-07-10 13:45,{},13.4,2258,13.4,13.39,13.4,0.9784,511.0
2019-07-10 13:50,{},13.38,2258,13.4,13.38,13.4,0.7142,373.0
2019-07-10 13:55,{},13.33,2258,13.39,13.33,13.38,1.3019999999999998,680.0
2019-07-10 14:00,{},13.33,2258,13.35,13.32,13.33,1.3058,682.0
2019-07-10 14:05,{},13.33,2258,13.33,13.32,13.33,0.4270000000000001,223.0
2019-07-10 14:10,{},13.35,2258,13.35,13.33,13.33,0.27,141.0
2019-07-10 14:15,{},13.34,2258,13.35,13.34,13.35,0.8425,440.0
2019-07-10 14:20,{},13.31,2258,13.34,13.31,13.34,0.7391,386.0
2019-07-10 14:25,{},13.31,2258,13.32,13.3,13.31,1.0033,524.0
2019-07-10 14:30,{},13.3,2258,13.32,13.3,13.31,0.9191,480.0
2019-07-10 14:35,{},13.29,2258,13.3,13.27,13.3,1.4839,775.0
2019-07-10 14:40,{},13.26,2258,13.29,13.25,13.29,1.1469,599.0
2019-07-10 14:45,{},13.26,2258,13.27,13.25,13.26,0.8616,450.0
2019-07-10 14:50,{},13.26,2258,13.27,13.24,13.26,1.5241,796.0
2019-07-10 14:55,{},13.29,2258,13.31,13.26,13.26,1.0895,569.0
2019-07-10 15:00,{},13.36,2258,13.37,13.29,13.29,1.6428,858.0
2019-07-11 09:35,{},13.38,2258,13.43,13.31,13.36,1.5777,824.0
2019-07-11 09:40,{},13.32,2258,13.38,13.32,13.38,1.0512,549.0
2019-07-11 09:45,{},13.33,2258,13.34,13.32,13.32,0.5017,262.0
2019-07-11 09:50,{},13.36,2258,13.37,13.33,13.33,0.8540000000000001,446.0
2019-07-11 09:55,{},13.39,2258,13.4,13.36,13.36,0.9516,497.0
2019-07-11 10:00,{},13.4,2258,13.41,13.39,13.39,1.0378,542.0
2019-07-11 10:05,{},13.41,2258,13.42,13.4,13.4,0.9708,507.0
2019-07-11 10:10,{},13.4,2258,13.41,13.39,13.41,1.2369,646.0
2019-07-11 10:15,{},13.4,2258,13.41,13.39,13.4,1.886,985.0
2019-07-11 10:20,{},13.41,2258,13.41,13.4,13.4,0.9152,478.0
2019-07-11 10:25,{},13.38,2258,13.42,13.38,13.41,1.4475,756.0
2019-07-11 10:30,{},13.38,2258,13.39,13.37,13.38,0.5112,267.0
2019-07-11 10:35,{},13.36,2258,13.38,13.35,13.38,0.5438,284.0
2019-07-11 10:40,{},13.35,2258,13.38,13.35,13.36,0.4672,244.0
2019-07-11 10:45,{},13.34,2258,13.35,13.34,13.35,0.6835,357.0
2019-07-11 10:50,{},13.35,2258,13.36,13.34,13.34,0.3159,165.0
2019-07-11 10:55,{},13.36,2258,13.36,13.35,13.35,0.1455,76.0
2019-07-11 11:00,{},13.37,2258,13.37,13.34,13.36,0.4442,232.0
2019-07-11 11:05,{},13.39,2258,13.39,13.35,13.37,0.7793,407.0
2019-07-11 11:10,{},13.4,2258,13.41,13.39,13.39,2.334,1219.0
2019-07-11 11:15,{},13.36,2258,13.4,13.36,13.4,0.1723,90.0
2019-07-11 11:20,{},13.36,2258,13.38,13.36,13.36,0.2527,132.0
2019-07-11 11:25,{},13.36,2258,13.37,13.36,13.36,0.2719,142.0
2019-07-11 11:30,{},13.36,2258,13.37,13.36,13.36,0.0555,29.0
2019-07-11 13:05,{},13.35,2258,13.38,13.35,13.36,0.4308,225.0
2019-07-11 13:10,{},13.35,2258,13.36,13.35,13.35,0.1072,56.0
2019-07-11 13:15,{},13.35,2258,13.36,13.35,13.35,0.3427,179.0
2019-07-11 13:25,{},13.33,2258,13.35,13.32,13.35,0.8444,441.0
2019-07-11 13:30,{},13.32,2258,13.33,13.32,13.33,0.9573,500.0
2019-07-11 13:35,{},13.3,2258,13.32,13.28,13.32,1.2235,639.0
2019-07-11 13:40,{},13.32,2258,13.32,13.28,13.3,0.4595,240.0
2019-07-11 13:45,{},13.29,2258,13.32,13.29,13.32,0.4346,227.0
2019-07-11 13:50,{},13.29,2258,13.29,13.28,13.29,0.2317,121.0
2019-07-11 13:55,{},13.3,2258,13.3,13.29,13.29,0.2795,146.0
2019-07-11 14:00,{},13.29,2258,13.31,13.29,13.3,0.3542,185.0
2019-07-11 14:05,{},13.27,2258,13.29,13.26,13.29,0.8654,452.0
2019-07-11 14:10,{},13.26,2258,13.28,13.26,13.27,1.1258,588.0
2019-07-11 14:15,{},13.3,2258,13.31,13.26,13.26,0.561,293.0
2019-07-11 14:20,{},13.28,2258,13.3,13.28,13.3,0.3408,178.0
2019-07-11 14:25,{},13.31,2258,13.32,13.28,13.28,1.0033,524.0
2019-07-11 14:30,{},13.31,2258,13.32,13.31,13.31,0.358,187.0
2019-07-11 14:35,{},13.33,2258,13.34,13.31,13.31,0.4519,236.0
2019-07-11 14:40,{},13.32,2258,13.33,13.32,13.33,0.3351,175.0
2019-07-11 14:45,{},13.29,2258,13.32,13.28,13.32,0.6548,342.0
2019-07-11 14:50,{},13.31,2258,13.31,13.29,13.29,0.9765,510.0
2019-07-11 14:55,{},13.34,2258,13.34,13.31,13.31,1.1239,587.0
2019-07-11 15:00,{},13.33,2258,13.34,13.33,13.34,0.3332,174.0
2019-07-12 09:35,{},13.39,2258,13.4,13.3,13.39,3.0769,1607.0
2019-07-12 09:40,{},13.46,2258,13.48,13.39,13.4,3.1478,1644.0
2019-07-12 09:45,{},13.44,2258,13.46,13.42,13.46,2.2,1149.0
2019-07-12 09:50,{},13.46,2258,13.46,13.39,13.44,4.5895,2397.0
2019-07-12 09:55,{},13.59,2258,13.63,13.47,13.47,9.1408,4774.0
2019-07-12 10:00,{},13.56,2258,13.59,13.55,13.59,2.2498,1175.0
2019-07-12 10:05,{},13.57,2258,13.59,13.55,13.56,2.468,1289.0
2019-07-12 10:10,{},13.57,2258,13.58,13.54,13.57,1.817,949.0
2019-07-12 10:15,{},13.52,2258,13.57,13.51,13.57,1.1526,602.0
2019-07-12 10:20,{},13.53,2258,13.53,13.51,13.52,1.8707,977.0
2019-07-12 10:25,{},13.47,2258,13.53,13.47,13.53,1.3824,722.0
2019-07-12 10:30,{},13.48,2258,13.48,13.45,13.47,0.6835,357.0
2019-07-12 10:35,{},13.48,2258,13.49,13.47,13.48,0.8042,420.0
2019-07-12 10:40,{},13.49,2258,13.49,13.48,13.48,0.7601,397.0
2019-07-12 10:45,{},13.48,2258,13.49,13.48,13.49,0.5055,264.0
2019-07-12 10:50,{},13.49,2258,13.49,13.48,13.48,0.3159,165.0
2019-07-12 10:55,{},13.47,2258,13.49,13.45,13.49,1.2101,632.0
2019-07-12 11:00,{},13.48,2258,13.49,13.46,13.47,0.561,293.0
2019-07-12 11:05,{},13.5,2258,13.5,13.48,13.48,0.9037,472.0
2019-07-12 11:10,{},13.53,2258,13.54,13.5,13.5,0.6529,341.0
2019-07-12 11:15,{},13.53,2258,13.55,13.52,13.53,2.1253,1110.0
2019-07-12 11:20,{},13.53,2258,13.55,13.51,13.53,1.4303,747.0
2019-07-12 11:25,{},13.51,2258,13.54,13.5,13.53,0.6912,361.0
2019-07-12 11:30,{},13.51,2258,13.51,13.5,13.51,0.2164,113.0
2019-07-12 13:05,{},13.52,2258,13.54,13.51,13.51,2.2306,1165.0
2019-07-12 13:10,{},13.55,2258,13.55,13.52,13.52,0.8329,435.0
2019-07-12 13:15,{},13.59,2258,13.6,13.54,13.55,3.3105,1729.0
2019-07-12 13:20,{},13.57,2258,13.59,13.57,13.59,0.8999,470.0
2019-07-12 13:25,{},13.56,2258,13.57,13.56,13.57,0.6509999999999999,340.0
2019-07-12 13:30,{},13.57,2258,13.58,13.55,13.56,0.8961,468.0
2019-07-12 13:35,{},13.58,2258,13.58,13.57,13.57,1.5662,818.0
2019-07-12 13:40,{},13.57,2258,13.58,13.57,13.58,0.2834,148.0
2019-07-12 13:45,{},13.56,2258,13.58,13.56,13.57,0.7352,384.0
2019-07-12 13:50,{},13.57,2258,13.57,13.56,13.56,0.5074,265.0
2019-07-12 13:55,{},13.56,2258,13.58,13.56,13.57,2.1655,1131.0
2019-07-12 14:00,{},13.57,2258,13.58,13.56,13.57,0.6969,364.0
2019-07-12 14:05,{},13.53,2258,13.57,13.52,13.57,1.2848,671.0
2019-07-12 14:10,{},13.54,2258,13.54,13.53,13.53,0.7582,396.0
2019-07-12 14:15,{},13.53,2258,13.54,13.53,13.54,1.5624,816.0
2019-07-12 14:20,{},13.53,2258,13.54,13.52,13.54,1.863,973.0
2019-07-12 14:25,{},13.56,2258,13.56,13.53,13.53,1.8324,957.0
2019-07-12 14:30,{},13.55,2258,13.56,13.55,13.56,1.1909,622.0
2019-07-12 14:35,{},13.55,2258,13.56,13.54,13.55,1.819,950.0
2019-07-12 14:40,{},13.54,2258,13.55,13.53,13.55,4.0132,2096.0
2019-07-12 14:45,{},13.54,2258,13.55,13.53,13.54,0.7793,407.0
2019-07-12 14:50,{},13.53,2258,13.54,13.52,13.54,2.0621,1077.0
2019-07-12 14:55,{},13.55,2258,13.56,13.53,13.53,4.0132,2096.0
2019-07-12 15:00,{},13.56,2258,13.56,13.54,13.55,1.7405,909.0
2019-08-01 14:55,{},12.8,2258,12.83,12.8,12.82,1.5088,788.0
2019-08-01 15:00,{},12.82,2258,12.82,12.79,12.8,0.3887,203.0
2019-08-02 09:35,{},12.57,2258,12.6,12.42,12.6,4.647,2427.0
2019-08-02 09:40,{},12.57,2258,12.57,12.53,12.57,2.8165,1471.0
2019-08-02 09:45,{},12.6,2258,12.6,12.54,12.57,1.8056,943.0
2019-08-02 09:50,{},12.59,2258,12.6,12.58,12.6,1.0071,526.0
2019-08-02 09:55,{},12.67,2258,12.69,12.59,12.59,1.3748,718.0
2019-08-02 10:00,{},12.64,2258,12.69,12.64,12.67,0.7889,412.0
2019-08-02 10:05,{},12.65,2258,12.65,12.61,12.64,1.0416,544.0
2019-08-02 10:10,{},12.65,2258,12.65,12.63,12.65,0.785,410.0
2019-08-02 10:15,{},12.67,2258,12.67,12.63,12.65,0.9612,502.0
2019-08-02 10:20,{},12.69,2258,12.69,12.67,12.67,0.9956,520.0
2019-08-02 10:25,{},12.67,2258,12.7,12.66,12.69,1.4915,779.0
2019-08-02 10:30,{},12.66,2258,12.68,12.66,12.67,0.4117,215.0
2019-08-02 10:35,{},12.66,2258,12.66,12.64,12.66,0.3638,190.0
2019-08-02 10:40,{},12.69,2258,12.69,12.66,12.66,0.4576,239.0
2019-08-02 10:45,{},12.64,2258,12.7,12.64,12.69,0.7544,394.0
2019-08-02 10:50,{},12.65,2258,12.66,12.64,12.64,0.203,106.0
2019-08-02 10:55,{},12.64,2258,12.67,12.64,12.65,0.5342,279.0
2019-08-02 11:00,{},12.64,2258,12.66,12.63,12.64,0.8788,459.0
2019-08-02 11:05,{},12.62,2258,12.65,12.62,12.64,0.7697,402.0
2019-08-02 11:10,{},12.6,2258,12.62,12.6,12.62,0.6625,346.0
2019-08-02 11:15,{},12.58,2258,12.6,12.58,12.6,0.6223,325.0
2019-08-02 11:20,{},12.57,2258,12.6,12.57,12.58,0.8367,437.0
2019-08-02 11:25,{},12.59,2258,12.59,12.57,12.57,0.4251,222.0
2019-08-02 11:30,{},12.57,2258,12.59,12.57,12.59,0.3351,175.0
2019-08-02 13:05,{},12.58,2258,12.58,12.56,12.57,0.6874,359.0
2019-08-02 13:10,{},12.6,2258,12.6,12.58,12.58,0.1455,76.0
2019-08-02 13:15,{},12.59,2258,12.6,12.59,12.6,0.0996,52.0
2019-08-02 13:20,{},12.59,2258,12.59,12.58,12.59,0.2489,130.0
2019-08-02 13:25,{},12.56,2258,12.59,12.56,12.59,0.5304,277.0
2019-08-02 13:30,{},12.57,2258,12.58,12.56,12.56,0.4519,236.0
2019-08-02 13:35,{},12.57,2258,12.57,12.56,12.57,0.8386,438.0
2019-08-02 13:40,{},12.57,2258,12.57,12.55,12.57,1.1278,589.0
2019-08-02 13:45,{},12.58,2258,12.58,12.56,12.57,0.6414,335.0
2019-08-02 13:50,{},12.6,2258,12.6,12.58,12.58,0.1704,89.0
2019-08-02 13:55,{},12.59,2258,12.61,12.59,12.6,0.3255,170.0
2019-08-02 14:00,{},12.59,2258,12.6,12.58,12.59,0.2681,140.0
2019-08-02 14:05,{},12.61,2258,12.61,12.59,12.59,0.1264,66.0
2019-08-02 14:10,{},12.61,2258,12.62,12.6,12.61,0.7352,384.0
2019-08-02 14:15,{},12.62,2258,12.62,12.61,12.61,0.1455,76.0
2019-08-02 14:20,{},12.61,2258,12.62,12.61,12.62,0.5055,264.0
2019-08-02 14:25,{},12.6,2258,12.61,12.6,12.61,0.2489,130.0
2019-08-02 14:30,{},12.62,2258,12.62,12.6,12.6,0.628,328.0
2019-08-02 14:35,{},12.63,2258,12.63,12.62,12.62,0.4787,250.0
2019-08-02 14:40,{},12.65,2258,12.65,12.63,12.63,1.2637,660.0
2019-08-02 14:45,{},12.66,2258,12.67,12.64,12.65,0.6261,327.0
2019-08-02 14:50,{},12.65,2258,12.66,12.64,12.66,0.6912,361.0
2019-08-02 14:55,{},12.64,2258,12.65,12.63,12.65,1.1335,592.0
2019-08-02 15:00,{},12.63,2258,12.64,12.62,12.64,0.5246,274.0
2019-08-05 09:35,{},12.59,2258,12.63,12.52,12.57,0.5438,284.0
2019-08-05 09:40,{},12.58,2258,12.6,12.57,12.59,0.4653,243.0
2019-08-05 09:45,{},12.56,2258,12.58,12.52,12.58,1.6543,864.0
2019-08-05 09:50,{},12.51,2258,12.57,12.46,12.56,3.5001,1828.0
2019-08-05 09:55,{},12.38,2258,12.51,12.32,12.51,7.9077,4130.0
2019-08-05 10:00,{},12.44,2258,12.48,12.38,12.38,1.0588,553.0
2019-08-05 10:05,{},12.46,2258,12.46,12.43,12.44,1.0761,562.0
2019-08-05 10:10,{},12.52,2258,12.52,12.46,12.46,0.8942,467.0
2019-08-05 10:15,{},12.48,2258,12.52,12.47,12.52,0.5323,278.0
2019-08-05 10:20,{},12.48,2258,12.49,12.47,12.48,0.6108,319.0
2019-08-05 10:25,{},12.49,2258,12.49,12.47,12.48,0.4863,254.0
2019-08-05 10:30,{},12.47,2258,12.49,12.46,12.49,0.5438,284.0
2019-08-05 10:35,{},12.44,2258,12.47,12.44,12.47,0.6433,336.0
2019-08-05 10:40,{},12.43,2258,12.44,12.43,12.44,1.0837,566.0
2019-08-05 10:45,{},12.4,2258,12.44,12.37,12.43,3.0329,1584.0
2019-08-05 10:50,{},12.38,2258,12.4,12.35,12.4,2.7821,1453.0
2019-08-05 10:55,{},12.39,2258,12.4,12.38,12.38,0.9191,480.0
2019-08-05 11:00,{},12.4,2258,12.4,12.39,12.39,0.517,270.0
2019-08-05 11:05,{},12.4,2258,12.41,12.4,12.4,0.5744,300.0
2019-08-05 11:10,{},12.4,2258,12.41,12.39,12.4,0.2566,134.0
2019-08-05 11:15,{},12.4,2258,12.4,12.39,12.4,0.1838,96.0
2019-08-05 11:20,{},12.4,2258,12.4,12.39,12.4,0.2183,114.0
2019-08-05 11:25,{},12.39,2258,12.4,12.38,12.4,0.5955,311.0
2019-08-05 11:30,{},12.37,2258,12.39,12.37,12.39,0.8003,418.0
2019-08-05 13:05,{},12.38,2258,12.38,12.36,12.37,0.785,410.0
2019-08-05 13:10,{},12.39,2258,12.39,12.38,12.38,0.2049,107.0
2019-08-05 13:15,{},12.42,2258,12.42,12.38,12.39,2.3225,1213.0
2019-08-05 13:20,{},12.45,2258,12.45,12.42,12.42,0.9746,509.0
2019-08-05 13:25,{},12.42,2258,12.45,12.42,12.45,0.3159,165.0
2019-08-05 13:30,{},12.39,2258,12.42,12.39,12.42,0.6376,333.0
2019-08-05 13:35,{},12.39,2258,12.41,12.39,12.39,0.3178,166.0
2019-08-05 13:40,{},12.4,2258,12.4,12.37,12.39,1.6945,885.0
2019-08-05 13:45,{},12.38,2258,12.4,12.38,12.4,0.9842,514.0
2019-08-05 13:50,{},12.4,2258,12.41,12.38,12.38,1.3767,719.0
2019-08-05 13:55,{},12.41,2258,12.41,12.4,12.4,0.2604,136.0
2019-08-05 14:00,{},12.38,2258,12.41,12.37,12.41,2.3244,1214.0
2019-08-05 14:05,{},12.38,2258,12.4,12.38,12.38,0.8099,423.0
2019-08-05 14:10,{},12.39,2258,12.39,12.37,12.38,0.5725,299.0
2019-08-05 14:15,{},12.38,2258,12.39,12.37,12.39,1.2273,641.0
2019-08-05 14:20,{},12.37,2258,12.39,12.36,12.38,0.561,293.0
2019-08-05 14:25,{},12.38,2258,12.39,12.37,12.37,0.3542,185.0
2019-08-05 14:30,{},12.38,2258,12.4,12.37,12.38,0.4538,237.0
2019-08-05 14:35,{},12.4,2258,12.4,12.37,12.38,0.8444,441.0
2019-08-05 14:40,{},12.4,2258,12.4,12.38,12.4,0.6204,324.0
2019-08-05 14:45,{},12.39,2258,12.4,12.38,12.4,0.3293,172.0
2019-08-05 14:50,{},12.35,2258,12.39,12.35,12.39,3.3163,1732.0
2019-08-05 14:55,{},12.34,2258,12.41,12.32,12.35,4.0668,2124.0
2019-08-05 15:00,{},12.34,2258,12.38,12.34,12.34,0.7161,374.0
2019-08-06 09:35,{},11.88,2258,12.14,11.86,12.14,9.2039,4807.0
2019-08-06 09:40,{},11.75,2258,11.88,11.75,11.88,10.0675,5258.0
2019-08-06 09:45,{},11.6,2258,11.85,11.6,11.75,9.8913,5166.0
2019-08-06 09:50,{},11.64,2258,11.68,11.6,11.6,7.7086,4026.0
2019-08-06 09:55,{},11.77,2258,11.78,11.64,11.64,3.1631,1652.0
2019-08-06 10:00,{},11.72,2258,11.78,11.71,11.77,2.6136,1365.0
2019-08-06 10:05,{},11.7,2258,11.75,11.7,11.72,1.1641,608.0
2019-08-06 10:10,{},11.65,2258,11.73,11.65,11.7,2.0123,1051.0
2019-08-06 10:15,{},11.61,2258,11.66,11.61,11.65,3.3871,1769.0
2019-08-06 10:20,{},11.51,2258,11.62,11.51,11.61,5.9145,3089.0
2019-08-06 10:25,{},11.29,2258,11.55,11.23,11.51,9.1944,4802.0
2019-08-06 10:30,{},11.19,2258,11.3,11.19,11.29,9.5428,4984.0
2019-08-06 10:35,{},11.21,2258,11.26,11.19,11.19,5.7805,3019.0
2019-08-06 10:40,{},11.3,2258,11.32,11.21,11.21,4.6604,2434.0
2019-08-06 10:45,{},11.45,2258,11.5,11.3,11.3,4.4593,2329.0
2019-08-06 10:50,{},11.36,2258,11.45,11.36,11.45,1.4762,771.0
2019-08-06 10:55,{},11.33,2258,11.4,11.3,11.36,1.7041,890.0
2019-08-06 11:00,{},11.35,2258,11.37,11.33,11.33,0.5189,271.0
2019-08-06 11:05,{},11.36,2258,11.36,11.33,11.35,1.3556,708.0
2019-08-06 11:10,{},11.39,2258,11.4,11.36,11.36,0.2278,119.0
2019-08-06 11:15,{},11.38,2258,11.41,11.37,11.39,0.45,235.0
2019-08-06 11:20,{},11.41,2258,11.42,11.37,11.38,1.032,539.0
2019-08-06 11:25,{},11.46,2258,11.52,11.41,11.41,1.168,610.0
2019-08-06 11:30,{},11.47,2258,11.49,11.45,11.46,0.3772,197.0
2019-08-06 13:05,{},11.57,2258,11.57,11.47,11.47,2.1157,1105.0
2019-08-06 13:10,{},11.55,2258,11.6,11.53,11.57,1.413,738.0
2019-08-06 13:15,{},11.62,2258,11.63,11.55,11.55,1.1029,576.0
2019-08-06 13:20,{},11.63,2258,11.63,11.6,11.62,0.6567,343.0
2019-08-06 13:25,{},11.64,2258,11.64,11.61,11.63,0.9344,488.0
2019-08-06 13:30,{},11.66,2258,11.67,11.64,11.64,1.122,586.0
2019-08-06 13:35,{},11.68,2258,11.69,11.66,11.66,0.8118,424.0
2019-08-06 13:40,{},11.65,2258,11.68,11.65,11.68,0.607,317.0
2019-08-06 13:45,{},11.64,2258,11.66,11.64,11.65,0.852,445.0
2019-08-06 13:50,{},11.64,2258,11.64,11.63,11.64,1.66,867.0
2019-08-06 13:55,{},11.7,2258,11.71,11.65,11.65,1.3173,688.0
2019-08-06 14:00,{},11.66,2258,11.7,11.66,11.7,0.4193,219.0
2019-08-06 14:05,{},11.65,2258,11.67,11.65,11.66,1.5318,800.0
2019-08-06 14:10,{},11.63,2258,11.66,11.63,11.65,0.6012,314.0
2019-08-06 14:15,{},11.61,2258,11.64,11.61,11.63,1.5107,789.0
2019-08-06 14:20,{},11.53,2258,11.61,11.52,11.61,0.9669,505.0
2019-08-06 14:25,{},11.46,2258,11.52,11.45,11.52,1.796,938.0
2019-08-06 14:30,{},11.47,2258,11.48,11.44,11.46,1.9989,1044.0
2019-08-06 14:35,{},11.46,2258,11.47,11.43,11.47,2.0238,1057.0
2019-08-06 14:40,{},11.45,2258,11.46,11.44,11.46,0.9037,472.0
2019-08-06 14:45,{},11.47,2258,11.5,11.44,11.45,0.8654,452.0
2019-08-06 14:50,{},11.51,2258,11.51,11.47,11.47,1.1105,580.0
2019-08-06 14:55,{},11.5,2258,11.53,11.49,11.51,1.4494,757.0
2019-08-06 15:00,{},11.49,2258,11.5,11.49,11.5,0.9842,514.0
2019-08-07 09:35,{},11.57,2258,11.63,11.39,11.39,2.9639,1548.0
2019-08-07 09:40,{},11.49,2258,11.58,11.49,11.57,1.6773,876.0
2019-08-07 09:45,{},11.45,2258,11.51,11.43,11.49,2.8701,1499.0
2019-08-07 09:50,{},11.47,2258,11.47,11.44,11.45,1.8304,956.0
2019-08-07 09:55,{},11.49,2258,11.5,11.46,11.47,0.8463,442.0
2019-08-07 10:00,{},11.54,2258,11.54,11.49,11.49,0.7276,380.0
2019-08-07 10:05,{},11.51,2258,11.54,11.5,11.54,0.6548,342.0
2019-08-07 10:10,{},11.52,2258,11.52,11.49,11.51,0.4423,231.0
2019-08-07 10:15,{},11.47,2258,11.52,11.46,11.52,1.099,574.0
2019-08-07 10:20,{},11.45,2258,11.5,11.43,11.47,2.0947,1094.0
2019-08-07 10:25,{},11.46,2258,11.46,11.44,11.44,0.6472,338.0
2019-08-07 10:30,{},11.48,2258,11.48,11.45,11.46,0.2374,124.0
2019-08-07 10:35,{},11.46,2258,11.48,11.45,11.48,0.1455,76.0
2019-08-07 10:40,{},11.44,2258,11.46,11.44,11.46,0.2049,107.0
2019-08-07 10:45,{},11.39,2258,11.45,11.39,11.44,1.9817,1035.0
2019-08-07 10:50,{},11.41,2258,11.42,11.39,11.39,0.4270000000000001,223.0
2019-08-07 10:55,{},11.41,2258,11.41,11.4,11.41,0.5304,277.0
2019-08-07 11:00,{},11.41,2258,11.42,11.4,11.41,0.1417,74.0
2019-08-07 11:05,{},11.38,2258,11.41,11.37,11.41,0.7774,406.0
2019-08-07 11:10,{},11.4,2258,11.4,11.33,11.38,1.9894,1039.0
2019-08-07 11:15,{},11.4,2258,11.4,11.39,11.39,0.1876,98.0
2019-08-07 11:20,{},11.4,2258,11.41,11.39,11.39,0.1493,78.0
2019-08-07 11:25,{},11.4,2258,11.41,11.4,11.4,0.1283,67.0
2019-08-07 11:30,{},11.4,2258,11.4,11.4,11.4,0.1091,57.0
2019-08-07 13:05,{},11.42,2258,11.45,11.4,11.4,1.662,868.0
2019-08-07 13:10,{},11.45,2258,11.45,11.41,11.42,0.7199,376.0
2019-08-07 13:15,{},11.44,2258,11.45,11.43,11.45,0.5457,285.0
2019-08-07 13:20,{},11.39,2258,11.44,11.39,11.44,0.8252,431.0
2019-08-07 13:25,{},11.42,2258,11.42,11.38,11.39,0.9401,491.0
2019-08-07 13:30,{},11.4,2258,11.43,11.39,11.42,0.9286,485.0
2019-08-07 13:35,{},11.4,2258,11.43,11.4,11.4,1.0454,546.0
2019-08-07 13:40,{},11.4,2258,11.43,11.4,11.4,0.8635,451.0
2019-08-07 13:45,{},11.39,2258,11.42,11.39,11.4,0.9057,473.0
2019-08-07 13:50,{},11.39,2258,11.43,11.39,11.39,0.9956,520.0
2019-08-07 13:55,{},11.39,2258,11.43,11.39,11.39,0.8942,467.0
2019-08-07 14:00,{},11.39,2258,11.43,11.39,11.39,0.9325,487.0
2019-08-07 14:05,{},11.4,2258,11.41,11.39,11.39,0.9669,505.0
2019-08-07 14:10,{},11.38,2258,11.42,11.38,11.4,0.9516,497.0
2019-08-07 14:15,{},11.37,2258,11.41,11.37,11.38,1.0665,557.0
2019-08-07 14:20,{},11.37,2258,11.41,11.36,11.37,1.5432,806.0
2019-08-07 14:25,{},11.36,2258,11.4,11.36,11.37,0.9018,471.0
2019-08-07 14:30,{},11.36,2258,11.4,11.35,11.36,1.0971,573.0
2019-08-07 14:35,{},11.35,2258,11.39,11.34,11.36,1.8324,957.0
2019-08-07 14:40,{},11.31,2258,11.33,11.31,11.33,2.1636,1130.0
2019-08-07 14:45,{},11.3,2258,11.32,11.3,11.31,1.1392,595.0
2019-08-07 14:50,{},11.29,2258,11.32,11.27,11.3,2.4719,1291.0
2019-08-07 14:55,{},11.3,2258,11.31,11.29,11.29,1.1948,624.0
2019-08-07 15:00,{},11.29,2258,11.3,11.29,11.3,0.5323,278.0
2019-08-08 09:35,{},11.43,2258,11.43,11.27,11.29,4.197,2192.0
2019-08-08 09:40,{},11.38,2258,11.43,11.37,11.43,1.1871,620.0
2019-08-08 09:45,{},11.36,2258,11.38,11.35,11.38,1.0359,541.0
2019-08-08 09:50,{},11.33,2258,11.36,11.31,11.36,1.2790000000000001,668.0
2019-08-08 09:55,{},11.33,2258,11.34,11.33,11.33,0.4978,260.0
2019-08-08 10:00,{},11.38,2258,11.39,11.33,11.33,1.0263,536.0
2019-08-08 10:05,{},11.38,2258,11.39,11.36,11.38,0.29100000000000004,152.0
2019-08-08 10:10,{},11.37,2258,11.39,11.37,11.38,0.7563,395.0
2019-08-08 10:15,{},11.35,2258,11.38,11.35,11.37,0.8348,436.0
2019-08-08 10:20,{},11.35,2258,11.37,11.34,11.35,0.5151,269.0
2019-08-08 10:25,{},11.37,2258,11.37,11.35,11.35,0.3332,174.0
2019-08-08 10:30,{},11.37,2258,11.38,11.36,11.37,0.1934,101.0
2019-08-08 10:35,{},11.37,2258,11.39,11.36,11.37,0.3676,192.0
2019-08-08 10:40,{},11.36,2258,11.39,11.36,11.37,1.0186,532.0
2019-08-08 10:45,{},11.34,2258,11.37,11.34,11.36,0.2336,122.0
2019-08-08 10:50,{},11.35,2258,11.36,11.33,11.34,0.2661,139.0
2019-08-08 10:55,{},11.34,2258,11.36,11.34,11.35,0.4595,240.0
2019-08-08 11:00,{},11.35,2258,11.37,11.33,11.34,1.9779,1033.0
2019-08-08 11:05,{},11.35,2258,11.37,11.35,11.35,0.0498,26.0
2019-08-08 11:10,{},11.35,2258,11.37,11.35,11.35,0.0766,40.0
2019-08-08 11:15,{},11.34,2258,11.38,11.34,11.35,0.358,187.0
2019-08-08 11:20,{},11.34,2258,11.36,11.34,11.34,0.134,70.0
2019-08-08 11:25,{},11.35,2258,11.38,11.34,11.34,0.22399999999999998,117.0
2019-08-08 11:30,{},11.38,2258,11.39,11.35,11.35,0.1417,74.0
2019-08-08 13:05,{},11.37,2258,11.39,11.37,11.38,0.831,434.0
2019-08-08 13:10,{},11.4,2258,11.4,11.37,11.37,0.4997,261.0
2019-08-08 13:15,{},11.42,2258,11.43,11.39,11.4,1.1546,603.0
2019-08-08 13:20,{},11.42,2258,11.42,11.4,11.42,0.3561,186.0
2019-08-08 13:25,{},11.41,2258,11.42,11.4,11.42,0.1187,62.0
2019-08-08 13:30,{},11.41,2258,11.43,11.39,11.41,0.4729,247.0
2019-08-08 13:35,{},11.41,2258,11.41,11.39,11.41,0.1934,101.0
2019-08-08 13:40,{},11.4,2258,11.42,11.4,11.41,0.7295,381.0
2019-08-08 13:45,{},11.41,2258,11.42,11.4,11.4,0.584,305.0
2019-08-08 13:50,{},11.4,2258,11.42,11.4,11.41,1.2771,667.0
2019-08-08 13:55,{},11.4,2258,11.42,11.4,11.4,0.5782,302.0
2019-08-08 14:00,{},11.4,2258,11.42,11.4,11.4,0.5304,277.0
2019-08-08 14:05,{},11.4,2258,11.41,11.4,11.4,0.247,129.0
2019-08-08 14:10,{},11.35,2258,11.41,11.35,11.4,3.3354,1742.0
2019-08-08 14:15,{},11.34,2258,11.4,11.34,11.35,2.8816,1505.0
2019-08-08 14:20,{},11.38,2258,11.41,11.34,11.34,2.8586,1493.0
2019-08-08 14:25,{},11.43,2258,11.43,11.36,11.38,3.031,1583.0
2019-08-08 14:30,{},11.45,2258,11.45,11.42,11.43,1.7462,912.0
2019-08-08 14:35,{},11.48,2258,11.49,11.45,11.45,1.8975,991.0
2019-08-08 14:40,{},11.48,2258,11.49,11.46,11.48,2.3474,1226.0
2019-08-08 14:45,{},11.49,2258,11.49,11.45,11.48,1.5969,834.0
2019-08-08 14:50,{},11.49,2258,11.5,11.47,11.49,2.5676,1341.0
2019-08-08 14:55,{},11.49,2258,11.49,11.46,11.49,1.9166,1001.0
2019-08-08 15:00,{},11.5,2258,11.5,11.46,11.49,2.177,1137.0
2019-08-09 09:35,{},11.47,2258,11.55,11.47,11.53,1.4858,776.0
2019-08-09 09:40,{},11.46,2258,11.5,11.46,11.46,1.2177,636.0
2019-08-09 09:45,{},11.46,2258,11.49,11.46,11.46,1.2158,635.0
2019-08-09 09:50,{},11.45,2258,11.47,11.45,11.46,1.5873,829.0
2019-08-09 09:55,{},11.43,2258,11.47,11.42,11.45,1.8036,942.0
2019-08-09 10:00,{},11.44,2258,11.46,11.43,11.43,0.4882,255.0
2019-08-09 10:05,{},11.45,2258,11.46,11.43,11.44,0.6165,322.0
2019-08-09 10:10,{},11.48,2258,11.49,11.45,11.45,0.8884,464.0
2019-08-09 10:15,{},11.5,2258,11.5,11.46,11.48,1.2063,630.0
2019-08-09 10:20,{},11.46,2258,11.5,11.46,11.5,0.3753,196.0
2019-08-09 10:25,{},11.48,2258,11.48,11.45,11.46,0.0957,50.0
2019-08-09 10:30,{},11.45,2258,11.48,11.45,11.48,0.09,47.0
2019-08-09 10:35,{},11.45,2258,11.47,11.44,11.45,0.7812,408.0
2019-08-09 10:40,{},11.44,2258,11.45,11.43,11.45,0.2087,109.0
2019-08-09 10:45,{},11.4,2258,11.44,11.4,11.44,1.9434,1015.0
2019-08-09 10:50,{},11.41,2258,11.43,11.4,11.4,1.2082,631.0
2019-08-09 10:55,{},11.4,2258,11.42,11.4,11.41,1.032,539.0
2019-08-09 11:00,{},11.37,2258,11.4,11.36,11.4,1.436,750.0
2019-08-09 11:05,{},11.35,2258,11.38,11.35,11.37,0.7429,388.0
2019-08-09 11:10,{},11.32,2258,11.35,11.32,11.35,1.1795,616.0
2019-08-09 11:15,{},11.34,2258,11.39,11.32,11.32,1.3613,711.0
2019-08-09 11:20,{},11.34,2258,11.36,11.34,11.34,0.1398,73.0
2019-08-09 11:25,{},11.35,2258,11.37,11.34,11.34,0.2547,133.0
2019-08-09 11:30,{},11.34,2258,11.36,11.34,11.35,0.2547,133.0
2019-08-09 13:05,{},11.33,2258,11.35,11.33,11.34,0.2815,147.0
2019-08-09 13:10,{},11.32,2258,11.34,11.31,11.33,1.032,539.0
2019-08-09 13:15,{},11.31,2258,11.36,11.3,11.32,0.6299,329.0
2019-08-09 13:20,{},11.25,2258,11.36,11.25,11.31,3.8409,2006.0
2019-08-09 13:25,{},11.32,2258,11.34,11.25,11.25,0.4193,219.0
2019-08-09 13:30,{},11.3,2258,11.33,11.28,11.32,0.5093,266.0
2019-08-09 13:35,{},11.26,2258,11.31,11.21,11.3,2.6404,1379.0
2019-08-09 13:40,{},11.23,2258,11.26,11.22,11.26,0.8271,432.0
2019-08-09 13:45,{},11.19,2258,11.24,11.19,11.23,3.2358,1690.0
2019-08-09 13:50,{},11.12,2258,11.19,11.12,11.17,3.6647,1914.0
2019-08-09 13:55,{},11.15,2258,11.16,11.12,11.12,2.8835,1506.0
2019-08-09 14:00,{},11.11,2258,11.15,11.11,11.15,8.9129,4655.0
2019-08-09 14:05,{},11.1,2258,11.12,11.03,11.11,4.871,2544.0
2019-08-09 14:10,{},11.05,2258,11.14,11.05,11.09,4.0477,2114.0
2019-08-09 14:15,{},11.05,2258,11.09,11.04,11.05,3.8907,2032.0
2019-08-09 14:20,{},11.06,2258,11.09,11.05,11.05,2.3895,1248.0
2019-08-09 14:25,{},11.04,2258,11.07,11.04,11.06,2.4259,1267.0
2019-08-09 14:30,{},11.03,2258,11.06,11.03,11.04,5.7786,3018.0
2019-08-09 14:35,{},11.01,2258,11.05,11.01,11.03,4.0017,2090.0
2019-08-09 14:40,{},11.01,2258,11.02,10.92,11.01,7.2261,3774.0
2019-08-09 14:45,{},11.0,2258,11.03,10.97,11.01,4.0496,2115.0
2019-08-09 14:50,{},10.99,2258,11.0,10.97,11.0,3.1114,1625.0
2019-08-09 14:55,{},11.0,2258,11.03,10.99,10.99,2.5868,1351.0
2019-08-09 15:00,{},11.02,2258,11.02,11.0,11.01,1.9262,1006.0
2019-08-12 09:35,{},11.11,2258,11.15,11.02,11.02,3.2339,1689.0
2019-08-12 09:40,{},11.11,2258,11.12,11.09,11.11,1.6907,883.0
2019-08-12 09:45,{},11.08,2258,11.11,11.08,11.11,1.4743,770.0
2019-08-12 09:50,{},11.13,2258,11.15,11.08,11.08,2.0353,1063.0
2019-08-12 09:55,{},11.21,2258,11.22,11.12,11.13,4.7963,2505.0
2019-08-12 10:00,{},11.21,2258,11.25,11.19,11.21,4.6068,2406.0
2019-08-12 10:05,{},11.22,2258,11.25,11.16,11.21,3.0003,1567.0
2019-08-12 10:10,{},11.22,2258,11.22,11.2,11.22,1.0205,533.0
2019-08-12 10:15,{},11.21,2258,11.22,11.2,11.22,1.0761,562.0
2019-08-12 10:20,{},11.19,2258,11.21,11.19,11.21,0.7946,415.0
2019-08-12 10:25,{},11.22,2258,11.22,11.19,11.19,1.0052,525.0
2019-08-12 10:30,{},11.23,2258,11.23,11.21,11.22,0.4863,254.0
2019-08-12 10:35,{},11.22,2258,11.23,11.19,11.23,1.009,527.0
2019-08-12 10:35,{},11.22,2258,11.23,11.19,11.23,1.0090000000000001,527.0
2019-08-12 10:40,{},11.22,2258,11.22,11.21,11.22,0.2336,122.0
2019-08-12 10:45,{},11.2,2258,11.22,11.2,11.22,0.0976,51.0
2019-08-12 10:50,{},11.2,2258,11.21,11.19,11.2,0.5591,292.0
2019-08-12 10:55,{},11.2,2258,11.21,11.19,11.2,0.6797,355.0
2019-08-12 11:00,{},11.19,2258,11.21,11.18,11.2,0.3102,162.0
2019-08-12 11:05,{},11.21,2258,11.21,11.18,11.19,1.2254,640.0
2019-08-12 11:10,{},11.22,2258,11.23,11.21,11.21,1.5145,791.0
2019-08-12 11:15,{},11.21,2258,11.23,11.21,11.22,0.9497,496.0
2019-08-12 11:20,{},11.23,2258,11.23,11.21,11.21,1.9262,1006.0
2019-08-12 11:25,{},11.23,2258,11.24,11.22,11.23,0.7429,388.0
2019-08-12 11:30,{},11.23,2258,11.24,11.23,11.23,0.2795,146.0
2019-08-12 13:05,{},11.24,2258,11.27,11.23,11.23,2.4451,1277.0
2019-08-12 13:10,{},11.26,2258,11.27,11.22,11.24,1.2292,642.0
2019-08-12 13:15,{},11.25,2258,11.26,11.23,11.26,0.9554,499.0
2019-08-12 13:20,{},11.28,2258,11.29,11.23,11.25,2.3015,1202.0
2019-08-12 13:25,{},11.28,2258,11.29,11.26,11.28,0.9861,515.0
2019-08-12 13:30,{},11.26,2258,11.28,11.25,11.28,0.9535,498.0
2019-08-12 13:35,{},11.28,2258,11.28,11.26,11.26,1.5203,794.0
2019-08-12 13:40,{},11.3,2258,11.3,11.28,11.28,1.2311,643.0
2019-08-12 13:45,{},11.28,2258,11.3,11.28,11.3,0.8348,436.0
2019-08-12 13:50,{},11.29,2258,11.29,11.27,11.28,0.9401,491.0
2019-08-12 13:55,{},11.29,2258,11.3,11.27,11.29,1.1814,617.0
2019-08-12 14:00,{},11.35,2258,11.35,11.29,11.29,1.8707,977.0
2019-08-12 14:05,{},11.35,2258,11.35,11.31,11.35,1.1603,606.0
2019-08-12 14:10,{},11.37,2258,11.38,11.34,11.35,2.2861,1194.0
2019-08-12 14:15,{},11.4,2258,11.4,11.36,11.37,2.0985,1096.0
2019-08-12 14:20,{},11.42,2258,11.43,11.38,11.4,2.2766,1189.0
2019-08-12 14:25,{},11.51,2258,11.55,11.41,11.42,6.7206,3510.0
2019-08-12 14:30,{},11.55,2258,11.55,11.5,11.51,4.9916,2607.0
2019-08-12 14:35,{},11.63,2258,11.65,11.54,11.55,5.6254,2938.0
2019-08-12 14:40,{},11.66,2258,11.67,11.62,11.64,4.1817,2184.0
2019-08-12 14:45,{},11.78,2258,11.83,11.64,11.66,11.3082,5906.0
2019-08-12 14:50,{},11.72,2258,11.78,11.71,11.78,3.5786,1869.0
2019-08-12 14:55,{},11.7,2258,11.72,11.7,11.72,2.8452,1486.0
2019-08-12 15:00,{},11.69,2258,11.7,11.69,11.7,1.3709,716.0
2019-08-13 09:35,{},11.52,2258,11.67,11.5,11.62,5.8705,3066.0
2019-08-13 09:40,{},11.56,2258,11.58,11.52,11.52,2.311,1207.0
2019-08-13 09:45,{},11.56,2258,11.59,11.55,11.56,2.6116,1364.0
2019-08-13 09:50,{},11.52,2258,11.57,11.51,11.56,1.6045,838.0
2019-08-13 09:55,{},11.47,2258,11.54,11.47,11.52,2.6691,1394.0
2019-08-13 10:00,{},11.43,2258,11.47,11.41,11.47,3.68,1922.0
2019-08-13 10:05,{},11.43,2258,11.47,11.41,11.43,1.7022,889.0
2019-08-13 10:10,{},11.44,2258,11.48,11.43,11.43,1.0531,550.0
2019-08-13 10:15,{},11.44,2258,11.48,11.43,11.44,1.7022,889.0
2019-08-13 10:20,{},11.44,2258,11.45,11.42,11.44,1.1967,625.0
2019-08-13 10:25,{},11.42,2258,11.45,11.41,11.44,0.9842,514.0
2019-08-13 10:30,{},11.42,2258,11.43,11.41,11.42,0.7601,397.0
2019-08-13 10:35,{},11.34,2258,11.42,11.33,11.42,4.0936,2138.0
2019-08-13 10:40,{},11.35,2258,11.37,11.33,11.34,1.526,797.0
2019-08-13 10:45,{},11.33,2258,11.36,11.33,11.35,0.9363,489.0
2019-08-13 10:50,{},11.35,2258,11.35,11.33,11.33,1.078,563.0
2019-08-13 10:55,{},11.34,2258,11.36,11.34,11.35,0.5304,277.0
2019-08-13 11:00,{},11.31,2258,11.35,11.31,11.34,1.817,949.0
2019-08-13 11:05,{},11.3,2258,11.31,11.3,11.31,1.4609,763.0
2019-08-13 11:10,{},11.32,2258,11.32,11.3,11.3,0.7697,402.0
2019-08-13 11:15,{},11.33,2258,11.34,11.32,11.32,0.9861,515.0
2019-08-13 11:20,{},11.32,2258,11.33,11.31,11.32,1.1278,589.0
2019-08-13 11:25,{},11.31,2258,11.32,11.31,11.32,1.189,621.0
2019-08-13 11:30,{},11.3,2258,11.32,11.3,11.31,1.1105,580.0
2019-08-13 13:05,{},11.27,2258,11.31,11.26,11.3,5.5603,2904.0
2019-08-13 13:10,{},11.26,2258,11.27,11.26,11.27,1.2024,628.0
2019-08-13 13:15,{},11.23,2258,11.3,11.21,11.26,3.4445,1799.0
2019-08-13 13:20,{},11.28,2258,11.28,11.23,11.23,1.8381,960.0
2019-08-13 13:25,{},11.24,2258,11.28,11.23,11.28,1.5279,798.0
2019-08-13 13:30,{},11.27,2258,11.32,11.23,11.24,1.6237,848.0
2019-08-13 13:35,{},11.3,2258,11.3,11.28,11.28,1.0493,548.0
2019-08-13 13:40,{},11.26,2258,11.3,11.25,11.29,1.3996,731.0
2019-08-13 13:45,{},11.39,2258,11.39,11.26,11.26,3.613,1887.0
2019-08-13 13:50,{},11.4,2258,11.41,11.36,11.39,3.0137,1574.0
2019-08-13 13:55,{},11.46,2258,11.48,11.39,11.4,2.8108,1468.0
2019-08-13 14:00,{},11.47,2258,11.5,11.44,11.46,3.883,2028.0
2019-08-13 14:05,{},11.49,2258,11.5,11.47,11.47,2.8203,1473.0
2019-08-13 14:10,{},11.46,2258,11.52,11.43,11.49,1.8228,952.0
2019-08-13 14:15,{},11.51,2258,11.53,11.44,11.46,2.4566,1283.0
2019-08-13 14:20,{},11.5,2258,11.51,11.48,11.51,2.2402,1170.0
2019-08-13 14:25,{},11.55,2258,11.55,11.5,11.5,2.717,1419.0
2019-08-13 14:30,{},11.54,2258,11.56,11.51,11.55,2.087,1090.0
2019-08-13 14:30,{},11.54,2258,11.56,11.51,11.55,2.0869999999999997,1090.0
2019-08-13 14:35,{},11.61,2258,11.61,11.54,11.54,3.4579,1806.0
2019-08-13 14:40,{},11.65,2258,11.66,11.6,11.61,3.2186,1681.0
2019-08-13 14:45,{},11.67,2258,11.67,11.62,11.65,2.6978,1409.0
2019-08-13 14:50,{},11.72,2258,11.75,11.65,11.67,4.0209,2100.0
2019-08-13 14:55,{},11.67,2258,11.72,11.66,11.72,2.401,1254.0
2019-08-13 15:00,{},11.67,2258,11.69,11.67,11.68,1.4609,763.0
2019-08-14 09:35,{},11.86,2258,11.86,11.67,11.79,6.9063,3607.0
2019-08-14 09:40,{},11.91,2258,11.98,11.86,11.86,4.735,2473.0
2019-08-14 09:45,{},11.84,2258,11.91,11.81,11.91,2.5446,1329.0
2019-08-14 09:50,{},11.82,2258,11.85,11.78,11.82,2.8854,1507.0
2019-08-14 09:55,{},11.78,2258,11.82,11.76,11.82,1.3403,700.0
2019-08-14 10:00,{},11.76,2258,11.8,11.76,11.78,1.3633,712.0
2019-08-14 10:05,{},11.73,2258,11.76,11.7,11.75,1.6754,875.0
2019-08-14 10:10,{},11.68,2258,11.74,11.68,11.73,1.4973,782.0
2019-08-14 10:15,{},11.7,2258,11.75,11.67,11.68,0.9593,501.0
2019-08-14 10:20,{},11.69,2258,11.7,11.68,11.7,0.8425,440.0
2019-08-14 10:25,{},11.67,2258,11.69,11.64,11.68,1.4667,766.0
2019-08-14 10:30,{},11.61,2258,11.69,11.6,11.67,1.0761,562.0
2019-08-14 10:35,{},11.64,2258,11.65,11.6,11.62,1.032,539.0
2019-08-14 10:40,{},11.63,2258,11.66,11.63,11.64,0.4021,210.0
2019-08-14 10:45,{},11.63,2258,11.64,11.62,11.63,0.6089,318.0
2019-08-14 10:50,{},11.66,2258,11.67,11.62,11.63,0.3523,184.0
2019-08-14 10:55,{},11.66,2258,11.66,11.65,11.66,0.3734,195.0
2019-08-14 11:00,{},11.68,2258,11.72,11.66,11.66,1.2599,658.0
2019-08-14 11:05,{},11.68,2258,11.69,11.67,11.68,0.5821,304.0
2019-08-14 11:10,{},11.69,2258,11.69,11.66,11.68,1.0435,545.0
2019-08-14 11:15,{},11.67,2258,11.7,11.67,11.69,0.5955,311.0
2019-08-14 11:20,{},11.66,2258,11.67,11.65,11.67,0.3619,189.0
2019-08-14 11:25,{},11.66,2258,11.68,11.66,11.66,0.1781,93.0
2019-08-14 11:30,{},11.66,2258,11.68,11.66,11.66,0.1647,86.0
2019-08-14 13:05,{},11.64,2258,11.67,11.64,11.66,0.5955,311.0
2019-08-14 13:10,{},11.62,2258,11.65,11.62,11.64,0.5591,292.0
2019-08-14 13:15,{},11.62,2258,11.64,11.61,11.62,0.7391,386.0
2019-08-14 13:20,{},11.61,2258,11.63,11.61,11.62,1.055,551.0
2019-08-14 13:25,{},11.62,2258,11.63,11.61,11.61,0.3561,186.0
2019-08-14 13:30,{},11.56,2258,11.63,11.56,11.62,2.4929,1302.0
2019-08-14 13:35,{},11.57,2258,11.58,11.54,11.56,1.4896,778.0
2019-08-14 13:40,{},11.55,2258,11.57,11.55,11.57,0.8731,456.0
2019-08-14 13:45,{},11.55,2258,11.56,11.53,11.55,2.1904,1144.0
2019-08-14 13:50,{},11.55,2258,11.58,11.54,11.57,1.4513,758.0
2019-08-14 13:55,{},11.55,2258,11.57,11.55,11.55,1.0378,542.0
2019-08-14 14:00,{},11.55,2258,11.58,11.54,11.55,1.8975,991.0
2019-08-14 14:05,{},11.55,2258,11.58,11.54,11.55,1.5949,833.0
2019-08-14 14:10,{},11.53,2258,11.56,11.53,11.55,0.8386,438.0
2019-08-14 14:15,{},11.51,2258,11.54,11.5,11.53,2.8031,1464.0
2019-08-14 14:20,{},11.53,2258,11.53,11.51,11.51,1.2541,655.0
2019-08-14 14:25,{},11.5,2258,11.53,11.5,11.53,1.3824,722.0
2019-08-14 14:30,{},11.51,2258,11.53,11.5,11.5,1.4245,744.0
2019-08-14 14:35,{},11.54,2258,11.55,11.5,11.51,2.8835,1506.0
2019-08-14 14:40,{},11.5,2258,11.55,11.5,11.54,1.459,762.0
2019-08-14 14:45,{},11.49,2258,11.51,11.49,11.5,1.4858,776.0
2019-08-14 14:50,{},11.5,2258,11.51,11.49,11.49,0.9612,502.0
2019-08-14 14:55,{},11.52,2258,11.53,11.5,11.5,1.6256,849.0
2019-08-14 15:00,{},11.51,2258,11.53,11.51,11.52,1.4207,742.0
2019-08-15 09:35,{},11.29,2258,11.3,11.16,11.22,6.7436,3522.0
2019-08-15 09:40,{},11.39,2258,11.4,11.28,11.29,1.413,738.0
2019-08-15 09:45,{},11.34,2258,11.4,11.31,11.39,1.2043,629.0
2019-08-15 09:50,{},11.33,2258,11.36,11.33,11.34,0.6031,315.0
2019-08-15 09:55,{},11.37,2258,11.37,11.32,11.33,0.7008,366.0
2019-08-15 10:00,{},11.33,2258,11.38,11.33,11.37,0.6682,349.0
2019-08-15 10:05,{},11.3,2258,11.33,11.27,11.33,1.7002,888.0
2019-08-15 10:10,{},11.33,2258,11.33,11.3,11.3,0.7238,378.0
2019-08-15 10:15,{},11.3,2258,11.33,11.27,11.33,0.8271,432.0
2019-08-15 10:20,{},11.28,2258,11.3,11.27,11.3,0.6721,351.0
2019-08-15 10:25,{},11.3,2258,11.31,11.27,11.28,0.8386,438.0
2019-08-15 10:30,{},11.28,2258,11.31,11.27,11.3,1.3671,714.0
2019-08-15 10:35,{},11.28,2258,11.31,11.28,11.28,0.7965,416.0
2019-08-15 10:40,{},11.29,2258,11.31,11.28,11.28,0.584,305.0
2019-08-15 10:45,{},11.3,2258,11.35,11.29,11.29,1.3728,717.0
2019-08-15 10:50,{},11.35,2258,11.36,11.3,11.3,0.6816,356.0
2019-08-15 10:55,{},11.3,2258,11.35,11.3,11.35,2.4432,1276.0
2019-08-15 11:00,{},11.3,2258,11.32,11.3,11.3,0.4308,225.0
2019-08-15 11:05,{},11.3,2258,11.32,11.29,11.3,1.2982,678.0
2019-08-15 11:10,{},11.3,2258,11.31,11.29,11.3,0.3064,160.0
2019-08-15 11:15,{},11.29,2258,11.3,11.29,11.3,0.0172,9.0
2019-08-15 11:20,{},11.29,2258,11.32,11.29,11.29,0.7984,417.0
2019-08-15 11:25,{},11.29,2258,11.3,11.29,11.29,0.29100000000000004,152.0
2019-08-15 11:30,{},11.31,2258,11.31,11.29,11.29,0.7544,394.0
2019-08-15 13:05,{},11.3,2258,11.34,11.3,11.31,0.4997,261.0
2019-08-15 13:10,{},11.3,2258,11.31,11.29,11.3,0.6567,343.0
2019-08-15 13:15,{},11.3,2258,11.3,11.3,11.3,0.044,23.0
2019-08-15 13:15,{},11.3,2258,11.3,11.3,11.3,0.044000000000000004,23.0
2019-08-15 13:20,{},11.32,2258,11.32,11.3,11.3,0.6204,324.0
2019-08-15 13:25,{},11.3,2258,11.32,11.29,11.32,0.4691,245.0
2019-08-15 13:30,{},11.29,2258,11.32,11.29,11.3,0.1876,98.0
2019-08-15 13:35,{},11.29,2258,11.3,11.29,11.29,0.134,70.0
2019-08-15 13:40,{},11.3,2258,11.31,11.29,11.29,0.9439,493.0
2019-08-15 13:45,{},11.32,2258,11.34,11.3,11.3,0.9899,517.0
2019-08-15 13:50,{},11.34,2258,11.34,11.3,11.32,1.3403,700.0
2019-08-15 13:55,{},11.33,2258,11.34,11.3,11.34,0.2489,130.0
2019-08-15 14:00,{},11.28,2258,11.34,11.28,11.33,3.77,1969.0
2019-08-15 14:05,{},11.34,2258,11.35,11.28,11.28,0.9401,491.0
2019-08-15 14:10,{},11.37,2258,11.38,11.33,11.34,1.3613,711.0
2019-08-15 14:15,{},11.37,2258,11.38,11.36,11.37,0.6318,330.0
2019-08-15 14:20,{},11.41,2258,11.41,11.37,11.37,1.1144,582.0
2019-08-15 14:25,{},11.41,2258,11.43,11.39,11.41,0.4978,260.0
2019-08-15 14:30,{},11.4,2258,11.43,11.4,11.41,0.5304,277.0
2019-08-15 14:35,{},11.4,2258,11.41,11.38,11.4,0.5208,272.0
2019-08-15 14:40,{},11.39,2258,11.4,11.38,11.4,0.5706,298.0
2019-08-15 14:45,{},11.36,2258,11.39,11.36,11.39,0.6644,347.0
2019-08-15 14:50,{},11.38,2258,11.38,11.36,11.36,0.9478,495.0
2019-08-15 14:55,{},11.39,2258,11.39,11.36,11.37,1.6964,886.0
2019-08-15 15:00,{},11.37,2258,11.39,11.37,11.39,1.166,609.0
2019-08-16 09:35,{},11.58,2258,11.58,11.41,11.41,3.276,1711.0
2019-08-16 09:35,{},11.58,2258,11.58,11.41,11.41,3.2760000000000002,1711.0
2019-08-16 09:40,{},11.51,2258,11.6,11.5,11.58,2.7686,1446.0
2019-08-16 09:45,{},11.49,2258,11.51,11.45,11.51,1.256,656.0
2019-08-16 09:50,{},11.47,2258,11.5,11.44,11.49,1.011,528.0
2019-08-16 09:55,{},11.45,2258,11.49,11.45,11.47,1.7385,908.0
2019-08-16 10:00,{},11.45,2258,11.49,11.44,11.45,1.9989,1044.0
2019-08-16 10:05,{},11.48,2258,11.5,11.45,11.45,0.4997,261.0
2019-08-16 10:10,{},11.49,2258,11.5,11.45,11.48,1.8707,977.0
2019-08-16 10:15,{},11.48,2258,11.51,11.47,11.49,0.5859,306.0
2019-08-16 10:20,{},11.46,2258,11.5,11.45,11.48,0.9956,520.0
2019-08-16 10:25,{},11.47,2258,11.5,11.46,11.46,0.3657,191.0
2019-08-16 10:30,{},11.49,2258,11.5,11.46,11.47,1.2637,660.0
2019-08-16 10:35,{},11.48,2258,11.51,11.48,11.49,0.4442,232.0
2019-08-16 10:40,{},11.52,2258,11.53,11.48,11.48,1.0856,567.0
2019-08-16 10:45,{},11.54,2258,11.56,11.51,11.52,2.0487,1070.0
2019-08-16 10:50,{},11.53,2258,11.55,11.52,11.54,0.1455,76.0
2019-08-16 10:55,{},11.48,2258,11.54,11.48,11.53,1.2446,650.0
2019-08-16 11:00,{},11.46,2258,11.51,11.46,11.48,0.9631,503.0
2019-08-16 11:05,{},11.49,2258,11.5,11.46,11.46,0.3485,182.0
2019-08-16 11:10,{},11.47,2258,11.5,11.47,11.49,0.2891,151.0
2019-08-16 11:15,{},11.5,2258,11.5,11.47,11.47,0.2949,154.0
2019-08-16 11:20,{},11.47,2258,11.5,11.47,11.5,0.3332,174.0
2019-08-16 11:25,{},11.47,2258,11.48,11.46,11.47,0.8386,438.0
2019-08-16 11:30,{},11.48,2258,11.5,11.47,11.47,0.27,141.0
2019-08-16 13:05,{},11.48,2258,11.5,11.47,11.48,0.7869,411.0
2019-08-16 13:10,{},11.49,2258,11.5,11.47,11.48,1.415,739.0
2019-08-16 13:15,{},11.48,2258,11.51,11.48,11.49,1.1144,582.0
2019-08-16 13:20,{},11.51,2258,11.51,11.48,11.48,1.5011,784.0
2019-08-16 13:25,{},11.5,2258,11.51,11.49,11.51,0.3044,159.0
2019-08-16 13:30,{},11.48,2258,11.51,11.48,11.5,0.8731,456.0
2019-08-16 13:35,{},11.46,2258,11.49,11.45,11.48,1.3326,696.0
2019-08-16 13:40,{},11.49,2258,11.49,11.45,11.46,0.852,445.0
2019-08-16 13:45,{},11.5,2258,11.5,11.47,11.49,1.1201,585.0
2019-08-16 13:50,{},11.49,2258,11.5,11.48,11.5,0.3868,202.0
2019-08-16 13:55,{},11.5,2258,11.5,11.46,11.49,1.4571,761.0
2019-08-16 14:00,{},11.49,2258,11.5,11.46,11.5,1.4207,742.0
2019-08-16 14:05,{},11.47,2258,11.49,11.47,11.49,0.4097,214.0
2019-08-16 14:10,{},11.44,2258,11.48,11.44,11.47,0.7142,373.0
2019-08-16 14:15,{},11.43,2258,11.44,11.42,11.44,1.0665,557.0
2019-08-16 14:20,{},11.44,2258,11.45,11.43,11.43,1.1297,590.0
2019-08-16 14:25,{},11.44,2258,11.44,11.43,11.44,0.4174,218.0
2019-08-16 14:30,{},11.39,2258,11.44,11.39,11.44,1.5490000000000002,809.0
2019-08-16 14:35,{},11.43,2258,11.43,11.39,11.39,0.6204,324.0
2019-08-16 14:40,{},11.4,2258,11.43,11.39,11.43,1.3173,688.0
2019-08-16 14:45,{},11.39,2258,11.4,11.38,11.4,0.8540000000000001,446.0
2019-08-16 14:50,{},11.39,2258,11.4,11.38,11.39,0.764,399.0
2019-08-16 14:55,{},11.43,2258,11.45,11.39,11.39,2.9467,1539.0
2019-08-16 15:00,{},11.37,2258,11.43,11.37,11.43,2.8089,1467.0
2019-08-19 09:35,{},11.5,2258,11.5,11.33,11.37,7.8981,4125.0
2019-08-19 09:40,{},11.51,2258,11.54,11.47,11.5,3.0271,1581.0
2019-08-19 09:45,{},11.49,2258,11.51,11.49,11.51,1.9989,1044.0
2019-08-19 09:50,{},11.51,2258,11.51,11.47,11.49,2.9046,1517.0
2019-08-19 09:55,{},11.75,2258,11.82,11.52,11.52,10.4025,5433.0
2019-08-19 10:00,{},11.92,2258,11.95,11.73,11.75,14.8025,7731.0
2019-08-19 10:05,{},11.85,2258,11.92,11.85,11.92,3.6839,1924.0
2019-08-19 10:10,{},11.77,2258,11.86,11.77,11.85,4.1185,2151.0
2019-08-19 10:15,{},11.84,2258,11.85,11.77,11.77,4.5934,2399.0
2019-08-19 10:20,{},11.8,2258,11.9,11.79,11.84,5.6215,2936.0
2019-08-19 10:25,{},11.8,2258,11.82,11.76,11.8,2.4757,1293.0
2019-08-19 10:30,{},11.8,2258,11.82,11.79,11.8,0.9248,483.0
2019-08-19 10:35,{},11.8,2258,11.84,11.79,11.8,3.1956,1669.0
2019-08-19 10:40,{},11.78,2258,11.81,11.76,11.8,1.6658,870.0
2019-08-19 10:45,{},11.77,2258,11.79,11.76,11.78,2.0066,1048.0
2019-08-19 10:50,{},11.73,2258,11.82,11.72,11.77,6.8374,3571.0
2019-08-19 10:55,{},11.71,2258,11.73,11.69,11.73,4.6929,2451.0
2019-08-19 11:00,{},11.75,2258,11.76,11.67,11.71,2.9946,1564.0
2019-08-19 11:05,{},11.73,2258,11.78,11.73,11.75,2.1521,1124.0
2019-08-19 11:10,{},11.77,2258,11.8,11.73,11.73,2.311,1207.0
2019-08-19 11:15,{},11.81,2258,11.82,11.77,11.77,1.3231,691.0
2019-08-19 11:20,{},11.82,2258,11.86,11.81,11.81,2.9371,1534.0
2019-08-19 11:25,{},11.85,2258,11.85,11.8,11.82,2.2383,1169.0
2019-08-19 11:30,{},11.84,2258,11.85,11.8,11.85,0.4385,229.0
2019-08-19 13:05,{},11.8,2258,11.84,11.8,11.84,1.3556,708.0
2019-08-19 13:10,{},11.83,2258,11.83,11.8,11.8,0.9363,489.0
2019-08-19 13:15,{},11.91,2258,11.93,11.82,11.83,8.888,4642.0
2019-08-19 13:20,{},11.91,2258,11.91,11.85,11.9,8.3079,4339.0
2019-08-19 13:25,{},11.85,2258,11.91,11.83,11.91,2.3225,1213.0
2019-08-19 13:30,{},11.87,2258,11.88,11.85,11.85,1.2790000000000001,668.0
2019-08-19 13:30,{},11.87,2258,11.88,11.85,11.85,1.279,668.0
2019-08-19 13:35,{},11.87,2258,11.89,11.87,11.87,2.02,1055.0
2019-08-19 13:40,{},11.91,2258,11.93,11.88,11.88,3.883,2028.0
2019-08-19 13:45,{},11.87,2258,11.91,11.86,11.91,1.6275,850.0
2019-08-19 13:50,{},11.92,2258,11.92,11.87,11.87,1.8056,943.0
2019-08-19 13:55,{},11.92,2258,11.93,11.91,11.92,1.7979,939.0
2019-08-19 14:00,{},11.91,2258,11.93,11.9,11.92,2.2325,1166.0
2019-08-19 14:05,{},11.96,2258,11.97,11.91,11.91,6.8316,3568.0
2019-08-19 14:10,{},11.98,2258,11.99,11.94,11.96,8.3653,4369.0
2019-08-19 14:15,{},12.03,2258,12.03,11.98,11.98,5.6541,2953.0
2019-08-19 14:20,{},11.98,2258,12.03,11.98,12.03,2.9793,1556.0
2019-08-19 14:25,{},11.96,2258,12.01,11.96,11.98,3.1439,1642.0
2019-08-19 14:30,{},11.96,2258,11.96,11.93,11.96,3.6609,1912.0
2019-08-19 14:35,{},11.96,2258,12.01,11.95,11.97,4.6221,2414.0
2019-08-19 14:40,{},11.97,2258,11.98,11.94,11.96,1.6639,869.0
2019-08-19 14:45,{},12.0,2258,12.01,11.94,11.97,4.7408,2476.0
2019-08-19 14:50,{},12.01,2258,12.02,11.96,12.0,2.5848,1350.0
2019-08-19 14:55,{},12.0,2258,12.02,12.0,12.01,2.6346,1376.0
2019-08-19 15:00,{},12.0,2258,12.01,12.0,12.0,1.3671,714.0
2019-08-20 09:35,{},11.94,2258,12.0,11.76,12.0,5.9528,3109.0
2019-08-20 09:40,{},11.98,2258,11.98,11.94,11.94,2.1904,1144.0
2019-08-20 09:45,{},11.98,2258,12.03,11.98,11.98,2.2459,1173.0
2019-08-20 09:50,{},11.99,2258,12.0,11.97,11.98,1.3939,728.0
2019-08-20 09:55,{},11.98,2258,11.99,11.96,11.99,1.3575,709.0
2019-08-20 10:00,{},11.99,2258,11.99,11.96,11.98,1.1584,605.0
2019-08-20 10:05,{},11.95,2258,11.99,11.95,11.98,1.9434,1015.0
2019-08-20 10:10,{},11.92,2258,11.97,11.9,11.95,4.8576,2537.0
2019-08-20 10:15,{},11.96,2258,11.96,11.9,11.92,1.4226,743.0
2019-08-20 10:20,{},11.92,2258,11.96,11.91,11.96,0.7486,391.0
2019-08-20 10:25,{},11.9,2258,11.92,11.88,11.92,3.1784,1660.0
2019-08-20 10:30,{},11.9,2258,11.94,11.88,11.9,2.1502,1123.0
2019-08-20 10:35,{},11.96,2258,11.96,11.89,11.9,1.3345,697.0
2019-08-20 10:40,{},11.96,2258,11.97,11.93,11.96,1.3786,720.0
2019-08-20 10:45,{},12.0,2258,12.0,11.95,11.96,2.3168,1210.0
2019-08-20 10:50,{},12.15,2258,12.15,11.98,12.0,8.7808,4586.0
2019-08-20 10:55,{},12.14,2258,12.21,12.13,12.15,7.9996,4178.0
2019-08-20 11:00,{},12.14,2258,12.18,12.14,12.14,1.3116,685.0
2019-08-20 11:05,{},12.15,2258,12.16,12.14,12.14,2.1655,1131.0
2019-08-20 11:10,{},12.12,2258,12.15,12.09,12.15,1.8247,953.0
2019-08-20 11:15,{},12.13,2258,12.15,12.11,12.12,0.8329,435.0
2019-08-20 11:20,{},12.12,2258,12.15,12.11,12.13,0.4653,243.0
2019-08-20 11:25,{},12.12,2258,12.12,12.11,12.12,0.29100000000000004,152.0
2019-08-20 11:30,{},12.07,2258,12.12,12.07,12.12,0.9209999999999999,481.0
2019-08-20 11:30,{},12.07,2258,12.12,12.07,12.12,0.921,481.0
2019-08-20 13:05,{},12.06,2258,12.08,12.05,12.07,1.2962,677.0
2019-08-20 13:10,{},12.0,2258,12.07,11.99,12.06,2.7821,1453.0
2019-08-20 13:15,{},12.03,2258,12.04,11.99,12.0,1.8707,977.0
2019-08-20 13:20,{},12.0,2258,12.04,11.99,12.01,1.6294,851.0
2019-08-20 13:25,{},11.99,2258,12.03,11.98,12.0,1.7653,922.0
2019-08-20 13:30,{},11.98,2258,12.01,11.95,11.99,2.1828,1140.0
2019-08-20 13:35,{},11.96,2258,12.0,11.94,11.96,2.1732,1135.0
2019-08-20 13:40,{},11.96,2258,11.99,11.94,11.96,3.2033,1673.0
2019-08-20 13:45,{},11.96,2258,11.99,11.95,11.96,2.0736,1083.0
2019-08-20 13:50,{},12.0,2258,12.0,11.9,11.96,5.6273,2939.0
2019-08-20 13:55,{},11.99,2258,12.0,11.95,11.95,1.1507,601.0
2019-08-20 14:00,{},12.0,2258,12.01,11.96,12.0,0.7429,388.0
2019-08-20 14:05,{},11.96,2258,12.01,11.95,12.0,1.1278,589.0
2019-08-20 14:10,{},11.98,2258,12.0,11.95,11.95,2.0104,1050.0
2019-08-20 14:15,{},11.98,2258,11.98,11.93,11.98,1.5298,799.0
2019-08-20 14:20,{},11.97,2258,11.98,11.93,11.98,0.3523,184.0
2019-08-20 14:25,{},11.93,2258,11.97,11.93,11.97,0.785,410.0
2019-08-20 14:30,{},11.92,2258,11.95,11.9,11.93,3.2799,1713.0
2019-08-20 14:35,{},11.92,2258,11.95,11.89,11.92,3.1822,1662.0
2019-08-20 14:40,{},11.92,2258,11.95,11.92,11.92,1.0875,568.0
2019-08-20 14:45,{},11.92,2258,11.94,11.89,11.92,3.0788,1608.0
2019-08-20 14:50,{},11.91,2258,11.92,11.89,11.92,2.311,1207.0
2019-08-20 14:55,{},11.92,2258,11.92,11.9,11.91,5.0797,2653.0
2019-08-20 15:00,{},11.93,2258,11.93,11.91,11.92,1.1354,593.0
2019-08-21 09:35,{},11.92,2258,12.01,11.9,11.93,3.8485,2010.0
2019-08-21 09:40,{},11.95,2258,11.97,11.9,11.9,1.1967,625.0
2019-08-21 09:45,{},11.93,2258,11.97,11.93,11.95,1.1967,625.0
2019-08-21 09:50,{},11.94,2258,11.96,11.93,11.93,1.1009,575.0
2019-08-21 09:55,{},12.02,2258,12.04,11.94,11.94,5.6445,2948.0
2019-08-21 10:00,{},12.04,2258,12.09,12.01,12.02,4.9954,2609.0
2019-08-21 10:05,{},12.02,2258,12.07,12.01,12.04,1.2005,627.0
2019-08-21 10:10,{},12.0,2258,12.02,11.98,12.02,0.8176,427.0
2019-08-21 10:15,{},12.0,2258,12.02,11.98,12.0,1.7711,925.0
2019-08-21 10:20,{},11.99,2258,12.01,11.99,12.0,1.2235,639.0
2019-08-21 10:25,{},11.98,2258,12.01,11.98,11.99,1.773,926.0
2019-08-21 10:25,{},11.98,2258,12.01,11.98,11.99,1.7730000000000001,926.0
2019-08-21 10:30,{},12.0,2258,12.01,11.96,11.98,2.5446,1329.0
2019-08-21 10:35,{},11.99,2258,12.01,11.98,12.0,0.8865,463.0
2019-08-21 10:40,{},12.0,2258,12.0,11.98,11.99,1.0684,558.0
2019-08-21 10:45,{},12.0,2258,12.01,12.0,12.0,1.5222,795.0
2019-08-21 10:50,{},12.0,2258,12.01,11.99,12.0,0.965,504.0
2019-08-21 10:55,{},12.0,2258,12.0,11.98,12.0,0.8942,467.0
2019-08-21 11:00,{},12.0,2258,12.01,11.99,12.0,0.6453,337.0
2019-08-21 11:05,{},12.01,2258,12.01,12.0,12.0,0.2815,147.0
2019-08-21 11:10,{},12.01,2258,12.01,11.99,12.01,0.5055,264.0
2019-08-21 11:15,{},12.0,2258,12.02,12.0,12.01,0.5265,275.0
2019-08-21 11:20,{},12.01,2258,12.02,12.0,12.0,0.1915,100.0
2019-08-21 11:25,{},12.0,2258,12.02,11.99,12.01,1.4915,779.0
2019-08-21 11:30,{},12.02,2258,12.02,12.0,12.0,0.584,305.0
2019-08-21 13:05,{},11.98,2258,12.02,11.98,12.02,1.7137,895.0
2019-08-21 13:10,{},12.0,2258,12.0,11.98,11.98,0.3102,162.0
2019-08-21 13:15,{},12.01,2258,12.01,11.99,12.0,0.4825,252.0
2019-08-21 13:20,{},12.01,2258,12.01,11.99,12.01,0.8693,454.0
2019-08-21 13:25,{},11.99,2258,12.01,11.99,12.01,1.0263,536.0
2019-08-21 13:30,{},12.0,2258,12.01,11.99,11.99,0.5419,283.0
2019-08-21 13:35,{},11.99,2258,12.01,11.99,12.0,0.5151,269.0
2019-08-21 13:40,{},12.0,2258,12.01,11.99,11.99,0.2719,142.0
2019-08-21 13:45,{},12.0,2258,12.01,11.99,12.0,1.0722,560.0
2019-08-21 13:50,{},12.0,2258,12.01,11.99,12.0,0.3887,203.0
2019-08-21 13:55,{},12.01,2258,12.01,11.98,12.0,0.5782,302.0
2019-08-21 14:00,{},12.0,2258,12.01,11.99,12.01,0.6127,320.0
2019-08-21 14:05,{},11.99,2258,12.02,11.99,12.0,0.9956,520.0
2019-08-21 14:10,{},12.0,2258,12.03,11.97,12.02,4.3866,2291.0
2019-08-21 14:15,{},11.99,2258,12.01,11.98,12.0,1.7347,906.0
2019-08-21 14:20,{},12.0,2258,12.0,11.97,11.99,1.5586,814.0
2019-08-21 14:25,{},11.99,2258,12.01,11.97,12.0,1.1086,579.0
2019-08-21 14:30,{},12.0,2258,12.0,11.98,11.99,1.7175,897.0
2019-08-21 14:35,{},12.0,2258,12.01,11.99,12.0,1.3422,701.0
2019-08-21 14:40,{},11.99,2258,12.0,11.99,12.0,0.6357,332.0
2019-08-21 14:45,{},12.0,2258,12.0,11.99,11.99,1.4858,776.0
2019-08-21 14:50,{},12.0,2258,12.0,11.99,12.0,1.5911,831.0
2019-08-21 14:55,{},12.02,2258,12.02,12.0,12.0,2.7495,1436.0
2019-08-21 15:00,{},12.01,2258,12.02,12.01,12.02,0.3695,193.0
2019-08-22 09:35,{},12.04,2258,12.07,12.01,12.01,1.8151,948.0
2019-08-22 09:40,{},12.04,2258,12.07,12.04,12.04,0.9688,506.0
2019-08-22 09:45,{},12.03,2258,12.05,12.03,12.04,0.6299,329.0
2019-08-22 09:50,{},12.01,2258,12.03,12.0,12.03,2.3742,1240.0
2019-08-22 09:55,{},12.0,2258,12.04,12.0,12.01,2.1062,1100.0
2019-08-22 10:00,{},11.99,2258,12.02,11.95,11.99,1.4379,751.0
2019-08-22 10:05,{},11.98,2258,12.01,11.97,11.99,0.8922,466.0
2019-08-22 10:10,{},11.98,2258,12.0,11.97,11.98,1.3001,679.0
2019-08-22 10:15,{},12.03,2258,12.04,11.97,11.98,3.412,1782.0
2019-08-22 10:20,{},12.04,2258,12.04,12.01,12.04,0.7065,369.0
2019-08-22 10:25,{},12.05,2258,12.05,12.02,12.04,0.7238,378.0
2019-08-22 10:30,{},12.04,2258,12.06,12.02,12.06,1.2522,654.0
2019-08-22 10:35,{},12.04,2258,12.08,12.03,12.04,1.4322,748.0
2019-08-22 10:40,{},12.06,2258,12.08,12.04,12.04,0.5457,285.0
2019-08-22 10:45,{},12.06,2258,12.07,12.0,12.05,3.5135,1835.0
2019-08-22 10:50,{},12.02,2258,12.06,12.01,12.06,0.6701,350.0
2019-08-22 10:55,{},12.03,2258,12.03,12.01,12.02,0.8367,437.0
2019-08-22 11:00,{},12.03,2258,12.04,12.01,12.03,0.9439,493.0
2019-08-22 11:05,{},12.01,2258,12.05,12.01,12.03,0.6165,322.0
2019-08-22 11:10,{},12.01,2258,12.04,12.01,12.01,0.7161,374.0
2019-08-22 11:15,{},12.02,2258,12.03,12.01,12.01,0.8003,418.0
2019-08-22 11:20,{},12.0,2258,12.03,12.0,12.02,0.9899,517.0
2019-08-22 11:25,{},12.02,2258,12.02,12.0,12.0,0.7008,366.0
2019-08-22 11:30,{},12.0,2258,12.02,12.0,12.02,0.517,270.0
2019-08-22 13:05,{},11.99,2258,12.02,11.99,12.0,0.942,492.0
2019-08-22 13:05,{},11.99,2258,12.02,11.99,12.0,0.9420000000000001,492.0
2019-08-22 13:10,{},12.0,2258,12.0,11.98,11.99,0.6338,331.0
2019-08-22 13:15,{},11.99,2258,12.0,11.99,12.0,0.1647,86.0
2019-08-22 13:20,{},12.0,2258,12.01,11.99,11.99,2.0564,1074.0
2019-08-22 13:25,{},11.99,2258,12.0,11.99,12.0,0.1034,54.0
2019-08-22 13:30,{},12.0,2258,12.01,11.99,11.99,1.0493,548.0
2019-08-22 13:35,{},12.03,2258,12.03,12.0,12.0,0.5399,282.0
2019-08-22 13:40,{},12.04,2258,12.04,12.02,12.03,1.0244,535.0
2019-08-22 13:45,{},12.05,2258,12.05,12.03,12.04,0.3868,202.0
2019-08-22 13:50,{},12.03,2258,12.05,12.01,12.05,0.8616,450.0
2019-08-22 13:55,{},12.02,2258,12.03,12.01,12.03,0.4806,251.0
2019-08-22 14:00,{},12.04,2258,12.05,12.01,12.02,0.8444,441.0
2019-08-22 14:05,{},12.04,2258,12.05,12.02,12.04,0.6816,356.0
2019-08-22 14:10,{},12.05,2258,12.06,12.03,12.04,0.9344,488.0
2019-08-22 14:15,{},12.05,2258,12.06,12.04,12.05,0.9918,518.0
2019-08-22 14:20,{},12.06,2258,12.07,12.04,12.04,0.9956,520.0
2019-08-22 14:25,{},12.04,2258,12.07,12.03,12.06,2.1636,1130.0
2019-08-22 14:30,{},12.03,2258,12.05,12.03,12.05,0.7486,391.0
2019-08-22 14:35,{},12.04,2258,12.04,12.03,12.03,0.4576,239.0
2019-08-22 14:40,{},12.05,2258,12.05,12.03,12.03,0.3944,206.0
2019-08-22 14:45,{},12.05,2258,12.05,12.03,12.05,1.0033,524.0
2019-08-22 14:50,{},12.07,2258,12.07,12.04,12.05,2.8606,1494.0
2019-08-22 14:55,{},12.04,2258,12.07,12.04,12.07,2.6767,1398.0
2019-08-22 15:00,{},12.09,2258,12.09,12.06,12.07,2.3283,1216.0
2019-08-23 09:35,{},12.07,2258,12.13,12.02,12.02,1.6179,845.0
2019-08-23 09:40,{},12.11,2258,12.11,12.06,12.07,1.3269,693.0
2019-08-23 09:45,{},12.08,2258,12.11,12.08,12.11,0.6855,358.0
2019-08-23 09:50,{},12.06,2258,12.08,12.06,12.08,1.459,762.0
2019-08-23 09:55,{},12.04,2258,12.06,12.04,12.06,1.3518,706.0
2019-08-23 10:00,{},12.05,2258,12.06,12.04,12.04,1.6734,874.0
2019-08-23 10:05,{},12.02,2258,12.05,12.02,12.05,1.8553,969.0
2019-08-23 10:10,{},12.02,2258,12.02,12.01,12.02,1.3384,699.0
2019-08-23 10:15,{},12.02,2258,12.03,12.02,12.02,0.4059,212.0
2019-08-23 10:25,{},12.02,2258,12.03,12.02,12.02,0.2968,155.0
2019-08-23 10:30,{},12.0,2258,12.03,12.0,12.02,2.6461,1382.0
2019-08-23 10:35,{},11.98,2258,12.0,11.97,12.0,3.5441,1851.0
2019-08-23 10:40,{},12.0,2258,12.01,11.97,11.98,2.8510000000000004,1489.0
2019-08-23 10:45,{},11.98,2258,12.0,11.97,12.0,0.7735,404.0
2019-08-23 10:50,{},11.98,2258,11.99,11.98,11.98,0.4059,212.0
2019-08-23 10:55,{},11.98,2258,11.99,11.98,11.98,0.3523,184.0
2019-08-23 11:00,{},11.99,2258,12.0,11.98,11.99,0.5285,276.0
2019-08-23 11:05,{},12.04,2258,12.04,11.99,11.99,2.2076,1153.0
2019-08-23 11:10,{},12.02,2258,12.04,12.02,12.04,0.1417,74.0
2019-08-23 11:15,{},12.01,2258,12.03,12.0,12.02,0.5629,294.0
2019-08-23 11:20,{},12.02,2258,12.02,12.01,12.01,0.27,141.0
2019-08-23 11:25,{},12.01,2258,12.02,12.0,12.02,0.5189,271.0
2019-08-23 11:30,{},12.0,2258,12.02,12.0,12.01,0.1876,98.0
2019-08-23 13:05,{},12.0,2258,12.02,11.96,12.0,3.6686,1916.0
2019-08-23 13:10,{},12.01,2258,12.01,11.97,12.0,1.5892,830.0
2019-08-23 13:15,{},12.01,2258,12.05,12.0,12.01,1.7405,909.0
2019-08-23 13:20,{},12.0,2258,12.04,11.99,12.01,1.2235,639.0
2019-08-23 13:25,{},12.02,2258,12.04,11.99,12.0,1.5911,831.0
2019-08-23 13:30,{},12.02,2258,12.04,12.0,12.02,0.9554,499.0
2019-08-23 13:35,{},12.04,2258,12.04,12.02,12.02,0.5725,299.0
2019-08-23 13:40,{},12.06,2258,12.06,12.01,12.03,0.9171,479.0
2019-08-23 13:45,{},12.03,2258,12.06,12.03,12.06,0.8463,442.0
2019-08-23 13:50,{},12.08,2258,12.08,12.03,12.03,1.1584,605.0
2019-08-23 13:55,{},12.07,2258,12.08,12.06,12.08,0.6338,331.0
2019-08-23 14:00,{},12.11,2258,12.12,12.07,12.07,2.5772,1346.0
2019-08-23 14:05,{},12.11,2258,12.15,12.11,12.11,1.526,797.0
2019-08-23 14:10,{},12.12,2258,12.13,12.1,12.11,0.5916,309.0
2019-08-23 14:15,{},12.09,2258,12.13,12.09,12.12,0.8540000000000001,446.0
2019-08-23 14:20,{},12.13,2258,12.13,12.08,12.1,1.3633,712.0
2019-08-23 14:25,{},12.15,2258,12.15,12.12,12.13,1.8975,991.0
2019-08-23 14:30,{},12.15,2258,12.15,12.13,12.15,1.1144,582.0
2019-08-23 14:35,{},12.15,2258,12.15,12.12,12.15,0.831,434.0
2019-08-23 14:40,{},12.17,2258,12.17,12.14,12.15,1.93,1008.0
2019-08-23 14:45,{},12.28,2258,12.29,12.17,12.17,9.5352,4980.0
2019-08-23 14:50,{},12.26,2258,12.3,12.25,12.28,3.5058,1831.0
2019-08-23 14:55,{},12.26,2258,12.3,12.24,12.24,3.4273,1790.0
2019-08-23 15:00,{},12.25,2258,12.27,12.25,12.26,1.4801,773.0
2019-08-26 09:35,{},11.98,2258,12.05,11.81,11.89,11.5437,6029.0
2019-08-26 09:40,{},12.05,2258,12.07,11.97,11.98,3.1727,1657.0
2019-08-26 09:45,{},12.02,2258,12.09,11.98,12.05,4.5091,2355.0
2019-08-26 09:50,{},12.12,2258,12.15,12.02,12.02,3.0118,1573.0
2019-08-26 09:55,{},12.06,2258,12.18,12.06,12.12,2.7227,1422.0
2019-08-26 10:00,{},12.17,2258,12.18,12.06,12.06,2.625,1371.0
2019-08-26 10:05,{},12.1,2258,12.17,12.1,12.17,1.8458,964.0
2019-08-26 10:10,{},12.12,2258,12.12,11.91,12.1,5.769,3013.0
2019-08-26 10:15,{},12.02,2258,12.13,12.0,12.12,2.3934,1250.0
2019-08-26 10:20,{},12.08,2258,12.08,12.01,12.02,1.212,633.0
2019-08-26 10:25,{},12.08,2258,12.09,12.05,12.08,0.9037,472.0
2019-08-26 10:30,{},12.06,2258,12.09,12.06,12.08,0.8961,468.0
2019-08-26 10:35,{},12.09,2258,12.11,12.06,12.06,1.8515,967.0
2019-08-26 10:40,{},12.09,2258,12.12,12.06,12.09,2.6289,1373.0
2019-08-26 10:45,{},12.11,2258,12.14,12.08,12.09,5.0701,2648.0
2019-08-26 10:50,{},12.14,2258,12.15,12.1,12.12,2.0506,1071.0
2019-08-26 10:55,{},12.13,2258,12.17,12.11,12.11,1.2637,660.0
2019-08-26 11:00,{},12.13,2258,12.15,12.1,12.13,0.5438,284.0
2019-08-26 11:05,{},12.08,2258,12.15,12.08,12.12,1.526,797.0
2019-08-26 11:10,{},12.1,2258,12.15,12.08,12.08,0.5706,298.0
2019-08-26 11:15,{},12.08,2258,12.1,12.06,12.1,0.5151,269.0
2019-08-26 11:20,{},12.06,2258,12.09,12.06,12.08,0.6223,325.0
2019-08-26 11:25,{},12.08,2258,12.13,12.06,12.06,1.1641,608.0
2019-08-26 11:30,{},12.09,2258,12.09,12.06,12.08,0.4691,245.0
2019-08-26 13:05,{},12.08,2258,12.09,12.07,12.09,1.0090000000000001,527.0
2019-08-26 13:05,{},12.08,2258,12.09,12.07,12.09,1.009,527.0
2019-08-26 13:10,{},12.08,2258,12.09,12.07,12.08,0.9305,486.0
2019-08-26 13:15,{},12.08,2258,12.08,12.06,12.08,1.1852,619.0
2019-08-26 13:20,{},12.07,2258,12.09,12.06,12.08,0.9267,484.0
2019-08-26 13:25,{},12.08,2258,12.08,12.05,12.07,0.5304,277.0
2019-08-26 13:30,{},12.05,2258,12.08,12.04,12.08,0.5342,279.0
2019-08-26 13:35,{},12.07,2258,12.08,12.04,12.05,0.8808,460.0
2019-08-26 13:40,{},12.06,2258,12.08,12.05,12.07,0.471,246.0
2019-08-26 13:40,{},12.06,2258,12.08,12.05,12.07,0.47100000000000003,246.0
2019-08-26 13:45,{},12.07,2258,12.07,12.05,12.05,0.4978,260.0
2019-08-26 13:50,{},12.07,2258,12.07,12.04,12.07,0.831,434.0
2019-08-26 13:55,{},12.04,2258,12.07,12.02,12.07,0.628,328.0
2019-08-26 14:00,{},12.02,2258,12.04,12.02,12.04,1.0454,546.0
2019-08-26 14:05,{},12.04,2258,12.04,12.01,12.02,1.4226,743.0
2019-08-26 14:10,{},12.04,2258,12.04,12.01,12.04,0.4748,248.0
2019-08-26 14:15,{},12.0,2258,12.04,12.0,12.04,1.2828,670.0
2019-08-26 14:20,{},12.03,2258,12.03,12.0,12.0,0.9727,508.0
2019-08-26 14:25,{},11.99,2258,12.04,11.97,12.03,1.1814,617.0
2019-08-26 14:30,{},11.99,2258,12.0,11.94,11.99,0.9631,503.0
2019-08-26 14:35,{},12.02,2258,12.02,11.95,12.0,1.9319,1009.0
2019-08-26 14:40,{},12.04,2258,12.06,12.0,12.03,0.9765,510.0
2019-08-26 14:45,{},12.05,2258,12.06,12.02,12.05,1.7577,918.0
2019-08-26 14:50,{},12.03,2258,12.08,12.03,12.05,1.593,832.0
2019-08-26 14:50,{},12.03,2258,12.08,12.03,12.05,1.5930000000000002,832.0
2019-08-26 14:55,{},12.07,2258,12.08,12.03,12.03,1.5432,806.0
2019-08-26 15:00,{},12.07,2258,12.07,12.04,12.07,0.2221,116.0
2019-08-27 09:35,{},12.18,2258,12.26,12.11,12.11,2.7801,1452.0
2019-08-27 09:40,{},12.22,2258,12.24,12.18,12.18,2.2325,1166.0
2019-08-27 09:45,{},12.2,2258,12.23,12.17,12.22,2.3283,1216.0
2019-08-27 09:50,{},12.22,2258,12.22,12.17,12.2,1.2867,672.0
2019-08-27 09:55,{},12.21,2258,12.22,12.16,12.22,0.8386,438.0
2019-08-27 10:00,{},12.2,2258,12.21,12.18,12.21,0.7563,395.0
2019-08-27 10:05,{},12.2,2258,12.21,12.18,12.2,0.5974,312.0
2019-08-27 10:10,{},12.19,2258,12.2,12.17,12.2,0.7218,377.0
2019-08-27 10:15,{},12.23,2258,12.23,12.13,12.19,4.6048,2405.0
2019-08-27 10:20,{},12.25,2258,12.28,12.13,12.23,6.3913,3338.0
2019-08-27 10:25,{},12.28,2258,12.32,12.21,12.25,2.6921,1406.0
2019-08-27 10:30,{},12.29,2258,12.3,12.22,12.28,2.1559,1126.0
2019-08-27 10:35,{},12.32,2258,12.33,12.25,12.29,2.7897,1457.0
2019-08-27 10:40,{},12.3,2258,12.33,12.28,12.32,1.6792,877.0
2019-08-27 10:45,{},12.26,2258,12.3,12.25,12.3,1.1048,577.0
2019-08-27 10:50,{},12.26,2258,12.3,12.23,12.26,1.5701,820.0
2019-08-27 10:55,{},12.3,2258,12.31,12.24,12.26,2.2402,1170.0
2019-08-27 11:00,{},12.3,2258,12.31,12.26,12.3,1.189,621.0
2019-08-27 11:05,{},12.3,2258,12.31,12.26,12.3,0.8674,453.0
2019-08-27 11:10,{},12.33,2258,12.33,12.26,12.3,3.6934,1929.0
2019-08-27 11:15,{},12.33,2258,12.34,12.27,12.33,0.7238,378.0
2019-08-27 11:20,{},12.34,2258,12.36,12.29,12.33,4.421,2309.0
2019-08-27 11:25,{},12.34,2258,12.35,12.3,12.34,0.9248,483.0
2019-08-27 11:30,{},12.3,2258,12.34,12.29,12.34,0.6146,321.0
2019-08-27 13:05,{},12.32,2258,12.32,12.29,12.3,1.1412,596.0
2019-08-27 13:10,{},12.32,2258,12.33,12.28,12.32,1.3767,719.0
2019-08-27 13:15,{},12.29,2258,12.32,12.26,12.32,2.3244,1214.0
2019-08-27 13:20,{},12.32,2258,12.32,12.28,12.29,1.3824,722.0
2019-08-27 13:25,{},12.3,2258,12.32,12.28,12.32,0.2393,125.0
2019-08-27 13:30,{},12.31,2258,12.32,12.3,12.3,0.1704,89.0
2019-08-27 13:35,{},12.32,2258,12.33,12.28,12.31,2.2191,1159.0
2019-08-27 13:40,{},12.31,2258,12.34,12.31,12.32,0.6721,351.0
2019-08-27 13:45,{},12.32,2258,12.34,12.31,12.31,1.2828,670.0
2019-08-27 13:50,{},12.31,2258,12.33,12.3,12.32,0.7123,372.0
2019-08-27 13:55,{},12.31,2258,12.34,12.31,12.31,0.4882,255.0
2019-08-27 14:00,{},12.33,2258,12.34,12.31,12.31,0.9248,483.0
2019-08-27 14:05,{},12.35,2258,12.35,12.31,12.33,3.0654,1601.0
2019-08-27 14:10,{},12.32,2258,12.36,12.32,12.35,1.9185,1002.0
2019-08-27 14:15,{},12.35,2258,12.35,12.32,12.32,0.3944,206.0
2019-08-27 14:20,{},12.35,2258,12.37,12.33,12.35,2.6519,1385.0
2019-08-27 14:25,{},12.4,2258,12.41,12.34,12.35,4.31,2251.0
2019-08-27 14:30,{},12.4,2258,12.43,12.39,12.4,1.2924,675.0
2019-08-27 14:35,{},12.38,2258,12.4,12.36,12.4,0.9784,511.0
2019-08-27 14:40,{},12.42,2258,12.42,12.36,12.38,1.7922,936.0
2019-08-27 14:45,{},12.39,2258,12.42,12.38,12.4,1.4341,749.0
2019-08-27 14:50,{},12.4,2258,12.41,12.39,12.39,1.1469,599.0
2019-08-27 14:55,{},12.4,2258,12.41,12.39,12.4,1.9319,1009.0
2019-08-27 15:00,{},12.41,2258,12.41,12.39,12.4,1.5298,799.0
2019-08-28 09:35,{},12.31,2258,12.39,12.29,12.38,2.2766,1189.0
2019-08-28 09:40,{},12.36,2258,12.42,12.31,12.31,1.3882,725.0
2019-08-28 09:45,{},12.33,2258,12.36,12.3,12.36,1.3192,689.0
2019-08-28 09:50,{},12.31,2258,12.34,12.3,12.33,1.2311,643.0
2019-08-28 09:55,{},12.29,2258,12.31,12.29,12.3,1.5011,784.0
2019-08-28 10:00,{},12.31,2258,12.33,12.27,12.29,1.8017,941.0
2019-08-28 10:05,{},12.29,2258,12.32,12.29,12.31,0.5974,312.0
2019-08-28 10:10,{},12.3,2258,12.33,12.29,12.29,0.7716,403.0
2019-08-28 10:15,{},12.31,2258,12.32,12.29,12.3,0.6701,350.0
2019-08-28 10:20,{},12.31,2258,12.32,12.31,12.32,0.2929,153.0
2019-08-28 10:25,{},12.29,2258,12.31,12.29,12.31,0.4289,224.0
2019-08-28 10:30,{},12.27,2258,12.29,12.27,12.29,0.9631,503.0
2019-08-28 10:35,{},12.27,2258,12.27,12.27,12.27,0.5821,304.0
2019-08-28 10:40,{},12.27,2258,12.28,12.26,12.27,0.8252,431.0
2019-08-28 10:45,{},12.27,2258,12.28,12.27,12.27,0.1436,75.0
2019-08-28 10:50,{},12.32,2258,12.32,12.27,12.27,1.1718,612.0
2019-08-28 10:55,{},12.3,2258,12.32,12.3,12.32,0.1972,103.0
2019-08-28 11:00,{},12.3,2258,12.3,12.29,12.3,0.1111,58.0
2019-08-28 11:05,{},12.29,2258,12.3,12.29,12.3,0.1245,65.0
2019-08-28 11:10,{},12.27,2258,12.29,12.27,12.29,0.4748,248.0
2019-08-28 11:15,{},12.29,2258,12.29,12.27,12.27,0.1742,91.0
2019-08-28 11:20,{},12.29,2258,12.3,12.29,12.29,0.2872,150.0
2019-08-28 11:25,{},12.29,2258,12.29,12.28,12.29,0.1991,104.0
2019-08-28 11:30,{},12.28,2258,12.29,12.28,12.29,0.1302,68.0
2019-08-28 13:05,{},12.28,2258,12.29,12.28,12.28,0.2929,153.0
2019-08-28 13:10,{},12.29,2258,12.3,12.28,12.28,0.0785,41.0
2019-08-28 13:15,{},12.28,2258,12.29,12.27,12.29,0.1513,79.0
2019-08-28 13:20,{},12.29,2258,12.31,12.28,12.28,0.5687,297.0
2019-08-28 13:25,{},12.32,2258,12.32,12.29,12.29,0.2834,148.0
2019-08-28 13:30,{},12.3,2258,12.32,12.3,12.32,0.1302,68.0
2019-08-28 13:35,{},12.3,2258,12.3,12.29,12.3,0.1283,67.0
2019-08-28 13:40,{},12.33,2258,12.33,12.29,12.3,0.8884,464.0
2019-08-28 13:45,{},12.32,2258,12.33,12.29,12.33,0.4423,231.0
2019-08-28 13:50,{},12.32,2258,12.32,12.32,12.32,0.1015,53.0
2019-08-28 13:55,{},12.29,2258,12.32,12.29,12.32,0.4672,244.0
2019-08-28 14:00,{},12.29,2258,12.3,12.29,12.29,0.1168,61.0
2019-08-28 14:05,{},12.29,2258,12.31,12.29,12.29,0.6031,315.0
2019-08-28 14:10,{},12.3,2258,12.31,12.29,12.29,0.1513,79.0
2019-08-28 14:15,{},12.31,2258,12.31,12.29,12.31,0.4863,254.0
2019-08-28 14:20,{},12.32,2258,12.32,12.3,12.31,0.3983,208.0
2019-08-28 14:25,{},12.31,2258,12.33,12.3,12.32,0.7448,389.0
2019-08-28 14:30,{},12.31,2258,12.32,12.3,12.31,0.3695,193.0
2019-08-28 14:35,{},12.29,2258,12.32,12.29,12.31,0.5553,290.0
2019-08-28 14:40,{},12.28,2258,12.3,12.28,12.29,1.1373,594.0
2019-08-28 14:45,{},12.29,2258,12.3,12.28,12.28,0.2968,155.0
2019-08-28 14:50,{},12.28,2258,12.29,12.28,12.29,0.6299,329.0
2019-08-28 14:55,{},12.3,2258,12.3,12.27,12.28,2.1694,1133.0
2019-08-28 15:00,{},12.3,2258,12.3,12.29,12.3,0.6165,322.0
2019-08-29 09:35,{},12.27,2258,12.37,12.22,12.32,1.4628,764.0
2019-08-29 09:40,{},12.27,2258,12.27,12.23,12.27,0.7486,391.0
2019-08-29 09:45,{},12.22,2258,12.27,12.22,12.27,1.5375,803.0
2019-08-29 09:50,{},12.24,2258,12.25,12.22,12.22,1.2867,672.0
2019-08-29 09:55,{},12.23,2258,12.25,12.23,12.24,0.6012,314.0
2019-08-29 10:00,{},12.23,2258,12.24,12.22,12.23,1.1029,576.0
2019-08-29 10:05,{},12.22,2258,12.23,12.21,12.23,0.6127,320.0
2019-08-29 10:10,{},12.21,2258,12.22,12.2,12.22,1.2618,659.0
2019-08-29 10:15,{},12.23,2258,12.24,12.21,12.21,0.4442,232.0
2019-08-29 10:20,{},12.24,2258,12.24,12.22,12.23,0.3217,168.0
2019-08-29 10:25,{},12.22,2258,12.24,12.22,12.24,0.3466,181.0
2019-08-29 10:30,{},12.21,2258,12.23,12.21,12.22,0.3906,204.0
2019-08-29 10:35,{},12.21,2258,12.21,12.2,12.21,1.5241,796.0
2019-08-29 10:40,{},12.19,2258,12.22,12.19,12.21,0.9363,489.0
2019-08-29 10:45,{},12.19,2258,12.2,12.19,12.19,1.8266,954.0
2019-08-29 10:50,{},12.18,2258,12.19,12.16,12.19,1.2733,665.0
2019-08-29 10:55,{},12.2,2258,12.21,12.18,12.18,1.1871,620.0
2019-08-29 11:00,{},12.19,2258,12.2,12.18,12.2,1.1507,601.0
2019-08-29 11:05,{},12.19,2258,12.19,12.19,12.19,0.1896,99.0
2019-08-29 11:10,{},12.17,2258,12.19,12.17,12.19,0.6223,325.0
2019-08-29 11:15,{},12.17,2258,12.18,12.17,12.17,0.314,164.0
2019-08-29 11:20,{},12.17,2258,12.18,12.17,12.17,0.5457,285.0
2019-08-29 11:25,{},12.16,2258,12.17,12.13,12.17,2.0832,1088.0
2019-08-29 11:30,{},12.15,2258,12.16,12.13,12.16,0.7869,411.0
2019-08-29 13:05,{},12.18,2258,12.18,12.15,12.15,0.5897,308.0
2019-08-29 13:10,{},12.17,2258,12.19,12.17,12.18,0.5495,287.0
2019-08-29 13:15,{},12.15,2258,12.17,12.14,12.17,1.0186,532.0
2019-08-29 13:20,{},12.17,2258,12.18,12.14,12.15,1.3345,697.0
2019-08-29 13:25,{},12.17,2258,12.18,12.17,12.17,0.2393,125.0
2019-08-29 13:30,{},12.17,2258,12.17,12.16,12.17,0.1972,103.0
2019-08-29 13:35,{},12.16,2258,12.17,12.16,12.17,0.1532,80.0
2019-08-29 13:40,{},12.16,2258,12.16,12.15,12.16,0.4614,241.0
2019-08-29 13:45,{},12.15,2258,12.17,12.15,12.16,0.4117,215.0
2019-08-29 13:50,{},12.15,2258,12.16,12.15,12.15,0.5361,280.0
2019-08-29 13:55,{},12.16,2258,12.16,12.15,12.15,0.0517,27.0
2019-08-29 14:00,{},12.13,2258,12.16,12.13,12.16,0.8654,452.0
2019-08-29 14:05,{},12.13,2258,12.14,12.11,12.14,1.7194,898.0
2019-08-29 14:10,{},12.13,2258,12.13,12.12,12.13,0.2623,137.0
2019-08-29 14:15,{},12.12,2258,12.13,12.11,12.13,0.9631,503.0
2019-08-29 14:20,{},12.13,2258,12.14,12.12,12.12,0.9918,518.0
2019-08-29 14:25,{},12.14,2258,12.14,12.12,12.13,1.7481,913.0
2019-08-29 14:30,{},12.13,2258,12.14,12.12,12.14,1.2714,664.0
2019-08-29 14:35,{},12.11,2258,12.14,12.11,12.13,1.4533,759.0
2019-08-29 14:40,{},12.1,2258,12.12,12.1,12.11,1.9453,1016.0
2019-08-29 14:45,{},12.11,2258,12.12,12.09,12.1,1.3345,697.0
2019-08-29 14:50,{},12.12,2258,12.13,12.11,12.11,0.44799999999999995,234.0
2019-08-29 14:50,{},12.12,2258,12.13,12.11,12.11,0.448,234.0
2019-08-29 14:55,{},12.13,2258,12.16,12.11,12.12,2.5159,1314.0
2019-08-29 15:00,{},12.12,2258,12.14,12.12,12.13,0.4366,228.0
2019-08-30 09:35,{},12.33,2258,12.33,12.22,12.22,5.0873,2657.0
2019-08-30 09:40,{},12.51,2258,12.54,12.33,12.33,14.1534,7392.0
2019-08-30 09:45,{},12.58,2258,12.67,12.49,12.51,14.6149,7633.0
2019-08-30 09:50,{},12.5,2258,12.61,12.5,12.58,6.3357,3309.0
2019-08-30 09:55,{},12.48,2258,12.52,12.44,12.5,4.5053,2353.0
2019-08-30 10:00,{},12.47,2258,12.48,12.44,12.48,2.9199,1525.0
2019-08-30 10:05,{},12.52,2258,12.52,12.46,12.47,3.0501,1593.0
2019-08-30 10:10,{},12.5,2258,12.55,12.5,12.52,3.6054,1883.0
2019-08-30 10:15,{},12.47,2258,12.51,12.47,12.5,2.2,1149.0
2019-08-30 10:20,{},12.47,2258,12.48,12.44,12.47,1.7864,933.0
2019-08-30 10:25,{},12.45,2258,12.51,12.45,12.5,3.4311,1792.0
2019-08-30 10:30,{},12.46,2258,12.47,12.43,12.45,1.2886,673.0
2019-08-30 10:35,{},12.42,2258,12.46,12.42,12.46,2.1215,1108.0
2019-08-30 10:40,{},12.41,2258,12.47,12.4,12.42,1.8209,951.0
2019-08-30 10:45,{},12.46,2258,12.47,12.41,12.41,1.526,797.0
2019-08-30 10:50,{},12.48,2258,12.5,12.44,12.46,1.1239,587.0
2019-08-30 10:55,{},12.47,2258,12.5,12.47,12.48,1.1775,615.0
2019-08-30 11:00,{},12.46,2258,12.5,12.46,12.47,0.36,188.0
2019-08-30 11:05,{},12.45,2258,12.47,12.45,12.46,0.2432,127.0
2019-08-30 11:10,{},12.41,2258,12.46,12.41,12.45,0.9152,478.0
2019-08-30 11:15,{},12.46,2258,12.46,12.4,12.41,1.9568,1022.0
2019-08-30 11:20,{},12.47,2258,12.48,12.45,12.46,0.7218,377.0
2019-08-30 11:25,{},12.42,2258,12.48,12.42,12.47,1.5241,796.0
2019-08-30 11:30,{},12.46,2258,12.46,12.41,12.42,1.1373,594.0
2019-08-30 13:05,{},12.47,2258,12.47,12.44,12.46,1.4494,757.0
2019-08-30 13:10,{},12.47,2258,12.47,12.46,12.47,0.8846,462.0
2019-08-30 13:15,{},12.48,2258,12.48,12.46,12.47,1.1431,597.0
2019-08-30 13:20,{},12.5,2258,12.51,12.47,12.48,2.4374,1273.0
2019-08-30 13:25,{},12.48,2258,12.51,12.48,12.5,1.032,539.0
2019-08-30 13:30,{},12.47,2258,12.49,12.47,12.48,0.5859,306.0
2019-08-30 13:35,{},12.47,2258,12.48,12.46,12.47,2.267,1184.0
2019-08-30 13:40,{},12.48,2258,12.48,12.47,12.47,0.5265,275.0
2019-08-30 13:45,{},12.47,2258,12.49,12.46,12.48,1.2139,634.0
2019-08-30 13:50,{},12.44,2258,12.47,12.42,12.47,1.8094,945.0
2019-08-30 13:55,{},12.42,2258,12.46,12.4,12.44,1.7481,913.0
2019-08-30 14:00,{},12.39,2258,12.42,12.39,12.42,1.4188,741.0
2019-08-30 14:05,{},12.34,2258,12.4,12.33,12.39,2.9352,1533.0
2019-08-30 14:10,{},12.33,2258,12.35,12.33,12.34,1.0397,543.0
2019-08-30 14:15,{},12.27,2258,12.34,12.27,12.33,1.6064,839.0
2019-08-30 14:20,{},12.29,2258,12.29,12.25,12.27,1.5681,819.0
2019-08-30 14:25,{},12.28,2258,12.29,12.26,12.29,0.9344,488.0
2019-08-30 14:30,{},12.28,2258,12.3,12.27,12.28,1.3671,714.0
2019-08-30 14:35,{},12.31,2258,12.34,12.28,12.28,1.1833,618.0
2019-08-30 14:40,{},12.32,2258,12.34,12.31,12.31,0.605,316.0
2019-08-30 14:45,{},12.31,2258,12.34,12.31,12.32,0.5974,312.0
2019-08-30 14:50,{},12.3,2258,12.31,12.29,12.31,1.1469,599.0
2019-08-30 14:55,{},12.29,2258,12.29,12.26,12.29,1.7922,936.0
2019-08-30 15:00,{},12.28,2258,12.29,12.28,12.29,1.3116,685.0
2019-09-02 09:35,{},12.25,2258,12.31,12.23,12.24,3.9941,2086.0
2019-09-02 09:40,{},12.23,2258,12.26,12.21,12.25,3.0884,1613.0
2019-09-02 09:45,{},12.23,2258,12.24,12.2,12.23,2.4489,1279.0
2019-09-02 09:50,{},12.21,2258,12.24,12.2,12.24,1.5643,817.0
2019-09-02 09:55,{},12.21,2258,12.22,12.2,12.21,1.2714,664.0
2019-09-02 10:00,{},12.28,2258,12.3,12.21,12.21,1.1699,611.0
2019-09-02 10:05,{},12.28,2258,12.31,12.25,12.28,1.5279,798.0
2019-09-02 10:10,{},12.32,2258,12.33,12.27,12.28,2.3378,1221.0
2019-09-02 10:15,{},12.3,2258,12.34,12.3,12.32,3.1669,1654.0
2019-09-02 10:20,{},12.27,2258,12.32,12.27,12.3,1.3097,684.0
2019-09-02 10:25,{},12.32,2258,12.32,12.26,12.27,0.764,399.0
2019-09-02 10:30,{},12.31,2258,12.32,12.28,12.32,0.7046,368.0
2019-09-02 10:35,{},12.29,2258,12.33,12.29,12.31,1.7309,904.0
2019-09-02 10:40,{},12.32,2258,12.34,12.28,12.32,1.4226,743.0
2019-09-02 10:45,{},12.31,2258,12.33,12.29,12.32,1.3843,723.0
2019-09-02 10:50,{},12.3,2258,12.31,12.29,12.3,0.6721,351.0
2019-09-02 10:55,{},12.32,2258,12.32,12.31,12.31,2.2019,1150.0
2019-09-02 11:00,{},12.36,2258,12.36,12.3,12.32,1.2733,665.0
2019-09-02 11:05,{},12.36,2258,12.38,12.34,12.36,1.2809,669.0
2019-09-02 11:10,{},12.32,2258,12.37,12.32,12.36,0.5093,266.0
2019-09-02 11:15,{},12.33,2258,12.36,12.32,12.32,0.4614,241.0
2019-09-02 11:20,{},12.34,2258,12.35,12.33,12.33,0.3236,169.0
2019-09-02 11:25,{},12.35,2258,12.36,12.33,12.34,0.6893,360.0
2019-09-02 11:30,{},12.36,2258,12.36,12.34,12.35,0.2336,122.0
2019-09-02 13:05,{},12.34,2258,12.38,12.34,12.36,1.4839,775.0
2019-09-02 13:10,{},12.35,2258,12.35,12.32,12.34,1.0416,544.0
2019-09-02 13:15,{},12.4,2258,12.45,12.34,12.35,2.9735,1553.0
2019-09-02 13:20,{},12.4,2258,12.42,12.36,12.4,0.9171,479.0
2019-09-02 13:25,{},12.44,2258,12.5,12.4,12.4,11.2163,5858.0
2019-09-02 13:30,{},12.43,2258,12.46,12.41,12.44,0.9573,500.0
2019-09-02 13:35,{},12.43,2258,12.45,12.41,12.43,0.9516,497.0
2019-09-02 13:40,{},12.47,2258,12.49,12.41,12.43,1.1852,619.0
2019-09-02 13:45,{},12.43,2258,12.47,12.43,12.47,0.8808,460.0
2019-09-02 13:50,{},12.46,2258,12.47,12.43,12.43,0.4289,224.0
2019-09-02 13:55,{},12.45,2258,12.46,12.44,12.46,0.1493,78.0
2019-09-02 14:00,{},12.44,2258,12.45,12.43,12.44,1.5088,788.0
2019-09-02 14:05,{},12.45,2258,12.45,12.43,12.44,1.1622,607.0
2019-09-02 14:10,{},12.43,2258,12.45,12.42,12.45,1.2446,650.0
2019-09-02 14:15,{},12.42,2258,12.44,12.42,12.43,0.6548,342.0
2019-09-02 14:20,{},12.42,2258,12.43,12.41,12.42,0.3217,168.0
2019-09-02 14:25,{},12.42,2258,12.42,12.4,12.42,1.8132,947.0
2019-09-02 14:30,{},12.41,2258,12.42,12.4,12.42,0.942,492.0
2019-09-02 14:35,{},12.39,2258,12.41,12.39,12.41,0.7046,368.0
2019-09-02 14:40,{},12.41,2258,12.42,12.39,12.39,0.9401,491.0
2019-09-02 14:45,{},12.41,2258,12.43,12.41,12.41,1.3192,689.0
2019-09-02 14:50,{},12.43,2258,12.44,12.41,12.41,1.3269,693.0
2019-09-02 14:55,{},12.41,2258,12.43,12.41,12.43,1.2962,677.0
2019-09-02 15:00,{},12.44,2258,12.44,12.41,12.42,0.6874,359.0
2019-09-03 09:35,{},12.41,2258,12.42,12.34,12.39,1.5318,800.0
2019-09-03 09:40,{},12.44,2258,12.5,12.41,12.41,2.3474,1226.0
2019-09-03 09:45,{},12.43,2258,12.45,12.42,12.44,1.2158,635.0
2019-09-03 09:50,{},12.52,2258,12.52,12.43,12.43,2.1885,1143.0
2019-09-03 09:55,{},12.49,2258,12.53,12.49,12.52,2.9486,1540.0
2019-09-03 10:00,{},12.51,2258,12.52,12.49,12.49,2.6959,1408.0
2019-09-03 10:05,{},12.49,2258,12.52,12.49,12.51,1.3939,728.0
2019-09-03 10:10,{},12.48,2258,12.49,12.48,12.49,0.9401,491.0
2019-09-03 10:15,{},12.44,2258,12.48,12.44,12.48,1.819,950.0
2019-09-03 10:20,{},12.43,2258,12.44,12.42,12.44,0.6855,358.0
2019-09-03 10:25,{},12.42,2258,12.44,12.42,12.43,0.7257,379.0
2019-09-03 10:30,{},12.43,2258,12.44,12.43,12.43,0.9325,487.0
2019-09-03 10:35,{},12.44,2258,12.44,12.43,12.43,1.3307,695.0
2019-09-03 10:40,{},12.43,2258,12.44,12.42,12.43,1.6505,862.0
2019-09-03 10:45,{},12.43,2258,12.44,12.43,12.43,0.6989,365.0
2019-09-03 10:50,{},12.45,2258,12.46,12.42,12.43,1.3499,705.0
2019-09-03 10:55,{},12.44,2258,12.46,12.43,12.45,0.3389,177.0
2019-09-03 11:00,{},12.44,2258,12.45,12.44,12.44,0.27,141.0
2019-09-03 11:05,{},12.43,2258,12.45,12.43,12.44,0.3849,201.0
2019-09-03 11:10,{},12.43,2258,12.44,12.43,12.43,0.1206,63.0
2019-09-03 11:15,{},12.41,2258,12.44,12.41,12.43,1.3211,690.0
2019-09-03 11:20,{},12.43,2258,12.43,12.41,12.41,0.3638,190.0
2019-09-03 11:25,{},12.42,2258,12.43,12.42,12.43,0.3312,173.0
2019-09-03 11:30,{},12.42,2258,12.43,12.41,12.42,1.0263,536.0
2019-09-03 13:05,{},12.42,2258,12.44,12.41,12.42,1.6849,880.0
2019-09-03 13:10,{},12.42,2258,12.42,12.41,12.42,0.5591,292.0
2019-09-03 13:15,{},12.42,2258,12.42,12.41,12.42,0.5859,306.0
2019-09-03 13:20,{},12.43,2258,12.44,12.42,12.42,0.6874,359.0
2019-09-03 13:25,{},12.43,2258,12.44,12.42,12.43,1.369,715.0
2019-09-03 13:30,{},12.41,2258,12.43,12.41,12.43,0.7544,394.0
2019-09-03 13:35,{},12.42,2258,12.42,12.4,12.41,0.6874,359.0
2019-09-03 13:40,{},12.42,2258,12.43,12.41,12.42,0.9305,486.0
2019-09-03 13:45,{},12.41,2258,12.42,12.41,12.42,0.8635,451.0
2019-09-03 13:50,{},12.41,2258,12.42,12.41,12.41,0.9612,502.0
2019-09-03 13:55,{},12.42,2258,12.42,12.41,12.41,0.6816,356.0
2019-09-03 14:00,{},12.43,2258,12.43,12.41,12.42,1.3575,709.0
2019-09-03 14:05,{},12.48,2258,12.49,12.43,12.43,1.6715,873.0
2019-09-03 14:10,{},12.48,2258,12.52,12.47,12.48,2.3283,1216.0
2019-09-03 14:15,{},12.49,2258,12.49,12.47,12.48,1.9626,1025.0
2019-09-03 14:20,{},12.49,2258,12.5,12.48,12.49,0.8463,442.0
2019-09-03 14:25,{},12.51,2258,12.53,12.49,12.49,3.2301,1687.0
2019-09-03 14:30,{},12.49,2258,12.51,12.46,12.51,2.3034,1203.0
2019-09-03 14:35,{},12.5,2258,12.51,12.49,12.49,1.166,609.0
2019-09-03 14:40,{},12.5,2258,12.52,12.5,12.5,1.7941,937.0
2019-09-03 14:45,{},12.49,2258,12.5,12.48,12.5,1.1699,611.0
2019-09-03 14:50,{},12.49,2258,12.49,12.48,12.49,0.7238,378.0
2019-09-03 14:55,{},12.49,2258,12.5,12.48,12.49,1.5069,787.0
2019-09-03 15:00,{},12.49,2258,12.5,12.49,12.49,0.7429,388.0
2019-09-04 09:35,{},12.44,2258,12.49,12.39,12.42,2.4776,1294.0
2019-09-04 09:40,{},12.45,2258,12.48,12.43,12.44,1.3728,717.0
2019-09-04 09:45,{},12.45,2258,12.47,12.42,12.45,0.7544,394.0
2019-09-04 09:50,{},12.45,2258,12.47,12.44,12.45,2.4202,1264.0
2019-09-04 09:55,{},12.5,2258,12.52,12.43,12.45,2.7457,1434.0
2019-09-04 10:00,{},12.5,2258,12.51,12.49,12.5,0.9363,489.0
2019-09-04 10:05,{},12.46,2258,12.5,12.45,12.5,1.9492,1018.0
2019-09-04 10:10,{},12.48,2258,12.49,12.45,12.46,1.1297,590.0
2019-09-04 10:15,{},12.44,2258,12.48,12.44,12.48,1.0014,523.0
2019-09-04 10:20,{},12.45,2258,12.46,12.42,12.44,1.75,914.0
2019-09-04 10:25,{},12.46,2258,12.46,12.43,12.45,0.1666,87.0
2019-09-04 10:30,{},12.45,2258,12.46,12.43,12.46,0.8559,447.0
2019-09-04 10:35,{},12.47,2258,12.49,12.45,12.45,0.5151,269.0
2019-09-04 10:40,{},12.48,2258,12.5,12.47,12.47,0.651,340.0
2019-09-04 10:45,{},12.47,2258,12.48,12.46,12.48,0.5591,292.0
2019-09-04 10:50,{},12.47,2258,12.48,12.46,12.47,1.0952,572.0
2019-09-04 10:55,{},12.47,2258,12.48,12.46,12.47,0.695,363.0
2019-09-04 11:00,{},12.44,2258,12.47,12.43,12.47,1.5509,810.0
2019-09-04 11:05,{},12.43,2258,12.45,12.43,12.44,0.3925,205.0
2019-09-04 11:10,{},12.43,2258,12.44,12.42,12.43,0.5227,273.0
2019-09-04 11:15,{},12.41,2258,12.43,12.4,12.43,1.1526,602.0
2019-09-04 11:20,{},12.43,2258,12.44,12.4,12.41,1.8898,987.0
2019-09-04 11:25,{},12.42,2258,12.44,12.41,12.43,0.7525,393.0
2019-09-04 11:30,{},12.42,2258,12.45,12.42,12.42,0.224,117.0
2019-09-04 13:05,{},12.42,2258,12.43,12.41,12.42,0.7735,404.0
2019-09-04 13:10,{},12.39,2258,12.43,12.39,12.42,1.2962,677.0
2019-09-04 13:15,{},12.4,2258,12.42,12.39,12.39,0.5055,264.0
2019-09-04 13:20,{},12.44,2258,12.44,12.41,12.41,0.5955,311.0
2019-09-04 13:25,{},12.43,2258,12.44,12.43,12.44,0.4327,226.0
2019-09-04 13:30,{},12.43,2258,12.45,12.43,12.43,0.2968,155.0
2019-09-04 13:35,{},12.44,2258,12.44,12.43,12.43,0.5189,271.0
2019-09-04 13:40,{},12.41,2258,12.44,12.41,12.44,0.3332,174.0
2019-09-04 13:45,{},12.45,2258,12.45,12.41,12.41,0.2719,142.0
2019-09-04 13:50,{},12.44,2258,12.45,12.4,12.45,1.6792,877.0
2019-09-04 13:55,{},12.41,2258,12.44,12.41,12.44,0.764,399.0
2019-09-04 14:00,{},12.43,2258,12.44,12.41,12.41,0.4806,251.0
2019-09-04 14:05,{},12.39,2258,12.44,12.39,12.43,1.1258,588.0
2019-09-04 14:10,{},12.41,2258,12.44,12.39,12.39,0.4576,239.0
2019-09-04 14:15,{},12.43,2258,12.45,12.39,12.41,3.0884,1613.0
2019-09-04 14:20,{},12.43,2258,12.43,12.43,12.43,0.1379,72.0
2019-09-04 14:25,{},12.43,2258,12.43,12.42,12.43,0.5112,267.0
2019-09-04 14:30,{},12.43,2258,12.43,12.4,12.43,1.3594,710.0
2019-09-04 14:35,{},12.44,2258,12.45,12.43,12.43,0.8712,455.0
2019-09-04 14:40,{},12.43,2258,12.45,12.43,12.44,0.7046,368.0
2019-09-04 14:45,{},12.47,2258,12.47,12.43,12.43,1.078,563.0
2019-09-04 14:50,{},12.47,2258,12.47,12.45,12.47,0.9401,491.0
2019-09-04 14:55,{},12.46,2258,12.47,12.44,12.47,2.7055,1413.0
2019-09-04 15:00,{},12.48,2258,12.48,12.46,12.46,0.9899,517.0
2019-09-05 09:35,{},12.55,2258,12.64,12.48,12.48,2.313,1208.0
2019-09-05 09:40,{},12.5,2258,12.55,12.5,12.55,2.7763,1450.0
2019-09-05 09:45,{},12.53,2258,12.54,12.48,12.5,1.5069,787.0
2019-09-05 09:50,{},12.52,2258,12.55,12.5,12.53,1.1718,612.0
2019-09-05 09:55,{},12.57,2258,12.57,12.52,12.52,2.5255,1319.0
2019-09-05 10:00,{},12.58,2258,12.58,12.56,12.57,2.604,1360.0
2019-09-05 10:05,{},12.56,2258,12.58,12.56,12.58,1.0818,565.0
2019-09-05 10:10,{},12.58,2258,12.59,12.56,12.56,1.997,1043.0
2019-09-05 10:15,{},12.6,2258,12.6,12.56,12.58,3.3852,1768.0
2019-09-05 10:20,{},12.6,2258,12.62,12.59,12.6,1.6524,863.0
2019-09-05 10:25,{},12.59,2258,12.64,12.59,12.6,2.9984,1566.0
2019-09-05 10:30,{},12.65,2258,12.66,12.59,12.59,3.9596,2068.0
2019-09-05 10:35,{},12.67,2258,12.69,12.64,12.65,4.3655,2280.0
2019-09-05 10:40,{},12.65,2258,12.67,12.63,12.67,2.0238,1057.0
2019-09-05 10:45,{},12.59,2258,12.65,12.59,12.65,1.2197,637.0
2019-09-05 10:50,{},12.58,2258,12.62,12.58,12.59,1.0071,526.0
2019-09-05 10:55,{},12.6,2258,12.6,12.58,12.58,0.8271,432.0
2019-09-05 11:00,{},12.6,2258,12.6,12.57,12.59,0.8999,470.0
2019-09-05 11:05,{},12.63,2258,12.63,12.58,12.6,1.4839,775.0
2019-09-05 11:10,{},12.63,2258,12.64,12.61,12.63,0.6893,360.0
2019-09-05 11:15,{},12.64,2258,12.65,12.63,12.63,0.9344,488.0
2019-09-05 11:20,{},12.64,2258,12.65,12.62,12.64,0.9937,519.0
2019-09-05 11:25,{},12.62,2258,12.65,12.61,12.64,0.2642,138.0
2019-09-05 11:30,{},12.62,2258,12.62,12.61,12.62,0.2776,145.0
2019-09-05 13:05,{},12.65,2258,12.65,12.62,12.62,0.5074,265.0
2019-09-05 13:10,{},12.63,2258,12.65,12.63,12.65,0.4097,214.0
2019-09-05 13:15,{},12.64,2258,12.64,12.63,12.63,0.2795,146.0
2019-09-05 13:20,{},12.63,2258,12.65,12.63,12.64,0.6261,327.0
2019-09-05 13:25,{},12.65,2258,12.65,12.63,12.63,0.7755,405.0
2019-09-05 13:30,{},12.65,2258,12.65,12.64,12.65,0.4174,218.0
2019-09-05 13:35,{},12.65,2258,12.66,12.65,12.65,0.9497,496.0
2019-09-05 13:40,{},12.65,2258,12.66,12.64,12.65,0.9497,496.0
2019-09-05 13:45,{},12.64,2258,12.65,12.64,12.65,1.0129,529.0
2019-09-05 13:50,{},12.64,2258,12.64,12.63,12.64,0.9267,484.0
2019-09-05 13:55,{},12.62,2258,12.64,12.62,12.64,0.471,246.0
2019-09-05 14:00,{},12.62,2258,12.63,12.62,12.62,0.8865,463.0
2019-09-05 14:05,{},12.59,2258,12.62,12.59,12.62,1.2675,662.0
2019-09-05 14:10,{},12.59,2258,12.59,12.58,12.59,0.9267,484.0
2019-09-05 14:15,{},12.6,2258,12.6,12.58,12.59,1.2369,646.0
2019-09-05 14:20,{},12.61,2258,12.62,12.59,12.6,3.0003,1567.0
2019-09-05 14:25,{},12.57,2258,12.61,12.56,12.61,2.6538,1386.0
2019-09-05 14:30,{},12.58,2258,12.59,12.57,12.57,0.7793,407.0
2019-09-05 14:35,{},12.6,2258,12.6,12.58,12.58,1.0818,565.0
2019-09-05 14:40,{},12.58,2258,12.6,12.56,12.6,1.0454,546.0
2019-09-05 14:45,{},12.56,2258,12.59,12.56,12.58,1.7079,892.0
2019-09-05 14:50,{},12.56,2258,12.57,12.56,12.56,0.8942,467.0
2019-09-05 14:55,{},12.58,2258,12.58,12.55,12.56,1.9358,1011.0
2019-09-05 15:00,{},12.56,2258,12.58,12.56,12.58,1.0703,559.0
2019-09-06 09:35,{},12.65,2258,12.65,12.57,12.58,3.0769,1607.0
2019-09-06 09:40,{},12.63,2258,12.66,12.62,12.65,1.1775,615.0
2019-09-06 09:45,{},12.73,2258,12.74,12.63,12.63,3.9117,2043.0
2019-09-06 09:50,{},12.69,2258,12.73,12.67,12.73,2.2536,1177.0
2019-09-06 09:55,{},12.68,2258,12.69,12.66,12.69,1.0129,529.0
2019-09-06 10:00,{},12.68,2258,12.69,12.67,12.68,1.168,610.0
2019-09-06 10:05,{},12.69,2258,12.7,12.68,12.68,0.9497,496.0
2019-09-06 10:10,{},12.72,2258,12.72,12.69,12.69,1.909,997.0
2019-09-06 10:15,{},12.78,2258,12.78,12.71,12.72,5.028,2626.0
2019-09-06 10:20,{},12.75,2258,12.79,12.75,12.78,1.7098,893.0
2019-09-06 10:25,{},12.76,2258,12.76,12.75,12.75,1.7385,908.0
2019-09-06 10:30,{},12.72,2258,12.76,12.72,12.76,1.258,657.0
2019-09-06 10:35,{},12.73,2258,12.73,12.71,12.72,0.6089,318.0
2019-09-06 10:40,{},12.74,2258,12.75,12.72,12.73,0.8788,459.0
2019-09-06 10:45,{},12.73,2258,12.75,12.73,12.74,0.517,270.0
2019-09-06 10:50,{},12.74,2258,12.75,12.73,12.73,0.5974,312.0
2019-09-06 10:55,{},12.75,2258,12.76,12.74,12.74,1.258,657.0
2019-09-06 11:00,{},12.77,2258,12.77,12.75,12.75,1.3192,689.0
2019-09-06 11:05,{},12.76,2258,12.78,12.75,12.77,1.3097,684.0
2019-09-06 11:10,{},12.76,2258,12.77,12.75,12.76,0.3542,185.0
2019-09-06 11:15,{},12.76,2258,12.77,12.75,12.76,0.2872,150.0
2019-09-06 11:20,{},12.76,2258,12.76,12.75,12.76,0.6529,341.0
2019-09-06 11:25,{},12.75,2258,12.76,12.73,12.76,0.7238,378.0
2019-09-06 11:30,{},12.73,2258,12.75,12.72,12.75,0.6472,338.0
2019-09-06 13:05,{},12.72,2258,12.74,12.72,12.73,0.7793,407.0
2019-09-06 13:10,{},12.72,2258,12.73,12.71,12.72,0.3485,182.0
2019-09-06 13:15,{},12.72,2258,12.73,12.72,12.72,0.3676,192.0
2019-09-06 13:20,{},12.71,2258,12.73,12.7,12.72,1.189,621.0
2019-09-06 13:25,{},12.69,2258,12.71,12.69,12.71,0.6184,323.0
2019-09-06 13:30,{},12.7,2258,12.7,12.69,12.69,0.4212,220.0
2019-09-06 13:35,{},12.69,2258,12.71,12.69,12.7,0.8616,450.0
2019-09-06 13:40,{},12.7,2258,12.7,12.69,12.69,0.762,398.0
2019-09-06 13:45,{},12.69,2258,12.7,12.69,12.7,0.5802,303.0
2019-09-06 13:50,{},12.67,2258,12.69,12.66,12.69,2.2555,1178.0
2019-09-06 13:55,{},12.69,2258,12.7,12.67,12.67,0.6548,342.0
2019-09-06 14:00,{},12.66,2258,12.69,12.66,12.69,0.5648,295.0
2019-09-06 14:05,{},12.65,2258,12.67,12.64,12.66,1.4667,766.0
2019-09-06 14:10,{},12.65,2258,12.67,12.64,12.65,0.4997,261.0
2019-09-06 14:15,{},12.64,2258,12.65,12.63,12.65,2.4412,1275.0
2019-09-06 14:20,{},12.63,2258,12.64,12.63,12.64,0.6223,325.0
2019-09-06 14:25,{},12.64,2258,12.65,12.63,12.63,0.6567,343.0
2019-09-06 14:30,{},12.66,2258,12.68,12.64,12.64,2.5446,1329.0
2019-09-06 14:35,{},12.67,2258,12.67,12.66,12.66,0.1896,99.0
2019-09-06 14:40,{},12.66,2258,12.67,12.66,12.66,0.494,258.0
2019-09-06 14:45,{},12.69,2258,12.69,12.66,12.66,1.4686,767.0
2019-09-06 14:50,{},12.72,2258,12.73,12.69,12.69,2.2498,1175.0
2019-09-06 14:55,{},12.71,2258,12.73,12.7,12.72,2.4623,1286.0
2019-09-06 15:00,{},12.72,2258,12.72,12.7,12.71,1.6371,855.0
