date,amount,close,code,high,low,open,turnoverratio,volume
2017-11-03 14:00,,6.61,2206,6.65,6.6,6.64,,7421.0
2017-11-03 15:00,,6.6,2206,6.61,6.56,6.61,,13510.0
2017-11-06 10:30,,6.63,2206,6.64,6.6,6.6,,5691.0
2017-11-06 11:30,,6.65,2206,6.66,6.63,6.63,,4874.0
2017-11-06 14:00,,6.66,2206,6.66,6.64,6.65,,5337.0
2017-11-06 15:00,,6.67,2206,6.67,6.64,6.65,,5128.0
2017-11-07 10:30,,6.65,2206,6.68,6.64,6.68,,6961.0
2017-11-07 11:30,,6.65,2206,6.67,6.65,6.65,,2548.0
2017-11-07 14:00,,6.62,2206,6.66,6.62,6.65,,3821.0
2017-11-07 15:00,,6.66,2206,6.67,6.62,6.62,,4911.0
2017-11-08 10:30,,6.7,2206,6.71,6.63,6.66,,6916.0
2017-11-08 11:30,,6.76,2206,6.8,6.7,6.7,,16458.0
2017-11-08 14:00,,6.74,2206,6.77,6.73,6.76,,8480.0
2017-11-08 15:00,,6.72,2206,6.75,6.71,6.75,,10308.0
2017-11-09 10:30,,6.77,2206,6.79,6.7,6.73,,10969.0
2017-11-09 11:30,,6.73,2206,6.78,6.73,6.77,,9461.0
2017-11-09 14:00,,6.73,2206,6.75,6.71,6.73,,7497.0
2017-11-09 15:00,,6.73,2206,6.76,6.71,6.73,,11058.0
2017-11-10 10:30,,6.67,2206,6.79,6.65,6.76,,23149.0
2017-11-10 11:30,,6.69,2206,6.69,6.66,6.67,,3567.0
2017-11-10 14:00,,6.7,2206,6.72,6.67,6.69,,6008.0
2017-11-10 15:00,,6.7,2206,6.73,6.69,6.7,,7646.0
2017-11-13 10:30,,6.71,2206,6.73,6.66,6.69,,11932.0
2017-11-13 11:30,,6.7,2206,6.74,6.69,6.71,,9571.0
2017-11-13 14:00,,6.7,2206,6.72,6.69,6.7,,10522.0
2017-11-13 15:00,,6.72,2206,6.72,6.69,6.7,,9489.0
2017-11-14 10:30,,6.64,2206,6.74,6.63,6.72,,13946.0
2017-11-14 11:30,,6.63,2206,6.65,6.61,6.64,,11168.0
2017-11-14 14:00,,6.6,2206,6.64,6.6,6.63,,8226.0
2017-11-14 15:00,,6.62,2206,6.62,6.59,6.6,,12323.0
2017-11-15 10:30,,6.61,2206,6.62,6.58,6.6,,8929.0
2017-11-15 11:30,,6.59,2206,6.66,6.59,6.61,,11223.0
2017-11-15 14:00,,6.58,2206,6.6,6.58,6.59,,6484.0
2017-11-15 15:00,,6.56,2206,6.59,6.56,6.58,,7113.0
2017-11-16 10:30,,6.5,2206,6.59,6.47,6.59,,17771.0
2017-11-16 11:30,,6.52,2206,6.54,6.49,6.5,,4477.0
2017-11-16 14:00,,6.51,2206,6.54,6.48,6.52,,8194.0
2017-11-16 15:00,,6.49,2206,6.54,6.49,6.51,,6750.0
2017-11-17 10:30,,6.4,2206,6.52,6.39,6.49,,14169.0
2017-11-17 11:30,,6.33,2206,6.41,6.32,6.4,,14432.0
2017-11-17 14:00,,6.27,2206,6.34,6.24,6.33,,16426.0
2017-11-17 15:00,,6.3,2206,6.33,6.25,6.27,,16979.0
2017-11-20 10:30,,6.23,2206,6.3,6.13,6.3,,8395.0
2017-11-20 11:30,,6.22,2206,6.24,6.2,6.23,,3684.0
2017-11-20 14:00,,6.24,2206,6.24,6.21,6.22,,5885.0
2017-11-20 15:00,,6.22,2206,6.24,6.2,6.24,,10146.0
2017-11-21 10:30,,6.27,2206,6.36,6.18,6.24,,13715.0
2017-11-21 11:30,,6.2,2206,6.3,6.19,6.27,,10113.0
2017-11-21 14:00,,6.09,2206,6.21,6.09,6.2,,29528.0
2017-11-21 15:00,,6.18,2206,6.2,6.09,6.09,,15444.0
2017-11-22 10:30,,6.15,2206,6.19,6.09,6.16,,18973.0
2017-11-22 11:30,,6.11,2206,6.17,6.11,6.15,,17214.0
2017-11-22 14:00,,6.1,2206,6.13,6.08,6.11,,15045.0
2017-11-22 15:00,,6.12,2206,6.14,6.07,6.1,,16912.0
2017-11-23 10:30,,6.07,2206,6.15,6.01,6.13,,18918.0
2017-11-23 11:30,,6.03,2206,6.07,6.02,6.07,,8570.0
2017-11-23 14:00,,6.06,2206,6.06,6.01,6.03,,10638.0
2017-11-23 15:00,,6.06,2206,6.09,6.03,6.06,,16402.0
2017-11-24 10:30,,6.03,2206,6.05,6.0,6.02,,16951.0
2017-11-24 11:30,,6.0,2206,6.05,5.99,6.03,,19517.0
2017-11-24 14:00,,6.07,2206,6.09,5.99,6.0,,12246.0
2017-11-24 15:00,,6.09,2206,6.13,6.05,6.07,,11968.0
2017-11-27 10:30,,6.19,2206,6.2,6.0,6.06,,24411.0
2017-11-27 11:30,,6.17,2206,6.2,6.16,6.19,,9925.0
2017-11-27 14:00,,6.17,2206,6.19,6.16,6.17,,5556.0
2017-11-27 15:00,,6.13,2206,6.19,6.12,6.17,,9387.0
2017-11-28 10:30,,6.11,2206,6.2,6.1,6.15,,11579.0
2017-11-28 11:30,,6.08,2206,6.12,6.06,6.11,,6458.0
2017-11-28 14:00,,6.14,2206,6.14,6.07,6.08,,4540.0
2017-11-28 15:00,,6.14,2206,6.16,6.13,6.14,,10759.0
2017-11-29 10:30,,6.09,2206,6.19,6.07,6.15,,11598.0
2017-11-29 11:30,,6.09,2206,6.11,6.07,6.09,,8458.0
2017-11-29 14:00,,6.18,2206,6.18,6.08,6.09,,14593.0
2017-11-29 15:00,,6.16,2206,6.19,6.15,6.18,,7352.0
2017-11-30 10:30,,6.12,2206,6.16,6.1,6.16,,9341.0
2017-11-30 11:30,,6.12,2206,6.13,6.1,6.12,,7848.0
2017-11-30 14:00,,6.1,2206,6.12,6.1,6.12,,7094.0
2017-11-30 15:00,,6.09,2206,6.11,6.08,6.1,,8479.0
2017-12-01 10:30,,6.12,2206,6.12,6.05,6.11,,7513.0
2017-12-01 11:30,,6.1,2206,6.12,6.08,6.12,,6389.0
2017-12-01 14:00,,6.1,2206,6.11,6.09,6.1,,4887.0
2017-12-01 15:00,,6.1,2206,6.12,6.09,6.1,,7049.0
2017-12-04 10:30,,6.12,2206,6.13,6.09,6.1,,10771.0
2017-12-04 11:30,,6.12,2206,6.12,6.1,6.12,,5299.0
2017-12-04 14:00,,6.1,2206,6.12,6.09,6.12,,3928.0
2017-12-04 15:00,,6.11,2206,6.12,6.09,6.1,,10020.0
2017-12-05 10:30,,6.05,2206,6.13,6.04,6.11,,5447.0
2017-12-05 11:30,,6.02,2206,6.07,5.99,6.05,,9949.0
2017-12-05 14:00,,5.99,2206,6.02,5.97,6.02,,9236.0
2017-12-05 15:00,,6.07,2206,6.12,5.85,5.99,,28906.0
2017-12-06 10:30,,6.0,2206,6.07,5.98,6.07,,11189.0
2017-12-06 11:30,,6.01,2206,6.02,5.99,6.0,,5776.0
2017-12-06 14:00,,6.0,2206,6.02,5.98,6.01,,11513.0
2017-12-06 15:00,,5.99,2206,6.03,5.97,6.0,,15030.0
2017-12-07 10:30,,6.01,2206,6.02,5.93,6.0,,6851.0
2017-12-07 11:30,,5.96,2206,6.01,5.95,6.01,,6169.0
2017-12-07 14:00,,5.95,2206,5.98,5.91,5.96,,9063.0
2017-12-07 15:00,,5.96,2206,6.02,5.92,5.95,,13727.0
2017-12-08 10:30,,5.95,2206,5.98,5.92,5.95,,12562.0
2017-12-08 11:30,,5.92,2206,5.96,5.92,5.96,,8098.0
2017-12-08 14:00,,5.94,2206,5.96,5.92,5.93,,17226.0
2017-12-08 15:00,,5.95,2206,5.96,5.93,5.94,,21426.0
2017-12-11 10:30,,5.92,2206,5.96,5.91,5.94,,8629.0
2017-12-11 11:30,,5.9,2206,5.93,5.89,5.92,,12655.0
2017-12-11 14:00,,5.9,2206,5.92,5.88,5.9,,10242.0
2017-12-11 15:00,,5.9,2206,5.91,5.88,5.9,,22725.0
2017-12-12 10:30,,5.93,2206,5.94,5.89,5.91,,16265.0
2017-12-12 11:30,,5.9,2206,5.93,5.88,5.92,,15102.0
2017-12-12 14:00,,5.88,2206,5.9,5.88,5.9,,11120.0
2017-12-12 15:00,,5.88,2206,5.9,5.86,5.88,,12032.0
2017-12-13 10:30,,5.82,2206,5.87,5.81,5.87,,15448.0
2017-12-13 11:30,,5.79,2206,5.83,5.77,5.82,,19204.0
2017-12-13 14:00,,5.77,2206,5.8,5.76,5.79,,19596.0
2017-12-13 15:00,,5.72,2206,5.79,5.72,5.77,,71306.0
2017-12-14 10:30,,5.91,2206,5.95,5.73,5.75,,87612.0
2017-12-14 11:30,,5.93,2206,5.94,5.89,5.91,,19743.0
2017-12-14 14:00,,5.94,2206,5.94,5.89,5.93,,23640.0
2017-12-14 15:00,,5.99,2206,6.03,5.9,5.94,,42973.0
2017-12-15 10:30,,6.19,2206,6.23,5.95,5.95,,68665.0
2017-12-15 11:30,,6.22,2206,6.32,6.17,6.19,,39937.0
2017-12-15 14:00,,6.14,2206,6.23,6.13,6.22,,23229.0
2017-12-15 15:00,,6.09,2206,6.14,6.08,6.12,,24668.0
2017-12-18 10:30,,6.01,2206,6.17,6.0,6.16,,23082.0
2017-12-18 11:30,,6.02,2206,6.06,5.97,6.01,,14990.0
2017-12-18 14:00,,6.01,2206,6.04,5.99,6.02,,9779.0
2017-12-18 15:00,,6.03,2206,6.04,5.99,6.01,,13819.0
2017-12-19 10:30,,5.98,2206,6.03,5.98,6.01,,15323.0
2017-12-19 11:30,,5.92,2206,5.99,5.92,5.98,,22289.0
2017-12-19 14:00,,5.91,2206,5.94,5.9,5.92,,13073.0
2017-12-19 15:00,,5.92,2206,5.94,5.88,5.91,,18492.0
2017-12-20 10:30,,6.07,2206,6.1,5.91,5.93,,35968.0
2017-12-20 11:30,,6.06,2206,6.08,6.03,6.07,,10052.0
2017-12-20 14:00,,6.1,2206,6.13,6.06,6.06,,27542.0
2017-12-20 15:00,,6.11,2206,6.11,6.07,6.09,,18748.0
2017-12-21 10:30,,5.97,2206,6.09,5.96,6.06,,19776.0
2017-12-21 11:30,,6.0,2206,6.03,5.97,5.97,,9016.0
2017-12-21 14:00,,6.03,2206,6.06,6.0,6.0,,12104.0
2017-12-21 15:00,,6.04,2206,6.06,6.01,6.03,,15778.0
2017-12-22 10:30,,6.07,2206,6.07,5.93,6.04,,27070.0
2017-12-22 11:30,,6.0,2206,6.11,5.98,6.07,,21264.0
2017-12-22 14:00,,5.98,2206,6.02,5.96,6.0,,13325.0
2017-12-22 15:00,,6.01,2206,6.02,5.95,5.98,,13897.0
2017-12-25 10:30,,5.93,2206,6.0,5.91,5.99,,14973.0
2017-12-25 11:30,,5.91,2206,5.93,5.89,5.93,,9834.0
2017-12-25 14:00,,5.92,2206,5.92,5.89,5.91,,6119.0
2017-12-25 15:00,,5.97,2206,6.01,5.9,5.92,,12643.0
2017-12-26 10:30,,5.87,2206,5.95,5.86,5.95,,13529.0
2017-12-26 11:30,,5.92,2206,5.92,5.85,5.87,,8847.0
2017-12-26 14:00,,5.91,2206,5.94,5.88,5.92,,7743.0
2017-12-26 15:00,,5.92,2206,5.94,5.9,5.91,,12773.0
2017-12-27 10:30,,5.95,2206,5.95,5.86,5.89,,14953.0
2017-12-27 11:30,,5.97,2206,5.99,5.94,5.95,,12730.0
2017-12-27 14:00,,5.92,2206,5.97,5.92,5.97,,10367.0
2017-12-27 15:00,,5.9,2206,5.93,5.9,5.92,,10851.0
2017-12-28 10:30,,5.89,2206,5.93,5.85,5.88,,8131.0
2017-12-28 11:30,,5.86,2206,5.91,5.86,5.89,,6998.0
2017-12-28 14:00,,5.87,2206,5.87,5.85,5.86,,13475.0
2017-12-28 15:00,,5.85,2206,5.87,5.83,5.87,,17680.0
2017-12-29 10:30,,5.88,2206,5.93,5.81,5.85,,9426.0
2017-12-29 11:30,,5.9,2206,5.9,5.87,5.88,,3848.0
2017-12-29 14:00,,5.87,2206,5.9,5.87,5.9,,6452.0
2017-12-29 15:00,,5.93,2206,5.94,5.86,5.87,,12682.0
2018-01-02 10:30,,5.97,2206,5.98,5.9,5.91,,7947.0
2018-01-02 11:30,,6.0,2206,6.03,5.95,5.97,,13311.0
2018-01-02 14:00,,6.13,2206,6.17,6.0,6.0,,35985.0
2018-01-02 15:00,,6.15,2206,6.17,6.09,6.13,,32568.0
2018-01-03 10:30,,6.15,2206,6.16,6.1,6.14,,14006.0
2018-01-03 11:30,,6.14,2206,6.16,6.1,6.15,,12053.0
2018-01-03 14:00,,6.08,2206,6.14,6.08,6.14,,11423.0
2018-01-03 15:00,,6.09,2206,6.13,6.07,6.08,,16940.0
2018-01-04 10:30,,6.15,2206,6.17,6.06,6.09,,14520.0
2018-01-04 11:30,,6.22,2206,6.28,6.14,6.15,,31337.0
2018-01-04 14:00,,6.16,2206,6.26,6.15,6.22,,12599.0
2018-01-04 15:00,,6.15,2206,6.17,6.12,6.16,,10976.0
2018-01-05 10:30,,6.13,2206,6.19,6.1,6.14,,9798.0
2018-01-05 11:30,,6.14,2206,6.14,6.09,6.13,,8143.0
2018-01-05 14:00,,6.12,2206,6.14,6.11,6.14,,7319.0
2018-01-05 15:00,,6.12,2206,6.15,6.1,6.12,,6277.0
2018-01-08 10:30,,6.12,2206,6.14,6.07,6.11,,12716.0
2018-01-08 11:30,,6.1,2206,6.14,6.1,6.12,,5428.0
2018-01-08 14:00,,6.12,2206,6.24,6.09,6.1,,18756.0
2018-01-08 15:00,,6.17,2206,6.22,6.09,6.12,,23237.0
2018-01-09 10:30,,6.13,2206,6.25,6.1,6.17,,14458.0
2018-01-09 11:30,,6.11,2206,6.14,6.11,6.13,,4154.0
2018-01-09 14:00,,6.15,2206,6.15,6.11,6.11,,3774.0
2018-01-09 15:00,,6.13,2206,6.15,6.12,6.15,,7811.0
2018-01-10 10:30,,6.11,2206,6.14,6.08,6.13,,8790.0
2018-01-10 11:30,,6.01,2206,6.11,5.99,6.11,,19317.0
2018-01-10 14:00,,5.97,2206,6.03,5.97,6.01,,21967.0
2018-01-10 15:00,,6.02,2206,6.03,5.97,5.97,,6534.0
2018-01-11 10:30,,6.04,2206,6.1,5.99,6.02,,17804.0
2018-01-11 11:30,,6.0,2206,6.04,5.96,6.04,,8816.0
2018-01-11 14:00,,6.01,2206,6.04,6.0,6.0,,8180.0
2018-01-11 15:00,,6.03,2206,6.05,6.01,6.01,,8084.0
2018-01-12 10:30,,6.02,2206,6.03,5.96,6.03,,8648.0
2018-01-12 11:30,,6.04,2206,6.07,6.01,6.02,,10331.0
2018-01-12 14:00,,6.04,2206,6.06,6.04,6.04,,6678.0
2018-01-12 15:00,,6.05,2206,6.06,6.03,6.04,,11591.0
2018-01-15 10:30,,5.98,2206,6.07,5.93,6.06,,12143.0
2018-01-15 11:30,,5.93,2206,5.98,5.92,5.98,,12752.0
2018-01-15 14:00,,5.97,2206,5.99,5.92,5.93,,5842.0
2018-01-15 15:00,,5.95,2206,5.99,5.94,5.97,,7349.0
2018-01-16 10:30,,5.96,2206,5.96,5.92,5.95,,10875.0
2018-01-16 11:30,,6.0,2206,6.02,5.95,5.96,,5075.0
2018-01-16 14:00,,5.93,2206,6.0,5.92,6.0,,9683.0
2018-01-16 15:00,,5.94,2206,5.95,5.91,5.93,,7045.0
2018-01-17 10:30,,5.81,2206,5.92,5.78,5.92,,32211.0
2018-01-17 11:30,,5.8,2206,5.82,5.77,5.81,,18597.0
2018-01-17 14:00,,5.83,2206,5.83,5.78,5.8,,15173.0
2018-01-17 15:00,,5.82,2206,5.84,5.81,5.83,,7196.0
2018-01-18 10:30,,5.81,2206,5.85,5.8,5.83,,9888.0
2018-01-18 11:30,,5.81,2206,5.82,5.81,5.81,,3256.0
2018-01-18 14:00,,5.83,2206,5.83,5.81,5.81,,4548.0
2018-01-18 15:00,,5.83,2206,5.84,5.82,5.83,,4525.0
2018-01-19 10:30,,5.85,2206,5.85,5.81,5.82,,4641.0
2018-01-19 11:30,,5.84,2206,5.86,5.83,5.85,,3830.0
2018-01-19 14:00,,5.83,2206,5.85,5.82,5.84,,4790.0
2018-01-19 15:00,,5.84,2206,5.85,5.82,5.83,,5964.0
2018-01-22 10:30,,5.77,2206,5.87,5.71,5.87,,26755.0
2018-01-22 11:30,,5.8,2206,5.81,5.75,5.77,,9451.0
2018-01-22 14:00,,5.8,2206,5.83,5.79,5.8,,8935.0
2018-01-22 15:00,,5.79,2206,5.81,5.78,5.8,,18220.0
2018-01-23 10:30,,5.76,2206,5.8,5.76,5.8,,14133.0
2018-01-23 11:30,,5.72,2206,5.78,5.7,5.76,,23256.0
2018-01-23 14:00,,5.68,2206,5.74,5.68,5.72,,20923.0
2018-01-23 15:00,,5.68,2206,5.7,5.67,5.68,,25988.0
2018-01-24 10:30,,5.59,2206,5.68,5.56,5.66,,42209.0
2018-01-24 11:30,,5.58,2206,5.6,5.55,5.59,,21341.0
2018-01-24 14:00,,5.59,2206,5.59,5.56,5.58,,20124.0
2018-01-24 15:00,,5.63,2206,5.63,5.58,5.59,,21661.0
2018-01-25 10:30,,5.61,2206,5.65,5.57,5.62,,32269.0
2018-01-25 11:30,,5.61,2206,5.62,5.59,5.61,,11425.0
2018-01-25 14:00,,5.61,2206,5.63,5.6,5.61,,11223.0
2018-01-25 15:00,,5.61,2206,5.62,5.6,5.61,,11740.0
2018-01-26 10:30,,5.51,2206,5.61,5.5,5.61,,48650.0
2018-01-26 11:30,,5.51,2206,5.53,5.49,5.51,,29005.0
2018-01-26 14:00,,5.52,2206,5.52,5.5,5.51,,22257.0
2018-01-26 15:00,,5.53,2206,5.54,5.51,5.52,,20182.0
2018-01-29 10:30,,5.43,2206,5.54,5.41,5.54,,41576.0
2018-01-29 11:30,,5.37,2206,5.43,5.37,5.43,,33123.0
2018-01-29 14:00,,5.34,2206,5.38,5.34,5.37,,27525.0
2018-01-29 15:00,,5.37,2206,5.38,5.34,5.34,,29621.0
2018-01-30 10:30,,5.36,2206,5.4,5.32,5.35,,24043.0
2018-01-30 11:30,,5.33,2206,5.37,5.32,5.36,,20980.0
2018-01-30 14:00,,5.32,2206,5.36,5.31,5.33,,25354.0
2018-01-30 15:00,,5.33,2206,5.34,5.3,5.32,,23273.0
2018-01-31 10:30,,5.16,2206,5.21,5.03,5.17,,83368.0
2018-01-31 11:30,,5.28,2206,5.31,5.13,5.17,,40482.0
2018-01-31 14:00,,5.21,2206,5.29,5.2,5.28,,19651.0
2018-01-31 15:00,,5.24,2206,5.27,5.15,5.21,,27302.0
2018-02-01 10:30,,5.12,2206,5.23,5.11,5.15,,30697.0
2018-02-01 11:30,,4.97,2206,5.12,4.95,5.12,,76354.0
2018-02-01 14:00,,4.99,2206,5.02,4.95,4.97,,29512.0
2018-02-01 15:00,,4.96,2206,5.01,4.94,4.99,,24867.0
2018-02-02 10:30,,4.99,2206,5.03,4.81,4.95,,35762.0
2018-02-02 11:30,,4.96,2206,5.0,4.96,5.0,,8139.0
2018-02-02 14:00,,4.95,2206,4.99,4.95,4.96,,11443.0
2018-02-02 15:00,,4.99,2206,5.0,4.95,4.95,,8347.0
2018-02-05 10:30,,4.97,2206,4.99,4.9,4.97,,9356.0
2018-02-05 11:30,,5.01,2206,5.03,4.97,4.97,,9250.0
2018-02-05 14:00,,4.99,2206,5.03,4.99,5.01,,7540.0
2018-02-05 15:00,,4.98,2206,5.01,4.97,4.99,,7288.0
2018-02-06 10:30,,4.91,2206,4.95,4.88,4.92,,21803.0
2018-02-06 11:30,,4.84,2206,4.91,4.84,4.9,,15959.0
2018-02-06 14:00,,4.81,2206,4.87,4.78,4.84,,24751.0
2018-02-06 15:00,,4.82,2206,4.9,4.8,4.81,,20697.0
2018-02-07 10:30,,4.8,2206,4.9,4.79,4.85,,17171.0
2018-02-07 11:30,,4.72,2206,4.82,4.67,4.8,,20272.0
2018-02-07 14:00,,4.71,2206,4.75,4.68,4.72,,20514.0
2018-02-07 15:00,,4.69,2206,4.71,4.66,4.71,,31216.0
2018-02-08 10:30,,4.85,2206,4.9,4.69,4.7,,45420.0
2018-02-08 11:30,,4.82,2206,4.86,4.81,4.85,,24291.0
2018-02-08 14:00,,4.81,2206,4.84,4.8,4.82,,21435.0
2018-02-08 15:00,,4.83,2206,4.84,4.8,4.81,,17781.0
2018-02-09 10:30,,4.74,2206,4.77,4.68,4.73,,21895.0
2018-02-09 11:30,,4.74,2206,4.76,4.71,4.74,,14811.0
2018-02-09 14:00,,4.68,2206,4.74,4.68,4.74,,22171.0
2018-02-09 15:00,,4.74,2206,4.76,4.62,4.68,,29664.0
2018-02-12 10:30,,4.81,2206,4.84,4.73,4.76,,22468.0
2018-02-12 11:30,,4.81,2206,4.81,4.77,4.81,,12625.0
2018-02-12 14:00,,4.82,2206,4.83,4.79,4.81,,8635.0
2018-02-12 15:00,,4.84,2206,4.85,4.82,4.82,,12135.0
2018-02-13 10:30,,4.85,2206,4.88,4.85,4.85,,17883.0
2018-02-13 11:30,,4.86,2206,4.86,4.82,4.85,,14221.0
2018-02-13 14:00,,4.83,2206,4.86,4.83,4.86,,7382.0
2018-02-13 15:00,,4.85,2206,4.86,4.83,4.83,,10948.0
2018-02-14 10:30,,4.9,2206,4.92,4.85,4.87,,16538.0
2018-02-14 11:30,,4.9,2206,4.93,4.89,4.9,,9987.0
2018-02-14 14:00,,4.9,2206,4.91,4.88,4.9,,7630.0
2018-02-14 15:00,,4.91,2206,4.92,4.9,4.9,,12071.0
2018-02-22 10:30,,4.9,2206,4.94,4.86,4.94,,24872.0
2018-02-22 11:30,,4.91,2206,4.91,4.88,4.9,,9121.0
2018-02-22 14:00,,4.9,2206,4.93,4.89,4.91,,9036.0
2018-02-22 15:00,,4.91,2206,4.92,4.89,4.9,,6413.0
2018-02-23 10:30,,4.91,2206,4.95,4.88,4.92,,23653.0
2018-02-23 11:30,,4.91,2206,4.94,4.91,4.91,,11448.0
2018-02-23 14:00,,4.91,2206,4.93,4.9,4.91,,5329.0
2018-02-23 15:00,,4.94,2206,4.95,4.89,4.9,,18335.0
2018-02-26 10:30,,4.94,2206,4.98,4.92,4.96,,10368.0
2018-02-26 11:30,,4.97,2206,4.97,4.93,4.94,,12846.0
2018-02-26 14:00,,5.04,2206,5.06,4.96,4.97,,30724.0
2018-02-26 15:00,,5.06,2206,5.09,5.02,5.04,,30684.0
2018-02-27 10:30,,5.1,2206,5.16,5.02,5.04,,17724.0
2018-02-27 11:30,,5.08,2206,5.13,5.06,5.13,,18610.0
2018-02-27 14:00,,5.03,2206,5.1,5.03,5.08,,13469.0
2018-02-27 15:00,,5.04,2206,5.05,5.02,5.03,,6353.0
2018-02-28 10:30,,5.01,2206,5.04,4.99,5.0,,12175.0
2018-02-28 11:30,,4.99,2206,5.03,4.99,5.01,,12239.0
2018-02-28 14:00,,5.0,2206,5.02,4.99,4.99,,8963.0
2018-02-28 15:00,,4.99,2206,5.0,4.97,5.0,,13905.0
2018-03-01 10:30,,4.98,2206,5.01,4.95,4.98,,10937.0
2018-03-01 11:30,,5.0,2206,5.0,4.96,4.98,,8499.0
2018-03-01 14:00,,4.99,2206,5.01,4.98,5.0,,9645.0
2018-03-01 15:00,,5.05,2206,5.08,4.98,4.99,,21890.0
2018-03-02 10:30,,5.05,2206,5.07,5.0,5.0,,13800.0
2018-03-02 11:30,,5.04,2206,5.06,5.02,5.05,,8375.0
2018-03-02 14:00,,5.02,2206,5.04,5.02,5.04,,6472.0
2018-03-02 15:00,,5.02,2206,5.03,5.01,5.02,,8246.0
2018-03-05 10:30,,5.04,2206,5.06,5.01,5.04,,8302.0
2018-03-05 11:30,,5.01,2206,5.04,5.0,5.04,,5139.0
2018-03-05 14:00,,5.04,2206,5.04,5.01,5.01,,5177.0
2018-03-05 15:00,,5.04,2206,5.05,5.01,5.04,,10344.0
2018-03-06 10:30,,5.06,2206,5.07,5.03,5.05,,8988.0
2018-03-06 11:30,,5.08,2206,5.11,5.06,5.06,,20817.0
2018-03-06 14:00,,5.1,2206,5.12,5.08,5.08,,17763.0
2018-03-06 15:00,,5.12,2206,5.13,5.09,5.1,,26855.0
2018-03-07 10:30,,5.13,2206,5.16,5.11,5.15,,13271.0
2018-03-07 11:30,,5.13,2206,5.14,5.12,5.13,,8605.0
2018-03-07 14:00,,5.12,2206,5.14,5.11,5.13,,10350.0
2018-03-07 15:00,,5.12,2206,5.15,5.11,5.12,,16569.0
2018-03-08 10:30,,5.12,2206,5.13,5.09,5.11,,8051.0
2018-03-08 11:30,,5.13,2206,5.13,5.1,5.12,,9176.0
2018-03-08 14:00,,5.12,2206,5.13,5.11,5.13,,10246.0
2018-03-08 15:00,,5.12,2206,5.13,5.11,5.12,,10693.0
2018-03-09 10:30,,5.13,2206,5.16,5.11,5.11,,12700.0
2018-03-09 11:30,,5.13,2206,5.13,5.11,5.13,,10579.0
2018-03-09 14:00,,5.16,2206,5.16,5.12,5.13,,17386.0
2018-03-09 15:00,,5.15,2206,5.16,5.12,5.16,,21344.0
2018-03-12 10:30,,5.2,2206,5.23,5.13,5.15,,35761.0
2018-03-12 11:30,,5.21,2206,5.22,5.19,5.2,,13228.0
2018-03-12 14:00,,5.29,2206,5.29,5.2,5.21,,38387.0
2018-03-12 15:00,,5.34,2206,5.35,5.28,5.29,,37451.0
2018-03-13 10:30,,5.25,2206,5.37,5.25,5.35,,37071.0
2018-03-13 11:30,,5.27,2206,5.28,5.25,5.25,,15543.0
2018-03-13 14:00,,5.32,2206,5.32,5.25,5.27,,13774.0
2018-03-13 15:00,,5.34,2206,5.34,5.26,5.31,,21621.0
2018-03-14 10:30,,5.29,2206,5.31,5.25,5.29,,16100.0
2018-03-14 11:30,,5.28,2206,5.32,5.27,5.29,,9090.0
2018-03-14 14:00,,5.27,2206,5.3,5.27,5.28,,4999.0
2018-03-14 15:00,,5.3,2206,5.34,5.27,5.27,,12880.0
2018-03-15 10:30,,5.27,2206,5.31,5.25,5.25,,9915.0
2018-03-15 11:30,,5.3,2206,5.31,5.26,5.27,,9383.0
2018-03-15 14:00,,5.27,2206,5.31,5.26,5.3,,11655.0
2018-03-15 15:00,,5.3,2206,5.3,5.26,5.27,,9058.0
2018-03-16 10:30,,5.31,2206,5.33,5.27,5.33,,10059.0
2018-03-16 11:30,,5.3,2206,5.31,5.28,5.31,,5054.0
2018-03-16 14:00,,5.27,2206,5.3,5.27,5.3,,5186.0
2018-03-16 15:00,,5.23,2206,5.27,5.22,5.27,,17277.0
2018-03-19 10:30,,5.19,2206,5.25,5.18,5.21,,11133.0
2018-03-19 11:30,,5.24,2206,5.24,5.17,5.19,,10061.0
2018-03-19 14:00,,5.19,2206,5.24,5.19,5.24,,3470.0
2018-03-19 15:00,,5.19,2206,5.22,5.18,5.19,,9072.0
2018-03-20 10:30,,5.09,2206,5.16,5.07,5.13,,22446.0
2018-03-20 11:30,,5.08,2206,5.14,5.06,5.09,,12179.0
2018-03-20 14:00,,5.1,2206,5.12,5.08,5.08,,5238.0
2018-03-20 15:00,,5.1,2206,5.15,5.08,5.1,,17482.0
2018-03-21 10:30,,5.16,2206,5.2,5.1,5.11,,18063.0
2018-03-21 11:30,,5.17,2206,5.18,5.16,5.16,,7368.0
2018-03-21 14:00,,5.14,2206,5.17,5.13,5.17,,13422.0
2018-03-21 15:00,,5.11,2206,5.15,5.09,5.14,,11266.0
2018-03-22 10:30,,5.1,2206,5.19,5.09,5.12,,21302.0
2018-03-22 11:30,,5.16,2206,5.16,5.08,5.1,,9445.0
2018-03-22 14:00,,5.15,2206,5.17,5.14,5.16,,5826.0
2018-03-22 15:00,,5.14,2206,5.15,5.12,5.15,,7130.0
2018-03-23 10:30,,5.06,2206,5.07,4.98,5.04,,24506.0
2018-03-23 11:30,,4.98,2206,5.06,4.98,5.06,,20749.0
2018-03-23 14:00,,4.85,2206,4.98,4.85,4.98,,21702.0
2018-03-23 15:00,,4.98,2206,4.98,4.79,4.85,,25822.0
2018-03-26 10:30,,4.93,2206,4.93,4.81,4.89,,21281.0
2018-03-26 11:30,,4.92,2206,4.94,4.89,4.93,,6607.0
2018-03-26 14:00,,4.95,2206,4.96,4.91,4.92,,8880.0
2018-03-26 15:00,,5.01,2206,5.01,4.94,4.95,,10854.0
2018-03-27 10:30,,5.1,2206,5.11,5.05,5.05,,12993.0
2018-03-27 11:30,,5.12,2206,5.12,5.09,5.1,,7293.0
2018-03-27 14:00,,5.11,2206,5.12,5.08,5.12,,15788.0
2018-03-27 15:00,,5.1,2206,5.12,5.08,5.11,,6653.0
2018-03-28 10:30,,5.08,2206,5.11,5.05,5.07,,14162.0
2018-03-28 11:30,,5.04,2206,5.1,5.04,5.08,,12544.0
2018-03-28 14:00,,5.05,2206,5.06,5.03,5.04,,8889.0
2018-03-28 15:00,,5.04,2206,5.05,5.03,5.05,,8729.0
2018-03-29 10:30,,5.05,2206,5.09,5.02,5.04,,9246.0
2018-03-29 11:30,,5.03,2206,5.05,5.03,5.05,,7227.0
2018-03-29 14:00,,5.03,2206,5.05,5.02,5.03,,9887.0
2018-03-29 15:00,,5.04,2206,5.05,5.02,5.03,,10498.0
2018-03-30 10:30,,5.09,2206,5.11,5.06,5.07,,11554.0
2018-03-30 11:30,,5.08,2206,5.1,5.07,5.09,,5067.0
2018-03-30 14:00,,5.08,2206,5.1,5.07,5.08,,6705.0
2018-03-30 15:00,,5.1,2206,5.11,5.08,5.08,,9082.0
2018-04-02 10:30,,5.1,2206,5.15,5.08,5.15,,23221.0
2018-04-02 11:30,,5.1,2206,5.12,5.09,5.1,,8823.0
2018-04-02 14:00,,5.1,2206,5.12,5.1,5.1,,5853.0
2018-04-02 15:00,,5.07,2206,5.11,5.07,5.1,,10905.0
2018-04-03 10:30,,5.06,2206,5.09,4.99,5.01,,18165.0
2018-04-03 11:30,,5.08,2206,5.09,5.05,5.06,,7041.0
2018-04-03 14:00,,5.06,2206,5.09,5.03,5.08,,11198.0
2018-04-03 15:00,,5.04,2206,5.06,5.0,5.05,,10449.0
2018-04-04 10:30,,4.99,2206,5.06,4.98,5.03,,18104.0
2018-04-04 11:30,,4.99,2206,5.01,4.98,4.99,,17222.0
2018-04-04 14:00,,4.98,2206,5.01,4.98,4.99,,18507.0
2018-04-04 15:00,,4.99,2206,5.0,4.97,4.98,,12003.0
2018-04-09 10:30,,4.87,2206,5.0,4.87,5.0,,23136.0
2018-04-09 11:30,,4.86,2206,4.92,4.85,4.87,,17435.0
2018-04-09 14:00,,4.9,2206,4.92,4.86,4.86,,17705.0
2018-04-09 15:00,,4.92,2206,4.93,4.89,4.9,,8228.0
2018-04-10 10:30,,4.93,2206,4.94,4.88,4.91,,11401.0
2018-04-10 11:30,,4.96,2206,4.98,4.92,4.93,,12128.0
2018-04-10 14:00,,4.95,2206,4.98,4.93,4.96,,10026.0
2018-04-10 15:00,,5.03,2206,5.05,4.94,4.95,,17621.0
2018-04-11 10:30,,5.13,2206,5.18,5.0,5.0,,59626.0
2018-04-11 11:30,,5.12,2206,5.15,5.1,5.13,,11034.0
2018-04-11 14:00,,5.19,2206,5.2,5.11,5.12,,31665.0
2018-04-11 15:00,,5.18,2206,5.19,5.15,5.19,,11492.0
2018-04-12 10:30,,5.29,2206,5.32,5.14,5.18,,48147.0
2018-04-12 11:30,,5.25,2206,5.29,5.24,5.29,,18336.0
2018-04-12 14:00,,5.31,2206,5.33,5.24,5.25,,56340.0
2018-04-12 15:00,,5.32,2206,5.35,5.27,5.31,,46800.0
2018-04-13 10:30,,5.3,2206,5.39,5.25,5.32,,28035.0
2018-04-13 11:30,,5.31,2206,5.32,5.28,5.3,,11235.0
2018-04-13 14:00,,5.31,2206,5.32,5.27,5.31,,14121.0
2018-04-13 15:00,,5.3,2206,5.33,5.28,5.31,,14191.0
2018-04-16 10:30,,5.48,2206,5.53,5.31,5.33,,58795.0
2018-04-16 11:30,,5.43,2206,5.51,5.43,5.48,,18297.0
2018-04-16 14:00,,5.43,2206,5.49,5.42,5.43,,18639.0
2018-04-16 15:00,,5.37,2206,5.45,5.36,5.43,,35541.0
2018-04-17 10:30,,5.45,2206,5.53,5.35,5.38,,30906.0
2018-04-17 11:30,,5.39,2206,5.45,5.39,5.44,,8901.0
2018-04-17 14:00,,5.32,2206,5.41,5.32,5.39,,15261.0
2018-04-17 15:00,,5.33,2206,5.37,5.3,5.32,,20085.0
2018-04-18 10:30,,5.42,2206,5.44,5.23,5.35,,54386.0
2018-04-18 11:30,,5.46,2206,5.48,5.4,5.42,,30057.0
2018-04-18 14:00,,5.6,2206,5.66,5.45,5.46,,76732.0
2018-04-18 15:00,,5.58,2206,5.62,5.56,5.6,,32414.0
2018-04-19 10:30,,5.51,2206,5.66,5.46,5.6,,47912.0
2018-04-19 11:30,,5.57,2206,5.58,5.48,5.51,,12008.0
2018-04-19 14:00,,5.56,2206,5.6,5.53,5.6,,11210.0
2018-04-19 15:00,,5.61,2206,5.61,5.54,5.56,,19904.0
2018-04-20 10:30,,5.63,2206,5.67,5.55,5.57,,34940.0
2018-04-20 11:30,,5.62,2206,5.66,5.61,5.63,,20934.0
2018-04-20 14:00,,5.54,2206,5.62,5.53,5.62,,33861.0
2018-04-20 15:00,,5.54,2206,5.56,5.51,5.54,,22108.0
2018-04-23 10:30,,5.54,2206,5.63,5.51,5.56,,35731.0
2018-04-23 11:30,,5.52,2206,5.56,5.52,5.54,,12754.0
2018-04-23 14:00,,5.48,2206,5.52,5.45,5.52,,16618.0
2018-04-23 15:00,,5.54,2206,5.54,5.48,5.49,,14436.0
2018-04-24 10:30,,5.67,2206,5.77,5.6,5.6,,50812.0
2018-04-24 11:30,,5.71,2206,5.72,5.65,5.67,,15588.0
2018-04-24 14:00,,5.7,2206,5.72,5.68,5.71,,9386.0
2018-04-24 15:00,,5.72,2206,5.72,5.69,5.7,,16584.0
2018-04-25 10:30,,5.67,2206,5.7,5.62,5.65,,21342.0
2018-04-25 11:30,,5.61,2206,5.67,5.59,5.67,,19770.0
2018-04-25 14:00,,5.54,2206,5.61,5.52,5.61,,23358.0
2018-04-25 15:00,,5.59,2206,5.59,5.52,5.54,,13307.0
2018-04-26 10:30,,5.52,2206,5.63,5.48,5.61,,21633.0
2018-04-26 11:30,,5.5,2206,5.53,5.48,5.51,,9548.0
2018-04-26 14:00,,5.49,2206,5.5,5.44,5.5,,16767.0
2018-04-26 15:00,,5.47,2206,5.5,5.44,5.49,,14956.0
2018-04-27 10:30,,5.51,2206,5.52,5.44,5.45,,21499.0
2018-04-27 11:30,,5.47,2206,5.52,5.46,5.51,,7305.0
2018-04-27 14:00,,5.45,2206,5.49,5.43,5.47,,6971.0
2018-04-27 15:00,,5.46,2206,5.49,5.4,5.45,,20777.0
2018-05-02 10:30,,5.79,2206,5.79,5.45,5.46,,80403.0
2018-05-02 11:30,,5.72,2206,5.79,5.71,5.79,,15003.0
2018-05-02 14:00,,5.63,2206,5.73,5.63,5.72,,15277.0
2018-05-02 15:00,,5.74,2206,5.74,5.63,5.63,,30853.0
2018-05-03 10:30,,5.76,2206,5.79,5.66,5.74,,46344.0
2018-05-03 11:30,,5.71,2206,5.79,5.69,5.76,,16082.0
2018-05-03 14:00,,5.73,2206,5.75,5.66,5.71,,22370.0
2018-05-03 15:00,,5.7,2206,5.77,5.68,5.73,,20557.0
2018-05-04 10:30,,5.71,2206,5.73,5.6,5.72,,19553.0
2018-05-04 11:30,,5.62,2206,5.73,5.62,5.71,,9070.0
2018-05-04 14:00,,5.59,2206,5.64,5.59,5.62,,22279.0
2018-05-04 15:00,,5.58,2206,5.6,5.57,5.59,,13222.0
2018-05-07 10:30,,5.58,2206,5.59,5.5,5.58,,22686.0
2018-05-07 11:30,,5.64,2206,5.66,5.57,5.58,,13130.0
2018-05-07 14:00,,5.64,2206,5.65,5.62,5.64,,4401.0
2018-05-07 15:00,,5.64,2206,5.65,5.6,5.64,,16008.0
2018-05-08 10:30,,5.67,2206,5.73,5.62,5.69,,18290.0
2018-05-08 11:30,,5.67,2206,5.68,5.63,5.67,,6798.0
2018-05-08 14:00,,5.68,2206,5.68,5.64,5.67,,6559.0
2018-05-08 15:00,,5.65,2206,5.7,5.65,5.68,,9773.0
2018-05-09 10:30,,5.62,2206,5.71,5.62,5.63,,12127.0
2018-05-09 11:30,,5.63,2206,5.68,5.6,5.62,,7156.0
2018-05-09 14:00,,5.56,2206,5.64,5.55,5.63,,12526.0
2018-05-09 15:00,,5.57,2206,5.59,5.56,5.56,,12069.0
2018-05-10 10:30,,5.58,2206,5.66,5.57,5.58,,10855.0
2018-05-10 11:30,,5.57,2206,5.6,5.56,5.58,,4590.0
2018-05-10 14:00,,5.64,2206,5.65,5.56,5.57,,15280.0
2018-05-10 15:00,,5.65,2206,5.65,5.6,5.64,,16283.0
2018-05-11 10:30,,5.65,2206,5.69,5.62,5.64,,11772.0
2018-05-11 11:30,,5.66,2206,5.67,5.58,5.65,,10381.0
2018-05-11 14:00,,5.64,2206,5.66,5.61,5.66,,5571.0
2018-05-11 15:00,,5.65,2206,5.67,5.63,5.64,,10091.0
2018-05-14 10:30,,5.6,2206,5.65,5.6,5.65,,8258.0
2018-05-14 11:30,,5.65,2206,5.72,5.59,5.6,,21173.0
2018-05-14 14:00,,5.65,2206,5.67,5.64,5.65,,3732.0
2018-05-14 15:00,,5.64,2206,5.65,5.6,5.65,,11022.0
2018-05-15 10:30,,5.57,2206,5.66,5.56,5.64,,18550.0
2018-05-15 11:30,,5.59,2206,5.6,5.55,5.57,,7482.0
2018-05-15 14:00,,5.59,2206,5.6,5.56,5.59,,4436.0
2018-05-15 15:00,,5.61,2206,5.64,5.56,5.59,,17719.0
2018-05-16 10:30,,5.6,2206,5.62,5.56,5.57,,4671.0
2018-05-16 11:30,,5.61,2206,5.62,5.6,5.6,,3496.0
2018-05-16 14:00,,5.62,2206,5.62,5.6,5.61,,3554.0
2018-05-16 15:00,,5.61,2206,5.64,5.6,5.62,,11094.0
2018-05-17 10:30,,5.6,2206,5.64,5.53,5.64,,10370.0
2018-05-17 11:30,,5.61,2206,5.61,5.58,5.6,,1917.0
2018-05-17 14:00,,5.59,2206,5.61,5.57,5.61,,6212.0
2018-05-17 15:00,,5.59,2206,5.6,5.55,5.59,,9337.0
2018-05-18 10:30,,5.67,2206,5.73,5.61,5.62,,43728.0
2018-05-18 11:30,,5.64,2206,5.67,5.63,5.67,,5050.0
2018-05-18 14:00,,5.61,2206,5.64,5.59,5.64,,11893.0
2018-05-18 15:00,,5.63,2206,5.63,5.58,5.61,,17617.0
2018-05-21 10:30,,5.78,2206,5.79,5.59,5.63,,53220.0
2018-05-21 11:30,,5.88,2206,5.97,5.77,5.78,,43596.0
2018-05-21 14:00,,5.91,2206,5.96,5.88,5.88,,18075.0
2018-05-21 15:00,,5.96,2206,5.96,5.89,5.91,,30801.0
2018-05-22 10:30,,6.08,2206,6.15,5.98,5.98,,67607.0
2018-05-22 11:30,,5.99,2206,6.09,5.92,6.08,,35050.0
2018-05-22 14:00,,5.95,2206,6.0,5.94,5.99,,7027.0
2018-05-22 15:00,,5.96,2206,5.98,5.94,5.95,,14901.0
2018-05-23 10:30,,5.9,2206,6.05,5.89,6.01,,26087.0
2018-05-23 11:30,,5.89,2206,5.96,5.88,5.9,,25165.0
2018-05-23 14:00,,5.83,2206,5.92,5.83,5.89,,28373.0
2018-05-23 15:00,,5.83,2206,5.9,5.82,5.83,,19837.0
2018-05-24 10:30,,5.81,2206,5.87,5.77,5.83,,16316.0
2018-05-24 11:30,,5.77,2206,5.83,5.77,5.81,,7316.0
2018-05-24 14:00,,5.78,2206,5.79,5.76,5.77,,6305.0
2018-05-24 15:00,,5.7,2206,5.79,5.7,5.78,,20256.0
2018-05-25 10:30,,5.7,2206,5.79,5.66,5.66,,13135.0
2018-05-25 11:30,,5.72,2206,5.72,5.67,5.7,,7470.0
2018-05-25 14:00,,5.73,2206,5.75,5.71,5.72,,4106.0
2018-05-25 15:00,,5.72,2206,5.8,5.7,5.73,,18294.0
2018-05-28 10:30,,5.73,2206,5.75,5.65,5.69,,9908.0
2018-05-28 11:30,,5.82,2206,5.84,5.72,5.73,,8363.0
2018-05-28 14:00,,5.75,2206,5.82,5.71,5.82,,13912.0
2018-05-28 15:00,,5.76,2206,5.79,5.73,5.75,,12052.0
2018-05-29 10:30,,5.71,2206,5.79,5.7,5.76,,7900.0
2018-05-29 11:30,,5.63,2206,5.73,5.63,5.71,,15847.0
2018-05-29 14:00,,5.68,2206,5.71,5.6,5.63,,10511.0
2018-05-29 15:00,,5.65,2206,5.75,5.65,5.68,,6606.0
2018-05-30 10:30,,5.52,2206,5.61,5.45,5.61,,17788.0
2018-05-30 11:30,,5.5,2206,5.54,5.48,5.52,,8545.0
2018-05-30 14:00,,5.52,2206,5.53,5.49,5.5,,8002.0
2018-05-30 15:00,,5.52,2206,5.54,5.46,5.52,,23098.0
2018-05-31 10:30,,5.54,2206,5.6,5.52,5.52,,13630.0
2018-05-31 11:30,,5.51,2206,5.54,5.46,5.54,,15093.0
2018-05-31 14:00,,5.52,2206,5.54,5.48,5.51,,7397.0
2018-05-31 15:00,,5.52,2206,5.53,5.47,5.52,,10762.0
2018-06-01 10:30,,5.49,2206,5.54,5.47,5.48,,7676.0
2018-06-01 11:30,,5.46,2206,5.52,5.45,5.49,,14437.0
2018-06-01 14:00,,5.46,2206,5.5,5.45,5.46,,9639.0
2018-06-01 15:00,,5.45,2206,5.47,5.44,5.46,,6482.0
2018-06-04 10:30,,5.39,2206,5.5,5.35,5.46,,10511.0
2018-06-04 11:30,,5.27,2206,5.4,5.21,5.38,,18306.0
2018-06-04 14:00,,5.26,2206,5.33,5.24,5.27,,17340.0
2018-06-04 15:00,,5.26,2206,5.28,5.24,5.26,,19926.0
2018-06-05 10:30,,5.26,2206,5.34,5.24,5.26,,13564.0
2018-06-05 11:30,,5.26,2206,5.29,5.24,5.26,,5669.0
2018-06-05 14:00,,5.29,2206,5.29,5.24,5.26,,11136.0
2018-06-05 15:00,,5.3,2206,5.31,5.27,5.29,,10221.0
2018-06-06 10:30,,5.3,2206,5.33,5.27,5.3,,5329.0
2018-06-06 11:30,,5.2,2206,5.3,5.2,5.3,,15751.0
2018-06-06 14:00,,5.24,2206,5.25,5.2,5.2,,3463.0
2018-06-06 15:00,,5.24,2206,5.25,5.22,5.24,,7423.0
2018-06-07 10:30,,5.2,2206,5.26,5.17,5.24,,12970.0
2018-06-07 11:30,,5.2,2206,5.22,5.18,5.2,,9682.0
2018-06-07 14:00,,5.19,2206,5.21,5.18,5.2,,11362.0
2018-06-07 15:00,,5.2,2206,5.2,5.18,5.19,,13242.0
2018-06-08 10:30,,5.11,2206,5.2,5.08,5.2,,25662.0
2018-06-08 11:30,,5.07,2206,5.11,5.05,5.11,,26937.0
2018-06-08 14:00,,5.04,2206,5.08,5.02,5.07,,20279.0
2018-06-08 15:00,,5.08,2206,5.08,5.02,5.04,,11312.0
2018-06-11 10:30,,5.12,2206,5.16,5.05,5.16,,15707.0
2018-06-11 11:30,,5.1,2206,5.16,5.1,5.12,,9745.0
2018-06-11 14:00,,5.07,2206,5.12,5.05,5.1,,11403.0
2018-06-11 15:00,,5.12,2206,5.16,5.06,5.07,,7466.0
2018-06-12 10:30,,5.12,2206,5.17,5.08,5.12,,11857.0
2018-06-12 11:30,,5.13,2206,5.15,5.11,5.12,,7651.0
2018-06-12 14:00,,5.15,2206,5.17,5.1,5.13,,12060.0
2018-06-12 15:00,,5.23,2206,5.25,5.14,5.15,,16036.0
2018-06-13 10:30,,5.13,2206,5.22,5.13,5.2,,14471.0
2018-06-13 11:30,,5.11,2206,5.16,5.11,5.13,,6936.0
2018-06-13 14:00,,5.11,2206,5.13,5.09,5.11,,8244.0
2018-06-13 15:00,,5.1,2206,5.12,5.06,5.11,,16637.0
2018-06-14 10:30,,5.1,2206,5.15,5.03,5.03,,11196.0
2018-06-14 11:30,,5.07,2206,5.12,5.06,5.1,,8013.0
2018-06-14 14:00,,5.06,2206,5.1,5.05,5.07,,9565.0
2018-06-14 15:00,,5.06,2206,5.1,5.04,5.06,,12291.0
2018-06-15 10:30,,5.0,2206,5.09,4.99,5.08,,18156.0
2018-06-15 11:30,,4.93,2206,5.02,4.89,5.0,,19528.0
2018-06-15 14:00,,5.0,2206,5.01,4.93,4.93,,9826.0
2018-06-15 15:00,,5.03,2206,5.05,4.98,5.0,,13210.0
2018-06-19 10:30,,4.99,2206,5.02,4.92,4.92,,16966.0
2018-06-19 11:30,,4.94,2206,5.0,4.93,4.99,,12165.0
2018-06-19 14:00,,4.91,2206,4.96,4.88,4.94,,22937.0
2018-06-19 15:00,,4.75,2206,4.93,4.59,4.91,,46490.0
2018-06-20 10:30,,4.9,2206,4.95,4.7,4.74,,26925.0
2018-06-20 11:30,,4.88,2206,4.91,4.81,4.9,,11980.0
2018-06-20 14:00,,4.97,2206,4.99,4.85,4.88,,16822.0
2018-06-20 15:00,,5.02,2206,5.08,4.94,4.97,,15550.0
2018-06-21 10:30,,5.0,2206,5.06,4.99,5.05,,9358.0
2018-06-21 11:30,,4.9,2206,5.02,4.9,5.0,,12030.0
2018-06-21 14:00,,4.94,2206,4.94,4.88,4.9,,14119.0
2018-06-21 15:00,,4.9,2206,4.99,4.9,4.94,,9910.0
2018-06-22 10:30,,4.97,2206,4.99,4.82,4.92,,10978.0
2018-06-22 11:30,,4.96,2206,5.0,4.92,4.97,,7367.0
2018-06-22 14:00,,4.96,2206,5.0,4.93,4.96,,6930.0
2018-06-22 15:00,,5.02,2206,5.02,4.94,4.96,,7904.0
2018-06-25 10:30,,5.03,2206,5.07,5.01,5.02,,7943.0
2018-06-25 11:30,,5.04,2206,5.04,5.02,5.03,,1902.0
2018-06-25 14:00,,4.99,2206,5.04,4.99,5.04,,6594.0
2018-06-25 15:00,,5.01,2206,5.04,4.98,4.99,,6956.0
2018-06-26 10:30,,5.0,2206,5.0,4.9,4.91,,10436.0
2018-06-26 11:30,,5.0,2206,5.05,4.97,5.0,,7428.0
2018-06-26 14:00,,5.0,2206,5.03,4.97,5.0,,11891.0
2018-06-26 15:00,,4.98,2206,5.01,4.94,5.0,,13080.0
2018-06-27 10:30,,5.0,2206,5.02,4.96,4.99,,7192.0
2018-06-27 11:30,,5.0,2206,5.02,4.99,5.0,,4984.0
2018-06-27 14:00,,4.91,2206,5.03,4.91,5.0,,12107.0
2018-06-27 15:00,,4.9,2206,4.93,4.86,4.91,,13292.0
2018-06-28 10:30,,4.89,2206,4.94,4.88,4.91,,7801.0
2018-06-28 11:30,,4.86,2206,4.93,4.86,4.89,,8811.0
2018-06-28 14:00,,4.88,2206,4.88,4.83,4.86,,8087.0
2018-06-28 15:00,,4.78,2206,4.91,4.78,4.88,,14233.0
2018-06-29 10:30,,4.88,2206,4.93,4.76,4.76,,9283.0
2018-06-29 11:30,,4.97,2206,5.03,4.88,4.88,,17839.0
2018-06-29 14:00,,4.98,2206,5.0,4.93,4.97,,6671.0
2018-06-29 15:00,,4.99,2206,5.0,4.96,4.98,,9008.0
2018-07-02 10:30,,4.98,2206,5.05,4.96,4.99,,10803.0
2018-07-02 11:30,,4.85,2206,4.99,4.8,4.98,,18819.0
2018-07-02 14:00,,4.79,2206,4.87,4.77,4.85,,23201.0
2018-07-02 15:00,,4.74,2206,4.8,4.74,4.79,,29137.0
2018-07-03 10:30,,4.68,2206,4.85,4.67,4.76,,30475.0
2018-07-03 11:30,,4.58,2206,4.69,4.44,4.68,,47987.0
2018-07-03 14:00,,4.71,2206,4.73,4.53,4.59,,26834.0
2018-07-03 15:00,,4.74,2206,4.79,4.7,4.71,,13344.0
2018-07-04 10:30,,4.69,2206,4.76,4.66,4.72,,16157.0
2018-07-04 11:30,,4.71,2206,4.73,4.68,4.69,,8539.0
2018-07-04 14:00,,4.7,2206,4.71,4.64,4.71,,22036.0
2018-07-04 15:00,,4.68,2206,4.71,4.66,4.7,,12203.0
2018-07-05 10:30,,4.64,2206,4.77,4.62,4.67,,15802.0
2018-07-05 11:30,,4.62,2206,4.68,4.61,4.64,,6901.0
2018-07-05 14:00,{},4.57,2206,4.64,4.53,4.62,11.7069,14214.0
2018-07-05 14:00,,4.57,2206,4.64,4.53,4.62,,14214.0
2018-07-05 15:00,,4.55,2206,4.61,4.51,4.57,,22411.0
2018-07-05 15:00,{},4.55,2206,4.61,4.51,4.57,18.4581,22411.0
2018-07-06 10:30,,4.48,2206,4.58,4.46,4.52,,16269.0
2018-07-06 10:30,{},4.48,2206,4.58,4.46,4.52,13.3995,16269.0
2018-07-06 11:30,,4.46,2206,4.5,4.41,4.48,,12468.0
2018-07-06 11:30,{},4.46,2206,4.5,4.41,4.48,10.2689,12468.0
2018-07-06 14:00,{},4.48,2206,4.55,4.46,4.46,17.7523,21554.0
2018-07-06 14:00,,4.48,2206,4.55,4.46,4.46,,21554.0
2018-07-06 15:00,{},4.53,2206,4.55,4.47,4.5,15.7402,19111.0
2018-07-06 15:00,,4.53,2206,4.55,4.47,4.5,,19111.0
2018-07-09 10:30,{},4.7,2206,4.71,4.52,4.53,17.114,20779.0
2018-07-09 10:30,,4.7,2206,4.71,4.52,4.53,,20779.0
2018-07-09 11:30,{},4.7,2206,4.71,4.68,4.7,7.3525,8927.0
2018-07-09 11:30,,4.7,2206,4.71,4.68,4.7,,8927.0
2018-07-09 14:00,{},4.69,2206,4.71,4.65,4.7,10.8924,13225.0
2018-07-09 14:00,,4.69,2206,4.71,4.65,4.7,,13225.0
2018-07-09 15:00,,4.68,2206,4.7,4.66,4.69,,8925.0
2018-07-09 15:00,{},4.68,2206,4.7,4.66,4.69,7.3508,8925.0
2018-07-10 10:30,{},4.66,2206,4.7,4.62,4.7,9.9048,12026.0
2018-07-10 10:30,,4.66,2206,4.7,4.62,4.7,,12026.0
2018-07-10 11:30,,4.66,2206,4.67,4.62,4.66,,5299.0
2018-07-10 11:30,{},4.66,2206,4.67,4.62,4.66,4.3644,5299.0
2018-07-10 14:00,{},4.63,2206,4.71,4.63,4.66,13.1244,15935.0
2018-07-10 14:00,,4.63,2206,4.71,4.63,4.66,,15935.0
2018-07-10 15:00,{},4.68,2206,4.7,4.63,4.63,9.6709,11742.0
2018-07-10 15:00,,4.68,2206,4.7,4.63,4.63,,11742.0
2018-07-11 10:30,{},4.59,2206,4.63,4.57,4.63,11.613,14100.0
2018-07-11 10:30,,4.59,2206,4.63,4.57,4.63,,14100.0
2018-07-11 11:30,,4.62,2206,4.66,4.59,4.59,,13073.0
2018-07-11 11:30,{},4.62,2206,4.66,4.59,4.59,10.7672,13073.0
2018-07-11 14:00,,4.6,2206,4.65,4.56,4.62,,10873.0
2018-07-11 14:00,{},4.6,2206,4.65,4.56,4.62,8.9552,10873.0
2018-07-11 15:00,{},4.64,2206,4.64,4.58,4.6,4.7605,5780.0
2018-07-11 15:00,,4.64,2206,4.64,4.58,4.6,,5780.0
2018-07-12 10:30,{},4.71,2206,4.74,4.61,4.67,10.8833,13214.0
2018-07-12 10:30,,4.71,2206,4.74,4.61,4.67,,13214.0
2018-07-12 11:30,{},4.72,2206,4.74,4.7,4.71,4.1477,5036.0
2018-07-12 11:30,,4.72,2206,4.74,4.7,4.71,,5036.0
2018-07-12 14:00,,4.7,2206,4.73,4.69,4.72,,13235.0
2018-07-12 14:00,{},4.7,2206,4.73,4.69,4.72,10.9006,13235.0
2018-07-12 15:00,,4.71,2206,4.73,4.69,4.7,,20743.0
2018-07-12 15:00,{},4.71,2206,4.73,4.69,4.7,17.0843,20743.0
2018-07-13 10:30,{},4.69,2206,4.75,4.68,4.71,8.988999999999997,10914.0
2018-07-13 10:30,,4.69,2206,4.75,4.68,4.71,,10914.0
2018-07-13 11:30,{},4.73,2206,4.73,4.69,4.69,5.6377,6845.0
2018-07-13 11:30,,4.73,2206,4.73,4.69,4.69,,6845.0
2018-07-13 14:00,{},4.72,2206,4.74,4.7,4.73,4.7968,5824.0
2018-07-13 14:00,,4.72,2206,4.74,4.7,4.73,,5824.0
2018-07-13 15:00,{},4.75,2206,4.79,4.71,4.72,7.5048,9112.0
2018-07-13 15:00,,4.75,2206,4.79,4.71,4.72,,9112.0
2018-07-16 10:30,{},4.71,2206,4.76,4.69,4.75,8.6282,10476.0
2018-07-16 10:30,,4.71,2206,4.76,4.69,4.75,,10476.0
2018-07-16 11:30,,4.72,2206,4.76,4.7,4.71,,5703.0
2018-07-16 11:30,{},4.72,2206,4.76,4.7,4.71,4.6971,5703.0
2018-07-16 14:00,,4.74,2206,4.75,4.7,4.72,,6207.0
2018-07-16 14:00,{},4.74,2206,4.75,4.7,4.72,5.1122,6207.0
2018-07-16 15:00,{},4.72,2206,4.76,4.71,4.74,7.1745,8711.0
2018-07-16 15:00,,4.72,2206,4.76,4.71,4.74,,8711.0
2018-07-17 10:30,{},4.67,2206,4.76,4.67,4.74,3.5597,4322.0
2018-07-17 10:30,,4.67,2206,4.76,4.67,4.74,,4322.0
2018-07-17 11:30,{},4.67,2206,4.69,4.66,4.67,2.7632,3355.0
2018-07-17 11:30,,4.67,2206,4.69,4.66,4.67,,3355.0
2018-07-17 14:00,{},4.67,2206,4.68,4.66,4.67,2.0582,2499.0
2018-07-17 14:00,,4.67,2206,4.68,4.66,4.67,,2499.0
2018-07-17 15:00,,4.69,2206,4.71,4.65,4.67,,6771.0
2018-07-17 15:00,{},4.69,2206,4.71,4.65,4.67,5.5767,6771.0
2018-07-18 10:30,,4.57,2206,4.72,4.55,4.66,,33446.0
2018-07-18 10:30,{},4.57,2206,4.72,4.55,4.66,27.5468,33446.0
2018-07-18 11:30,{},4.55,2206,4.63,4.53,4.56,22.5968,27436.0
2018-07-18 11:30,,4.55,2206,4.63,4.53,4.56,,27436.0
2018-07-18 14:00,,4.54,2206,4.61,4.54,4.55,,23004.0
2018-07-18 14:00,{},4.54,2206,4.61,4.54,4.55,18.9465,23004.0
2018-07-18 15:00,,4.54,2206,4.59,4.53,4.54,,19351.0
2018-07-18 15:00,{},4.54,2206,4.59,4.53,4.54,15.9379,19351.0
2018-07-19 10:30,{},4.46,2206,4.56,4.45,4.51,21.4948,26098.0
2018-07-19 10:30,,4.46,2206,4.56,4.45,4.51,,26098.0
2018-07-19 11:30,,4.43,2206,4.49,4.43,4.46,,23109.0
2018-07-19 11:30,{},4.43,2206,4.49,4.43,4.46,19.033,23109.0
2018-07-19 14:00,,4.38,2206,4.45,4.36,4.43,,40270.0
2018-07-19 14:00,{},4.38,2206,4.45,4.36,4.43,33.1672,40270.0
2018-07-19 15:00,,4.4,2206,4.48,4.33,4.38,,52149.0
2018-07-19 15:00,{},4.4,2206,4.48,4.33,4.38,42.9509,52149.0
2018-07-20 10:30,,4.39,2206,4.44,4.34,4.42,,18807.0
2018-07-20 10:30,{},4.39,2206,4.44,4.34,4.42,15.4898,18807.0
2018-07-20 11:30,,4.39,2206,4.41,4.36,4.39,,9217.0
2018-07-20 11:30,{},4.39,2206,4.41,4.36,4.39,7.5913,9217.0
2018-07-20 14:00,{},4.42,2206,4.42,4.37,4.39,11.1246,13507.0
2018-07-20 14:00,,4.42,2206,4.42,4.37,4.39,,13507.0
2018-07-20 15:00,{},4.48,2206,4.49,4.4,4.42,15.9313,19343.0
2018-07-20 15:00,,4.48,2206,4.49,4.4,4.42,,19343.0
2018-07-23 10:30,,4.5,2206,4.51,4.4,4.47,,13364.0
2018-07-23 10:30,{},4.5,2206,4.51,4.4,4.47,11.0069,13364.0
2018-07-23 11:30,,4.48,2206,4.5,4.46,4.5,,8920.0
2018-07-23 11:30,{},4.48,2206,4.5,4.46,4.5,7.3467,8920.0
2018-07-23 14:00,{},4.52,2206,4.53,4.47,4.48,6.3863,7754.0
2018-07-23 14:00,,4.52,2206,4.53,4.47,4.48,,7754.0
2018-07-23 15:00,,4.53,2206,4.56,4.5,4.52,,12437.0
2018-07-23 15:00,{},4.53,2206,4.56,4.5,4.52,10.2434,12437.0
2018-07-24 10:30,{},4.71,2206,4.73,4.52,4.52,42.2558,51305.0
2018-07-24 10:30,,4.71,2206,4.73,4.52,4.52,,51305.0
2018-07-24 11:30,,4.71,2206,4.72,4.69,4.72,,9829.0
2018-07-24 11:30,{},4.71,2206,4.72,4.69,4.72,8.0954,9829.0
2018-07-24 14:00,{},4.81,2206,4.81,4.71,4.71,23.0589,27997.0
2018-07-24 14:00,,4.81,2206,4.81,4.71,4.71,,27997.0
2018-07-24 15:00,,4.81,2206,4.83,4.78,4.81,,23114.0
2018-07-24 15:00,{},4.81,2206,4.83,4.78,4.81,19.0371,23114.0
2018-07-25 10:30,,4.77,2206,4.81,4.74,4.78,,18181.0
2018-07-25 10:30,{},4.77,2206,4.81,4.74,4.78,14.9742,18181.0
2018-07-25 11:30,,4.78,2206,4.79,4.75,4.77,,5262.0
2018-07-25 11:30,{},4.78,2206,4.79,4.75,4.77,4.3339,5262.0
2018-07-25 14:00,,4.77,2206,4.79,4.75,4.78,,6774.0
2018-07-25 14:00,{},4.77,2206,4.79,4.75,4.78,5.5792,6774.0
2018-07-25 15:00,,4.78,2206,4.85,4.77,4.77,,14219.0
2018-07-25 15:00,{},4.78,2206,4.85,4.77,4.77,11.710999999999999,14219.0
2018-07-26 10:30,,4.82,2206,4.85,4.78,4.81,,11117.0
2018-07-26 10:30,{},4.82,2206,4.85,4.78,4.81,9.1562,11117.0
2018-07-26 11:30,{},4.79,2206,4.82,4.76,4.82,6.0182,7307.0
2018-07-26 11:30,,4.79,2206,4.82,4.76,4.82,,7307.0
2018-07-26 14:00,{},4.77,2206,4.8,4.76,4.79,4.1552,5045.0
2018-07-26 14:00,,4.77,2206,4.8,4.76,4.79,,5045.0
2018-07-26 15:00,{},4.82,2206,4.85,4.77,4.77,15.8983,19303.0
2018-07-26 15:00,,4.82,2206,4.85,4.77,4.77,,19303.0
2018-07-27 10:30,,4.77,2206,4.85,4.76,4.82,,7279.0
2018-07-27 10:30,{},4.77,2206,4.85,4.76,4.82,5.9951,7279.0
2018-07-27 11:30,,4.79,2206,4.79,4.76,4.77,,9305.0
2018-07-27 11:30,{},4.79,2206,4.79,4.76,4.77,7.6638,9305.0
2018-07-27 14:00,,4.75,2206,4.79,4.74,4.79,,10112.0
2018-07-27 14:00,{},4.75,2206,4.79,4.74,4.79,8.3284,10112.0
2018-07-27 15:00,,4.72,2206,4.76,4.71,4.75,,12393.0
2018-07-27 15:00,{},4.72,2206,4.76,4.71,4.75,10.2071,12393.0
2018-07-30 10:30,,4.72,2206,4.76,4.7,4.72,,9694.0
2018-07-30 10:30,{},4.72,2206,4.76,4.7,4.72,7.9842,9694.0
2018-07-30 11:30,,4.73,2206,4.73,4.7,4.73,,4931.0
2018-07-30 11:30,{},4.73,2206,4.73,4.7,4.73,4.0613,4931.0
2018-07-30 14:00,{},4.74,2206,4.76,4.71,4.73,13.5354,16434.0
2018-07-30 14:00,,4.74,2206,4.76,4.71,4.73,,16434.0
2018-07-30 15:00,,4.73,2206,4.79,4.69,4.74,,9892.0
2018-07-30 15:00,{},4.7,2206,4.77,4.7,4.74,10.8553,13180.0
2018-07-31 10:30,,4.68,2206,4.74,4.65,4.74,,12419.0
2018-07-31 10:30,{},4.68,2206,4.74,4.65,4.74,10.2285,12419.0
2018-07-31 11:30,,4.72,2206,4.72,4.67,4.68,,6159.0
2018-07-31 11:30,{},4.72,2206,4.72,4.67,4.68,5.0727,6159.0
2018-07-31 14:00,{},4.7,2206,4.72,4.66,4.72,10.8215,13139.0
2018-07-31 14:00,,4.7,2206,4.72,4.66,4.72,,13139.0
2018-07-31 15:00,,4.69,2206,4.71,4.66,4.7,,8525.0
2018-07-31 15:00,{},4.69,2206,4.71,4.66,4.7,7.0214,8525.0
2018-08-01 10:30,,4.72,2206,4.76,4.66,4.66,,6673.0
2018-08-01 10:30,{},4.72,2206,4.76,4.66,4.66,5.496,6673.0
2018-08-01 11:30,{},4.71,2206,4.72,4.69,4.72,2.3984,2912.0
2018-08-01 11:30,,4.71,2206,4.72,4.69,4.72,,2912.0
2018-08-01 14:00,{},4.68,2206,4.72,4.68,4.71,4.4162,5362.0
2018-08-01 14:00,,4.68,2206,4.72,4.68,4.71,,5362.0
2018-08-01 15:00,,4.6,2206,4.71,4.59,4.68,,13767.0
2018-08-01 15:00,{},4.6,2206,4.71,4.59,4.68,11.3388,13767.0
2018-08-02 10:30,{},4.55,2206,4.64,4.48,4.58,11.8115,14341.0
2018-08-02 10:30,,4.55,2206,4.64,4.48,4.58,,14341.0
2018-08-02 11:30,,4.51,2206,4.55,4.47,4.55,,12896.0
2018-08-02 11:30,{},4.51,2206,4.55,4.47,4.55,10.6214,12896.0
2018-08-02 14:00,,4.51,2206,4.51,4.42,4.51,,14688.0
2018-08-02 14:00,{},4.51,2206,4.51,4.42,4.51,12.0973,14688.0
2018-08-02 15:00,,4.55,2206,4.57,4.49,4.51,,9138.0
2018-08-02 15:00,{},4.55,2206,4.57,4.49,4.51,7.5262,9138.0
2018-08-03 10:30,,4.59,2206,4.62,4.51,4.59,,10435.0
2018-08-03 10:30,{},4.59,2206,4.62,4.51,4.59,8.5945,10435.0
2018-08-03 11:30,{},4.64,2206,4.65,4.55,4.59,5.1773,6286.0
2018-08-03 11:30,,4.64,2206,4.65,4.55,4.59,,6286.0
2018-08-03 14:00,{},4.61,2206,4.64,4.58,4.64,3.0103,3655.0
2018-08-03 14:00,,4.61,2206,4.64,4.58,4.64,,3655.0
2018-08-03 15:00,{},4.55,2206,4.62,4.54,4.61,6.4984,7890.0
2018-08-03 15:00,,4.55,2206,4.62,4.54,4.61,,7890.0
2018-08-06 10:30,,4.55,2206,4.63,4.52,4.55,,8778.0
2018-08-06 10:30,{},4.55,2206,4.63,4.52,4.55,7.2297,8778.0
2018-08-06 11:30,,4.51,2206,4.58,4.5,4.55,,11073.0
2018-08-06 11:30,{},4.51,2206,4.58,4.5,4.55,9.1199,11073.0
2018-08-06 14:00,{},4.46,2206,4.55,4.45,4.51,11.3569,13789.0
2018-08-06 14:00,,4.46,2206,4.55,4.45,4.51,,13789.0
2018-08-06 15:00,,4.41,2206,4.51,4.38,4.46,,24498.0
2018-08-06 15:00,{},4.41,2206,4.51,4.38,4.46,20.177,24498.0
2018-08-07 10:30,,4.6,2206,4.7,4.45,4.52,,22660.0
2018-08-07 10:30,{},4.6,2206,4.7,4.45,4.52,18.6632,22660.0
2018-08-07 11:30,,4.73,2206,4.77,4.59,4.6,,18515.0
2018-08-07 11:30,{},4.73,2206,4.77,4.59,4.6,15.2493,18515.0
2018-08-07 14:00,,4.71,2206,4.74,4.7,4.73,,8183.0
2018-08-07 14:00,{},4.71,2206,4.74,4.7,4.73,6.7397,8183.0
2018-08-07 15:00,,4.8,2206,4.83,4.71,4.72,,35211.0
2018-08-07 15:00,{},4.8,2206,4.83,4.71,4.72,29.0005,35211.0
2018-08-08 10:30,{},4.73,2206,4.79,4.65,4.75,24.1774,29355.0
2018-08-08 10:30,,4.73,2206,4.79,4.65,4.75,,29355.0
2018-08-08 11:30,,4.79,2206,4.79,4.71,4.73,,10013.0
2018-08-08 11:30,{},4.79,2206,4.79,4.71,4.73,8.2469,10013.0
2018-08-08 14:00,,4.71,2206,4.8,4.7,4.79,,10213.0
2018-08-08 14:00,{},4.71,2206,4.8,4.7,4.79,8.4116,10213.0
2018-08-08 15:00,{},4.69,2206,4.73,4.66,4.71,13.313,16164.0
2018-08-08 15:00,,4.69,2206,4.73,4.66,4.71,,16164.0
2018-08-08 15:00,{},4.69,2206,4.73,4.66,4.71,13.312999999999999,16164.0
2018-08-09 10:30,,4.75,2206,4.77,4.65,4.67,,14505.0
2018-08-09 10:30,{},4.75,2206,4.77,4.65,4.67,11.9466,14505.0
2018-08-09 11:30,{},4.81,2206,4.81,4.74,4.75,12.1426,14743.0
2018-08-09 11:30,,4.81,2206,4.81,4.74,4.75,,14743.0
2018-08-09 14:00,{},4.83,2206,4.87,4.79,4.81,18.5034,22466.0
2018-08-09 14:00,,4.83,2206,4.87,4.79,4.81,,22466.0
2018-08-09 15:00,,4.79,2206,4.84,4.77,4.83,,14267.0
2018-08-09 15:00,{},4.79,2206,4.84,4.77,4.83,11.7506,14267.0
2018-08-10 10:30,{},4.76,2206,4.81,4.76,4.76,9.2838,11272.0
2018-08-10 10:30,,4.76,2206,4.81,4.76,4.76,,11272.0
2018-08-10 11:30,{},4.76,2206,4.77,4.75,4.76,4.7366,5751.0
2018-08-10 11:30,,4.76,2206,4.77,4.75,4.76,,5751.0
2018-08-10 14:00,,4.74,2206,4.78,4.69,4.76,,22591.0
2018-08-10 14:00,{},4.74,2206,4.78,4.69,4.76,18.6064,22591.0
2018-08-10 15:00,{},4.79,2206,4.8,4.72,4.74,15.6529,19005.0
2018-08-10 15:00,,4.79,2206,4.8,4.72,4.74,,19005.0
2018-08-13 10:30,{},4.65,2206,4.77,4.64,4.77,20.079,24379.0
2018-08-13 10:30,,4.65,2206,4.77,4.64,4.77,,24379.0
2018-08-13 11:30,,4.57,2206,4.67,4.56,4.65,,26307.0
2018-08-13 11:30,{},4.57,2206,4.67,4.56,4.65,21.667,26307.0
2018-08-13 11:30,{},4.57,2206,4.67,4.56,4.65,21.666999999999998,26307.0
2018-08-13 14:00,,4.58,2206,4.58,4.52,4.57,,25005.0
2018-08-13 14:00,{},4.58,2206,4.58,4.52,4.57,20.5946,25005.0
2018-08-13 15:00,,4.59,2206,4.66,4.58,4.58,,18033.0
2018-08-13 15:00,{},4.59,2206,4.66,4.58,4.58,14.8523,18033.0
2018-08-14 10:30,{},4.69,2206,4.74,4.59,4.59,33.4159,40572.0
2018-08-14 10:30,,4.69,2206,4.74,4.59,4.59,,40572.0
2018-08-14 11:30,{},4.66,2206,4.7,4.63,4.69,9.1834,11150.0
2018-08-14 11:30,,4.66,2206,4.7,4.63,4.69,,11150.0
2018-08-14 14:00,,4.68,2206,4.68,4.64,4.66,,10718.0
2018-08-14 14:00,{},4.68,2206,4.68,4.64,4.66,8.8276,10718.0
2018-08-14 15:00,{},4.67,2206,4.69,4.65,4.68,9.1809,11147.0
2018-08-14 15:00,,4.67,2206,4.69,4.65,4.68,,11147.0
2018-08-15 10:30,,4.6,2206,4.71,4.59,4.68,,19286.0
2018-08-15 10:30,{},4.6,2206,4.71,4.59,4.68,15.8843,19286.0
2018-08-15 11:30,,4.52,2206,4.63,4.51,4.6,,22403.0
2018-08-15 11:30,{},4.52,2206,4.63,4.51,4.6,18.4515,22403.0
2018-08-15 14:00,,4.52,2206,4.53,4.5,4.52,,17168.0
2018-08-15 14:00,{},4.52,2206,4.53,4.5,4.52,14.1399,17168.0
2018-08-15 15:00,,4.5,2206,4.55,4.47,4.52,,26043.0
2018-08-15 15:00,{},4.5,2206,4.55,4.47,4.52,21.4495,26043.0
2018-08-16 10:30,,4.5,2206,4.54,4.43,4.45,,19411.0
2018-08-16 10:30,{},4.5,2206,4.54,4.43,4.45,15.9873,19411.0
2018-08-16 11:30,{},4.5,2206,4.54,4.48,4.5,7.9941,9706.0
2018-08-16 11:30,,4.5,2206,4.54,4.48,4.5,,9706.0
2018-08-16 14:00,{},4.61,2206,4.61,4.49,4.5,20.5164,24910.0
2018-08-16 14:00,,4.61,2206,4.61,4.49,4.5,,24910.0
2018-08-16 15:00,,4.64,2206,4.68,4.57,4.61,,36426.0
2018-08-16 15:00,{},4.64,2206,4.68,4.57,4.61,30.0012,36426.0
2018-08-17 10:30,,4.48,2206,4.66,4.47,4.64,,49656.0
2018-08-17 10:30,{},4.48,2206,4.66,4.47,4.64,40.8976,49656.0
2018-08-17 11:30,{},4.48,2206,4.51,4.47,4.48,13.3723,16236.0
2018-08-17 11:30,,4.48,2206,4.51,4.47,4.48,,16236.0
2018-08-17 14:00,{},4.48,2206,4.49,4.46,4.48,13.0717,15871.0
2018-08-17 14:00,,4.48,2206,4.49,4.46,4.48,,15871.0
2018-08-17 15:00,{},4.48,2206,4.5,4.45,4.48,16.1133,19564.0
2018-08-17 15:00,,4.48,2206,4.5,4.45,4.48,,19564.0
2018-08-20 10:30,{},4.43,2206,4.49,4.4,4.45,16.8447,20452.0
2018-08-20 10:30,,4.43,2206,4.49,4.4,4.45,,20452.0
2018-08-20 11:30,{},4.35,2206,4.44,4.3,4.44,18.8222,22853.0
2018-08-20 11:30,,4.35,2206,4.44,4.3,4.44,,22853.0
2018-08-20 14:00,,4.35,2206,4.37,4.3,4.35,,18721.0
2018-08-20 14:00,{},4.35,2206,4.37,4.3,4.35,15.419,18721.0
2018-08-20 15:00,,4.39,2206,4.39,4.32,4.35,,17295.0
2018-08-20 15:00,{},4.39,2206,4.39,4.32,4.35,14.2445,17295.0
2018-08-21 10:30,,4.37,2206,4.45,4.36,4.37,,17403.0
2018-08-21 10:30,{},4.37,2206,4.45,4.36,4.37,14.3335,17403.0
2018-08-21 11:30,{},4.39,2206,4.41,4.36,4.37,17.7268,21523.0
2018-08-21 11:30,,4.39,2206,4.41,4.36,4.37,,21523.0
2018-08-21 14:00,,4.37,2206,4.4,4.35,4.39,,17048.0
2018-08-21 14:00,{},4.37,2206,4.4,4.35,4.39,14.0411,17048.0
2018-08-21 15:00,,4.37,2206,4.38,4.35,4.37,,18833.0
2018-08-21 15:00,{},4.37,2206,4.38,4.35,4.37,15.5112,18833.0
2018-08-22 10:30,{},4.31,2206,4.37,4.31,4.35,16.7022,20279.0
2018-08-22 10:30,,4.31,2206,4.37,4.31,4.35,,20279.0
2018-08-22 11:30,{},4.33,2206,4.34,4.31,4.31,6.3608,7723.0
2018-08-22 11:30,,4.33,2206,4.34,4.31,4.31,,7723.0
2018-08-22 14:00,,4.33,2206,4.35,4.31,4.33,,6420.0
2018-08-22 14:00,{},4.33,2206,4.35,4.31,4.33,5.2876,6420.0
2018-08-22 15:00,{},4.31,2206,4.33,4.3,4.33,10.4171,12648.0
2018-08-22 15:00,,4.31,2206,4.33,4.3,4.33,,12648.0
2018-08-23 10:30,,4.31,2206,4.36,4.28,4.31,,16635.0
2018-08-23 10:30,{},4.31,2206,4.36,4.28,4.31,13.7009,16635.0
2018-08-23 11:30,,4.3,2206,4.33,4.3,4.31,,2724.0
2018-08-23 11:30,{},4.3,2206,4.33,4.3,4.31,2.2435,2724.0
2018-08-23 14:00,{},4.35,2206,4.35,4.3,4.3,6.1557,7474.0
2018-08-23 14:00,,4.35,2206,4.35,4.3,4.3,,7474.0
2018-08-23 15:00,,4.34,2206,4.35,4.31,4.35,,10239.0
2018-08-23 15:00,{},4.34,2206,4.35,4.31,4.35,8.433,10239.0
2018-08-24 10:30,,4.32,2206,4.33,4.28,4.33,,11104.0
2018-08-24 10:30,{},4.32,2206,4.33,4.28,4.33,9.1455,11104.0
2018-08-24 11:30,{},4.3,2206,4.33,4.29,4.32,5.3049,6441.0
2018-08-24 11:30,,4.3,2206,4.33,4.29,4.32,,6441.0
2018-08-24 14:00,,4.32,2206,4.34,4.3,4.3,,6121.0
2018-08-24 14:00,{},4.32,2206,4.34,4.3,4.3,5.0414,6121.0
2018-08-24 15:00,{},4.3,2206,4.33,4.28,4.32,11.6007,14085.0
2018-08-24 15:00,,4.3,2206,4.33,4.28,4.32,,14085.0
2018-08-27 10:30,,4.32,2206,4.32,4.29,4.31,,9590.0
2018-08-27 10:30,{},4.32,2206,4.32,4.29,4.31,7.8985,9590.0
2018-08-27 11:30,,4.37,2206,4.37,4.31,4.32,,5649.0
2018-08-27 11:30,{},4.37,2206,4.37,4.31,4.32,4.6526,5649.0
2018-08-27 14:00,{},4.37,2206,4.38,4.36,4.37,11.1625,13553.0
2018-08-27 14:00,,4.37,2206,4.38,4.36,4.37,,13553.0
2018-08-27 15:00,,4.36,2206,4.38,4.34,4.37,,10425.0
2018-08-27 15:00,{},4.36,2206,4.38,4.34,4.37,8.5862,10425.0
2018-08-28 10:30,,4.41,2206,4.46,4.38,4.41,,24025.0
2018-08-28 10:30,{},4.41,2206,4.46,4.38,4.41,19.7875,24025.0
2018-08-28 11:30,{},4.39,2206,4.41,4.38,4.41,4.8808,5926.0
2018-08-28 11:30,,4.39,2206,4.41,4.38,4.41,,5926.0
2018-08-28 14:00,,4.37,2206,4.39,4.36,4.39,,6463.0
2018-08-28 14:00,{},4.37,2206,4.39,4.36,4.39,5.3231,6463.0
2018-08-28 15:00,,4.39,2206,4.4,4.36,4.37,,9802.0
2018-08-28 15:00,{},4.39,2206,4.4,4.36,4.37,8.0731,9802.0
2018-08-29 10:30,{},4.36,2206,4.4,4.35,4.39,7.1762,8713.0
2018-08-29 10:30,,4.36,2206,4.4,4.35,4.39,,8713.0
2018-08-29 11:30,{},4.34,2206,4.37,4.33,4.36,7.2594,8814.0
2018-08-29 11:30,,4.34,2206,4.37,4.33,4.36,,8814.0
2018-08-29 14:00,{},4.35,2206,4.36,4.32,4.34,6.7718,8222.0
2018-08-29 14:00,,4.35,2206,4.36,4.32,4.34,,8222.0
2018-08-29 15:00,,4.34,2206,4.35,4.32,4.34,,8469.0
2018-08-29 15:00,{},4.34,2206,4.35,4.32,4.34,6.9752,8469.0
2018-08-30 10:30,,4.35,2206,4.37,4.32,4.34,,12797.0
2018-08-30 10:30,{},4.35,2206,4.37,4.32,4.34,10.5399,12797.0
2018-08-30 11:30,,4.36,2206,4.36,4.35,4.35,,5756.0
2018-08-30 11:30,{},4.36,2206,4.36,4.35,4.35,4.7408,5756.0
2018-08-30 14:00,{},4.36,2206,4.36,4.35,4.36,2.7089,3289.0
2018-08-30 14:00,,4.36,2206,4.36,4.35,4.36,,3289.0
2018-08-30 15:00,{},4.39,2206,4.39,4.35,4.36,14.6464,17783.0
2018-08-30 15:00,,4.39,2206,4.39,4.35,4.36,,17783.0
2018-08-31 10:30,{},4.36,2206,4.39,4.35,4.39,8.9396,10854.0
2018-08-31 10:30,,4.36,2206,4.39,4.35,4.39,,10854.0
2018-08-31 11:30,,4.37,2206,4.38,4.36,4.36,,8788.0
2018-08-31 11:30,{},4.37,2206,4.38,4.36,4.36,7.237999999999999,8788.0
2018-08-31 14:00,,4.37,2206,4.38,4.36,4.37,,6395.0
2018-08-31 14:00,{},4.37,2206,4.38,4.36,4.37,5.267,6395.0
2018-08-31 15:00,{},4.36,2206,4.38,4.36,4.37,9.1941,11163.0
2018-08-31 15:00,,4.36,2206,4.38,4.36,4.37,,11163.0
2018-09-03 10:30,,4.32,2206,4.41,4.32,4.38,,16230.0
2018-09-03 10:30,{},4.32,2206,4.41,4.32,4.38,13.3673,16230.0
2018-09-03 11:30,{},4.31,2206,4.36,4.31,4.32,7.0601,8572.0
2018-09-03 11:30,,4.31,2206,4.36,4.31,4.32,,8572.0
2018-09-03 14:00,{},4.32,2206,4.34,4.31,4.31,4.8198,5852.0
2018-09-03 14:00,,4.32,2206,4.34,4.31,4.31,,5852.0
2018-09-03 15:00,,4.35,2206,4.36,4.32,4.32,,12557.0
2018-09-03 15:00,{},4.35,2206,4.36,4.32,4.32,10.3422,12557.0
2018-09-04 10:30,{},4.35,2206,4.38,4.35,4.38,7.0436,8552.0
2018-09-04 10:30,,4.35,2206,4.38,4.35,4.38,,8552.0
2018-09-04 11:30,{},4.35,2206,4.36,4.33,4.35,3.675,4462.0
2018-09-04 11:30,,4.35,2206,4.36,4.33,4.35,,4462.0
2018-09-04 14:00,{},4.35,2206,4.35,4.31,4.35,15.9313,19343.0
2018-09-04 14:00,,4.35,2206,4.35,4.31,4.35,,19343.0
2018-09-04 15:00,{},4.33,2206,4.35,4.31,4.35,25.3065,30726.0
2018-09-04 15:00,,4.33,2206,4.35,4.31,4.35,,30726.0
2018-09-05 10:30,,4.11,2206,4.12,4.05,4.11,,19105.0
2018-09-05 10:30,{},4.11,2206,4.12,4.05,4.11,15.7353,19105.0
2018-09-05 11:30,{},4.09,2206,4.11,4.07,4.11,7.9051,9598.0
2018-09-05 11:30,,4.09,2206,4.11,4.07,4.11,,9598.0
2018-09-05 14:00,{},4.08,2206,4.09,4.07,4.09,4.8783,5923.0
2018-09-05 14:00,,4.08,2206,4.09,4.07,4.09,,5923.0
2018-09-05 15:00,{},4.07,2206,4.08,4.06,4.08,9.0219,10954.0
2018-09-05 15:00,,4.07,2206,4.08,4.06,4.08,,10954.0
2018-09-06 10:30,{},4.05,2206,4.07,4.03,4.06,8.9412,10856.0
2018-09-06 10:30,,4.05,2206,4.07,4.03,4.06,,10856.0
2018-09-06 11:30,{},4.05,2206,4.06,4.03,4.05,4.9936,6063.0
2018-09-06 11:30,,4.05,2206,4.06,4.03,4.05,,6063.0
2018-09-06 14:00,{},4.05,2206,4.06,4.04,4.05,3.6577,4441.0
2018-09-06 14:00,,4.05,2206,4.06,4.04,4.05,,4441.0
2018-09-06 15:00,{},4.02,2206,4.05,3.97,4.05,24.8824,30211.0
2018-09-06 15:00,,4.02,2206,4.05,3.97,4.05,,30211.0
2018-09-07 10:30,,4.08,2206,4.09,4.01,4.01,,13679.0
2018-09-07 10:30,{},4.08,2206,4.09,4.01,4.01,11.2663,13679.0
2018-09-07 11:30,,4.05,2206,4.08,4.04,4.08,,7014.0
2018-09-07 11:30,{},4.05,2206,4.08,4.04,4.08,5.7769,7014.0
2018-09-07 14:00,{},4.02,2206,4.06,4.02,4.05,5.2316,6352.0
2018-09-07 14:00,,4.02,2206,4.06,4.02,4.05,,6352.0
2018-09-07 15:00,{},4.07,2206,4.07,4.02,4.02,10.4147,12645.0
2018-09-07 15:00,,4.07,2206,4.07,4.02,4.02,,12645.0
2018-09-10 10:30,,3.98,2206,4.08,3.97,4.08,,16670.0
2018-09-10 10:30,{},3.98,2206,4.08,3.97,4.08,13.7297,16670.0
2018-09-10 11:30,,4.01,2206,4.01,3.97,3.98,,12750.0
2018-09-10 11:30,{},4.01,2206,4.01,3.97,3.98,10.5011,12750.0
2018-09-10 14:00,,3.99,2206,4.02,3.97,4.01,,11917.0
2018-09-10 14:00,{},3.99,2206,4.02,3.97,4.01,9.8151,11917.0
2018-09-10 15:00,,3.98,2206,4.0,3.96,3.99,,16920.0
2018-09-10 15:00,{},3.98,2206,4.0,3.96,3.99,13.9356,16920.0
2018-09-11 10:30,,4.14,2206,4.3,4.1,4.18,,60270.0
2018-09-11 10:30,{},4.14,2206,4.3,4.1,4.18,49.6395,60270.0
2018-09-11 11:30,{},4.15,2206,4.15,4.13,4.14,8.0995,9834.0
2018-09-11 11:30,,4.15,2206,4.15,4.13,4.14,,9834.0
2018-09-11 14:00,{},4.14,2206,4.15,4.13,4.15,8.6184,10464.0
2018-09-11 14:00,,4.14,2206,4.15,4.13,4.15,,10464.0
2018-09-11 15:00,,4.09,2206,4.14,4.09,4.14,,23137.0
2018-09-11 15:00,{},4.09,2206,4.14,4.09,4.14,19.0561,23137.0
2018-09-12 10:30,,4.09,2206,4.11,4.02,4.06,,34740.0
2018-09-12 10:30,{},4.09,2206,4.11,4.02,4.06,28.6125,34740.0
2018-09-12 11:30,{},4.05,2206,4.09,4.05,4.09,5.4244,6586.0
2018-09-12 11:30,,4.05,2206,4.09,4.05,4.09,,6586.0
2018-09-12 14:00,,4.07,2206,4.07,4.05,4.05,,6003.0
2018-09-12 14:00,{},4.07,2206,4.07,4.05,4.05,4.9442,6003.0
2018-09-12 15:00,{},4.06,2206,4.07,4.05,4.07,5.9226,7191.0
2018-09-12 15:00,,4.06,2206,4.07,4.05,4.07,,7191.0
2018-09-13 10:30,{},4.03,2206,4.11,4.03,4.07,19.262,23387.0
2018-09-13 10:30,,4.03,2206,4.11,4.03,4.07,,23387.0
2018-09-13 11:30,,4.04,2206,4.05,4.03,4.03,,2811.0
2018-09-13 11:30,{},4.04,2206,4.05,4.03,4.03,2.3152,2811.0
2018-09-13 14:00,{},4.04,2206,4.06,4.03,4.04,4.3882,5328.0
2018-09-13 14:00,,4.04,2206,4.06,4.03,4.04,,5328.0
2018-09-13 15:00,,4.06,2206,4.07,4.04,4.04,,9891.0
2018-09-13 15:00,{},4.06,2206,4.07,4.04,4.04,8.1464,9891.0
2018-09-14 10:30,{},4.05,2206,4.08,4.03,4.06,9.7566,11846.0
2018-09-14 10:30,,4.05,2206,4.08,4.03,4.06,,11846.0
2018-09-14 11:30,{},4.05,2206,4.07,4.04,4.05,4.3578,5291.0
2018-09-14 11:30,,4.05,2206,4.07,4.04,4.05,,5291.0
2018-09-14 14:00,{},4.05,2206,4.06,4.04,4.05,3.1989,3884.0
2018-09-14 14:00,,4.05,2206,4.06,4.04,4.05,,3884.0
2018-09-14 15:00,,4.04,2206,4.05,4.04,4.05,,6835.0
2018-09-14 15:00,{},4.04,2206,4.05,4.04,4.05,5.6294,6835.0
2018-09-17 10:30,,3.98,2206,4.05,3.98,4.05,,11764.0
2018-09-17 10:30,{},3.98,2206,4.05,3.98,4.05,9.6891,11764.0
2018-09-17 11:30,{},3.99,2206,4.0,3.98,3.98,6.9011,8379.0
2018-09-17 11:30,,3.99,2206,4.0,3.98,3.98,,8379.0
2018-09-17 14:00,,3.99,2206,4.0,3.97,3.99,,7518.0
2018-09-17 14:00,{},3.99,2206,4.0,3.97,3.99,6.192,7518.0
2018-09-17 15:00,{},3.99,2206,4.0,3.98,3.99,4.081,4955.0
2018-09-17 15:00,,3.99,2206,4.0,3.98,3.99,,4955.0
2018-09-18 10:30,{},3.97,2206,4.0,3.95,3.98,9.0565,10996.0
2018-09-18 10:30,,3.97,2206,4.0,3.95,3.98,,10996.0
2018-09-18 11:30,,4.0,2206,4.01,3.97,3.97,,7445.0
2018-09-18 11:30,{},4.0,2206,4.01,3.97,3.97,6.1318,7445.0
2018-09-18 14:00,{},4.04,2206,4.05,4.0,4.0,7.8903,9580.0
2018-09-18 14:00,,4.04,2206,4.05,4.0,4.0,,9580.0
2018-09-18 15:00,,4.04,2206,4.06,4.01,4.04,,14901.0
2018-09-18 15:00,{},4.04,2206,4.06,4.01,4.04,12.2728,14901.0
2018-09-19 10:30,{},4.11,2206,4.12,4.05,4.06,17.8544,21678.0
2018-09-19 10:30,,4.11,2206,4.12,4.05,4.06,,21678.0
2018-09-19 11:30,{},4.12,2206,4.13,4.11,4.11,10.3307,12543.0
2018-09-19 11:30,,4.12,2206,4.13,4.11,4.11,,12543.0
2018-09-19 14:00,{},4.11,2206,4.13,4.11,4.12,5.0496,6131.0
2018-09-19 14:00,,4.11,2206,4.13,4.11,4.12,,6131.0
2018-09-19 15:00,,4.1,2206,4.12,4.08,4.11,,8224.0
2018-09-19 15:00,{},4.1,2206,4.12,4.08,4.11,6.7734,8224.0
2018-09-20 10:30,{},4.07,2206,4.14,4.07,4.09,7.6498,9288.0
2018-09-20 10:30,,4.07,2206,4.14,4.07,4.09,,9288.0
2018-09-20 11:30,{},4.06,2206,4.09,4.06,4.07,4.4253,5373.0
2018-09-20 11:30,,4.06,2206,4.09,4.06,4.07,,5373.0
2018-09-20 14:00,,4.07,2206,4.08,4.06,4.06,,4907.0
2018-09-20 14:00,{},4.07,2206,4.08,4.06,4.06,4.0415,4907.0
2018-09-20 15:00,,4.08,2206,4.09,4.06,4.07,,12893.0
2018-09-20 15:00,{},4.08,2206,4.09,4.06,4.07,10.6189,12893.0
2018-09-21 10:30,,4.07,2206,4.1,4.07,4.07,,3848.0
2018-09-21 10:30,{},4.07,2206,4.1,4.07,4.07,3.1693,3848.0
2018-09-21 11:30,,4.1,2206,4.1,4.06,4.07,,3313.0
2018-09-21 11:30,{},4.1,2206,4.1,4.06,4.07,2.7287,3313.0
2018-09-21 14:00,{},4.13,2206,4.14,4.09,4.1,13.845,16810.0
2018-09-21 14:00,,4.13,2206,4.14,4.09,4.1,,16810.0
2018-09-21 15:00,{},4.16,2206,4.16,4.11,4.13,18.1205,22001.0
2018-09-21 15:00,,4.16,2206,4.16,4.11,4.13,,22001.0
2018-09-25 10:30,{},4.14,2206,4.16,4.11,4.13,5.8576,7112.0
2018-09-25 10:30,,4.14,2206,4.16,4.11,4.13,,7112.0
2018-09-25 11:30,,4.13,2206,4.15,4.12,4.14,,3059.0
2018-09-25 11:30,{},4.13,2206,4.15,4.12,4.14,2.5195,3059.0
2018-09-25 14:00,{},4.16,2206,4.16,4.12,4.13,3.2475,3943.0
2018-09-25 14:00,,4.16,2206,4.16,4.12,4.13,,3943.0
2018-09-25 15:00,{},4.18,2206,4.2,4.15,4.16,7.4373,9030.0
2018-09-25 15:00,,4.18,2206,4.2,4.15,4.16,,9030.0
2018-09-26 10:30,{},4.24,2206,4.27,4.17,4.17,14.0567,17067.0
2018-09-26 10:30,,4.24,2206,4.27,4.17,4.17,,17067.0
2018-09-26 11:30,{},4.25,2206,4.27,4.24,4.24,8.5953,10436.0
2018-09-26 11:30,,4.25,2206,4.27,4.24,4.24,,10436.0
2018-09-26 14:00,,4.26,2206,4.27,4.24,4.25,,14130.0
2018-09-26 14:00,{},4.26,2206,4.27,4.24,4.25,11.6377,14130.0
2018-09-26 15:00,{},4.24,2206,4.26,4.23,4.26,5.6056,6806.0
2018-09-26 15:00,,4.24,2206,4.26,4.23,4.26,,6806.0
2018-09-27 10:30,,4.21,2206,4.26,4.21,4.22,,6369.0
2018-09-27 10:30,{},4.21,2206,4.26,4.21,4.22,5.2456,6369.0
2018-09-27 11:30,,4.21,2206,4.24,4.21,4.21,,3506.0
2018-09-27 11:30,{},4.21,2206,4.24,4.21,4.21,2.8876,3506.0
2018-09-27 14:00,,4.2,2206,4.22,4.19,4.21,,6598.0
2018-09-27 14:00,{},4.2,2206,4.22,4.19,4.21,5.4342,6598.0
2018-09-27 15:00,{},4.2,2206,4.23,4.19,4.2,5.7925,7033.0
2018-09-27 15:00,,4.2,2206,4.23,4.19,4.2,,7033.0
2018-09-28 10:30,{},4.24,2206,4.24,4.19,4.23,4.6427,5637.0
2018-09-28 10:30,,4.24,2206,4.24,4.19,4.23,,5637.0
2018-09-28 11:30,{},4.22,2206,4.27,4.21,4.24,11.6649,14163.0
2018-09-28 11:30,,4.22,2206,4.27,4.21,4.24,,14163.0
2018-09-28 14:00,{},4.23,2206,4.26,4.22,4.22,5.501,6679.0
2018-09-28 14:00,,4.23,2206,4.26,4.22,4.22,,6679.0
2018-09-28 15:00,{},4.25,2206,4.25,4.23,4.23,5.4688,6640.0
2018-09-28 15:00,,4.25,2206,4.25,4.23,4.23,,6640.0
2018-10-08 10:30,{},4.19,2206,4.2,4.15,4.19,9.7739,11867.0
2018-10-08 10:30,,4.19,2206,4.2,4.15,4.19,,11867.0
2018-10-08 11:30,{},4.16,2206,4.19,4.15,4.19,5.0817,6170.0
2018-10-08 11:30,,4.16,2206,4.19,4.15,4.19,,6170.0
2018-10-08 14:00,{},4.13,2206,4.17,4.13,4.16,6.2364,7572.0
2018-10-08 14:00,,4.13,2206,4.17,4.13,4.16,,7572.0
2018-10-08 15:00,,4.1,2206,4.14,4.1,4.13,,9687.0
2018-10-08 15:00,{},4.1,2206,4.14,4.1,4.13,7.9784,9687.0
2018-10-09 10:30,{},4.15,2206,4.15,4.11,4.11,4.3018,5223.0
2018-10-09 10:30,,4.15,2206,4.15,4.11,4.11,,5223.0
2018-10-09 11:30,{},4.12,2206,4.15,4.1,4.15,3.5926,4362.0
2018-10-09 11:30,,4.12,2206,4.15,4.1,4.15,,4362.0
2018-10-09 14:00,{},4.09,2206,4.16,4.09,4.12,9.4807,11511.0
2018-10-09 14:00,,4.09,2206,4.16,4.09,4.12,,11511.0
2018-10-09 15:00,,4.14,2206,4.14,4.09,4.09,,5736.0
2018-10-09 15:00,{},4.14,2206,4.14,4.09,4.09,4.7243,5736.0
2018-10-10 10:30,{},4.13,2206,4.17,4.09,4.15,9.8917,12010.0
2018-10-10 10:30,,4.13,2206,4.17,4.09,4.15,,12010.0
2018-10-10 11:30,,4.11,2206,4.13,4.09,4.13,,8785.0
2018-10-10 11:30,{},4.11,2206,4.13,4.09,4.13,7.2355,8785.0
2018-10-10 14:00,,4.11,2206,4.13,4.1,4.11,,3078.0
2018-10-10 14:00,{},4.11,2206,4.13,4.1,4.11,2.5351,3078.0
2018-10-10 15:00,{},4.09,2206,4.13,4.08,4.11,4.8314,5866.0
2018-10-10 15:00,,4.09,2206,4.13,4.08,4.11,,5866.0
2018-10-11 10:30,{},4.02,2206,4.08,3.96,3.99,15.6908,19051.0
2018-10-11 10:30,,4.02,2206,4.08,3.96,3.99,,19051.0
2018-10-11 11:30,,3.98,2206,4.03,3.96,4.02,,15090.0
2018-10-11 11:30,{},3.98,2206,4.03,3.96,4.02,12.4284,15090.0
2018-10-11 14:00,{},3.95,2206,3.98,3.8,3.98,10.8372,13158.0
2018-10-11 14:00,,3.95,2206,3.98,3.8,3.98,,13158.0
2018-10-11 15:00,,3.94,2206,3.98,3.88,3.95,,22187.0
2018-10-11 15:00,{},3.94,2206,3.98,3.88,3.95,18.2736,22187.0
2018-10-12 10:30,{},3.85,2206,3.96,3.78,3.92,18.7901,22814.0
2018-10-12 10:30,,3.85,2206,3.96,3.78,3.92,,22814.0
2018-10-12 11:30,{},3.9,2206,3.92,3.77,3.85,11.3239,13749.0
2018-10-12 11:30,,3.9,2206,3.92,3.77,3.85,,13749.0
2018-10-12 14:00,,3.89,2206,3.94,3.87,3.9,,8354.0
2018-10-12 14:00,{},3.89,2206,3.94,3.87,3.9,6.8805,8354.0
2018-10-12 15:00,{},3.88,2206,3.93,3.85,3.89,6.8031,8260.0
2018-10-12 15:00,,3.88,2206,3.93,3.85,3.89,,8260.0
2018-10-15 10:30,{},3.9,2206,3.95,3.85,3.92,7.5658,9186.0
2018-10-15 10:30,,3.9,2206,3.95,3.85,3.92,,9186.0
2018-10-15 11:30,{},3.89,2206,3.94,3.89,3.9,4.3948,5336.0
2018-10-15 11:30,,3.89,2206,3.94,3.89,3.9,,5336.0
2018-10-15 14:00,,3.82,2206,3.9,3.82,3.89,,11300.0
2018-10-15 14:00,{},3.82,2206,3.9,3.82,3.89,9.3069,11300.0
2018-10-15 15:00,{},3.79,2206,3.84,3.79,3.82,6.1722,7494.0
2018-10-15 15:00,,3.79,2206,3.84,3.79,3.82,,7494.0
2018-10-16 10:30,,3.83,2206,3.86,3.75,3.79,,7664.0
2018-10-16 10:30,{},3.83,2206,3.86,3.75,3.79,6.3122,7664.0
2018-10-16 11:30,{},3.79,2206,3.83,3.78,3.83,3.9278,4769.0
2018-10-16 11:30,,3.79,2206,3.83,3.78,3.83,,4769.0
2018-10-16 14:00,{},3.78,2206,3.81,3.78,3.79,3.6528,4435.0
2018-10-16 14:00,,3.78,2206,3.81,3.78,3.79,,4435.0
2018-10-16 15:00,,3.75,2206,3.79,3.72,3.78,,7897.0
2018-10-16 15:00,{},3.75,2206,3.79,3.72,3.78,6.5041,7897.0
2018-10-17 10:30,,3.78,2206,3.84,3.73,3.8,,8967.0
2018-10-17 10:30,{},3.78,2206,3.84,3.73,3.8,7.3854,8967.0
2018-10-17 11:30,,3.74,2206,3.79,3.73,3.78,,3669.0
2018-10-17 11:30,{},3.74,2206,3.79,3.73,3.78,3.0219,3669.0
2018-10-17 14:00,{},3.75,2206,3.75,3.68,3.74,4.7885,5814.0
2018-10-17 14:00,,3.75,2206,3.75,3.68,3.74,,5814.0
2018-10-17 15:00,,3.72,2206,3.76,3.72,3.75,,3702.0
2018-10-17 15:00,{},3.72,2206,3.76,3.72,3.75,3.049,3702.0
2018-10-18 10:30,,3.62,2206,3.74,3.55,3.68,,31019.0
2018-10-18 10:30,{},3.62,2206,3.74,3.55,3.68,25.5479,31019.0
2018-10-18 11:30,{},3.61,2206,3.63,3.59,3.62,10.5992,12869.0
2018-10-18 11:30,,3.61,2206,3.63,3.59,3.62,,12869.0
2018-10-18 14:00,,3.62,2206,3.63,3.59,3.61,,8499.0
2018-10-18 14:00,{},3.62,2206,3.63,3.59,3.61,6.9999,8499.0
2018-10-18 15:00,,3.59,2206,3.63,3.56,3.62,,13814.0
2018-10-18 15:00,{},3.59,2206,3.63,3.56,3.62,11.3775,13814.0
2018-10-19 10:30,,3.53,2206,3.58,3.49,3.58,,15868.0
2018-10-19 10:30,{},3.53,2206,3.58,3.49,3.58,13.0692,15868.0
2018-10-19 11:30,,3.55,2206,3.56,3.53,3.53,,7991.0
2018-10-19 11:30,{},3.55,2206,3.56,3.53,3.53,6.5815,7991.0
2018-10-19 14:00,{},3.63,2206,3.63,3.52,3.55,7.7346,9391.0
2018-10-19 14:00,,3.63,2206,3.63,3.52,3.55,,9391.0
2018-10-19 15:00,,3.77,2206,3.78,3.6,3.63,,20142.0
2018-10-19 15:00,{},3.77,2206,3.78,3.6,3.63,16.5893,20142.0
2018-10-22 10:30,{},3.88,2206,3.89,3.77,3.79,18.3264,22251.0
2018-10-22 10:30,,3.88,2206,3.89,3.77,3.79,,22251.0
2018-10-22 11:30,{},3.91,2206,3.92,3.86,3.89,9.9674,12102.0
2018-10-22 11:30,,3.91,2206,3.92,3.86,3.89,,12102.0
2018-10-22 14:00,{},3.94,2206,3.96,3.91,3.91,6.8764,8349.0
2018-10-22 14:00,,3.94,2206,3.96,3.91,3.91,,8349.0
2018-10-22 15:00,,3.9,2206,3.94,3.88,3.94,,8612.0
2018-10-22 15:00,{},3.9,2206,3.94,3.88,3.94,7.093,8612.0
2018-10-23 10:30,,3.85,2206,3.93,3.85,3.93,,14422.0
2018-10-23 10:30,{},3.85,2206,3.93,3.85,3.93,11.8782,14422.0
2018-10-23 11:30,,3.84,2206,3.88,3.83,3.85,,6882.0
2018-10-23 11:30,{},3.84,2206,3.88,3.83,3.85,5.6681,6882.0
2018-10-23 14:00,{},3.81,2206,3.85,3.79,3.84,5.0513,6133.0
2018-10-23 14:00,,3.81,2206,3.85,3.79,3.84,,6133.0
2018-10-23 15:00,{},3.8,2206,3.81,3.76,3.81,4.6493,5645.0
2018-10-23 15:00,,3.8,2206,3.81,3.76,3.81,,5645.0
2018-10-24 10:30,,3.76,2206,3.83,3.74,3.8,,9948.0
2018-10-24 10:30,{},3.76,2206,3.83,3.74,3.8,8.1934,9948.0
2018-10-24 11:30,{},3.79,2206,3.81,3.72,3.76,7.6193,9251.0
2018-10-24 11:30,,3.79,2206,3.81,3.72,3.76,,9251.0
2018-10-24 14:00,,3.81,2206,3.82,3.79,3.79,,9564.0
2018-10-24 14:00,{},3.81,2206,3.82,3.79,3.79,7.8771,9564.0
2018-10-24 15:00,{},3.83,2206,3.86,3.79,3.81,11.0126,13371.0
2018-10-24 15:00,,3.83,2206,3.86,3.79,3.81,,13371.0
2018-10-25 10:30,,3.74,2206,3.75,3.7,3.74,,10678.0
2018-10-25 10:30,{},3.74,2206,3.75,3.7,3.74,8.7946,10678.0
2018-10-25 11:30,{},3.72,2206,3.75,3.72,3.75,3.502,4252.0
2018-10-25 11:30,,3.72,2206,3.75,3.72,3.75,,4252.0
2018-10-25 14:00,,3.75,2206,3.75,3.72,3.72,,1938.0
2018-10-25 14:00,{},3.75,2206,3.75,3.72,3.72,1.5962,1938.0
2018-10-25 15:00,,3.78,2206,3.82,3.75,3.75,,5622.0
2018-10-25 15:00,{},3.78,2206,3.82,3.75,3.75,4.6304,5622.0
2018-10-26 10:30,{},3.83,2206,3.87,3.8,3.85,12.0224,14597.0
2018-10-26 10:30,,3.83,2206,3.87,3.8,3.85,,14597.0
2018-10-26 11:30,{},3.81,2206,3.84,3.8,3.83,4.1568,5047.0
2018-10-26 11:30,,3.81,2206,3.84,3.8,3.83,,5047.0
2018-10-26 14:00,,3.81,2206,3.83,3.8,3.81,,5966.0
2018-10-26 14:00,{},3.81,2206,3.83,3.8,3.81,4.9137,5966.0
2018-10-26 15:00,{},3.85,2206,3.86,3.8,3.81,9.0895,11036.0
2018-10-26 15:00,,3.85,2206,3.86,3.8,3.81,,11036.0
2018-10-29 10:30,{},3.82,2206,3.93,3.81,3.88,10.3998,12627.0
2018-10-29 10:30,,3.82,2206,3.93,3.81,3.88,,12627.0
2018-10-29 11:30,{},3.82,2206,3.85,3.82,3.83,2.9831,3622.0
2018-10-29 11:30,,3.82,2206,3.85,3.82,3.83,,3622.0
2018-10-29 14:00,,3.81,2206,3.83,3.81,3.82,,3663.0
2018-10-29 14:00,{},3.81,2206,3.83,3.81,3.82,3.0169,3663.0
2018-10-29 15:00,{},3.83,2206,3.84,3.8,3.81,4.3018,5223.0
2018-10-29 15:00,,3.83,2206,3.84,3.8,3.81,,5223.0
2018-10-30 10:30,{},3.84,2206,3.92,3.81,3.86,7.2503,8803.0
2018-10-30 10:30,,3.84,2206,3.92,3.81,3.86,,8803.0
2018-10-30 11:30,,3.89,2206,3.89,3.84,3.84,,3221.0
2018-10-30 11:30,{},3.89,2206,3.89,3.84,3.84,2.6529,3221.0
2018-10-30 14:00,{},3.9,2206,3.91,3.88,3.89,3.0647,3721.0
2018-10-30 14:00,,3.9,2206,3.91,3.88,3.89,,3721.0
2018-10-30 15:00,{},3.88,2206,3.9,3.86,3.9,4.3322,5260.0
2018-10-30 15:00,,3.88,2206,3.9,3.86,3.9,,5260.0
2018-10-31 10:30,{},3.94,2206,3.94,3.86,3.89,7.2701,8827.0
2018-10-31 10:30,,3.94,2206,3.94,3.86,3.89,,8827.0
2018-10-31 11:30,,3.94,2206,3.94,3.9,3.94,,4029.0
2018-10-31 11:30,{},3.94,2206,3.94,3.9,3.94,3.3184,4029.0
2018-10-31 14:00,,3.97,2206,3.98,3.94,3.94,,8315.0
2018-10-31 14:00,{},3.97,2206,3.98,3.94,3.94,6.8484,8315.0
2018-10-31 15:00,{},3.95,2206,3.98,3.93,3.97,6.8706,8342.0
2018-10-31 15:00,,3.95,2206,3.98,3.93,3.97,,8342.0
2018-11-01 10:30,{},3.98,2206,4.0,3.94,3.99,6.7364,8179.0
2018-11-01 10:30,,3.98,2206,4.0,3.94,3.99,,8179.0
2018-11-01 11:30,,3.97,2206,3.99,3.95,3.98,,6854.0
2018-11-01 11:30,{},3.97,2206,3.99,3.95,3.98,5.6451,6854.0
2018-11-01 14:00,,3.98,2206,3.99,3.95,3.97,,10979.0
2018-11-01 14:00,{},3.98,2206,3.99,3.95,3.97,9.0425,10979.0
2018-11-01 15:00,,3.93,2206,3.98,3.92,3.98,,7242.0
2018-11-01 15:00,{},3.93,2206,3.98,3.92,3.98,5.9647,7242.0
2018-11-02 10:30,{},3.96,2206,4.02,3.94,3.98,18.375,22310.0
2018-11-02 10:30,,3.96,2206,4.02,3.94,3.98,,22310.0
2018-11-02 11:30,{},3.93,2206,3.97,3.92,3.96,7.6778,9322.0
2018-11-02 11:30,,3.93,2206,3.97,3.92,3.96,,9322.0
2018-11-02 14:00,{},3.98,2206,4.0,3.93,3.93,19.3229,23461.0
2018-11-02 14:00,,3.98,2206,4.0,3.93,3.93,,23461.0
2018-11-02 15:00,{},4.0,2206,4.01,3.98,3.98,9.8192,11922.0
2018-11-02 15:00,,4.0,2206,4.01,3.98,3.98,,11922.0
2018-11-05 10:30,,4.05,2206,4.06,3.97,3.99,,16978.0
2018-11-05 10:30,{},4.05,2206,4.06,3.97,3.99,13.9834,16978.0
2018-11-05 11:30,{},4.06,2206,4.06,3.99,4.05,14.3491,17422.0
2018-11-05 11:30,,4.06,2206,4.06,3.99,4.05,,17422.0
2018-11-05 14:00,,4.06,2206,4.06,4.01,4.06,,14795.0
2018-11-05 14:00,{},4.06,2206,4.06,4.01,4.06,12.1855,14795.0
2018-11-05 15:00,,4.09,2206,4.11,4.06,4.06,,17636.0
2018-11-05 15:00,{},4.09,2206,4.11,4.06,4.06,14.5254,17636.0
2018-11-06 10:30,{},4.04,2206,4.09,4.03,4.06,7.2767,8835.0
2018-11-06 10:30,,4.04,2206,4.09,4.03,4.06,,8835.0
2018-11-06 11:30,{},4.04,2206,4.07,4.01,4.04,6.9637,8455.0
2018-11-06 11:30,,4.04,2206,4.07,4.01,4.04,,8455.0
2018-11-06 14:00,{},4.06,2206,4.07,4.03,4.04,10.2055,12391.0
2018-11-06 14:00,,4.06,2206,4.07,4.03,4.04,,12391.0
2018-11-06 15:00,{},4.05,2206,4.06,4.02,4.06,11.3338,13761.0
2018-11-06 15:00,,4.05,2206,4.06,4.02,4.06,,13761.0
2018-11-07 10:30,{},4.03,2206,4.07,4.02,4.02,7.84,9519.0
2018-11-07 10:30,,4.03,2206,4.07,4.02,4.02,,9519.0
2018-11-07 11:30,,4.04,2206,4.04,4.01,4.03,,8313.0
2018-11-07 11:30,{},4.04,2206,4.04,4.01,4.03,6.8467,8313.0
2018-11-07 14:00,{},4.01,2206,4.05,4.01,4.04,7.2742,8832.0
2018-11-07 14:00,,4.01,2206,4.05,4.01,4.04,,8832.0
2018-11-07 15:00,{},4.02,2206,4.04,4.01,4.01,8.4569,10268.0
2018-11-07 15:00,,4.02,2206,4.04,4.01,4.01,,10268.0
2018-11-08 10:30,{},4.0,2206,4.05,3.98,4.04,11.8255,14358.0
2018-11-08 10:30,,4.0,2206,4.05,3.98,4.04,,14358.0
2018-11-08 11:30,{},4.0,2206,4.01,3.98,4.0,5.0966,6188.0
2018-11-08 11:30,,4.0,2206,4.01,3.98,4.0,,6188.0
2018-11-08 14:00,{},4.0,2206,4.01,3.98,4.0,6.0783,7380.0
2018-11-08 14:00,,4.0,2206,4.01,3.98,4.0,,7380.0
2018-11-08 15:00,{},3.94,2206,4.0,3.93,4.0,11.1411,13527.0
2018-11-08 15:00,,3.94,2206,4.0,3.93,4.0,,13527.0
2018-11-09 10:30,{},3.95,2206,3.98,3.9,3.92,11.1526,13541.0
2018-11-09 10:30,,3.95,2206,3.98,3.9,3.92,,13541.0
2018-11-09 11:30,{},3.97,2206,3.98,3.95,3.95,5.4993,6677.0
2018-11-09 11:30,,3.97,2206,3.98,3.95,3.95,,6677.0
2018-11-09 14:00,,3.96,2206,3.98,3.95,3.97,,6191.0
2018-11-09 14:00,{},3.96,2206,3.98,3.95,3.97,5.099,6191.0
2018-11-09 15:00,,3.96,2206,3.98,3.95,3.96,,16444.0
2018-11-09 15:00,{},3.96,2206,3.98,3.95,3.96,13.5436,16444.0
2018-11-12 10:30,,4.0,2206,4.01,3.92,3.92,,14048.0
2018-11-12 10:30,{},4.0,2206,4.01,3.92,3.92,11.5702,14048.0
2018-11-12 11:30,{},3.98,2206,4.0,3.97,4.0,12.2662,14893.0
2018-11-12 11:30,,3.98,2206,4.0,3.97,4.0,,14893.0
2018-11-12 14:00,,4.01,2206,4.02,3.97,3.98,,16361.0
2018-11-12 14:00,{},4.01,2206,4.02,3.97,3.98,13.4752,16361.0
2018-11-12 15:00,,4.04,2206,4.05,4.0,4.01,,21146.0
2018-11-12 15:00,{},4.04,2206,4.05,4.0,4.01,17.4163,21146.0
2018-11-13 10:30,,4.06,2206,4.07,3.98,4.0,,15773.0
2018-11-13 10:30,{},4.06,2206,4.07,3.98,4.0,12.991,15773.0
2018-11-13 11:30,{},4.07,2206,4.08,4.03,4.06,10.0226,12169.0
2018-11-13 11:30,,4.07,2206,4.08,4.03,4.06,,12169.0
2018-11-13 14:00,,4.12,2206,4.13,4.06,4.07,,46592.0
2018-11-13 14:00,{},4.12,2206,4.13,4.06,4.07,38.3741,46592.0
2018-11-13 15:00,,4.1,2206,4.12,4.1,4.12,,18123.0
2018-11-13 15:00,{},4.1,2206,4.12,4.1,4.12,14.9265,18123.0
2018-11-14 10:30,,4.13,2206,4.15,4.08,4.09,,16193.0
2018-11-14 10:30,{},4.13,2206,4.15,4.08,4.09,13.3369,16193.0
2018-11-14 11:30,,4.25,2206,4.28,4.13,4.13,,48552.0
2018-11-14 11:30,{},4.25,2206,4.28,4.13,4.13,39.9884,48552.0
2018-11-14 14:00,{},4.3,2206,4.4,4.25,4.25,52.9357,64272.0
2018-11-14 14:00,,4.3,2206,4.4,4.25,4.25,,64272.0
2018-11-14 15:00,,4.35,2206,4.36,4.29,4.3,,48686.0
2018-11-14 15:00,{},4.35,2206,4.36,4.29,4.3,40.0987,48686.0
2018-11-15 10:30,{},4.27,2206,4.34,4.24,4.3,25.7925,31316.0
2018-11-15 10:30,,4.27,2206,4.34,4.24,4.3,,31316.0
2018-11-15 11:30,,4.23,2206,4.3,4.23,4.27,,17805.0
2018-11-15 11:30,{},4.23,2206,4.3,4.23,4.27,14.6645,17805.0
2018-11-15 14:00,,4.28,2206,4.3,4.23,4.23,,15243.0
2018-11-15 14:00,{},4.28,2206,4.3,4.23,4.23,12.5544,15243.0
2018-11-15 15:00,,4.33,2206,4.35,4.27,4.28,,22978.0
2018-11-15 15:00,{},4.33,2206,4.35,4.27,4.28,18.9251,22978.0
2018-11-16 10:30,{},4.26,2206,4.35,4.25,4.34,15.9897,19414.0
2018-11-16 10:30,,4.26,2206,4.35,4.25,4.34,,19414.0
2018-11-16 11:30,,4.34,2206,4.34,4.26,4.26,,9474.0
2018-11-16 11:30,{},4.34,2206,4.34,4.26,4.26,7.803,9474.0
2018-11-16 14:00,{},4.35,2206,4.37,4.31,4.34,16.2731,19758.0
2018-11-16 14:00,,4.35,2206,4.37,4.31,4.34,,19758.0
2018-11-16 15:00,{},4.36,2206,4.38,4.29,4.35,28.0228,34024.0
2018-11-16 15:00,,4.36,2206,4.38,4.29,4.35,,34024.0
2018-11-19 10:30,{},4.3,2206,4.38,4.3,4.37,12.164000000000001,14769.0
2018-11-19 10:30,{},4.3,2206,4.38,4.3,4.37,12.164,14769.0
2018-11-19 10:30,,4.3,2206,4.38,4.3,4.37,,14769.0
2018-11-19 11:30,{},4.32,2206,4.33,4.24,4.3,21.6357,26269.0
2018-11-19 11:30,,4.32,2206,4.33,4.24,4.3,,26269.0
2018-11-19 14:00,{},4.35,2206,4.35,4.31,4.32,5.9745,7254.0
2018-11-19 14:00,,4.35,2206,4.35,4.31,4.32,,7254.0
2018-11-19 15:00,,4.32,2206,4.35,4.32,4.35,,6786.0
2018-11-19 15:00,{},4.32,2206,4.35,4.32,4.35,5.5891,6786.0
2018-11-20 10:30,{},4.29,2206,4.34,4.27,4.3,11.4005,13842.0
2018-11-20 10:30,,4.29,2206,4.34,4.27,4.3,,13842.0
2018-11-20 11:30,,4.24,2206,4.29,4.23,4.29,,11444.0
2018-11-20 11:30,{},4.24,2206,4.29,4.23,4.29,9.4255,11444.0
2018-11-20 14:00,,4.25,2206,4.28,4.23,4.24,,8527.0
2018-11-20 14:00,{},4.25,2206,4.28,4.23,4.24,7.023,8527.0
2018-11-20 15:00,{},4.22,2206,4.27,4.2,4.25,9.1743,11139.0
2018-11-20 15:00,,4.22,2206,4.27,4.2,4.25,,11139.0
2018-11-21 10:30,,4.2,2206,4.24,4.14,4.15,,13027.0
2018-11-21 10:30,{},4.2,2206,4.24,4.14,4.15,10.7293,13027.0
2018-11-21 11:30,{},4.23,2206,4.23,4.2,4.2,4.2639,5177.0
2018-11-21 11:30,,4.23,2206,4.23,4.2,4.2,,5177.0
2018-11-21 14:00,,4.26,2206,4.26,4.23,4.23,,9536.0
2018-11-21 14:00,{},4.26,2206,4.26,4.23,4.23,7.854,9536.0
2018-11-21 15:00,,4.25,2206,4.28,4.24,4.26,,10557.0
2018-11-21 15:00,{},4.25,2206,4.28,4.24,4.26,8.695,10557.0
2018-11-22 10:30,,4.25,2206,4.28,4.24,4.26,,5710.0
2018-11-22 10:30,{},4.25,2206,4.28,4.24,4.26,4.7029,5710.0
2018-11-22 11:30,,4.25,2206,4.27,4.24,4.25,,6260.0
2018-11-22 11:30,{},4.25,2206,4.27,4.24,4.25,5.1559,6260.0
2018-11-22 14:00,{},4.26,2206,4.26,4.25,4.25,4.8182,5850.0
2018-11-22 14:00,,4.26,2206,4.26,4.25,4.25,,5850.0
2018-11-22 15:00,{},4.25,2206,4.27,4.25,4.26,6.2447,7582.0
2018-11-22 15:00,,4.25,2206,4.27,4.25,4.26,,7582.0
2018-11-23 10:30,{},4.13,2206,4.26,4.12,4.25,13.1861,16010.0
2018-11-23 10:30,,4.13,2206,4.26,4.12,4.25,,16010.0
2018-11-23 11:30,{},4.1,2206,4.15,4.1,4.13,8.4223,10226.0
2018-11-23 11:30,,4.1,2206,4.15,4.1,4.13,,10226.0
2018-11-23 14:00,{},4.12,2206,4.12,4.07,4.1,17.2853,20987.0
2018-11-23 14:00,,4.12,2206,4.12,4.07,4.1,,20987.0
2018-11-23 15:00,,4.09,2206,4.17,4.09,4.12,,27117.0
2018-11-23 15:00,{},4.09,2206,4.17,4.09,4.12,22.3341,27117.0
2018-11-26 10:30,{},4.21,2206,4.22,4.07,4.08,13.07,15869.0
2018-11-26 10:30,,4.21,2206,4.22,4.07,4.08,,15869.0
2018-11-26 11:30,{},4.15,2206,4.21,4.13,4.21,16.1289,19583.0
2018-11-26 11:30,,4.15,2206,4.21,4.13,4.21,,19583.0
2018-11-26 14:00,{},4.19,2206,4.21,4.15,4.15,12.6261,15330.0
2018-11-26 14:00,,4.19,2206,4.21,4.15,4.15,,15330.0
2018-11-26 15:00,,4.18,2206,4.21,4.17,4.2,,12918.0
2018-11-26 15:00,{},4.18,2206,4.21,4.17,4.2,10.6395,12918.0
2018-11-27 10:30,,4.18,2206,4.23,4.15,4.23,,5467.0
2018-11-27 10:30,{},4.18,2206,4.23,4.15,4.23,4.5027,5467.0
2018-11-27 11:30,,4.17,2206,4.19,4.17,4.17,,3983.0
2018-11-27 11:30,{},4.17,2206,4.19,4.17,4.17,3.2805,3983.0
2018-11-27 14:00,,4.15,2206,4.19,4.15,4.17,,3636.0
2018-11-27 14:00,{},4.15,2206,4.19,4.15,4.17,2.9947,3636.0
2018-11-27 15:00,,4.19,2206,4.19,4.15,4.15,,2821.0
2018-11-27 15:00,{},4.19,2206,4.19,4.15,4.15,2.3234,2821.0
2018-11-28 10:30,{},4.18,2206,4.19,4.13,4.17,5.4886,6664.0
2018-11-28 10:30,,4.18,2206,4.19,4.13,4.17,,6664.0
2018-11-28 11:30,,4.18,2206,4.19,4.15,4.18,,4060.0
2018-11-28 11:30,{},4.18,2206,4.19,4.15,4.18,3.3439,4060.0
2018-11-28 14:00,,4.16,2206,4.18,4.14,4.18,,7394.0
2018-11-28 14:00,{},4.16,2206,4.18,4.14,4.18,6.0898,7394.0
2018-11-28 15:00,{},4.17,2206,4.19,4.14,4.16,12.7925,15532.0
2018-11-28 15:00,,4.17,2206,4.19,4.14,4.16,,15532.0
2018-11-29 10:30,{},4.13,2206,4.2,4.13,4.2,12.4902,15165.0
2018-11-29 10:30,,4.13,2206,4.2,4.13,4.2,,15165.0
2018-11-29 11:30,,4.12,2206,4.14,4.11,4.13,,7088.0
2018-11-29 11:30,{},4.12,2206,4.14,4.11,4.13,5.8378,7088.0
2018-11-29 14:00,{},4.1,2206,4.13,4.09,4.12,8.2,9956.0
2018-11-29 14:00,,4.1,2206,4.13,4.09,4.12,,9956.0
2018-11-29 15:00,,4.05,2206,4.12,4.05,4.1,,12101.0
2018-11-29 15:00,{},4.05,2206,4.12,4.05,4.1,9.9666,12101.0
2018-11-30 10:30,,4.03,2206,4.1,4.01,4.05,,13493.0
2018-11-30 10:30,{},4.03,2206,4.1,4.01,4.05,11.1131,13493.0
2018-11-30 11:30,,3.96,2206,4.03,3.96,4.03,,10984.0
2018-11-30 11:30,{},3.96,2206,4.03,3.96,4.03,9.0466,10984.0
2018-11-30 14:00,{},3.92,2206,3.99,3.91,3.96,16.6412,20205.0
2018-11-30 14:00,,3.92,2206,3.99,3.91,3.96,,20205.0
2018-11-30 15:00,,4.0,2206,4.04,3.91,3.92,,28376.0
2018-11-30 15:00,{},4.0,2206,4.04,3.91,3.92,23.371,28376.0
2018-12-03 10:30,,4.21,2206,4.3,4.06,4.08,,65714.0
2018-12-03 10:30,{},4.21,2206,4.3,4.06,4.08,54.1233,65714.0
2018-12-03 11:30,,4.23,2206,4.25,4.19,4.21,,32399.0
2018-12-03 11:30,{},4.23,2206,4.25,4.19,4.21,26.6844,32399.0
2018-12-03 14:00,{},4.2,2206,4.23,4.19,4.23,8.746,10619.0
2018-12-03 14:00,,4.2,2206,4.23,4.19,4.23,,10619.0
2018-12-03 15:00,{},4.18,2206,4.22,4.16,4.2,15.979000000000001,19401.0
2018-12-03 15:00,,4.18,2206,4.22,4.16,4.2,,19401.0
2018-12-03 15:00,{},4.18,2206,4.22,4.16,4.2,15.979,19401.0
2018-12-04 10:30,,4.17,2206,4.2,4.16,4.18,,9540.0
2018-12-04 10:30,{},4.17,2206,4.2,4.16,4.18,7.8573,9540.0
2018-12-04 11:30,{},4.16,2206,4.19,4.14,4.17,11.8865,14432.0
2018-12-04 11:30,,4.16,2206,4.19,4.14,4.17,,14432.0
2018-12-04 14:00,,4.13,2206,4.16,4.12,4.15,,8293.0
2018-12-04 14:00,{},4.13,2206,4.16,4.12,4.15,6.8303,8293.0
2018-12-04 15:00,,4.15,2206,4.16,4.12,4.13,,11475.0
2018-12-04 15:00,{},4.15,2206,4.16,4.12,4.13,9.451,11475.0
2018-12-05 10:30,,4.09,2206,4.1,4.06,4.09,,15476.0
2018-12-05 10:30,{},4.09,2206,4.1,4.06,4.09,12.7463,15476.0
2018-12-05 11:30,{},4.12,2206,4.13,4.07,4.09,6.9711,8464.0
2018-12-05 11:30,,4.12,2206,4.13,4.07,4.09,,8464.0
2018-12-05 14:00,,4.09,2206,4.12,4.08,4.12,,4899.0
2018-12-05 14:00,{},4.09,2206,4.12,4.08,4.12,4.0349,4899.0
2018-12-05 15:00,,4.09,2206,4.1,4.07,4.09,,6023.0
2018-12-05 15:00,{},4.09,2206,4.1,4.07,4.09,4.9607,6023.0
2018-12-06 10:30,{},4.02,2206,4.14,4.02,4.12,12.6417,15349.0
2018-12-06 10:30,,4.02,2206,4.14,4.02,4.12,,15349.0
2018-12-06 11:30,,4.02,2206,4.04,4.01,4.02,,10160.0
2018-12-06 11:30,{},4.02,2206,4.04,4.01,4.02,8.368,10160.0
2018-12-06 14:00,{},3.99,2206,4.03,3.98,4.02,10.7301,13028.0
2018-12-06 14:00,,3.99,2206,4.03,3.98,4.02,,13028.0
2018-12-06 15:00,{},4.0,2206,4.03,3.99,3.99,10.5094,12760.0
2018-12-06 15:00,,4.0,2206,4.03,3.99,3.99,,12760.0
2018-12-07 10:30,,4.0,2206,4.03,3.98,4.0,,7688.0
2018-12-07 10:30,{},4.0,2206,4.03,3.98,4.0,6.332000000000001,7688.0
2018-12-07 10:30,{},4.0,2206,4.03,3.98,4.0,6.3320000000000025,7688.0
2018-12-07 10:30,{},4.0,2206,4.03,3.98,4.0,6.332000000000002,7688.0
2018-12-07 11:30,{},4.0,2206,4.01,3.98,4.0,2.8876,3506.0
2018-12-07 11:30,,4.0,2206,4.01,3.98,4.0,,3506.0
2018-12-07 14:00,,4.02,2206,4.03,3.99,4.0,,5009.0
2018-12-07 14:00,{},4.02,2206,4.03,3.99,4.0,4.1255,5009.0
2018-12-07 15:00,{},4.03,2206,4.03,4.01,4.02,3.2648,3964.0
2018-12-07 15:00,,4.03,2206,4.03,4.01,4.02,,3964.0
2018-12-10 10:30,{},3.98,2206,4.02,3.96,4.02,7.0642,8577.0
2018-12-10 11:30,{},3.98,2206,3.99,3.96,3.98,6.4341,7812.0
2018-12-10 14:00,{},3.96,2206,3.98,3.94,3.98,9.4206,11438.0
2018-12-10 15:00,{},3.98,2206,3.99,3.96,3.96,11.0192,13379.0
2018-12-11 10:30,{},3.98,2206,3.99,3.96,3.99,5.9737,7253.0
2018-12-11 11:30,{},3.96,2206,3.98,3.96,3.98,4.4797,5439.0
2018-12-11 14:00,{},3.96,2206,3.97,3.94,3.96,7.5468,9163.0
2018-12-11 15:00,{},3.97,2206,3.97,3.95,3.96,8.7164,10583.0
2018-12-12 10:30,{},3.99,2206,4.0,3.96,3.99,5.496,6673.0
2018-12-12 11:30,{},3.98,2206,3.99,3.97,3.99,2.5540000000000003,3101.0
2018-12-12 14:00,{},3.96,2206,3.99,3.96,3.98,2.5944,3150.0
2018-12-12 15:00,{},3.95,2206,3.97,3.93,3.96,8.1061,9842.0
2018-12-13 10:30,{},3.99,2206,3.99,3.93,3.96,6.3872,7755.0
2018-12-13 11:30,{},4.03,2206,4.03,3.99,3.99,8.2403,10005.0
2018-12-13 14:00,{},4.01,2206,4.03,3.98,4.03,9.946,12076.0
2018-12-13 15:00,{},4.01,2206,4.02,3.99,4.01,5.4507,6618.0
2018-12-14 10:30,{},4.0,2206,4.02,3.98,4.0,3.9287,4770.0
2018-12-14 11:30,{},4.0,2206,4.01,3.97,4.0,4.3858,5325.0
2018-12-14 14:00,{},3.98,2206,4.0,3.96,4.0,6.2636,7605.0
2018-12-14 15:00,{},3.96,2206,3.99,3.96,3.98,7.3978,8982.0
2018-12-17 10:30,{},3.94,2206,3.98,3.92,3.98,6.0297,7321.0
2018-12-17 11:30,{},3.94,2206,3.96,3.94,3.94,4.1963,5095.0
2018-12-17 14:00,{},3.94,2206,3.95,3.93,3.94,4.744,5760.0
2018-12-17 15:00,{},3.96,2206,3.96,3.91,3.94,9.1101,11061.0
2018-12-18 10:30,{},3.92,2206,3.95,3.92,3.95,2.5969,3153.0
2018-12-18 11:30,{},3.9,2206,3.95,3.88,3.92,7.5921,9218.0
2018-12-18 14:00,{},3.88,2206,3.92,3.88,3.9,5.3593,6507.0
2018-12-18 15:00,{},3.89,2206,3.91,3.88,3.88,7.4315,9023.0
2018-12-19 10:30,{},3.87,2206,3.92,3.86,3.92,5.0768,6164.0
2018-12-19 11:30,{},3.87,2206,3.89,3.86,3.87,1.4982,1819.0
2018-12-19 14:00,{},3.86,2206,3.88,3.83,3.87,4.7202,5731.0
2018-12-19 15:00,{},3.83,2206,3.89,3.76,3.86,11.5233,13991.0
2018-12-20 10:30,{},3.81,2206,3.84,3.78,3.84,6.0281,7319.0
2018-12-20 11:30,{},3.81,2206,3.83,3.8,3.81,2.2452,2726.0
2018-12-20 14:00,{},3.83,2206,3.84,3.79,3.81,5.5948,6793.0
2018-12-20 15:00,{},3.82,2206,3.84,3.81,3.83,2.9996,3642.0
2018-12-21 10:30,{},3.78,2206,3.83,3.76,3.83,7.3879,8970.0
2018-12-21 11:30,{},3.84,2206,3.86,3.77,3.78,8.6974,10560.0
2018-12-21 14:00,{},3.84,2206,3.88,3.83,3.84,11.6056,14091.0
2018-12-21 15:00,{},3.81,2206,3.86,3.78,3.84,9.0598,11000.0
2018-12-24 10:30,{},3.8,2206,3.84,3.79,3.81,7.1482,8679.0
2018-12-24 11:30,{},3.81,2206,3.81,3.76,3.8,6.5774,7986.0
2018-12-24 14:00,{},3.79,2206,3.82,3.78,3.81,8.5096,10332.0
2018-12-24 15:00,{},3.8,2206,3.83,3.78,3.79,14.0131,17014.0
2018-12-25 10:30,{},3.68,2206,3.79,3.68,3.78,15.0632,18289.0
2018-12-25 11:30,{},3.75,2206,3.75,3.68,3.68,9.6339,11697.0
2018-12-25 14:00,{},3.77,2206,3.77,3.73,3.75,6.1837,7508.0
2018-12-25 15:00,{},3.84,2206,3.84,3.77,3.77,11.5068,13971.0
2018-12-26 10:30,{},3.85,2206,3.86,3.8,3.84,7.064,6453.0
2018-12-26 11:30,{},3.83,2206,3.86,3.82,3.85,6.4685,5909.0
2018-12-26 14:00,{},3.83,2206,3.85,3.81,3.83,7.7099,7043.0
2018-12-26 15:00,{},3.81,2206,3.85,3.8,3.83,10.2255,9341.0
2018-12-27 10:30,{},3.86,2206,3.9,3.85,3.87,9.9627,9101.0
2018-12-27 11:30,{},3.87,2206,3.87,3.85,3.86,2.1478,1962.0
2018-12-27 14:00,{},3.84,2206,3.87,3.84,3.87,5.8752,5367.0
2018-12-27 15:00,{},3.81,2206,3.85,3.81,3.84,9.1165,8328.0
2018-12-28 10:30,{},3.85,2206,3.85,3.79,3.8,5.7263,5231.0
2018-12-28 11:30,{},3.84,2206,3.85,3.83,3.85,3.4975,3195.0
2018-12-28 14:00,{},3.82,2206,3.85,3.79,3.84,11.1264,10164.0
2018-12-28 15:00,{},3.81,2206,3.85,3.79,3.82,12.2966,11233.0
2019-01-02 10:30,{},3.8,2206,3.86,3.78,3.81,6.7104,6130.0
2019-01-02 11:30,{},3.8,2206,3.82,3.79,3.8,2.7378,2501.0
2019-01-02 14:00,{},3.81,2206,3.82,3.79,3.8,5.9102,5399.0
2019-01-02 15:00,{},3.82,2206,3.82,3.8,3.81,6.3317,5784.0
2019-01-03 10:30,{},3.8,2206,3.84,3.79,3.8,11.8347,10811.0
2019-01-03 11:30,{},3.79,2206,3.82,3.78,3.8,8.6787,7928.0
2019-01-03 14:00,{},3.77,2206,3.81,3.76,3.79,12.5845,11496.0
2019-01-03 15:00,{},3.75,2206,3.77,3.71,3.77,17.2512,15759.0
2019-01-04 10:30,{},3.76,2206,3.76,3.7,3.71,9.9824,9119.0
2019-01-04 11:30,{},3.78,2206,3.79,3.75,3.76,20.6874,18898.0
2019-01-04 14:00,{},3.85,2206,3.86,3.78,3.78,27.9178,25503.0
2019-01-04 15:00,{},3.84,2206,3.85,3.8,3.85,37.3923,34158.0
2019-01-07 10:30,{},3.84,2206,3.89,3.84,3.86,14.8702,13584.0
2019-01-07 11:30,{},3.86,2206,3.87,3.84,3.84,9.5205,8697.0
2019-01-07 14:00,{},3.86,2206,3.87,3.85,3.86,9.2961,8492.0
2019-01-07 15:00,{},3.89,2206,3.91,3.86,3.86,10.2255,9341.0
2019-01-08 10:30,{},3.87,2206,3.9,3.86,3.9,7.2589,6631.0
2019-01-08 11:30,{},3.87,2206,3.88,3.86,3.87,3.1516,2879.0
2019-01-08 14:00,{},3.86,2206,3.88,3.86,3.87,2.9885,2730.0
2019-01-08 15:00,{},3.85,2206,3.88,3.85,3.86,8.0591,7362.0
2019-01-09 10:30,{},3.9,2206,3.91,3.85,3.85,11.4646,10473.0
2019-01-09 11:30,{},3.9,2206,3.92,3.89,3.9,9.9387,9079.0
2019-01-09 14:00,{},3.94,2206,3.95,3.89,3.9,21.007,19190.0
2019-01-09 14:00,{},3.94,2206,3.95,3.89,3.9,21.006999999999998,19190.0
2019-01-09 15:00,{},3.91,2206,3.94,3.9,3.94,8.7903,8030.0
2019-01-10 10:30,{},3.93,2206,3.94,3.9,3.91,7.2556,6628.0
2019-01-10 11:30,{},3.94,2206,3.96,3.93,3.93,5.2687,4813.0
2019-01-10 14:00,{},3.95,2206,3.95,3.93,3.94,3.8631,3529.0
2019-01-10 15:00,{},4.07,2206,4.18,3.94,3.95,69.9778,63925.0
2019-01-11 10:30,{},3.99,2206,4.06,3.98,4.03,19.885,18165.0
2019-01-11 11:30,{},3.99,2206,4.01,3.97,3.99,4.7148,4307.0
2019-01-11 14:00,{},3.99,2206,4.01,3.98,3.99,9.4351,8619.0
2019-01-11 15:00,{},4.0,2206,4.02,3.99,3.99,11.1603,10195.0
2019-01-14 10:30,{},3.98,2206,4.01,3.96,4.01,8.5462,7807.0
2019-01-14 11:30,{},3.98,2206,3.99,3.97,3.98,2.8199,2576.0
2019-01-14 14:00,{},3.96,2206,3.99,3.96,3.98,6.1751,5641.0
2019-01-14 15:00,{},3.96,2206,3.98,3.96,3.96,5.1965,4747.0
2019-01-15 10:30,{},4.0,2206,4.06,3.93,3.94,19.0038,17360.0
2019-01-15 11:30,{},4.02,2206,4.02,3.99,4.0,4.9819,4551.0
2019-01-15 14:00,{},4.0,2206,4.03,3.98,4.02,4.451,4066.0
2019-01-15 14:00,{},4.0,2206,4.03,3.98,4.02,4.4510000000000005,4066.0
2019-01-15 15:00,{},4.0,2206,4.02,3.99,4.0,6.4116,5857.0
2019-01-16 10:30,{},3.99,2206,4.03,3.97,3.97,5.3169,4857.0
2019-01-16 11:30,{},4.01,2206,4.01,3.98,3.99,11.4778,10485.0
2019-01-16 14:00,{},4.02,2206,4.04,4.0,4.01,13.7142,12528.0
2019-01-16 15:00,{},4.0,2206,4.03,3.99,4.02,7.33,6696.0
2019-01-17 10:30,{},3.99,2206,4.01,3.97,4.0,11.9376,10905.0
2019-01-17 11:30,{},4.02,2206,4.02,3.99,3.99,10.3765,9479.0
2019-01-17 14:00,{},4.02,2206,4.04,4.0,4.02,14.7706,13493.0
2019-01-17 15:00,{},4.02,2206,4.04,4.01,4.02,8.3776,7653.0
2019-01-18 10:30,{},4.06,2206,4.06,3.99,4.01,15.1942,13880.0
2019-01-18 11:30,{},4.09,2206,4.11,4.04,4.06,20.5133,18739.0
2019-01-18 14:00,{},4.1,2206,4.12,4.07,4.09,25.0705,22902.0
2019-01-18 15:00,{},4.08,2206,4.1,4.07,4.1,8.2605,7546.0
2019-01-21 10:30,{},4.14,2206,4.16,4.06,4.12,26.6381,24334.0
2019-01-21 11:30,{},4.16,2206,4.22,4.14,4.14,42.1859,38537.0
2019-01-21 14:00,{},4.15,2206,4.19,4.14,4.16,22.9402,20956.0
2019-01-21 15:00,{},4.19,2206,4.2,4.12,4.15,27.4996,25121.0
2019-01-22 10:30,{},4.15,2206,4.18,4.1,4.16,17.3267,15828.0
2019-01-22 11:30,{},4.15,2206,4.16,4.12,4.15,13.029000000000002,11902.0
2019-01-22 11:30,{},4.15,2206,4.16,4.12,4.15,13.029,11902.0
2019-01-22 14:00,{},4.13,2206,4.16,4.12,4.15,13.4811,12315.0
2019-01-22 15:00,{},4.11,2206,4.13,4.11,4.13,13.2588,12112.0
2019-01-23 10:30,{},4.09,2206,4.12,4.06,4.12,22.8067,20834.0
2019-01-23 11:30,{},4.09,2206,4.1,4.05,4.09,18.833,17204.0
2019-01-23 14:00,{},4.09,2206,4.12,4.08,4.09,16.4323,15011.0
2019-01-23 15:00,{},4.07,2206,4.1,4.06,4.09,15.5073,14166.0
2019-01-24 10:30,{},4.12,2206,4.13,4.06,4.11,17.6179,16094.0
2019-01-24 11:30,{},4.12,2206,4.14,4.11,4.12,9.3716,8561.0
2019-01-24 14:00,{},4.16,2206,4.17,4.11,4.12,22.8133,20840.0
2019-01-24 15:00,{},4.14,2206,4.17,4.11,4.16,10.9031,9960.0
2019-01-25 10:30,{},4.14,2206,4.16,4.1,4.14,9.9398,9080.0
2019-01-25 11:30,{},4.15,2206,4.16,4.13,4.14,6.0175,5497.0
2019-01-25 14:00,{},4.12,2206,4.15,4.1,4.15,12.4269,11352.0
2019-01-25 15:00,{},4.07,2206,4.13,4.06,4.12,22.5177,20570.0
2019-01-28 10:30,{},4.12,2206,4.15,4.07,4.09,15.0213,13722.0
2019-01-28 11:30,{},4.08,2206,4.16,4.08,4.12,12.394,11322.0
2019-01-28 14:00,{},4.06,2206,4.11,4.06,4.08,12.3152,11250.0
2019-01-28 15:00,{},4.05,2206,4.06,4.04,4.06,9.8379,8987.0
2019-01-29 10:30,{},4.0,2206,4.09,3.98,4.06,13.8839,12683.0
2019-01-29 11:30,{},4.06,2206,4.06,4.0,4.0,5.6551,5166.0
2019-01-29 14:00,{},4.04,2206,4.07,4.03,4.06,9.1483,8357.0
2019-01-29 15:00,{},4.09,2206,4.11,4.03,4.04,24.5965,22469.0
2019-01-30 10:30,{},4.06,2206,4.09,4.03,4.09,11.6102,10606.0
2019-01-30 11:30,{},4.04,2206,4.06,4.04,4.06,2.4357,2225.0
2019-01-30 14:00,{},4.02,2206,4.05,4.02,4.04,5.434,4964.0
2019-01-30 15:00,{},3.9,2206,4.03,3.87,4.02,28.545,26076.0
2019-01-31 10:30,{},3.93,2206,3.96,3.9,3.92,11.5446,10546.0
2019-01-31 11:30,{},3.92,2206,3.95,3.91,3.93,8.9742,8198.0
2019-01-31 14:00,{},3.88,2206,3.94,3.88,3.92,13.7569,12567.0
2019-01-31 15:00,{},3.88,2206,3.9,3.82,3.88,18.8385,17209.0
2019-02-01 10:30,{},3.96,2206,3.96,3.88,3.88,7.9978,7306.0
2019-02-01 11:30,{},4.0,2206,4.02,3.94,3.96,9.3377,8530.0
2019-02-01 14:00,{},4.0,2206,4.02,3.98,4.0,4.5627,4168.0
2019-02-01 15:00,{},4.03,2206,4.04,4.0,4.0,6.2561,5715.0
2019-02-11 10:30,{},4.04,2206,4.06,4.01,4.03,13.5413,12370.0
2019-02-11 11:30,{},4.03,2206,4.06,4.03,4.04,6.9436,6343.0
2019-02-11 14:00,{},4.04,2206,4.06,4.01,4.03,12.9622,11841.0
2019-02-11 15:00,{},4.08,2206,4.09,4.04,4.04,25.1964,23017.0
2019-02-12 10:30,{},4.1,2206,4.11,4.06,4.09,11.8839,10856.0
2019-02-12 11:30,{},4.11,2206,4.11,4.09,4.1,6.4532,5895.0
2019-02-12 14:00,{},4.07,2206,4.11,4.05,4.11,13.5708,12397.0
2019-02-12 15:00,{},4.09,2206,4.09,4.06,4.07,9.7088,8869.0
2019-02-13 10:30,{},4.16,2206,4.16,4.06,4.09,27.4285,25056.0
2019-02-13 11:30,{},4.21,2206,4.22,4.15,4.16,34.4979,31514.0
2019-02-13 14:00,{},4.2,2206,4.21,4.17,4.21,18.9359,17298.0
2019-02-13 15:00,{},4.24,2206,4.28,4.19,4.2,66.5514,60795.0
2019-02-14 10:30,{},4.23,2206,4.23,4.2,4.21,12.6677,11572.0
2019-02-14 11:30,{},4.22,2206,4.25,4.17,4.23,21.1953,19362.0
2019-02-14 14:00,{},4.28,2206,4.28,4.22,4.22,13.0826,11951.0
2019-02-14 15:00,{},4.31,2206,4.32,4.26,4.28,44.7168,40849.0
2019-02-15 10:30,{},4.27,2206,4.3,4.25,4.3,16.0711,14681.0
2019-02-15 11:30,{},4.29,2206,4.29,4.26,4.26,6.705,6125.0
2019-02-15 14:00,{},4.25,2206,4.29,4.24,4.29,18.7574,17135.0
2019-02-15 15:00,{},4.24,2206,4.26,4.22,4.25,15.8303,14461.0
2019-02-18 10:30,{},4.32,2206,4.36,4.23,4.24,14.741,13466.0
2019-02-18 11:30,{},4.4,2206,4.41,4.32,4.32,31.5204,28794.0
2019-02-18 14:00,{},4.36,2206,4.41,4.35,4.4,14.7181,13445.0
2019-02-18 15:00,{},4.37,2206,4.38,4.35,4.36,17.7536,16218.0
2019-02-19 10:30,{},4.35,2206,4.4,4.34,4.37,16.4258,15005.0
2019-02-19 11:30,{},4.35,2206,4.37,4.35,4.36,7.7471,7077.0
2019-02-19 14:00,{},4.31,2206,4.35,4.27,4.35,31.7098,28967.0
2019-02-19 15:00,{},4.3,2206,4.35,4.28,4.31,16.0142,14629.0
2019-02-20 10:30,{},4.31,2206,4.35,4.28,4.33,12.6228,11531.0
2019-02-20 11:30,{},4.28,2206,4.31,4.28,4.31,4.3218,3948.0
2019-02-20 14:00,{},4.26,2206,4.28,4.2,4.28,15.0421,13741.0
2019-02-20 15:00,{},4.33,2206,4.33,4.26,4.26,12.3382,11271.0
2019-02-21 10:30,{},4.3,2206,4.33,4.27,4.31,6.9162,6318.0
2019-02-21 11:30,{},4.34,2206,4.35,4.29,4.3,7.5303,6879.0
2019-02-21 14:00,{},4.36,2206,4.45,4.33,4.34,42.395,38728.0
2019-02-21 15:00,{},4.32,2206,4.37,4.31,4.36,16.9425,15477.0
2019-02-22 10:30,{},4.3,2206,4.33,4.27,4.28,32.8756,30032.0
2019-02-22 11:30,{},4.39,2206,4.4,4.3,4.3,35.9758,32864.0
2019-02-22 14:00,{},4.38,2206,4.4,4.36,4.39,20.5188,18744.0
2019-02-22 15:00,{},4.45,2206,4.47,4.36,4.38,54.071999999999996,49395.0
2019-02-22 15:00,{},4.45,2206,4.47,4.36,4.38,54.072,49395.0
2019-02-25 10:30,{},4.48,2206,4.57,4.45,4.45,67.3648,61538.0
2019-02-25 11:30,{},4.49,2206,4.51,4.47,4.48,26.9972,24662.0
2019-02-25 14:00,{},4.52,2206,4.56,4.49,4.49,45.9079,41937.0
2019-02-25 15:00,{},4.57,2206,4.58,4.52,4.52,45.4448,41514.0
2019-02-26 10:30,{},4.52,2206,4.59,4.5,4.56,53.7721,49121.0
2019-02-26 11:30,{},4.51,2206,4.53,4.46,4.52,29.0825,26567.0
2019-02-26 14:00,{},4.52,2206,4.52,4.49,4.51,30.0075,27412.0
2019-02-26 15:00,{},4.49,2206,4.55,4.48,4.52,26.5045,24212.0
2019-02-27 10:30,{},4.48,2206,4.54,4.46,4.46,27.8006,25396.0
2019-02-27 11:30,{},4.48,2206,4.5,4.46,4.48,19.4745,17790.0
2019-02-27 14:00,{},4.44,2206,4.49,4.42,4.48,33.9024,30970.0
2019-02-27 15:00,{},4.41,2206,4.44,4.39,4.44,28.9205,26419.0
2019-02-28 10:30,{},4.46,2206,4.49,4.42,4.44,32.8242,29985.0
2019-02-28 11:30,{},4.42,2206,4.46,4.4,4.45,21.6748,19800.0
2019-02-28 14:00,{},4.4,2206,4.44,4.38,4.42,16.8954,15434.0
2019-02-28 15:00,{},4.42,2206,4.43,4.39,4.4,15.1308,13822.0
2019-03-01 10:30,{},4.43,2206,4.45,4.4,4.43,24.9205,22765.0
2019-03-01 11:30,{},4.45,2206,4.47,4.43,4.44,28.4936,26029.0
2019-03-01 14:00,{},4.44,2206,4.47,4.39,4.45,35.2894,32237.0
2019-03-01 15:00,{},4.48,2206,4.48,4.43,4.44,20.6425,18857.0
2019-03-04 10:30,{},4.54,2206,4.58,4.52,4.52,50.997,46586.0
2019-03-04 11:30,{},4.56,2206,4.56,4.5,4.54,22.5473,20597.0
2019-03-04 14:00,{},4.53,2206,4.57,4.5,4.56,69.4852,63475.0
2019-03-04 15:00,{},4.44,2206,4.53,4.42,4.53,55.9691,51128.0
2019-03-05 10:30,{},4.46,2206,4.51,4.44,4.45,39.7765,36336.0
2019-03-05 11:30,{},4.47,2206,4.5,4.45,4.46,28.9041,26404.0
2019-03-05 14:00,{},4.47,2206,4.5,4.46,4.47,20.3721,18610.0
2019-03-05 15:00,{},4.52,2206,4.52,4.47,4.47,29.2445,26715.0
2019-03-06 10:30,{},4.58,2206,4.68,4.52,4.55,68.1026,62212.0
2019-03-06 11:30,{},4.6,2206,4.6,4.54,4.58,20.8166,19016.0
2019-03-06 14:00,{},4.61,2206,4.63,4.59,4.6,25.1964,23017.0
2019-03-06 15:00,{},4.62,2206,4.64,4.57,4.61,29.4087,26865.0
2019-03-07 10:30,{},4.63,2206,4.66,4.57,4.63,48.3687,44185.0
2019-03-07 11:30,{},4.63,2206,4.64,4.56,4.63,40.0458,36582.0
2019-03-07 14:00,{},4.78,2206,4.79,4.62,4.63,72.9981,66684.0
2019-03-07 15:00,{},4.72,2206,4.83,4.71,4.77,47.6484,43527.0
2019-03-08 10:30,{},4.69,2206,4.71,4.57,4.63,42.7968,39095.0
2019-03-08 11:30,{},4.62,2206,4.77,4.61,4.69,28.4914,26027.0
2019-03-08 14:00,{},4.57,2206,4.63,4.55,4.62,38.6545,35311.0
2019-03-08 15:00,{},4.5,2206,4.6,4.5,4.57,23.1252,21125.0
2019-03-11 10:30,{},4.53,2206,4.56,4.49,4.51,24.7016,22565.0
2019-03-11 11:30,{},4.6,2206,4.62,4.52,4.53,20.7213,18929.0
2019-03-11 14:00,{},4.61,2206,4.62,4.58,4.6,19.3891,17712.0
2019-03-11 15:00,{},4.67,2206,4.69,4.59,4.61,27.7087,25312.0
2019-03-12 10:30,{},4.72,2206,4.76,4.66,4.68,56.7409,51833.0
2019-03-12 11:30,{},4.71,2206,4.74,4.69,4.72,26.8822,24557.0
2019-03-12 14:00,{},4.68,2206,4.75,4.62,4.71,42.2549,38600.0
2019-03-12 15:00,{},4.71,2206,4.72,4.61,4.68,31.9495,29186.0
2019-03-13 10:30,{},4.64,2206,4.72,4.61,4.7,42.5592,38878.0
2019-03-13 11:30,{},4.67,2206,4.68,4.6,4.64,25.6682,23448.0
2019-03-13 14:00,{},4.62,2206,4.68,4.6,4.67,34.5144,31529.0
2019-03-13 15:00,{},4.56,2206,4.64,4.53,4.62,35.8236,32725.0
2019-03-14 10:30,{},4.44,2206,4.56,4.42,4.53,55.6714,50856.0
2019-03-14 11:30,{},4.41,2206,4.46,4.38,4.44,37.7087,34447.0
2019-03-14 14:00,{},4.41,2206,4.43,4.38,4.41,15.8456,14475.0
2019-03-14 15:00,{},4.34,2206,4.43,4.29,4.41,56.1848,51325.0
2019-03-15 10:30,{},4.44,2206,4.44,4.38,4.38,35.6375,32555.0
2019-03-15 11:30,{},4.46,2206,4.5,4.44,4.44,23.1756,21171.0
2019-03-15 14:00,{},4.47,2206,4.49,4.44,4.46,32.7092,29880.0
2019-03-15 15:00,{},4.51,2206,4.51,4.44,4.47,42.4049,38737.0
2019-03-18 10:30,{},4.58,2206,4.59,4.49,4.51,37.0299,33827.0
2019-03-18 11:30,{},4.65,2206,4.67,4.57,4.58,41.9659,38336.0
2019-03-18 14:00,{},4.66,2206,4.68,4.63,4.65,25.3354,23144.0
2019-03-18 15:00,{},4.65,2206,4.68,4.63,4.66,36.0447,32927.0
2019-03-19 10:30,{},4.68,2206,4.73,4.65,4.71,46.7289,42687.0
2019-03-19 11:30,{},4.66,2206,4.69,4.64,4.68,15.5577,14212.0
2019-03-19 14:00,{},4.7,2206,4.71,4.66,4.66,24.7465,22606.0
2019-03-19 15:00,{},4.71,2206,4.72,4.65,4.7,36.6567,33486.0
2019-03-20 10:30,{},4.69,2206,4.74,4.65,4.68,34.3611,31389.0
2019-03-20 11:30,{},4.63,2206,4.69,4.59,4.69,26.0382,23786.0
2019-03-20 14:00,{},4.63,2206,4.65,4.59,4.63,19.723,18017.0
2019-03-20 15:00,{},4.69,2206,4.7,4.63,4.63,26.6928,24384.0
2019-03-21 10:30,{},4.69,2206,4.72,4.63,4.72,25.3135,23124.0
2019-03-21 11:30,{},4.69,2206,4.71,4.67,4.69,16.6425,15203.0
2019-03-21 14:00,{},4.67,2206,4.71,4.67,4.69,24.8428,22694.0
2019-03-21 15:00,{},4.68,2206,4.7,4.67,4.67,23.2019,21195.0
2019-03-22 10:30,{},4.62,2206,4.7,4.6,4.69,34.1192,31168.0
2019-03-22 11:30,{},4.61,2206,4.64,4.58,4.62,19.6934,17990.0
2019-03-22 14:00,{},4.62,2206,4.65,4.61,4.61,16.3174,14906.0
2019-03-22 15:00,{},4.65,2206,4.69,4.61,4.62,54.4672,49756.0
2019-03-25 10:30,{},4.79,2206,4.83,4.56,4.61,86.7462,79243.0
2019-03-25 11:30,{},4.78,2206,4.91,4.75,4.79,91.2322,83341.0
2019-03-25 14:00,{},4.77,2206,4.83,4.76,4.78,39.4722,36058.0
2019-03-25 15:00,{},4.74,2206,4.81,4.68,4.77,54.0206,49348.0
2019-03-26 10:30,{},4.62,2206,4.76,4.6,4.76,67.656,61804.0
2019-03-26 11:30,{},4.57,2206,4.63,4.56,4.62,53.4864,48860.0
2019-03-26 14:00,{},4.52,2206,4.58,4.5,4.57,44.9817,41091.0
2019-03-26 15:00,{},4.5,2206,4.56,4.47,4.52,42.093999999999994,38453.0
2019-03-26 15:00,{},4.5,2206,4.56,4.47,4.52,42.094,38453.0
2019-03-27 10:30,{},4.57,2206,4.61,4.48,4.55,47.3616,43265.0
2019-03-27 11:30,{},4.58,2206,4.6,4.55,4.57,12.4269,11352.0
2019-03-27 14:00,{},4.64,2206,4.64,4.55,4.58,40.5822,37072.0
2019-03-27 15:00,{},4.65,2206,4.67,4.61,4.64,32.1684,29386.0
2019-03-28 10:30,{},4.7,2206,4.73,4.6,4.65,39.3233,35922.0
2019-03-28 11:30,{},4.67,2206,4.71,4.65,4.7,11.0552,10099.0
2019-03-28 14:00,{},4.63,2206,4.67,4.62,4.67,11.4307,10442.0
2019-03-28 15:00,{},4.64,2206,4.65,4.59,4.63,17.8434,16300.0
2019-03-29 10:30,{},4.64,2206,4.79,4.58,4.62,20.7104,18919.0
2019-03-29 11:30,{},4.67,2206,4.69,4.63,4.64,24.5505,22427.0
2019-03-29 14:00,{},4.68,2206,4.69,4.65,4.67,33.5839,30679.0
2019-03-29 15:00,{},4.72,2206,4.72,4.66,4.68,38.5756,35239.0
2019-04-01 10:30,{},4.88,2206,4.88,4.72,4.72,84.813,77477.0
2019-04-01 11:30,{},4.81,2206,4.9,4.78,4.88,59.3878,54251.0
2019-04-01 14:00,{},4.85,2206,4.86,4.8,4.81,51.9702,47475.0
2019-04-01 15:00,{},4.9,2206,4.92,4.83,4.85,73.0528,66734.0
2019-04-02 10:30,{},4.87,2206,4.94,4.82,4.91,57.02,52088.0
2019-04-02 11:30,{},4.88,2206,4.89,4.84,4.87,18.5703,16964.0
2019-04-02 14:00,{},4.85,2206,4.89,4.84,4.88,23.1449,21143.0
2019-04-02 15:00,{},4.85,2206,4.89,4.83,4.85,27.967,25548.0
2019-04-03 10:30,{},4.87,2206,4.88,4.8,4.82,31.088,28399.0
2019-04-03 11:30,{},4.84,2206,4.87,4.82,4.87,22.4356,20495.0
2019-04-03 14:00,{},4.84,2206,4.85,4.82,4.84,15.989,14606.0
2019-04-03 15:00,{},4.87,2206,4.88,4.82,4.84,37.9615,34678.0
2019-04-04 10:30,{},4.95,2206,4.97,4.85,4.88,52.3282,47802.0
2019-04-04 11:30,{},5.0,2206,5.07,4.94,4.95,94.2919,86136.0
2019-04-04 14:00,{},5.11,2206,5.11,4.99,5.0,80.7758,73789.0
2019-04-04 15:00,{},5.06,2206,5.13,5.04,5.1,66.4365,60690.0
2019-04-08 10:30,{},5.09,2206,5.34,5.09,5.2,122.098,111537.0
2019-04-08 11:30,{},5.11,2206,5.18,5.08,5.09,25.6594,23440.0
2019-04-08 14:00,{},5.16,2206,5.22,5.1,5.11,47.2018,43119.0
2019-04-08 15:00,{},5.11,2206,5.18,5.1,5.16,28.4739,26011.0
2019-04-09 10:30,{},5.08,2206,5.14,5.02,5.11,61.4447,56130.0
2019-04-09 11:30,{},5.12,2206,5.14,5.07,5.08,20.5976,18816.0
2019-04-09 14:00,{},5.08,2206,5.15,5.07,5.12,22.972,20985.0
2019-04-09 15:00,{},5.05,2206,5.1,4.98,5.08,60.3347,55116.0
2019-04-10 10:30,{},5.04,2206,5.09,4.97,5.04,38.4377,35113.0
2019-04-10 11:30,{},5.13,2206,5.15,5.04,5.04,33.4908,30594.0
2019-04-10 14:00,{},5.12,2206,5.15,5.1,5.13,27.8828,25471.0
2019-04-10 15:00,{},5.09,2206,5.13,5.05,5.12,34.4782,31496.0
2019-04-11 10:30,{},5.05,2206,5.12,5.04,5.07,29.7919,27215.0
2019-04-11 11:30,{},5.01,2206,5.09,4.99,5.05,33.493,30596.0
2019-04-11 14:00,{},4.99,2206,5.01,4.97,5.01,23.6387,21594.0
2019-04-11 15:00,{},4.98,2206,5.02,4.95,4.99,22.0306,20125.0
2019-04-12 10:30,{},4.97,2206,5.03,4.96,4.96,19.6923,17989.0
2019-04-12 11:30,{},4.95,2206,4.98,4.94,4.97,15.0125,13714.0
2019-04-12 14:00,{},4.96,2206,4.97,4.95,4.95,13.4033,12244.0
2019-04-12 15:00,{},4.98,2206,4.99,4.95,4.96,12.0131,10974.0
2019-04-15 10:30,{},5.05,2206,5.07,5.01,5.04,25.7218,23497.0
2019-04-15 11:30,{},5.05,2206,5.09,5.04,5.05,13.6398,12460.0
2019-04-15 14:00,{},5.03,2206,5.07,5.02,5.05,11.8139,10792.0
2019-04-15 15:00,{},4.94,2206,5.03,4.9,5.03,29.7371,27165.0
2019-04-16 10:30,{},4.89,2206,4.95,4.86,4.9,24.463,22347.0
2019-04-16 11:30,{},4.94,2206,4.94,4.89,4.89,13.3672,12211.0
2019-04-16 14:00,{},4.93,2206,4.99,4.89,4.94,28.2867,25840.0
2019-04-16 15:00,{},5.01,2206,5.01,4.93,4.93,23.4712,21441.0
2019-04-17 10:30,{},5.02,2206,5.07,4.96,5.01,38.9358,35568.0
2019-04-17 11:30,{},4.99,2206,5.04,4.96,5.02,17.7197,16187.0
2019-04-17 14:00,{},5.01,2206,5.03,4.99,4.99,11.7723,10754.0
2019-04-17 15:00,{},5.01,2206,5.02,4.98,5.01,14.3973,13152.0
2019-04-18 10:30,{},5.0,2206,5.04,4.98,5.01,17.9747,16420.0
2019-04-18 11:30,{},4.99,2206,5.01,4.96,5.0,13.0038,11879.0
2019-04-18 14:00,{},4.98,2206,4.99,4.96,4.99,12.7848,11679.0
2019-04-18 15:00,{},4.97,2206,5.0,4.95,4.98,13.5281,12358.0
2019-04-19 10:30,{},4.95,2206,5.0,4.94,4.97,22.0809,20171.0
2019-04-19 11:30,{},4.95,2206,4.97,4.92,4.95,11.9157,10885.0
2019-04-19 14:00,{},4.93,2206,4.97,4.92,4.95,14.9228,13632.0
2019-04-19 15:00,{},4.96,2206,4.98,4.92,4.93,44.6172,40758.0
2019-04-22 10:30,{},4.87,2206,4.97,4.84,4.97,68.6324,62696.0
2019-04-22 11:30,{},4.82,2206,4.88,4.81,4.87,60.0019,54812.0
2019-04-22 14:00,{},4.86,2206,4.88,4.82,4.82,15.9518,14572.0
2019-04-22 15:00,{},4.84,2206,4.88,4.84,4.86,18.2626,16683.0
2019-04-23 10:30,{},4.78,2206,4.85,4.78,4.85,28.3951,25939.0
2019-04-23 11:30,{},4.75,2206,4.79,4.69,4.78,32.2265,29439.0
2019-04-23 14:00,{},4.76,2206,4.78,4.71,4.75,8.5802,7838.0
2019-04-23 15:00,{},4.7,2206,4.77,4.68,4.76,27.1384,24791.0
2019-04-24 10:30,{},4.68,2206,4.75,4.66,4.7,25.8959,23656.0
2019-04-24 11:30,{},4.65,2206,4.7,4.64,4.68,18.1192,16552.0
2019-04-24 14:00,{},4.67,2206,4.68,4.64,4.65,33.6364,30727.0
2019-04-24 15:00,{},4.69,2206,4.69,4.66,4.67,19.7339,18027.0
2019-04-25 10:30,{},4.66,2206,4.69,4.64,4.68,28.984,26477.0
2019-04-25 11:30,{},4.63,2206,4.67,4.62,4.66,14.6009,13338.0
2019-04-25 14:00,{},4.59,2206,4.63,4.58,4.63,32.6808,29854.0
2019-04-25 15:00,{},4.51,2206,4.61,4.5,4.59,43.7141,39933.0
2019-04-26 10:30,{},4.46,2206,4.53,4.44,4.48,39.8325,36235.0
2019-04-26 11:30,{},4.43,2206,4.46,4.43,4.46,15.6208,14210.0
2019-04-26 14:00,{},4.44,2206,4.47,4.42,4.43,16.2595,14791.0
2019-04-26 15:00,{},4.43,2206,4.45,4.41,4.44,20.4587,18611.0
2019-04-29 10:30,{},4.47,2206,4.48,4.4,4.44,33.0268,30044.0
2019-04-29 11:30,{},4.46,2206,4.47,4.42,4.47,12.1009,11008.0
2019-04-29 14:00,{},4.47,2206,4.49,4.45,4.46,13.3805,12172.0
2019-04-29 15:00,{},4.43,2206,4.48,4.41,4.47,15.8714,14438.0
2019-04-30 10:30,{},4.46,2206,4.48,4.4,4.4,18.3899,16729.0
2019-04-30 11:30,{},4.46,2206,4.48,4.45,4.46,15.2789,13899.0
2019-04-30 14:00,{},4.46,2206,4.48,4.44,4.46,15.4526,14057.0
2019-04-30 15:00,{},4.48,2206,4.48,4.43,4.46,14.3588,13062.0
2019-05-06 10:30,{},4.3,2206,4.4,4.29,4.4,41.7628,37991.0
2019-05-06 11:30,{},4.2,2206,4.32,4.17,4.3,43.7503,39799.0
2019-05-06 14:00,{},4.09,2206,4.2,4.05,4.2,29.2959,26650.0
2019-05-06 15:00,{},4.07,2206,4.11,4.06,4.1,30.3215,27583.0
2019-05-07 10:30,{},4.16,2206,4.18,4.11,4.16,26.7499,24334.0
2019-05-07 11:30,{},4.17,2206,4.17,4.13,4.16,16.1737,14713.0
2019-05-07 14:00,{},4.13,2206,4.17,4.1,4.17,15.5373,14134.0
2019-05-07 15:00,{},4.19,2206,4.28,4.1,4.13,33.7963,30744.0
2019-05-08 10:30,{},4.27,2206,4.29,4.1,4.11,38.2715,34815.0
2019-05-08 11:30,{},4.25,2206,4.3,4.23,4.27,15.3581,13971.0
2019-05-08 14:00,{},4.26,2206,4.3,4.24,4.25,23.03,20950.0
2019-05-08 15:00,{},4.25,2206,4.28,4.23,4.26,16.2177,14753.0
2019-05-09 10:30,{},4.18,2206,4.3,4.17,4.22,25.9695,23624.0
2019-05-09 11:30,{},4.2,2206,4.2,4.15,4.18,11.1885,10178.0
2019-05-09 14:00,{},4.22,2206,4.23,4.18,4.2,6.931,6305.0
2019-05-09 15:00,{},4.19,2206,4.22,4.15,4.22,19.6211,17849.0
2019-05-10 10:30,{},4.25,2206,4.31,4.24,4.24,29.9082,27207.0
2019-05-10 11:30,{},4.22,2206,4.26,4.2,4.25,16.1869,14725.0
2019-05-10 14:00,{},4.18,2206,4.22,4.09,4.22,46.969,42727.0
2019-05-10 15:00,{},4.27,2206,4.28,4.18,4.18,55.2752,50283.0
2019-05-13 10:30,{},4.04,2206,4.07,3.98,4.01,40.7922,37108.0
2019-05-13 11:30,{},4.11,2206,4.18,4.03,4.04,34.7483,31610.0
2019-05-13 14:00,{},4.09,2206,4.16,4.08,4.11,23.7258,21583.0
2019-05-13 15:00,{},4.07,2206,4.1,4.04,4.09,26.0299,23679.0
2019-05-14 10:30,{},4.04,2206,4.08,3.98,4.01,53.7022,48852.0
2019-05-14 11:30,{},4.02,2206,4.05,4.01,4.04,19.4683,17710.0
2019-05-14 14:00,{},4.02,2206,4.05,4.01,4.02,20.5984,18738.0
2019-05-14 15:00,{},3.99,2206,4.04,3.99,4.02,24.392,22189.0
2019-05-15 10:30,{},4.01,2206,4.04,3.99,4.02,34.6791,31547.0
2019-05-15 11:30,{},4.03,2206,4.04,4.01,4.01,13.7223,12483.0
2019-05-15 14:00,{},4.07,2206,4.08,4.03,4.03,31.8572,28980.0
2019-05-15 15:00,{},4.09,2206,4.11,4.06,4.07,36.5797,33276.0
2019-05-16 10:30,{},4.11,2206,4.17,4.09,4.11,47.0592,42809.0
2019-05-16 11:30,{},4.1,2206,4.13,4.09,4.11,26.1398,23779.0
2019-05-16 14:00,{},4.13,2206,4.14,4.1,4.12,34.7153,31580.0
2019-05-16 15:00,{},4.13,2206,4.15,4.11,4.13,23.8731,21717.0
2019-05-17 10:30,{},4.06,2206,4.12,4.06,4.12,40.6482,36977.0
2019-05-17 11:30,{},4.03,2206,4.07,4.02,4.06,31.6934,28831.0
2019-05-17 14:00,{},3.97,2206,4.03,3.97,4.03,46.8943,42659.0
2019-05-17 15:00,{},3.97,2206,3.99,3.95,3.97,27.8954,25376.0
2019-05-20 10:30,{},3.92,2206,3.97,3.89,3.92,31.5945,28741.0
2019-05-20 11:30,{},3.92,2206,3.95,3.91,3.92,10.4311,9489.0
2019-05-20 14:00,{},3.94,2206,3.95,3.92,3.92,6.6595,6058.0
2019-05-20 15:00,{},3.91,2206,3.95,3.91,3.94,19.3595,17611.0
2019-05-21 10:30,{},3.94,2206,3.98,3.91,3.92,18.0667,16435.0
2019-05-21 11:30,{},3.98,2206,3.98,3.94,3.94,27.0984,24651.0
2019-05-21 14:00,{},3.99,2206,4.0,3.96,3.98,14.2423,12956.0
2019-05-21 15:00,{},4.01,2206,4.01,3.97,3.99,15.7241,14304.0
2019-05-22 10:30,{},3.94,2206,4.01,3.92,4.01,43.2524,39346.0
2019-05-22 11:30,{},3.96,2206,3.96,3.93,3.94,8.991,8179.0
2019-05-22 14:00,{},3.94,2206,3.96,3.92,3.96,12.2218,11118.0
2019-05-22 15:00,{},3.93,2206,3.95,3.92,3.94,11.5601,10516.0
2019-05-23 10:30,{},3.93,2206,3.95,3.88,3.89,22.9222,20852.0
2019-05-23 11:30,{},3.95,2206,3.98,3.93,3.93,14.172,12892.0
2019-05-23 14:00,{},3.96,2206,3.99,3.93,3.95,19.7893,18002.0
2019-05-23 15:00,{},3.95,2206,3.98,3.92,3.96,39.7171,36130.0
2019-05-24 10:30,{},3.87,2206,3.94,3.86,3.9,54.8608,49906.0
2019-05-24 11:30,{},3.87,2206,3.89,3.87,3.87,14.6369,13315.0
2019-05-24 14:00,{},3.85,2206,3.88,3.85,3.87,18.6295,16947.0
2019-05-24 15:00,{},3.86,2206,3.87,3.84,3.85,16.8597,15337.0
2019-05-27 10:30,{},3.85,2206,3.87,3.84,3.84,15.7912,14365.0
2019-05-27 11:30,{},3.87,2206,3.87,3.83,3.85,10.5014,9553.0
2019-05-27 14:00,{},3.91,2206,3.92,3.87,3.87,25.7254,23402.0
2019-05-27 15:00,{},3.92,2206,3.94,3.89,3.91,31.1757,28360.0
2019-05-28 10:30,{},3.92,2206,3.93,3.89,3.92,22.2374,20229.0
2019-05-28 11:30,{},3.92,2206,3.94,3.91,3.92,12.1174,11023.0
2019-05-28 14:00,{},3.92,2206,3.95,3.92,3.92,19.3606,17612.0
2019-05-28 15:00,{},3.91,2206,3.94,3.9,3.92,17.2972,15735.0
2019-05-29 10:30,{},3.9,2206,3.91,3.87,3.87,17.417,15844.0
2019-05-29 11:30,{},3.89,2206,3.91,3.88,3.9,14.2995,13008.0
2019-05-29 14:00,{},3.91,2206,3.94,3.89,3.89,19.6651,17889.0
2019-05-29 15:00,{},3.9,2206,3.93,3.9,3.91,13.6916,12455.0
2019-05-30 10:30,{},3.85,2206,3.9,3.84,3.9,18.6515,16967.0
2019-05-30 11:30,{},3.86,2206,3.87,3.84,3.85,9.7308,8852.0
2019-05-30 14:00,{},3.84,2206,3.87,3.84,3.86,11.1346,10129.0
2019-05-30 15:00,{},3.86,2206,3.87,3.84,3.84,28.7265,26132.0
2019-05-31 10:30,{},3.87,2206,3.92,3.86,3.87,37.2404,33877.0
2019-05-31 11:30,{},3.84,2206,3.88,3.83,3.87,30.6282,27862.0
2019-05-31 14:00,{},3.93,2206,4.04,3.84,3.84,111.0979,101064.0
2019-05-31 15:00,{},3.92,2206,3.97,3.88,3.93,78.8625,71740.0
2019-06-03 10:30,{},3.85,2206,3.95,3.83,3.92,92.6794,84309.0
2019-06-03 11:30,{},3.86,2206,3.86,3.84,3.85,28.1889,25643.0
2019-06-03 14:00,{},3.89,2206,3.93,3.84,3.86,37.7757,34364.0
2019-06-03 15:00,{},3.87,2206,3.91,3.86,3.89,16.4431,14958.0
2019-06-04 10:30,{},3.88,2206,3.89,3.84,3.88,58.7611,53454.0
2019-06-04 11:30,{},3.85,2206,3.88,3.85,3.88,13.8696,12617.0
2019-06-04 14:00,{},3.85,2206,3.87,3.84,3.85,12.5252,11394.0
2019-06-04 15:00,{},3.82,2206,3.86,3.81,3.85,27.5997,25107.0
2019-06-05 10:30,{},3.85,2206,3.89,3.83,3.89,25.0219,22762.0
2019-06-05 11:30,{},3.87,2206,3.88,3.85,3.85,10.1068,9194.0
2019-06-05 14:00,{},3.87,2206,3.9,3.87,3.87,21.7845,19817.0
2019-06-05 15:00,{},3.83,2206,3.89,3.82,3.87,40.9966,37294.0
2019-06-06 10:30,{},3.8,2206,3.86,3.78,3.85,27.7932,25283.0
2019-06-06 11:30,{},3.78,2206,3.8,3.77,3.8,18.4657,16798.0
2019-06-06 14:00,{},3.77,2206,3.79,3.77,3.78,9.8298,8942.0
2019-06-06 15:00,{},3.78,2206,3.79,3.76,3.77,18.4394,16774.0
2019-06-10 10:30,{},3.78,2206,3.81,3.76,3.78,17.7204,16120.0
2019-06-10 11:30,{},3.81,2206,3.83,3.78,3.78,11.9272,10850.0
2019-06-10 14:00,{},3.79,2206,3.82,3.79,3.81,12.6846,11539.0
2019-06-10 15:00,{},3.78,2206,3.8,3.75,3.79,29.7389,27053.0
2019-06-11 10:30,{},3.83,2206,3.83,3.76,3.78,26.3234,23946.0
2019-06-11 11:30,{},3.85,2206,3.86,3.82,3.83,24.4162,22211.0
2019-06-11 14:00,{},3.88,2206,3.91,3.85,3.85,34.1041,31024.0
2019-06-11 15:00,{},3.87,2206,3.89,3.87,3.88,24.9548,22701.0
2019-06-12 10:30,{},3.87,2206,3.89,3.84,3.86,40.6163,36948.0
2019-06-12 11:30,{},3.86,2206,3.87,3.85,3.87,22.2088,20203.0
2019-06-12 14:00,{},3.87,2206,3.88,3.85,3.86,11.1577,10150.0
2019-06-12 15:00,{},3.86,2206,3.88,3.85,3.87,23.052,20970.0
2019-06-13 10:30,{},3.86,2206,3.88,3.83,3.88,21.2612,19341.0
2019-06-13 11:30,{},3.87,2206,3.88,3.85,3.86,13.3101,12108.0
2019-06-13 14:00,{},3.88,2206,3.89,3.86,3.87,14.748,13416.0
2019-06-13 15:00,{},3.88,2206,3.89,3.86,3.88,11.9866,10904.0
2019-06-14 10:30,{},3.9,2206,3.91,3.86,3.86,17.4368,15862.0
2019-06-14 11:30,{},3.88,2206,3.91,3.88,3.9,17.6776,16081.0
2019-06-14 14:00,{},3.87,2206,3.89,3.87,3.88,9.6253,8756.0
2019-06-14 15:00,{},3.88,2206,3.89,3.87,3.87,27.2831,24819.0
2019-06-17 10:30,{},3.88,2206,3.9,3.85,3.89,12.7803,11626.0
2019-06-17 11:30,{},3.86,2206,3.88,3.85,3.88,10.0035,9100.0
2019-06-17 14:00,{},3.88,2206,3.88,3.85,3.86,8.7041,7918.0
2019-06-17 15:00,{},3.89,2206,3.89,3.87,3.87,9.8309,8943.0
2019-06-18 10:30,{},3.9,2206,3.92,3.87,3.91,20.3829,18542.0
2019-06-18 11:30,{},3.9,2206,3.91,3.89,3.9,10.8983,9914.0
2019-06-18 14:00,{},3.9,2206,3.91,3.89,3.9,9.954,9055.0
2019-06-18 15:00,{},3.94,2206,3.95,3.9,3.9,36.0949,32835.0
2019-06-19 10:30,{},3.99,2206,4.05,3.96,4.03,57.3738,52192.0
2019-06-19 11:30,{},3.99,2206,4.0,3.97,3.99,15.6681,14253.0
2019-06-19 14:00,{},3.98,2206,4.0,3.97,3.99,13.1342,11948.0
2019-06-19 15:00,{},3.99,2206,3.99,3.97,3.98,26.6642,24256.0
2019-06-20 10:30,{},3.95,2206,3.99,3.94,3.99,37.7197,34313.0
2019-06-20 11:30,{},4.01,2206,4.03,3.95,3.95,25.4583,23159.0
2019-06-20 14:00,{},4.06,2206,4.08,4.01,4.01,53.4372,48611.0
2019-06-20 15:00,{},4.06,2206,4.08,4.05,4.06,19.1957,17462.0
2019-06-21 10:30,{},4.08,2206,4.09,4.05,4.06,37.7527,34343.0
2019-06-21 11:30,{},4.08,2206,4.1,4.07,4.08,21.1491,19239.0
2019-06-21 14:00,{},4.05,2206,4.09,4.04,4.08,21.2414,19323.0
2019-06-21 15:00,{},4.06,2206,4.06,4.02,4.05,26.7906,24371.0
2019-06-24 10:30,{},4.03,2206,4.09,4.03,4.07,19.5881,17819.0
2019-06-24 11:30,{},4.04,2206,4.04,4.02,4.04,19.6299,17857.0
2019-06-24 14:00,{},4.03,2206,4.04,4.02,4.04,18.646,16962.0
2019-06-24 15:00,{},4.04,2206,4.04,4.01,4.03,25.4011,23107.0
2019-06-25 10:30,{},4.04,2206,4.05,4.0,4.05,32.5509,29611.0
2019-06-25 11:30,{},4.04,2206,4.05,4.0,4.04,34.4097,31302.0
2019-06-25 14:00,{},4.05,2206,4.05,4.02,4.04,21.5338,19589.0
2019-06-25 15:00,{},4.04,2206,4.06,4.03,4.05,14.571,13255.0
2019-06-26 10:30,{},4.06,2206,4.06,4.01,4.02,13.6608,12427.0
2019-06-26 11:30,{},4.04,2206,4.06,4.03,4.06,18.4646,16797.0
2019-06-26 14:00,{},4.04,2206,4.07,4.03,4.04,11.7216,10663.0
2019-06-26 15:00,{},4.05,2206,4.06,4.04,4.04,14.3555,13059.0
2019-06-27 10:30,{},4.07,2206,4.08,4.05,4.06,19.1099,17384.0
2019-06-27 11:30,{},4.06,2206,4.07,4.05,4.06,7.9599,7241.0
2019-06-27 14:00,{},4.12,2206,4.15,4.06,4.06,42.6423,38791.0
2019-06-27 15:00,{},4.13,2206,4.15,4.11,4.12,35.0286,31865.0
2019-06-28 10:30,{},4.15,2206,4.16,4.1,4.12,32.5102,29574.0
2019-06-28 11:30,{},4.13,2206,4.16,4.12,4.15,26.1409,23780.0
2019-06-28 14:00,{},4.09,2206,4.15,4.09,4.13,15.2372,13861.0
2019-06-28 15:00,{},4.13,2206,4.14,4.09,4.09,13.7476,12506.0
2019-07-01 10:30,{},4.17,2206,4.21,4.16,4.19,30.482,27729.0
2019-07-01 11:30,{},4.17,2206,4.18,4.16,4.17,14.5138,13203.0
2019-07-01 14:00,{},4.15,2206,4.17,4.15,4.17,13.5981,12370.0
2019-07-01 15:00,{},4.18,2206,4.19,4.15,4.15,22.7617,20706.0
2019-07-02 10:30,{},4.12,2206,4.17,4.11,4.17,40.4426,36790.0
2019-07-02 11:30,{},4.11,2206,4.13,4.09,4.12,21.7911,19823.0
2019-07-02 14:00,{},4.11,2206,4.12,4.1,4.11,8.9657,8156.0
2019-07-02 15:00,{},4.09,2206,4.12,4.09,4.11,13.8806,12627.0
2019-07-03 10:30,{},4.09,2206,4.11,4.06,4.09,19.1121,17386.0
2019-07-03 11:30,{},4.11,2206,4.12,4.08,4.09,7.7148,7018.0
2019-07-03 14:00,{},4.11,2206,4.12,4.1,4.11,8.5865,7811.0
2019-07-03 15:00,{},4.09,2206,4.12,4.09,4.11,8.8965,8093.0
2019-07-04 10:30,{},4.09,2206,4.11,4.07,4.1,11.471,10435.0
2019-07-04 11:30,{},4.08,2206,4.1,4.07,4.09,6.112,5560.0
2019-07-04 14:00,{},4.06,2206,4.08,4.06,4.08,7.097,6456.0
2019-07-04 15:00,{},4.05,2206,4.07,4.04,4.06,13.7993,12553.0
2019-07-05 10:30,{},4.07,2206,4.09,4.05,4.07,6.1945,5635.0
2019-07-05 11:30,{},4.07,2206,4.08,4.05,4.07,8.005,7282.0
2019-07-05 14:00,{},4.08,2206,4.09,4.06,4.07,5.9086,5375.0
2019-07-05 15:00,{},4.08,2206,4.09,4.07,4.08,10.1596,9242.0
