date,amount,close,code,high,low,open,turnoverratio,volume
2017-10-27 14:00,,12.86,2331,12.93,12.83,12.92,,9725.0
2017-10-27 15:00,,12.92,2331,12.92,12.82,12.86,,16178.0
2017-10-30 10:30,,12.45,2331,12.96,12.25,12.96,,39574.0
2017-10-30 11:30,,12.45,2331,12.57,12.44,12.45,,10945.0
2017-10-30 14:00,,12.32,2331,12.48,12.32,12.45,,11993.0
2017-10-30 15:00,,12.32,2331,12.42,12.31,12.32,,12302.0
2017-10-31 10:30,,12.26,2331,12.4,12.23,12.28,,15926.0
2017-10-31 11:30,,12.15,2331,12.27,12.02,12.26,,26177.0
2017-10-31 14:00,,12.27,2331,12.27,12.11,12.15,,7393.0
2017-10-31 15:00,,12.26,2331,12.3,12.17,12.27,,11187.0
2017-11-01 10:30,,12.23,2331,12.25,12.17,12.21,,16430.0
2017-11-01 11:30,,12.19,2331,12.23,12.17,12.23,,8227.0
2017-11-01 14:00,,12.1,2331,12.19,12.06,12.19,,16777.0
2017-11-01 15:00,,12.02,2331,12.16,11.96,12.1,,23231.0
2017-11-02 10:30,,11.75,2331,12.07,11.74,12.03,,33306.0
2017-11-02 11:30,,11.7,2331,11.77,11.67,11.75,,21764.0
2017-11-02 14:00,,11.65,2331,11.72,11.6,11.7,,14718.0
2017-11-02 15:00,,11.59,2331,11.68,11.59,11.65,,17988.0
2017-11-03 10:30,,11.66,2331,11.67,11.55,11.59,,13926.0
2017-11-03 11:30,,11.6,2331,11.67,11.59,11.66,,7198.0
2017-11-03 14:00,,11.54,2331,11.6,11.52,11.6,,9355.0
2017-11-03 15:00,,11.58,2331,11.61,11.46,11.54,,15258.0
2017-11-06 10:30,,11.41,2331,11.59,11.33,11.58,,20937.0
2017-11-06 11:30,,11.51,2331,11.53,11.37,11.41,,9986.0
2017-11-06 14:00,,11.66,2331,11.68,11.51,11.51,,12632.0
2017-11-06 15:00,,11.72,2331,11.73,11.63,11.66,,11904.0
2017-11-07 10:30,,11.73,2331,11.78,11.68,11.72,,14746.0
2017-11-07 11:30,,11.71,2331,11.74,11.67,11.73,,8214.0
2017-11-07 14:00,,11.68,2331,11.73,11.67,11.71,,4586.0
2017-11-07 15:00,,11.75,2331,11.75,11.66,11.68,,9446.0
2017-11-08 10:30,,11.98,2331,12.05,11.75,11.78,,33036.0
2017-11-08 11:30,,11.98,2331,11.98,11.92,11.97,,9156.0
2017-11-08 14:00,,11.97,2331,11.99,11.94,11.98,,4475.0
2017-11-08 15:00,,11.92,2331,12.04,11.9,11.97,,13392.0
2017-11-09 10:30,,11.89,2331,11.98,11.85,11.97,,14028.0
2017-11-09 11:30,,11.9,2331,11.93,11.87,11.89,,4740.0
2017-11-09 14:00,,11.87,2331,11.92,11.85,11.9,,7755.0
2017-11-09 15:00,,11.97,2331,11.98,11.86,11.87,,8568.0
2017-11-10 10:30,,11.92,2331,11.98,11.87,11.91,,8770.0
2017-11-10 11:30,,11.93,2331,11.94,11.85,11.92,,8054.0
2017-11-10 14:00,,11.89,2331,11.93,11.86,11.93,,10104.0
2017-11-10 15:00,,11.86,2331,11.92,11.86,11.9,,8556.0
2017-11-13 10:30,,11.72,2331,11.88,11.7,11.85,,18162.0
2017-11-13 11:30,,11.68,2331,11.72,11.63,11.72,,10339.0
2017-11-13 14:00,,11.66,2331,11.68,11.65,11.68,,6979.0
2017-11-13 15:00,,11.63,2331,11.68,11.59,11.66,,14669.0
2017-11-14 10:30,,11.4,2331,11.59,11.3,11.59,,29294.0
2017-11-14 11:30,,11.48,2331,11.5,11.38,11.4,,8047.0
2017-11-14 14:00,,11.49,2331,11.58,11.47,11.48,,7370.0
2017-11-14 15:00,,11.44,2331,11.52,11.41,11.49,,9648.0
2017-11-15 10:30,,11.47,2331,11.53,11.41,11.46,,11666.0
2017-11-15 11:30,,11.4,2331,11.49,11.4,11.47,,6211.0
2017-11-15 14:00,,11.43,2331,11.46,11.35,11.4,,10822.0
2017-11-15 15:00,,11.39,2331,11.43,11.37,11.43,,7240.0
2017-11-16 10:30,,11.36,2331,11.45,11.32,11.37,,20274.0
2017-11-16 11:30,,11.96,2331,12.16,11.34,11.36,,45964.0
2017-11-16 14:00,,11.91,2331,12.0,11.78,11.96,,20186.0
2017-11-16 15:00,,11.85,2331,11.97,11.85,11.91,,16418.0
2017-11-17 10:30,,11.53,2331,11.76,11.4,11.73,,32290.0
2017-11-17 11:30,,11.44,2331,11.56,11.42,11.53,,11685.0
2017-11-17 14:00,,11.46,2331,11.58,11.42,11.44,,8536.0
2017-11-17 15:00,,11.06,2331,11.48,11.06,11.46,,33410.0
2017-11-20 10:30,,10.63,2331,11.03,10.55,11.03,,30164.0
2017-11-20 11:30,,10.67,2331,10.74,10.61,10.63,,11701.0
2017-11-20 14:00,,10.76,2331,10.76,10.65,10.67,,8674.0
2017-11-20 15:00,,10.79,2331,10.87,10.73,10.75,,9868.0
2017-11-21 10:30,,10.76,2331,10.85,10.73,10.76,,15232.0
2017-11-21 11:30,,10.7,2331,10.79,10.64,10.76,,15919.0
2017-11-21 14:00,,10.64,2331,10.7,10.6,10.7,,9052.0
2017-11-21 15:00,,10.65,2331,10.69,10.62,10.64,,13055.0
2017-11-22 10:30,,10.75,2331,10.82,10.64,10.65,,20186.0
2017-11-22 11:30,,10.83,2331,10.95,10.74,10.75,,14776.0
2017-11-22 14:00,,10.72,2331,10.85,10.71,10.83,,5530.0
2017-11-22 15:00,,10.83,2331,10.84,10.67,10.72,,11851.0
2017-11-23 10:30,,10.75,2331,10.8,10.68,10.77,,13030.0
2017-11-23 11:30,,10.73,2331,10.82,10.72,10.75,,6445.0
2017-11-23 14:00,,10.7,2331,10.75,10.6,10.73,,13702.0
2017-11-23 15:00,,10.53,2331,10.7,10.52,10.7,,15181.0
2017-11-24 10:30,,10.44,2331,10.54,10.34,10.46,,15995.0
2017-11-24 11:30,,10.52,2331,10.55,10.37,10.44,,8572.0
2017-11-24 14:00,,10.48,2331,10.53,10.43,10.52,,4170.0
2017-11-24 15:00,,10.51,2331,10.65,10.48,10.49,,13799.0
2017-11-27 10:30,,10.46,2331,10.51,10.4,10.5,,9197.0
2017-11-27 11:30,,10.46,2331,10.48,10.41,10.46,,6784.0
2017-11-27 14:00,,10.46,2331,10.49,10.45,10.46,,4312.0
2017-11-27 15:00,,10.36,2331,10.46,10.34,10.46,,12971.0
2017-11-28 10:30,,10.39,2331,10.43,10.32,10.35,,9315.0
2017-11-28 11:30,,10.39,2331,10.41,10.35,10.39,,4486.0
2017-11-28 14:00,,10.6,2331,10.61,10.39,10.39,,17461.0
2017-11-28 15:00,,10.63,2331,10.64,10.53,10.6,,9518.0
2017-11-29 10:30,,10.49,2331,10.61,10.44,10.6,,17021.0
2017-11-29 11:30,,10.53,2331,10.53,10.45,10.49,,9185.0
2017-11-29 14:00,,10.59,2331,10.6,10.47,10.53,,5977.0
2017-11-29 15:00,,10.68,2331,10.69,10.55,10.59,,16121.0
2017-11-30 10:30,,10.88,2331,10.95,10.7,10.75,,25252.0
2017-11-30 11:30,,10.77,2331,10.88,10.76,10.88,,6800.0
2017-11-30 14:00,,10.71,2331,10.79,10.71,10.77,,7512.0
2017-11-30 15:00,,10.7,2331,10.79,10.68,10.71,,10796.0
2017-12-01 10:30,,10.83,2331,10.85,10.72,10.74,,9041.0
2017-12-01 11:30,,10.93,2331,10.94,10.8,10.83,,9380.0
2017-12-01 14:00,,10.86,2331,10.95,10.83,10.93,,6193.0
2017-12-01 15:00,,10.95,2331,10.98,10.83,10.86,,14608.0
2017-12-04 10:30,,10.8,2331,10.96,10.76,10.96,,12076.0
2017-12-04 11:30,,10.81,2331,10.81,10.78,10.8,,3206.0
2017-12-04 14:00,,10.75,2331,10.81,10.74,10.81,,4405.0
2017-12-04 15:00,,10.55,2331,10.78,10.52,10.75,,17364.0
2017-12-05 10:30,,10.4,2331,10.61,10.37,10.53,,17986.0
2017-12-05 11:30,,10.39,2331,10.45,10.36,10.4,,9326.0
2017-12-05 14:00,,10.14,2331,10.4,10.0,10.39,,22975.0
2017-12-05 15:00,,10.08,2331,10.14,10.01,10.14,,23101.0
2017-12-06 10:30,,10.03,2331,10.11,9.95,10.05,,19872.0
2017-12-06 11:30,,10.07,2331,10.08,10.01,10.04,,4793.0
2017-12-06 14:00,,10.05,2331,10.1,9.99,10.07,,8361.0
2017-12-06 15:00,,10.35,2331,10.36,10.01,10.05,,17452.0
2017-12-07 10:30,,10.32,2331,10.35,10.21,10.25,,13860.0
2017-12-07 11:30,,10.34,2331,10.38,10.29,10.32,,7840.0
2017-12-07 14:00,,10.46,2331,10.47,10.34,10.34,,13002.0
2017-12-07 15:00,,10.36,2331,10.46,10.32,10.45,,10236.0
2017-12-08 10:30,,10.47,2331,10.56,10.35,10.4,,13624.0
2017-12-08 11:30,,10.49,2331,10.52,10.44,10.47,,6777.0
2017-12-08 14:00,,10.52,2331,10.55,10.47,10.49,,5428.0
2017-12-08 15:00,,10.5,2331,10.54,10.43,10.52,,10646.0
2017-12-11 10:30,,10.73,2331,10.86,10.46,10.54,,22438.0
2017-12-11 11:30,,10.71,2331,10.78,10.69,10.74,,6957.0
2017-12-11 14:00,,10.75,2331,10.75,10.7,10.71,,4443.0
2017-12-11 15:00,,10.73,2331,10.8,10.72,10.75,,14511.0
2017-12-12 10:30,,10.73,2331,10.74,10.61,10.67,,14200.0
2017-12-12 11:30,,10.71,2331,10.8,10.71,10.73,,6735.0
2017-12-12 14:00,,10.67,2331,10.73,10.65,10.71,,5091.0
2017-12-12 15:00,,10.61,2331,10.69,10.58,10.67,,9563.0
2017-12-13 10:30,,10.69,2331,10.74,10.57,10.58,,9816.0
2017-12-13 11:30,,10.64,2331,10.7,10.6,10.69,,3893.0
2017-12-13 14:00,,10.75,2331,10.76,10.64,10.64,,11948.0
2017-12-13 15:00,,10.78,2331,10.79,10.72,10.75,,11280.0
2017-12-21 10:30,,11.08,2331,11.35,10.98,11.17,,65715.0
2017-12-21 11:30,,11.1,2331,11.15,11.05,11.08,,9840.0
2017-12-21 14:00,,11.05,2331,11.13,11.03,11.1,,8806.0
2017-12-21 15:00,,10.88,2331,11.05,10.86,11.05,,20477.0
2017-12-22 10:30,,10.66,2331,10.95,10.62,10.83,,25903.0
2017-12-22 11:30,,10.55,2331,10.7,10.53,10.66,,13564.0
2017-12-22 14:00,,10.59,2331,10.68,10.55,10.55,,7030.0
2017-12-22 15:00,,10.6,2331,10.62,10.51,10.59,,12256.0
2017-12-25 10:30,,10.18,2331,10.6,10.11,10.6,,21195.0
2017-12-25 11:30,,10.21,2331,10.24,10.16,10.18,,8532.0
2017-12-25 14:00,,10.24,2331,10.24,10.17,10.21,,5341.0
2017-12-25 15:00,,10.15,2331,10.28,10.15,10.23,,8702.0
2017-12-26 10:30,,10.28,2331,10.36,10.11,10.17,,9198.0
2017-12-26 11:30,,10.28,2331,10.28,10.22,10.28,,5705.0
2017-12-26 14:00,,10.28,2331,10.32,10.24,10.28,,3858.0
2017-12-26 15:00,,10.31,2331,10.33,10.25,10.28,,6756.0
2017-12-27 10:30,,10.26,2331,10.35,10.25,10.3,,6828.0
2017-12-27 11:30,,10.34,2331,10.34,10.26,10.26,,3736.0
2017-12-27 14:00,,10.23,2331,10.35,10.17,10.34,,8680.0
2017-12-27 15:00,,10.16,2331,10.23,10.15,10.23,,12094.0
2017-12-28 10:30,,10.25,2331,10.29,10.12,10.21,,9849.0
2017-12-28 11:30,,10.24,2331,10.28,10.22,10.25,,3634.0
2017-12-28 14:00,,10.29,2331,10.32,10.23,10.24,,8742.0
2017-12-28 15:00,,10.2,2331,10.29,10.19,10.29,,9237.0
2017-12-29 10:30,,10.23,2331,10.31,10.19,10.2,,8366.0
2017-12-29 11:30,,10.23,2331,10.28,10.2,10.23,,3995.0
2017-12-29 14:00,,10.22,2331,10.24,10.19,10.23,,4619.0
2017-12-29 15:00,,10.26,2331,10.27,10.19,10.22,,7508.0
2018-01-02 10:30,,10.3,2331,10.37,10.24,10.28,,8688.0
2018-01-02 11:30,,10.39,2331,10.4,10.3,10.3,,7745.0
2018-01-02 14:00,,10.37,2331,10.41,10.34,10.39,,7575.0
2018-01-02 15:00,,10.38,2331,10.4,10.35,10.37,,9289.0
2018-01-03 10:30,,10.48,2331,10.49,10.32,10.35,,16332.0
2018-01-03 11:30,,10.57,2331,10.58,10.48,10.48,,12953.0
2018-01-03 14:00,,10.59,2331,10.63,10.54,10.57,,11089.0
2018-01-03 15:00,,10.68,2331,10.78,10.59,10.59,,21170.0
2018-01-04 10:30,,10.68,2331,10.72,10.6,10.66,,12578.0
2018-01-04 11:30,,10.67,2331,10.78,10.66,10.68,,6934.0
2018-01-04 14:00,,10.64,2331,10.7,10.63,10.67,,7758.0
2018-01-04 15:00,,10.6,2331,10.65,10.57,10.64,,15447.0
2018-01-05 10:30,,10.67,2331,10.76,10.61,10.61,,14429.0
2018-01-05 11:30,,10.68,2331,10.72,10.62,10.67,,7505.0
2018-01-05 14:00,,10.64,2331,10.71,10.62,10.68,,6510.0
2018-01-05 15:00,,10.65,2331,10.69,10.63,10.64,,8656.0
2018-01-08 10:30,,10.72,2331,10.92,10.66,10.83,,16154.0
2018-01-08 11:30,,10.69,2331,10.73,10.68,10.72,,4593.0
2018-01-08 14:00,,10.67,2331,10.72,10.67,10.69,,4857.0
2018-01-08 15:00,,10.75,2331,10.75,10.64,10.67,,11357.0
2018-01-09 10:30,,10.67,2331,10.72,10.56,10.64,,9629.0
2018-01-09 11:30,,10.67,2331,10.7,10.65,10.67,,5083.0
2018-01-09 14:00,,10.67,2331,10.75,10.65,10.67,,4892.0
2018-01-09 15:00,,10.69,2331,10.72,10.64,10.67,,7910.0
2018-01-10 10:30,,10.76,2331,10.79,10.56,10.69,,12961.0
2018-01-10 11:30,,10.7,2331,10.77,10.69,10.76,,6060.0
2018-01-10 14:00,,10.61,2331,10.71,10.59,10.7,,8409.0
2018-01-10 15:00,,10.88,2331,10.88,10.6,10.61,,22523.0
2018-01-11 10:30,,10.92,2331,10.97,10.75,10.75,,18833.0
2018-01-11 11:30,,11.06,2331,11.19,10.9,10.92,,23251.0
2018-01-11 14:00,,11.09,2331,11.16,11.01,11.06,,22267.0
2018-01-11 15:00,,11.15,2331,11.2,11.05,11.09,,22213.0
2018-01-12 10:30,,11.12,2331,11.18,10.98,11.1,,17941.0
2018-01-12 11:30,,11.03,2331,11.14,11.0,11.12,,12428.0
2018-01-12 14:00,,11.01,2331,11.04,10.96,11.03,,11728.0
2018-01-12 15:00,,10.95,2331,11.04,10.95,11.01,,14167.0
2018-01-15 10:30,,10.75,2331,10.91,10.66,10.91,,16758.0
2018-01-15 11:30,,10.81,2331,10.81,10.73,10.75,,6111.0
2018-01-15 14:00,,10.7,2331,10.81,10.7,10.81,,12725.0
2018-01-15 15:00,,10.31,2331,10.74,10.25,10.7,,34017.0
2018-01-16 10:30,,10.34,2331,10.41,10.28,10.28,,9623.0
2018-01-16 11:30,,10.35,2331,10.43,10.33,10.34,,4902.0
2018-01-16 14:00,,10.25,2331,10.36,10.22,10.35,,14402.0
2018-01-16 15:00,,10.32,2331,10.32,10.23,10.25,,10955.0
2018-01-17 10:30,,10.17,2331,10.38,10.12,10.26,,13422.0
2018-01-17 11:30,,10.47,2331,10.55,10.15,10.17,,15339.0
2018-01-17 14:00,,10.37,2331,10.48,10.33,10.47,,6391.0
2018-01-17 15:00,,10.39,2331,10.41,10.34,10.37,,5820.0
2018-01-18 10:30,,10.48,2331,10.49,10.27,10.38,,7361.0
2018-01-18 11:30,,10.39,2331,10.5,10.38,10.48,,4773.0
2018-01-18 14:00,,10.34,2331,10.43,10.32,10.39,,2928.0
2018-01-18 15:00,,10.37,2331,10.38,10.29,10.34,,7425.0
2018-01-19 10:30,,10.44,2331,10.47,10.29,10.38,,8365.0
2018-01-19 11:30,,10.39,2331,10.45,10.38,10.44,,4316.0
2018-01-19 14:00,,10.42,2331,10.44,10.39,10.39,,5071.0
2018-01-19 15:00,,10.43,2331,10.45,10.4,10.42,,7721.0
2018-01-22 10:30,,10.35,2331,10.42,10.27,10.4,,10293.0
2018-01-22 11:30,,10.66,2331,10.77,10.35,10.35,,19530.0
2018-01-22 14:00,,10.7,2331,10.72,10.66,10.66,,9555.0
2018-01-22 15:00,,10.69,2331,10.7,10.66,10.7,,14720.0
2018-01-23 10:30,,10.68,2331,10.78,10.59,10.62,,12833.0
2018-01-23 11:30,,10.65,2331,10.68,10.63,10.68,,4193.0
2018-01-23 14:00,,10.67,2331,10.71,10.65,10.65,,5126.0
2018-01-23 15:00,,10.73,2331,10.76,10.64,10.67,,8597.0
2018-01-24 10:30,,10.83,2331,10.87,10.67,10.73,,16986.0
2018-01-24 11:30,,10.83,2331,10.83,10.72,10.83,,8874.0
2018-01-24 14:00,,10.8,2331,10.85,10.74,10.83,,11763.0
2018-01-24 15:00,,10.75,2331,10.84,10.75,10.8,,14859.0
2018-01-25 10:30,,10.99,2331,11.08,10.82,10.85,,32574.0
2018-01-25 11:30,,10.9,2331,11.0,10.88,10.99,,11357.0
2018-01-25 14:00,,10.87,2331,10.91,10.85,10.9,,5343.0
2018-01-25 15:00,,10.79,2331,10.88,10.72,10.87,,14918.0
2018-01-26 10:30,,10.8,2331,10.86,10.7,10.8,,9309.0
2018-01-26 11:30,,10.68,2331,10.82,10.67,10.8,,15346.0
2018-01-26 14:00,,10.71,2331,10.74,10.65,10.68,,9495.0
2018-01-26 15:00,,10.69,2331,10.75,10.67,10.71,,6325.0
2018-01-29 10:30,,10.73,2331,10.82,10.65,10.65,,13150.0
2018-01-29 11:30,,10.6,2331,10.73,10.58,10.73,,9516.0
2018-01-29 14:00,,10.59,2331,10.64,10.56,10.6,,4968.0
2018-01-29 15:00,,10.63,2331,10.63,10.56,10.59,,5089.0
2018-01-30 10:30,,10.52,2331,10.67,10.46,10.65,,7122.0
2018-01-30 11:30,,10.56,2331,10.57,10.47,10.52,,3091.0
2018-01-30 14:00,,10.51,2331,10.56,10.51,10.56,,3654.0
2018-01-30 15:00,,10.55,2331,10.55,10.5,10.51,,5284.0
2018-01-31 10:30,,10.24,2331,10.55,10.24,10.46,,16288.0
2018-01-31 11:30,,10.28,2331,10.3,10.18,10.24,,8081.0
2018-01-31 14:00,,10.22,2331,10.29,10.2,10.28,,5342.0
2018-01-31 15:00,,10.26,2331,10.34,10.18,10.21,,8298.0
2018-02-01 10:30,,10.19,2331,10.34,10.18,10.29,,9267.0
2018-02-01 11:30,,9.88,2331,10.24,9.8,10.19,,15260.0
2018-02-01 14:00,,9.78,2331,9.88,9.62,9.88,,16841.0
2018-02-01 15:00,,9.53,2331,9.79,9.53,9.79,,12560.0
2018-02-02 10:30,,9.44,2331,9.44,9.2,9.43,,18773.0
2018-02-02 11:30,,9.42,2331,9.53,9.41,9.46,,4071.0
2018-02-02 14:00,,9.33,2331,9.44,9.33,9.42,,6081.0
2018-02-02 15:00,,9.46,2331,9.46,9.3,9.33,,6351.0
2018-02-05 10:30,,9.46,2331,9.56,9.26,9.48,,9882.0
2018-02-05 11:30,,9.54,2331,9.55,9.42,9.46,,3621.0
2018-02-05 14:00,,9.49,2331,9.58,9.49,9.54,,4507.0
2018-02-05 15:00,,9.38,2331,9.49,9.38,9.49,,7437.0
2018-02-06 10:30,,9.11,2331,9.19,9.07,9.19,,11210.0
2018-02-06 11:30,,9.0,2331,9.13,8.91,9.11,,10889.0
2018-02-06 14:00,,8.77,2331,9.0,8.67,9.0,,12840.0
2018-02-06 15:00,,8.44,2331,8.77,8.44,8.77,,21677.0
2018-02-07 10:30,,8.56,2331,8.67,8.52,8.59,,16742.0
2018-02-07 11:30,,8.28,2331,8.61,7.94,8.56,,24907.0
2018-02-07 14:00,,8.25,2331,8.36,8.2,8.28,,7363.0
2018-02-07 15:00,,8.26,2331,8.34,8.24,8.25,,7045.0
2018-02-08 10:30,,8.35,2331,8.41,8.21,8.28,,14909.0
2018-02-08 11:30,,8.36,2331,8.41,8.33,8.35,,6346.0
2018-02-08 14:00,,8.35,2331,8.38,8.33,8.36,,5562.0
2018-02-08 15:00,,8.39,2331,8.43,8.31,8.35,,11309.0
2018-02-09 10:30,,8.27,2331,8.29,8.01,8.01,,19380.0
2018-02-09 11:30,,8.14,2331,8.28,8.07,8.27,,12659.0
2018-02-09 14:00,,8.05,2331,8.19,8.05,8.14,,6445.0
2018-02-09 15:00,,8.14,2331,8.17,8.03,8.05,,8397.0
2018-02-12 10:30,,8.22,2331,8.33,8.15,8.3,,19274.0
2018-02-12 11:30,,8.32,2331,8.32,8.17,8.22,,9613.0
2018-02-12 14:00,,8.33,2331,8.34,8.27,8.32,,7352.0
2018-02-12 15:00,,8.3,2331,8.37,8.29,8.33,,11645.0
2018-02-13 10:30,,8.41,2331,8.42,8.27,8.38,,15140.0
2018-02-13 11:30,,8.42,2331,8.44,8.4,8.4,,6366.0
2018-02-13 14:00,,8.34,2331,8.44,8.32,8.42,,10189.0
2018-02-13 15:00,,8.33,2331,8.4,8.33,8.34,,11791.0
2018-02-14 10:30,,8.36,2331,8.39,8.32,8.33,,4606.0
2018-02-14 11:30,,8.32,2331,8.42,8.3,8.36,,5286.0
2018-02-14 14:00,,8.34,2331,8.36,8.32,8.32,,2572.0
2018-02-14 15:00,,8.39,2331,8.39,8.31,8.34,,11169.0
2018-02-22 10:30,,8.47,2331,8.64,8.4,8.5,,13224.0
2018-02-22 11:30,,8.48,2331,8.5,8.46,8.47,,3840.0
2018-02-22 14:00,,8.47,2331,8.51,8.45,8.48,,5039.0
2018-02-22 15:00,,8.49,2331,8.51,8.46,8.47,,6084.0
2018-02-23 10:30,,8.54,2331,8.55,8.42,8.5,,10055.0
2018-02-23 11:30,,8.48,2331,8.55,8.48,8.54,,5450.0
2018-02-23 14:00,,8.48,2331,8.49,8.44,8.48,,3653.0
2018-02-23 15:00,,8.51,2331,8.52,8.48,8.48,,4122.0
2018-02-26 10:30,,8.61,2331,8.62,8.54,8.55,,8439.0
2018-02-26 11:30,,8.72,2331,8.74,8.6,8.61,,12004.0
2018-02-26 14:00,,8.69,2331,8.74,8.68,8.72,,5479.0
2018-02-26 15:00,,8.72,2331,8.72,8.67,8.69,,10344.0
2018-02-27 10:30,,8.85,2331,8.9,8.61,8.71,,16480.0
2018-02-27 11:30,,8.81,2331,8.93,8.79,8.85,,11867.0
2018-02-27 14:00,,8.85,2331,8.88,8.81,8.81,,3427.0
2018-02-27 15:00,,8.93,2331,8.97,8.84,8.85,,16704.0
2018-02-28 10:30,,8.86,2331,8.93,8.76,8.86,,14037.0
2018-02-28 11:30,,8.92,2331,8.97,8.85,8.86,,9384.0
2018-02-28 14:00,,8.95,2331,9.0,8.9,8.92,,6753.0
2018-02-28 15:00,,8.92,2331,8.95,8.88,8.95,,9135.0
2018-03-01 10:30,,9.17,2331,9.24,8.81,8.88,,21758.0
2018-03-01 11:30,,9.2,2331,9.24,9.12,9.17,,11947.0
2018-03-01 14:00,,9.37,2331,9.46,9.2,9.2,,22287.0
2018-03-01 15:00,,9.31,2331,9.39,9.26,9.37,,9701.0
2018-03-02 10:30,,9.32,2331,9.47,9.19,9.2,,26150.0
2018-03-02 11:30,,9.22,2331,9.33,9.14,9.32,,12408.0
2018-03-02 14:00,,9.24,2331,9.32,9.19,9.22,,5579.0
2018-03-02 15:00,,9.2,2331,9.24,9.17,9.24,,7447.0
2018-03-05 10:30,,9.29,2331,9.32,9.15,9.27,,10146.0
2018-03-05 11:30,,9.36,2331,9.36,9.22,9.28,,12147.0
2018-03-05 14:00,,9.36,2331,9.36,9.31,9.36,,5686.0
2018-03-05 15:00,,9.43,2331,9.43,9.33,9.36,,12212.0
2018-03-06 10:30,,9.5,2331,9.55,9.37,9.41,,18245.0
2018-03-06 11:30,,9.58,2331,9.59,9.46,9.5,,10167.0
2018-03-06 14:00,,9.44,2331,9.59,9.43,9.58,,11993.0
2018-03-06 15:00,,9.43,2331,9.49,9.38,9.44,,11040.0
2018-03-07 10:30,,9.31,2331,9.43,9.31,9.36,,12464.0
2018-03-07 11:30,,9.32,2331,9.37,9.26,9.31,,8142.0
2018-03-07 14:00,,9.29,2331,9.32,9.22,9.32,,8852.0
2018-03-07 15:00,,9.27,2331,9.33,9.21,9.29,,11048.0
2018-03-08 10:30,,9.52,2331,9.54,9.24,9.33,,20610.0
2018-03-08 11:30,,9.49,2331,9.52,9.47,9.52,,3585.0
2018-03-08 14:00,,9.43,2331,9.52,9.41,9.49,,6723.0
2018-03-08 15:00,,9.5,2331,9.52,9.4,9.43,,8865.0
2018-03-09 10:30,,9.47,2331,9.55,9.45,9.52,,11772.0
2018-03-09 11:30,,9.68,2331,9.69,9.44,9.47,,18661.0
2018-03-09 14:00,,9.74,2331,9.75,9.68,9.68,,18002.0
2018-03-09 15:00,,9.68,2331,9.74,9.66,9.74,,13942.0
2018-03-12 10:30,,9.82,2331,9.9,9.66,9.72,,23453.0
2018-03-12 11:30,,9.73,2331,9.83,9.7,9.82,,13838.0
2018-03-12 14:00,,9.76,2331,9.77,9.7,9.73,,7651.0
2018-03-12 15:00,,9.79,2331,9.81,9.74,9.76,,11163.0
2018-03-13 10:30,,9.68,2331,9.77,9.6,9.73,,15824.0
2018-03-13 11:30,,9.82,2331,9.85,9.68,9.68,,9845.0
2018-03-13 14:00,,10.22,2331,10.54,9.8,9.82,,60955.0
2018-03-13 15:00,,10.07,2331,10.22,9.98,10.22,,23796.0
2018-03-14 10:30,,9.93,2331,10.06,9.88,9.93,,25027.0
2018-03-14 11:30,,9.84,2331,9.94,9.81,9.93,,11462.0
2018-03-14 14:00,,9.78,2331,9.84,9.73,9.84,,12517.0
2018-03-14 15:00,,9.75,2331,9.86,9.74,9.78,,14539.0
2018-03-15 10:30,,9.68,2331,9.81,9.66,9.72,,10809.0
2018-03-15 11:30,,9.51,2331,9.67,9.47,9.67,,19150.0
2018-03-15 14:00,,9.41,2331,9.53,9.32,9.51,,12247.0
2018-03-15 15:00,,9.46,2331,9.48,9.34,9.41,,11517.0
2018-03-16 10:30,,9.62,2331,9.68,9.46,9.46,,12701.0
2018-03-16 11:30,,9.6,2331,9.74,9.58,9.62,,11775.0
2018-03-16 14:00,,9.62,2331,9.68,9.6,9.6,,4945.0
2018-03-16 15:00,,9.53,2331,9.62,9.51,9.62,,9788.0
2018-03-19 10:30,,9.66,2331,9.74,9.55,9.55,,13832.0
2018-03-19 11:30,,9.81,2331,9.87,9.66,9.66,,10113.0
2018-03-19 14:00,,9.76,2331,9.84,9.73,9.81,,8840.0
2018-03-19 15:00,,9.7,2331,9.8,9.68,9.78,,10586.0
2018-03-20 10:30,,9.49,2331,9.64,9.44,9.64,,15383.0
2018-03-20 11:30,,9.52,2331,9.53,9.4,9.49,,7118.0
2018-03-20 14:00,,9.62,2331,9.65,9.5,9.52,,5217.0
2018-03-20 15:00,,9.64,2331,9.7,9.61,9.62,,7038.0
2018-03-21 10:30,,9.75,2331,9.84,9.66,9.67,,18308.0
2018-03-21 11:30,,9.76,2331,9.8,9.69,9.75,,9150.0
2018-03-21 14:00,,9.69,2331,9.78,9.69,9.76,,5947.0
2018-03-21 15:00,,9.6,2331,9.71,9.53,9.69,,9431.0
2018-03-22 10:30,,9.59,2331,9.7,9.55,9.6,,12585.0
2018-03-22 11:30,,9.66,2331,9.67,9.59,9.59,,6743.0
2018-03-22 14:00,,9.73,2331,9.8,9.67,9.67,,12624.0
2018-03-22 15:00,,9.69,2331,9.75,9.69,9.73,,7241.0
2018-03-23 10:30,,9.39,2331,9.4,9.2,9.35,,22458.0
2018-03-23 11:30,,9.1,2331,9.4,9.1,9.39,,16197.0
2018-03-23 14:00,,8.78,2331,9.18,8.78,9.1,,20618.0
2018-03-23 15:00,,8.78,2331,8.93,8.72,8.78,,24861.0
2018-03-26 10:30,,8.95,2331,8.98,8.5,8.6,,18746.0
2018-03-26 11:30,,8.85,2331,8.99,8.85,8.95,,8428.0
2018-03-26 14:00,,8.87,2331,8.98,8.83,8.85,,4013.0
2018-03-26 15:00,,8.99,2331,9.01,8.87,8.87,,7370.0
2018-03-27 10:30,,9.23,2331,9.35,9.07,9.07,,16189.0
2018-03-27 11:30,,9.4,2331,9.43,9.23,9.23,,14598.0
2018-03-27 14:00,,9.3,2331,9.41,9.27,9.4,,7029.0
2018-03-27 15:00,,9.42,2331,9.42,9.27,9.3,,13323.0
2018-03-28 10:30,,9.57,2331,9.77,9.25,9.31,,30653.0
2018-03-28 11:30,,9.58,2331,9.68,9.56,9.57,,7648.0
2018-03-28 14:00,,9.56,2331,9.63,9.44,9.58,,12024.0
2018-03-28 15:00,,9.46,2331,9.56,9.45,9.56,,11504.0
2018-03-29 10:30,,9.6,2331,9.68,9.5,9.57,,17872.0
2018-03-29 11:30,,9.63,2331,9.7,9.54,9.6,,11975.0
2018-03-29 14:00,,9.57,2331,9.67,9.56,9.63,,6074.0
2018-03-29 15:00,,9.69,2331,9.69,9.57,9.57,,13082.0
2018-03-30 10:30,,9.82,2331,9.87,9.72,9.76,,18549.0
2018-03-30 11:30,,9.83,2331,9.85,9.78,9.82,,10475.0
2018-03-30 14:00,,9.9,2331,9.94,9.82,9.83,,19834.0
2018-03-30 15:00,,9.93,2331,9.97,9.87,9.9,,23860.0
2018-04-02 10:30,,9.96,2331,10.02,9.8,10.0,,26302.0
2018-04-02 11:30,,10.1,2331,10.13,9.92,9.96,,20308.0
2018-04-02 14:00,,10.08,2331,10.17,10.04,10.1,,14731.0
2018-04-02 15:00,,9.97,2331,10.08,9.94,10.08,,16858.0
2018-04-03 10:30,,9.69,2331,9.84,9.65,9.76,,25178.0
2018-04-03 11:30,,9.77,2331,9.85,9.66,9.69,,9933.0
2018-04-03 14:00,,9.8,2331,9.84,9.7,9.77,,6125.0
2018-04-03 15:00,,10.01,2331,10.06,9.75,9.79,,21895.0
2018-04-04 10:30,,9.92,2331,10.1,9.88,10.04,,18075.0
2018-04-04 11:30,,10.0,2331,10.01,9.89,9.92,,7876.0
2018-04-04 14:00,,9.82,2331,10.01,9.78,10.0,,8739.0
2018-04-04 15:00,,9.76,2331,9.86,9.74,9.82,,18722.0
2018-04-09 10:30,,9.68,2331,9.77,9.59,9.74,,19807.0
2018-04-09 11:30,,9.88,2331,9.92,9.67,9.68,,10753.0
2018-04-09 14:00,,9.94,2331,10.1,9.88,9.88,,20441.0
2018-04-09 15:00,,9.94,2331,9.95,9.86,9.94,,9375.0
2018-04-10 10:30,,9.82,2331,10.04,9.78,9.95,,18761.0
2018-04-10 11:30,,9.8,2331,9.9,9.79,9.83,,6814.0
2018-04-10 14:00,,9.73,2331,9.8,9.67,9.8,,11815.0
2018-04-10 15:00,,9.88,2331,9.92,9.72,9.73,,15011.0
2018-04-11 10:30,,9.98,2331,10.09,9.86,9.95,,16891.0
2018-04-11 11:30,,9.96,2331,9.99,9.92,9.97,,6830.0
2018-04-11 14:00,,10.01,2331,10.04,9.94,9.96,,12147.0
2018-04-11 15:00,,10.01,2331,10.08,9.94,10.01,,17639.0
2018-04-12 10:30,,10.02,2331,10.17,9.98,10.06,,25601.0
2018-04-12 11:30,,9.93,2331,10.1,9.89,10.02,,10504.0
2018-04-12 14:00,,9.92,2331,10.01,9.92,9.93,,6709.0
2018-04-12 15:00,,9.93,2331,9.96,9.86,9.93,,11847.0
2018-04-13 10:30,,10.0,2331,10.17,9.99,10.07,,22563.0
2018-04-13 11:30,,9.95,2331,10.03,9.93,10.0,,7176.0
2018-04-13 14:00,,10.12,2331,10.17,9.95,9.95,,17148.0
2018-04-13 15:00,,10.39,2331,10.39,10.11,10.12,,57487.0
2018-04-16 10:30,,10.37,2331,10.5,10.12,10.35,,39529.0
2018-04-16 11:30,,10.51,2331,10.58,10.33,10.37,,36907.0
2018-04-16 14:00,,10.39,2331,10.51,10.31,10.51,,16258.0
2018-04-16 15:00,,10.79,2331,10.79,10.39,10.39,,56355.0
2018-04-17 10:30,,10.64,2331,10.74,10.51,10.6,,38439.0
2018-04-17 11:30,,10.35,2331,10.64,10.31,10.64,,27344.0
2018-04-17 14:00,,10.28,2331,10.38,10.19,10.35,,21468.0
2018-04-17 15:00,,10.12,2331,10.41,10.08,10.28,,22817.0
2018-04-18 10:30,,9.99,2331,10.3,9.92,10.21,,24457.0
2018-04-18 11:30,,9.97,2331,10.01,9.86,9.99,,13396.0
2018-04-18 14:00,,10.31,2331,10.4,9.97,9.97,,27810.0
2018-04-18 15:00,,10.5,2331,10.58,10.29,10.31,,38212.0
2018-04-19 10:30,,10.33,2331,10.51,10.28,10.39,,31608.0
2018-04-19 11:30,,10.52,2331,10.55,10.27,10.33,,23048.0
2018-04-19 14:00,,10.42,2331,10.6,10.41,10.51,,34615.0
2018-04-19 15:00,,10.3,2331,10.45,10.25,10.42,,22498.0
2018-04-20 10:30,,10.23,2331,10.3,10.08,10.25,,18911.0
2018-04-20 11:30,,10.03,2331,10.23,10.01,10.23,,16861.0
2018-04-20 14:00,,10.1,2331,10.17,10.0,10.03,,11757.0
2018-04-20 15:00,,9.96,2331,10.12,9.95,10.1,,13769.0
2018-04-23 10:30,,10.0,2331,10.14,9.91,9.91,,14664.0
2018-04-23 11:30,,9.93,2331,10.04,9.92,10.0,,8223.0
2018-04-23 14:00,,9.71,2331,9.96,9.71,9.93,,14721.0
2018-04-23 15:00,,9.72,2331,9.77,9.38,9.72,,24670.0
2018-04-24 10:30,,9.84,2331,9.87,9.64,9.79,,16218.0
2018-04-24 11:30,,9.93,2331,9.95,9.84,9.84,,8818.0
2018-04-24 14:00,,10.01,2331,10.09,9.88,9.93,,11995.0
2018-04-24 15:00,,10.09,2331,10.11,9.98,10.01,,21839.0
2018-04-25 10:30,,10.34,2331,10.39,10.0,10.06,,32739.0
2018-04-25 11:30,,10.27,2331,10.36,10.16,10.34,,12202.0
2018-04-25 14:00,,10.42,2331,10.52,10.24,10.27,,34109.0
2018-04-25 15:00,,10.48,2331,10.5,10.33,10.42,,31986.0
2018-04-26 10:30,,10.36,2331,10.47,10.32,10.46,,21484.0
2018-04-26 11:30,,10.42,2331,10.57,10.32,10.36,,17280.0
2018-04-26 14:00,,10.56,2331,10.63,10.35,10.42,,27119.0
2018-04-26 15:00,,10.57,2331,10.75,10.48,10.55,,65823.0
2018-04-27 10:30,,10.51,2331,10.67,10.34,10.6,,49060.0
2018-04-27 11:30,,10.26,2331,10.52,10.26,10.51,,18960.0
2018-04-27 14:00,,10.34,2331,10.34,10.14,10.26,,19901.0
2018-04-27 15:00,,10.42,2331,10.47,10.33,10.34,,16793.0
2018-05-02 10:30,,10.2,2331,10.39,10.15,10.39,,24469.0
2018-05-02 11:30,,9.98,2331,10.2,9.98,10.2,,19227.0
2018-05-02 14:00,,9.99,2331,10.08,9.94,9.98,,9711.0
2018-05-02 15:00,,10.02,2331,10.1,9.9,9.99,,14640.0
2018-05-03 10:30,,9.8,2331,10.09,9.78,10.09,,15947.0
2018-05-03 11:30,,9.98,2331,9.99,9.79,9.8,,7667.0
2018-05-03 14:00,,10.23,2331,10.26,9.92,9.98,,17469.0
2018-05-03 15:00,,10.56,2331,10.56,10.23,10.23,,56863.0
2018-05-04 10:30,,10.56,2331,10.64,10.42,10.46,,26923.0
2018-05-04 11:30,,10.53,2331,10.6,10.47,10.56,,10241.0
2018-05-04 14:00,,10.48,2331,10.56,10.47,10.53,,9536.0
2018-05-04 15:00,,10.5,2331,10.6,10.45,10.48,,22145.0
2018-05-07 10:30,,10.56,2331,10.65,10.33,10.53,,24567.0
2018-05-07 11:30,,10.75,2331,10.75,10.54,10.56,,23913.0
2018-05-07 14:00,,10.71,2331,10.86,10.7,10.75,,27225.0
2018-05-07 15:00,,10.73,2331,10.8,10.7,10.71,,29349.0
2018-05-08 10:30,,10.6,2331,10.73,10.6,10.73,,30249.0
2018-05-08 11:30,,10.79,2331,10.83,10.53,10.6,,23160.0
2018-05-08 14:00,,10.78,2331,10.82,10.67,10.79,,18656.0
2018-05-08 15:00,,10.82,2331,10.85,10.73,10.78,,36277.0
2018-05-09 10:30,,10.77,2331,10.81,10.68,10.7,,23804.0
2018-05-09 11:30,,10.88,2331,10.96,10.76,10.77,,24895.0
2018-05-09 14:00,,10.79,2331,10.98,10.74,10.88,,21816.0
2018-05-09 15:00,,10.94,2331,10.96,10.69,10.79,,37131.0
2018-05-10 10:30,,10.82,2331,10.98,10.78,10.92,,22233.0
2018-05-10 11:30,,10.83,2331,10.88,10.79,10.81,,10868.0
2018-05-10 14:00,,10.82,2331,10.97,10.8,10.83,,18654.0
2018-05-10 15:00,,10.89,2331,10.93,10.76,10.83,,21811.0
2018-05-11 10:30,,10.69,2331,10.92,10.61,10.91,,28360.0
2018-05-11 11:30,,10.58,2331,10.71,10.53,10.69,,17327.0
2018-05-11 14:00,,10.61,2331,10.68,10.53,10.58,,9819.0
2018-05-11 15:00,,10.55,2331,10.66,10.5,10.61,,21649.0
2018-05-14 10:30,,10.52,2331,10.6,10.5,10.51,,15241.0
2018-05-14 11:30,,10.39,2331,10.55,10.34,10.52,,19190.0
2018-05-14 14:00,,10.35,2331,10.39,10.28,10.39,,16293.0
2018-05-14 15:00,,10.38,2331,10.38,10.27,10.35,,13035.0
2018-05-15 10:30,,10.19,2331,10.37,10.14,10.3,,21996.0
2018-05-15 11:30,,10.19,2331,10.25,10.14,10.19,,10128.0
2018-05-15 14:00,,10.36,2331,10.39,10.17,10.19,,12851.0
2018-05-15 15:00,,10.55,2331,10.55,10.32,10.36,,25362.0
2018-05-16 10:30,,10.39,2331,10.46,10.34,10.4,,14406.0
2018-05-16 11:30,,10.26,2331,10.39,10.21,10.39,,17784.0
2018-05-16 14:00,,10.34,2331,10.34,10.25,10.26,,7456.0
2018-05-16 15:00,,10.23,2331,10.34,10.18,10.34,,19284.0
2018-05-17 10:30,,10.13,2331,10.25,10.11,10.21,,14910.0
2018-05-17 11:30,,10.13,2331,10.17,10.07,10.13,,8798.0
2018-05-17 14:00,,10.11,2331,10.17,10.09,10.13,,5878.0
2018-05-17 15:00,,10.12,2331,10.15,10.08,10.11,,8577.0
2018-05-18 10:30,,10.1,2331,10.17,10.05,10.1,,8728.0
2018-05-18 11:30,,10.09,2331,10.16,10.09,10.1,,6070.0
2018-05-18 14:00,,10.12,2331,10.13,10.04,10.09,,7052.0
2018-05-18 15:00,,10.15,2331,10.24,10.09,10.12,,11314.0
2018-05-21 10:30,,10.35,2331,10.35,10.17,10.17,,13175.0
2018-05-21 11:30,,10.35,2331,10.35,10.29,10.35,,7781.0
2018-05-21 14:00,,10.29,2331,10.35,10.29,10.35,,7835.0
2018-05-21 15:00,,10.27,2331,10.31,10.25,10.29,,9026.0
2018-05-22 10:30,,10.11,2331,10.31,10.1,10.27,,14113.0
2018-05-22 11:30,,10.09,2331,10.13,10.06,10.11,,12004.0
2018-05-22 14:00,,10.12,2331,10.16,10.09,10.09,,5205.0
2018-05-22 15:00,,10.18,2331,10.18,10.1,10.12,,11366.0
2018-05-23 10:30,,10.1,2331,10.19,10.08,10.19,,11581.0
2018-05-23 11:30,,10.08,2331,10.12,10.07,10.1,,5706.0
2018-05-23 14:00,,10.1,2331,10.14,10.07,10.08,,5320.0
2018-05-23 15:00,,9.94,2331,10.11,9.94,10.1,,18534.0
2018-05-24 10:30,,10.01,2331,10.06,9.95,9.95,,8983.0
2018-05-24 11:30,,9.99,2331,10.03,9.95,10.01,,5119.0
2018-05-24 14:00,,9.98,2331,10.03,9.97,9.99,,5028.0
2018-05-24 15:00,,9.8,2331,9.99,9.8,9.98,,19365.0
2018-05-25 10:30,,9.65,2331,9.89,9.64,9.8,,25612.0
2018-05-25 11:30,,9.61,2331,9.68,9.52,9.65,,16643.0
2018-05-25 14:00,,9.58,2331,9.68,9.57,9.61,,8183.0
2018-05-25 15:00,,9.54,2331,9.64,9.54,9.58,,11420.0
2018-05-28 10:30,,9.52,2331,9.59,9.32,9.57,,13907.0
2018-05-28 11:30,,9.59,2331,9.64,9.49,9.52,,5813.0
2018-05-28 14:00,,9.42,2331,9.6,9.42,9.59,,6878.0
2018-05-28 15:00,,9.32,2331,9.49,9.32,9.42,,13087.0
2018-05-29 10:30,,9.4,2331,9.43,9.3,9.32,,10665.0
2018-05-29 11:30,,9.26,2331,9.41,9.22,9.4,,5922.0
2018-05-29 14:00,,9.29,2331,9.36,9.24,9.26,,5141.0
2018-05-29 15:00,,9.24,2331,9.35,9.23,9.29,,7865.0
2018-05-30 10:30,,9.06,2331,9.18,9.04,9.1,,11887.0
2018-05-30 11:30,,9.0,2331,9.07,8.92,9.06,,10442.0
2018-05-30 14:00,,9.04,2331,9.05,8.97,9.0,,4357.0
2018-05-30 15:00,,8.78,2331,9.05,8.7,9.04,,24035.0
2018-05-31 10:30,,8.84,2331,8.96,8.8,8.9,,12197.0
2018-05-31 11:30,,8.9,2331,8.91,8.78,8.84,,6263.0
2018-05-31 14:00,,8.9,2331,8.94,8.87,8.9,,4322.0
2018-05-31 15:00,,8.85,2331,8.92,8.85,8.9,,6240.0
2018-06-01 10:30,,8.87,2331,8.89,8.73,8.82,,7065.0
2018-06-01 11:30,,8.86,2331,8.91,8.85,8.87,,5512.0
2018-06-01 14:00,,8.87,2331,8.91,8.82,8.86,,4645.0
2018-06-01 15:00,,8.78,2331,8.87,8.75,8.87,,10088.0
2018-06-04 10:30,,8.85,2331,8.94,8.8,8.84,,8504.0
2018-06-04 11:30,,8.87,2331,8.88,8.84,8.85,,4264.0
2018-06-04 14:00,,8.88,2331,8.9,8.84,8.87,,5041.0
2018-06-04 15:00,,8.79,2331,8.89,8.78,8.88,,6352.0
2018-06-05 10:30,,8.9,2331,8.93,8.8,8.85,,8307.0
2018-06-05 11:30,,8.97,2331,8.97,8.87,8.9,,5429.0
2018-06-05 14:00,,9.01,2331,9.05,8.97,8.97,,8270.0
2018-06-05 15:00,,9.05,2331,9.06,8.98,9.01,,8180.0
2018-06-06 10:30,,9.02,2331,9.09,8.98,9.05,,6575.0
2018-06-06 11:30,,8.97,2331,9.03,8.95,9.02,,4240.0
2018-06-06 14:00,,8.97,2331,9.0,8.94,8.97,,4634.0
2018-06-06 15:00,,8.97,2331,8.99,8.92,8.97,,4990.0
2018-06-07 10:30,,8.98,2331,9.11,8.97,8.99,,7010.0
2018-06-07 11:30,,8.97,2331,9.0,8.96,8.98,,2638.0
2018-06-07 14:00,,8.99,2331,8.99,8.94,8.97,,5977.0
2018-06-07 15:00,,8.91,2331,9.0,8.9,8.99,,5662.0
2018-06-08 10:30,,8.67,2331,8.91,8.67,8.91,,12079.0
2018-06-08 11:30,,8.68,2331,8.75,8.63,8.67,,5954.0
2018-06-08 14:00,,8.64,2331,8.68,8.51,8.68,,6991.0
2018-06-08 15:00,,8.61,2331,8.69,8.55,8.64,,6361.0
2018-06-11 10:30,,8.63,2331,8.68,8.58,8.68,,6198.0
2018-06-11 11:30,,8.65,2331,8.66,8.61,8.63,,2556.0
2018-06-11 14:00,,8.58,2331,8.66,8.56,8.65,,3399.0
2018-06-11 15:00,,8.49,2331,8.61,8.45,8.58,,8142.0
2018-06-12 10:30,,8.52,2331,8.62,8.43,8.55,,9095.0
2018-06-12 11:30,,8.56,2331,8.56,8.49,8.52,,3350.0
2018-06-12 14:00,,8.58,2331,8.59,8.55,8.56,,2229.0
2018-06-12 15:00,,8.68,2331,8.68,8.57,8.58,,6527.0
2018-06-13 10:30,,8.58,2331,8.67,8.55,8.63,,5284.0
2018-06-13 11:30,,8.48,2331,8.58,8.48,8.58,,5089.0
2018-06-13 14:00,,8.49,2331,8.5,8.45,8.48,,3506.0
2018-06-13 15:00,,8.23,2331,8.49,8.2,8.49,,14327.0
2018-06-14 10:30,,8.34,2331,8.37,8.23,8.28,,6895.0
2018-06-14 11:30,,8.32,2331,8.35,8.28,8.34,,3869.0
2018-06-14 14:00,,8.32,2331,8.33,8.21,8.32,,7256.0
2018-06-14 15:00,,8.26,2331,8.33,8.23,8.32,,7167.0
2018-06-15 10:30,,8.24,2331,8.35,8.17,8.3,,7027.0
2018-06-15 11:30,,8.02,2331,8.28,7.97,8.24,,11495.0
2018-06-15 14:00,,8.06,2331,8.09,7.99,8.02,,4725.0
2018-06-15 15:00,,8.02,2331,8.09,7.97,8.06,,7653.0
2018-06-19 10:30,,7.53,2331,7.99,7.53,7.91,,12260.0
2018-06-19 11:30,,7.39,2331,7.6,7.3,7.56,,13985.0
2018-06-19 14:00,,7.22,2331,7.39,7.22,7.39,,28731.0
2018-06-19 15:00,,7.22,2331,7.22,7.22,7.22,,3634.0
2018-06-20 10:30,,7.19,2331,7.27,7.02,7.09,,16641.0
2018-06-20 11:30,,7.2,2331,7.21,7.04,7.18,,8399.0
2018-06-20 14:00,,7.32,2331,7.36,7.2,7.2,,8828.0
2018-06-20 15:00,,7.25,2331,7.33,7.22,7.31,,8974.0
2018-06-21 10:30,,7.27,2331,7.28,7.16,7.26,,9732.0
2018-06-21 11:30,,7.11,2331,7.27,7.09,7.27,,8956.0
2018-06-21 14:00,,6.93,2331,7.11,6.84,7.11,,17045.0
2018-06-21 15:00,,6.71,2331,6.93,6.71,6.93,,19651.0
2018-06-22 10:30,,6.92,2331,6.98,6.62,6.71,,23598.0
2018-06-22 11:30,,6.94,2331,6.96,6.88,6.92,,3764.0
2018-06-22 14:00,,6.88,2331,6.96,6.84,6.94,,6289.0
2018-06-22 15:00,,6.95,2331,6.97,6.84,6.88,,11664.0
2018-06-25 10:30,,7.04,2331,7.08,6.97,7.05,,14536.0
2018-06-25 11:30,,7.05,2331,7.06,7.0,7.04,,6072.0
2018-06-25 14:00,,6.99,2331,7.07,6.97,7.05,,5780.0
2018-06-25 15:00,,7.01,2331,7.03,6.95,6.99,,6736.0
2018-06-26 10:30,,7.11,2331,7.12,6.82,6.91,,11727.0
2018-06-26 11:30,,7.18,2331,7.31,7.08,7.11,,13147.0
2018-06-26 14:00,,7.21,2331,7.26,7.18,7.18,,4776.0
2018-06-26 15:00,,7.17,2331,7.22,7.12,7.21,,8611.0
2018-06-27 10:30,,7.26,2331,7.34,7.11,7.11,,21251.0
2018-06-27 11:30,,7.25,2331,7.32,7.21,7.26,,8656.0
2018-06-27 14:00,,7.21,2331,7.26,7.15,7.25,,8399.0
2018-06-27 15:00,,7.19,2331,7.26,7.16,7.21,,10776.0
2018-06-28 10:30,,7.19,2331,7.29,7.13,7.23,,18661.0
2018-06-28 11:30,,7.2,2331,7.23,7.15,7.19,,7264.0
2018-06-28 14:00,,7.15,2331,7.21,7.15,7.2,,4287.0
2018-06-28 15:00,,7.09,2331,7.18,7.08,7.15,,9213.0
2018-06-29 10:30,,7.2,2331,7.23,7.05,7.09,,11684.0
2018-06-29 11:30,,7.32,2331,7.34,7.19,7.2,,11203.0
2018-06-29 14:00,{},7.39,2331,7.4,7.3,7.32,24.6798,8646.0
2018-06-29 14:00,,7.39,2331,7.4,7.3,7.32,,8646.0
2018-06-29 15:00,{},7.4,2331,7.44,7.32,7.39,36.7656,12880.0
2018-06-29 15:00,,7.4,2331,7.44,7.32,7.39,,12880.0
2018-07-02 10:30,,7.3,2331,7.42,7.3,7.34,,13201.0
2018-07-02 10:30,{},7.3,2331,7.42,7.3,7.34,37.6819,13201.0
2018-07-02 11:30,{},7.28,2331,7.39,7.28,7.3,21.5941,7565.0
2018-07-02 11:30,,7.28,2331,7.39,7.28,7.3,,7565.0
2018-07-02 14:00,,7.28,2331,7.32,7.26,7.28,,9333.0
2018-07-02 14:00,{},7.28,2331,7.32,7.26,7.28,26.6408,9333.0
2018-07-02 15:00,{},7.21,2331,7.28,7.08,7.28,35.0701,12286.0
2018-07-02 15:00,,7.21,2331,7.28,7.08,7.28,,12286.0
2018-07-03 10:30,,7.31,2331,7.32,7.17,7.21,,11111.0
2018-07-03 10:30,{},7.31,2331,7.32,7.17,7.21,31.7161,11111.0
2018-07-03 11:30,,7.26,2331,7.32,7.2,7.31,,7327.0
2018-07-03 11:30,{},7.26,2331,7.32,7.2,7.31,20.9147,7327.0
2018-07-03 14:00,{},7.35,2331,7.39,7.24,7.26,30.149,10562.0
2018-07-03 14:00,,7.35,2331,7.39,7.24,7.26,,10562.0
2018-07-03 15:00,{},7.47,2331,7.49,7.32,7.35,40.7448,14274.0
2018-07-03 15:00,,7.47,2331,7.49,7.32,7.35,,14274.0
2018-07-04 10:30,{},7.33,2331,7.45,7.32,7.45,34.1681,11970.0
2018-07-04 10:30,,7.33,2331,7.45,7.32,7.45,,11970.0
2018-07-04 11:30,{},7.28,2331,7.37,7.24,7.33,22.3819,7841.0
2018-07-04 11:30,,7.28,2331,7.37,7.24,7.33,,7841.0
2018-07-04 14:00,,7.26,2331,7.29,7.21,7.28,,5578.0
2018-07-04 14:00,{},7.26,2331,7.29,7.21,7.28,15.9223,5578.0
2018-07-04 15:00,,7.25,2331,7.26,7.17,7.26,,10695.0
2018-07-04 15:00,{},7.25,2331,7.26,7.17,7.26,30.5286,10695.0
2018-07-05 10:30,,7.23,2331,7.28,7.12,7.26,,9863.0
2018-07-05 10:30,{},7.23,2331,7.28,7.12,7.26,28.1537,9863.0
2018-07-05 11:30,{},7.2,2331,7.32,7.2,7.23,17.6178,6172.0
2018-07-05 11:30,,7.2,2331,7.32,7.2,7.23,,6172.0
2018-07-05 14:00,{},7.19,2331,7.27,7.17,7.2,8.2808,2901.0
2018-07-05 14:00,,7.19,2331,7.27,7.17,7.2,,2901.0
2018-07-05 15:00,,7.06,2331,7.19,7.05,7.19,,14866.0
2018-07-05 15:00,{},7.06,2331,7.19,7.05,7.19,42.4346,14866.0
2018-07-06 10:30,{},7.09,2331,7.2,7.02,7.04,34.3707,12041.0
2018-07-06 10:30,,7.09,2331,7.2,7.02,7.04,,12041.0
2018-07-06 11:30,{},7.18,2331,7.18,7.07,7.09,26.0414,9123.0
2018-07-06 11:30,,7.18,2331,7.18,7.07,7.09,,9123.0
2018-07-06 14:00,{},7.36,2331,7.37,7.18,7.18,51.9771,18209.0
2018-07-06 14:00,,7.36,2331,7.37,7.18,7.18,,18209.0
2018-07-06 15:00,{},7.27,2331,7.36,7.25,7.36,23.518,8239.0
2018-07-06 15:00,,7.27,2331,7.36,7.25,7.36,,8239.0
2018-07-09 10:30,{},7.36,2331,7.38,7.24,7.25,46.528,16300.0
2018-07-09 10:30,,7.36,2331,7.38,7.24,7.25,,16300.0
2018-07-09 11:30,{},7.35,2331,7.36,7.31,7.35,12.0687,4228.0
2018-07-09 11:30,,7.35,2331,7.36,7.31,7.35,,4228.0
2018-07-09 14:00,{},7.38,2331,7.4,7.34,7.35,18.2801,6404.0
2018-07-09 14:00,,7.38,2331,7.4,7.34,7.35,,6404.0
2018-07-09 15:00,{},7.4,2331,7.42,7.36,7.38,34.8474,12208.0
2018-07-09 15:00,,7.4,2331,7.42,7.36,7.38,,12208.0
2018-07-10 10:30,,7.37,2331,7.43,7.32,7.39,,12057.0
2018-07-10 10:30,{},7.37,2331,7.43,7.32,7.39,34.4164,12057.0
2018-07-10 11:30,,7.36,2331,7.39,7.34,7.37,,4095.0
2018-07-10 11:30,{},7.36,2331,7.39,7.34,7.37,11.6891,4095.0
2018-07-10 14:00,{},7.28,2331,7.38,7.25,7.36,34.8246,12200.0
2018-07-10 14:00,,7.28,2331,7.38,7.25,7.36,,12200.0
2018-07-10 15:00,{},7.39,2331,7.39,7.26,7.28,27.5371,9647.0
2018-07-10 15:00,,7.39,2331,7.39,7.26,7.28,,9647.0
2018-07-11 10:30,{},7.18,2331,7.21,7.11,7.2,48.0351,16828.0
2018-07-11 10:30,,7.18,2331,7.21,7.11,7.2,,16828.0
2018-07-11 11:30,{},7.08,2331,7.2,7.08,7.18,20.7806,7280.0
2018-07-11 11:30,,7.08,2331,7.2,7.08,7.18,,7280.0
2018-07-11 14:00,{},6.94,2331,7.1,6.92,7.08,35.621,12479.0
2018-07-11 14:00,,6.94,2331,7.1,6.92,7.08,,12479.0
2018-07-11 15:00,,7.07,2331,7.08,6.92,6.94,,11210.0
2018-07-11 15:00,{},7.07,2331,7.08,6.92,6.94,31.9987,11210.0
2018-07-12 10:30,,7.21,2331,7.23,7.07,7.07,,13886.0
2018-07-12 10:30,{},7.21,2331,7.23,7.07,7.07,39.6372,13886.0
2018-07-12 11:30,,7.27,2331,7.27,7.19,7.21,,8398.0
2018-07-12 11:30,{},7.27,2331,7.27,7.19,7.21,23.9719,8398.0
2018-07-12 14:00,{},7.3,2331,7.32,7.26,7.27,29.9292,10485.0
2018-07-12 14:00,,7.3,2331,7.32,7.26,7.27,,10485.0
2018-07-12 15:00,,7.28,2331,7.31,7.26,7.3,,17732.0
2018-07-12 15:00,{},7.28,2331,7.31,7.26,7.3,50.6156,17732.0
2018-07-13 10:30,,7.26,2331,7.34,7.24,7.28,,11455.0
2018-07-13 10:30,{},7.26,2331,7.34,7.24,7.28,32.698,11455.0
2018-07-13 11:30,{},7.28,2331,7.31,7.24,7.26,15.0145,5260.0
2018-07-13 11:30,,7.28,2331,7.31,7.24,7.26,,5260.0
2018-07-13 14:00,,7.24,2331,7.3,7.24,7.28,,3994.0
2018-07-13 14:00,{},7.24,2331,7.3,7.24,7.28,11.4008,3994.0
2018-07-13 15:00,,7.27,2331,7.3,7.23,7.24,,7775.0
2018-07-13 15:00,{},7.27,2331,7.3,7.23,7.24,22.1935,7775.0
2018-07-16 10:30,{},7.3,2331,7.31,7.23,7.26,27.2802,9557.0
2018-07-16 10:30,,7.3,2331,7.31,7.23,7.26,,9557.0
2018-07-16 11:30,,7.35,2331,7.36,7.27,7.3,,7348.0
2018-07-16 11:30,{},7.35,2331,7.36,7.27,7.3,20.9747,7348.0
2018-07-16 14:00,,7.3,2331,7.36,7.27,7.35,,5136.0
2018-07-16 14:00,{},7.3,2331,7.36,7.27,7.35,14.6606,5136.0
2018-07-16 15:00,{},7.3,2331,7.33,7.27,7.3,20.1954,7075.0
2018-07-16 15:00,,7.3,2331,7.33,7.27,7.3,,7075.0
2018-07-17 10:30,{},7.28,2331,7.33,7.25,7.27,26.59800000000001,9318.0
2018-07-17 10:30,,7.28,2331,7.33,7.25,7.27,,9318.0
2018-07-17 11:30,{},7.3,2331,7.31,7.26,7.28,12.4113,4348.0
2018-07-17 11:30,,7.3,2331,7.31,7.26,7.28,,4348.0
2018-07-17 14:00,{},7.23,2331,7.3,7.2,7.3,15.9822,5599.0
2018-07-17 14:00,,7.23,2331,7.3,7.2,7.3,,5599.0
2018-07-17 15:00,{},7.33,2331,7.36,7.19,7.23,42.4603,14875.0
2018-07-17 15:00,,7.33,2331,7.36,7.19,7.23,,14875.0
2018-07-18 10:30,{},7.47,2331,7.48,7.32,7.32,64.6225,22639.0
2018-07-18 10:30,,7.47,2331,7.48,7.32,7.32,,22639.0
2018-07-18 11:30,{},7.46,2331,7.47,7.41,7.47,25.0965,8792.0
2018-07-18 11:30,,7.46,2331,7.47,7.41,7.47,,8792.0
2018-07-18 14:00,,7.39,2331,7.47,7.39,7.46,,8521.0
2018-07-18 14:00,{},7.39,2331,7.47,7.39,7.46,24.323,8521.0
2018-07-18 15:00,{},7.38,2331,7.46,7.38,7.39,39.1577,13718.0
2018-07-18 15:00,,7.38,2331,7.46,7.38,7.39,,13718.0
2018-07-19 10:30,,7.21,2331,7.49,7.16,7.39,,18836.0
2018-07-19 10:30,{},7.21,2331,7.49,7.16,7.39,53.7669,18836.0
2018-07-19 11:30,{},7.12,2331,7.29,7.12,7.21,20.5066,7184.0
2018-07-19 11:30,,7.12,2331,7.29,7.12,7.21,,7184.0
2018-07-19 14:00,,7.18,2331,7.23,7.09,7.12,,8572.0
2018-07-19 14:00,{},7.18,2331,7.23,7.09,7.12,24.4686,8572.0
2018-07-19 15:00,{},7.18,2331,7.22,7.13,7.18,26.5295,9294.0
2018-07-19 15:00,,7.18,2331,7.22,7.13,7.18,,9294.0
2018-07-20 10:30,,7.21,2331,7.22,7.1,7.13,,9734.0
2018-07-20 10:30,{},7.21,2331,7.22,7.1,7.13,27.7855,9734.0
2018-07-20 11:30,{},7.22,2331,7.26,7.17,7.2,29.2041,10231.0
2018-07-20 11:30,,7.22,2331,7.26,7.17,7.2,,10231.0
2018-07-20 14:00,{},7.38,2331,7.39,7.21,7.22,41.9979,14713.0
2018-07-20 14:00,,7.38,2331,7.39,7.21,7.22,,14713.0
2018-07-20 15:00,,7.41,2331,7.42,7.35,7.38,,16623.0
2018-07-20 15:00,{},7.41,2331,7.42,7.35,7.38,47.4499,16623.0
2018-07-23 10:30,,7.51,2331,7.59,7.3,7.36,,24075.0
2018-07-23 10:30,{},7.51,2331,7.59,7.3,7.36,68.7215,24075.0
2018-07-23 11:30,,7.44,2331,7.53,7.42,7.51,,11283.0
2018-07-23 11:30,{},7.44,2331,7.53,7.42,7.51,32.207,11283.0
2018-07-23 14:00,{},7.45,2331,7.49,7.44,7.44,16.5217,5788.0
2018-07-23 14:00,,7.45,2331,7.49,7.44,7.44,,5788.0
2018-07-23 15:00,,7.52,2331,7.52,7.45,7.45,,14235.0
2018-07-23 15:00,{},7.52,2331,7.52,7.45,7.45,40.6335,14235.0
2018-07-24 10:30,,7.6,2331,7.61,7.44,7.47,,23052.0
2018-07-24 10:30,{},7.6,2331,7.61,7.44,7.47,65.8014,23052.0
2018-07-24 11:30,{},7.59,2331,7.61,7.52,7.6,33.0406,11575.0
2018-07-24 11:30,,7.59,2331,7.61,7.52,7.6,,11575.0
2018-07-24 14:00,{},7.62,2331,7.66,7.57,7.59,36.2376,12695.0
2018-07-24 14:00,,7.62,2331,7.66,7.57,7.59,,12695.0
2018-07-24 15:00,{},7.62,2331,7.63,7.59,7.62,45.4946,15938.0
2018-07-24 15:00,,7.62,2331,7.63,7.59,7.62,,15938.0
2018-07-25 10:30,{},7.62,2331,7.75,7.57,7.66,70.0974,24557.0
2018-07-25 10:30,,7.62,2331,7.75,7.57,7.66,,24557.0
2018-07-25 11:30,,7.64,2331,7.65,7.57,7.62,,9076.0
2018-07-25 11:30,{},7.64,2331,7.65,7.57,7.62,25.9072,9076.0
2018-07-25 14:00,{},7.58,2331,7.66,7.57,7.64,23.3268,8172.0
2018-07-25 14:00,,7.58,2331,7.66,7.57,7.64,,8172.0
2018-07-25 15:00,{},7.61,2331,7.62,7.55,7.58,41.9865,14709.0
2018-07-25 15:00,,7.61,2331,7.62,7.55,7.58,,14709.0
2018-07-26 10:30,{},7.57,2331,7.65,7.52,7.61,49.4481,17323.0
2018-07-26 10:30,,7.57,2331,7.65,7.52,7.61,,17323.0
2018-07-26 11:30,{},7.56,2331,7.59,7.54,7.57,29.7865,10435.0
2018-07-26 11:30,,7.56,2331,7.59,7.54,7.57,,10435.0
2018-07-26 14:00,,7.67,2331,7.67,7.54,7.56,,9874.0
2018-07-26 14:00,{},7.67,2331,7.67,7.54,7.56,28.1851,9874.0
2018-07-26 15:00,,7.68,2331,7.74,7.6,7.67,,18944.0
2018-07-26 15:00,{},7.68,2331,7.74,7.6,7.67,54.0752,18944.0
2018-07-27 10:30,,7.54,2331,7.68,7.51,7.68,,19823.0
2018-07-27 10:30,{},7.54,2331,7.68,7.51,7.68,56.5843,19823.0
2018-07-27 11:30,,7.55,2331,7.58,7.51,7.54,,7106.0
2018-07-27 11:30,{},7.55,2331,7.58,7.51,7.54,20.2839,7106.0
2018-07-27 14:00,,7.51,2331,7.57,7.47,7.55,,8900.0
2018-07-27 14:00,{},7.51,2331,7.57,7.47,7.55,25.4048,8900.0
2018-07-27 15:00,{},7.54,2331,7.55,7.5,7.51,22.4676,7871.0
2018-07-27 15:00,,7.54,2331,7.55,7.5,7.51,,7871.0
2018-07-30 10:30,{},7.39,2331,7.54,7.39,7.48,38.8323,13604.0
2018-07-30 10:30,,7.39,2331,7.54,7.39,7.48,,13604.0
2018-07-30 11:30,,7.38,2331,7.41,7.32,7.39,,7306.0
2018-07-30 11:30,{},7.38,2331,7.41,7.32,7.39,20.8548,7306.0
2018-07-30 14:00,{},7.36,2331,7.4,7.34,7.38,15.3942,5393.0
2018-07-30 14:00,,7.36,2331,7.4,7.34,7.38,,5393.0
2018-07-30 15:00,,7.34,2331,7.44,7.32,7.36,,5266.0
2018-07-30 15:00,{},7.38,2331,7.4,7.32,7.36,23.7007,8303.0
2018-07-31 10:30,,7.33,2331,7.38,7.31,7.34,,7781.0
2018-07-31 10:30,{},7.33,2331,7.38,7.31,7.34,22.2107,7781.0
2018-07-31 11:30,{},7.35,2331,7.39,7.33,7.33,11.1524,3907.0
2018-07-31 11:30,,7.35,2331,7.39,7.33,7.33,,3907.0
2018-07-31 14:00,{},7.41,2331,7.43,7.35,7.35,14.044,4920.0
2018-07-31 14:00,,7.41,2331,7.43,7.35,7.35,,4920.0
2018-07-31 15:00,{},7.41,2331,7.42,7.35,7.41,20.1897,7073.0
2018-07-31 15:00,,7.41,2331,7.42,7.35,7.41,,7073.0
2018-08-01 10:30,,7.43,2331,7.47,7.39,7.41,,8768.0
2018-08-01 10:30,{},7.43,2331,7.47,7.39,7.41,25.028,8768.0
2018-08-01 10:30,{},7.43,2331,7.47,7.39,7.41,25.028000000000002,8768.0
2018-08-01 11:30,{},7.39,2331,7.44,7.37,7.43,12.6196,4421.0
2018-08-01 11:30,,7.39,2331,7.44,7.37,7.43,,4421.0
2018-08-01 14:00,,7.37,2331,7.41,7.34,7.39,,4698.0
2018-08-01 14:00,{},7.37,2331,7.41,7.34,7.39,13.4103,4698.0
2018-08-01 15:00,,7.28,2331,7.37,7.24,7.37,,9456.0
2018-08-01 15:00,{},7.28,2331,7.37,7.24,7.37,26.9919,9456.0
2018-08-02 10:30,{},7.12,2331,7.28,7.09,7.26,41.7039,14610.0
2018-08-02 10:30,,7.12,2331,7.28,7.09,7.26,,14610.0
2018-08-02 11:30,{},7.0,2331,7.11,7.0,7.11,30.2974,10614.0
2018-08-02 11:30,,7.0,2331,7.11,7.0,7.11,,10614.0
2018-08-02 14:00,,6.91,2331,7.0,6.76,7.0,,12635.0
2018-08-02 14:00,{},6.91,2331,7.0,6.76,7.0,36.0663,12635.0
2018-08-02 15:00,,6.98,2331,7.05,6.87,6.91,,7759.0
2018-08-02 15:00,{},6.98,2331,7.05,6.87,6.91,22.1479,7759.0
2018-08-03 10:30,,6.97,2331,7.04,6.94,6.94,,5172.0
2018-08-03 10:30,{},6.97,2331,7.04,6.94,6.94,14.7633,5172.0
2018-08-03 11:30,,6.99,2331,7.03,6.94,6.97,,5955.0
2018-08-03 11:30,{},6.99,2331,7.03,6.94,6.97,16.9984,5955.0
2018-08-03 14:00,,6.96,2331,7.01,6.91,6.99,,5306.0
2018-08-03 14:00,{},6.96,2331,7.01,6.91,6.99,15.1458,5306.0
2018-08-03 15:00,{},6.89,2331,6.97,6.87,6.96,21.8653,7660.0
2018-08-03 15:00,,6.89,2331,6.97,6.87,6.96,,7660.0
2018-08-06 10:30,,6.9,2331,6.95,6.81,6.86,,6283.0
2018-08-06 10:30,{},6.9,2331,6.95,6.81,6.86,17.9347,6283.0
2018-08-06 11:30,{},6.8,2331,6.92,6.8,6.9,12.9108,4523.0
2018-08-06 11:30,,6.8,2331,6.92,6.8,6.9,,4523.0
2018-08-06 14:00,,6.81,2331,6.87,6.77,6.8,,4752.0
2018-08-06 14:00,{},6.81,2331,6.87,6.77,6.8,13.5645,4752.0
2018-08-06 15:00,,6.83,2331,6.86,6.77,6.81,,8466.0
2018-08-06 15:00,{},6.83,2331,6.86,6.77,6.81,24.166,8466.0
2018-08-07 10:30,,6.9,2331,6.96,6.83,6.92,,6448.0
2018-08-07 10:30,{},6.9,2331,6.96,6.83,6.92,18.4057,6448.0
2018-08-07 11:30,{},6.97,2331,6.98,6.87,6.9,17.9889,6302.0
2018-08-07 11:30,,6.97,2331,6.98,6.87,6.9,,6302.0
2018-08-07 14:00,{},6.98,2331,6.99,6.94,6.97,14.1953,4973.0
2018-08-07 14:00,,6.98,2331,6.99,6.94,6.97,,4973.0
2018-08-07 15:00,,7.03,2331,7.04,6.97,6.98,,8419.0
2018-08-07 15:00,{},7.03,2331,7.04,6.97,6.98,24.0318,8419.0
2018-08-08 10:30,{},7.13,2331,7.19,6.97,6.97,51.2407,17951.0
2018-08-08 10:30,,7.13,2331,7.19,6.97,6.97,,17951.0
2018-08-08 11:30,,7.12,2331,7.15,7.08,7.13,,5896.0
2018-08-08 11:30,{},7.12,2331,7.15,7.08,7.13,16.83,5896.0
2018-08-08 14:00,,7.02,2331,7.12,7.0,7.12,,9005.0
2018-08-08 14:00,{},7.02,2331,7.12,7.0,7.12,25.7046,9005.0
2018-08-08 15:00,{},7.0,2331,7.05,6.99,7.02,22.459,7868.0
2018-08-08 15:00,,7.0,2331,7.05,6.99,7.02,,7868.0
2018-08-09 10:30,,7.17,2331,7.2,6.92,7.04,,19279.0
2018-08-09 10:30,{},7.17,2331,7.2,6.92,7.04,55.0314,19279.0
2018-08-09 11:30,{},7.28,2331,7.29,7.15,7.17,38.5782,13515.0
2018-08-09 11:30,,7.28,2331,7.29,7.15,7.17,,13515.0
2018-08-09 14:00,{},7.3,2331,7.33,7.23,7.28,39.2119,13737.0
2018-08-09 14:00,,7.3,2331,7.33,7.23,7.28,,13737.0
2018-08-09 15:00,,7.28,2331,7.31,7.24,7.3,,9587.0
2018-08-09 15:00,{},7.28,2331,7.31,7.24,7.3,27.3659,9587.0
2018-08-10 10:30,,7.21,2331,7.31,7.21,7.28,,13437.0
2018-08-10 10:30,{},7.21,2331,7.31,7.21,7.28,38.3556,13437.0
2018-08-10 11:30,{},7.21,2331,7.26,7.17,7.21,20.6892,7248.0
2018-08-10 11:30,,7.21,2331,7.26,7.17,7.21,,7248.0
2018-08-10 14:00,,7.22,2331,7.23,7.18,7.21,,4654.0
2018-08-10 14:00,{},7.22,2331,7.23,7.18,7.21,13.2847,4654.0
2018-08-10 15:00,{},7.28,2331,7.29,7.22,7.22,23.0841,8087.0
2018-08-10 15:00,,7.28,2331,7.29,7.22,7.22,,8087.0
2018-08-13 10:30,,7.24,2331,7.27,7.12,7.17,,12240.0
2018-08-13 10:30,{},7.24,2331,7.27,7.12,7.17,34.9388,12240.0
2018-08-13 11:30,{},7.2,2331,7.24,7.18,7.24,17.5065,6133.0
2018-08-13 11:30,,7.2,2331,7.24,7.18,7.24,,6133.0
2018-08-13 14:00,{},7.69,2331,7.69,7.19,7.2,33.7056,11808.0
2018-08-13 14:00,,7.69,2331,7.69,7.19,7.2,,11808.0
2018-08-13 15:00,{},8.01,2331,8.01,7.6,7.69,138.7703,48615.0
2018-08-13 15:00,,8.01,2331,8.01,7.6,7.69,,48615.0
2018-08-14 10:30,,8.81,2331,8.81,8.67,8.81,,179859.0
2018-08-14 10:30,{},8.81,2331,8.81,8.67,8.81,513.4031,179859.0
2018-08-14 11:30,{},8.81,2331,8.81,8.81,8.81,19.8557,6956.0
2018-08-14 11:30,,8.81,2331,8.81,8.81,8.81,,6956.0
2018-08-14 14:00,{},8.81,2331,8.81,8.81,8.81,39.0378,13676.0
2018-08-14 14:00,,8.81,2331,8.81,8.81,8.81,,13676.0
2018-08-14 15:00,,8.81,2331,8.81,8.81,8.81,,12243.0
2018-08-14 15:00,{},8.81,2331,8.81,8.81,8.81,34.9473,12243.0
2018-08-15 10:30,{},8.25,2331,8.93,8.22,8.88,570.898,200001.0
2018-08-15 10:30,,8.25,2331,8.93,8.22,8.88,,200001.0
2018-08-15 11:30,,8.19,2331,8.43,8.16,8.25,,54886.0
2018-08-15 11:30,{},8.19,2331,8.43,8.16,8.25,156.6707,54886.0
2018-08-15 14:00,{},8.14,2331,8.29,8.02,8.19,116.4797,40806.0
2018-08-15 14:00,,8.14,2331,8.29,8.02,8.19,,40806.0
2018-08-15 15:00,{},8.02,2331,8.18,8.01,8.14,137.4116,48139.0
2018-08-15 15:00,,8.02,2331,8.18,8.01,8.14,,48139.0
2018-08-16 10:30,{},7.81,2331,7.93,7.68,7.7,262.7802,92059.0
2018-08-16 10:30,,7.81,2331,7.93,7.68,7.7,,92059.0
2018-08-16 11:30,,7.84,2331,8.06,7.78,7.81,,30286.0
2018-08-16 11:30,{},7.84,2331,8.06,7.78,7.81,86.4506,30286.0
2018-08-16 14:00,{},7.83,2331,7.98,7.76,7.84,92.1967,32299.0
2018-08-16 14:00,,7.83,2331,7.98,7.76,7.84,,32299.0
2018-08-16 15:00,,7.71,2331,7.84,7.68,7.83,,45596.0
2018-08-16 15:00,{},7.71,2331,7.84,7.68,7.83,130.1527,45596.0
2018-08-17 10:30,,7.64,2331,7.83,7.63,7.8,,46471.0
2018-08-17 10:30,{},7.64,2331,7.83,7.63,7.8,132.6503,46471.0
2018-08-17 11:30,{},7.55,2331,7.68,7.51,7.64,76.8282,26915.0
2018-08-17 11:30,,7.55,2331,7.68,7.51,7.64,,26915.0
2018-08-17 14:00,{},7.55,2331,7.61,7.5,7.55,54.2579,19008.0
2018-08-17 14:00,,7.55,2331,7.61,7.5,7.55,,19008.0
2018-08-17 15:00,{},7.38,2331,7.56,7.37,7.55,110.7451,38797.0
2018-08-17 15:00,,7.38,2331,7.56,7.37,7.55,,38797.0
2018-08-20 10:30,,7.27,2331,7.36,7.17,7.28,,35597.0
2018-08-20 10:30,{},7.27,2331,7.36,7.17,7.28,101.6108,35597.0
2018-08-20 11:30,,7.26,2331,7.31,7.17,7.27,,17373.0
2018-08-20 11:30,{},7.26,2331,7.31,7.17,7.27,49.5908,17373.0
2018-08-20 14:00,{},7.28,2331,7.32,7.21,7.26,25.6674,8992.0
2018-08-20 14:00,,7.28,2331,7.32,7.21,7.26,,8992.0
2018-08-20 15:00,,7.52,2331,7.54,7.25,7.28,,30519.0
2018-08-20 15:00,{},7.52,2331,7.54,7.25,7.28,87.1157,30519.0
2018-08-21 10:30,{},7.41,2331,7.49,7.34,7.45,70.7796,24796.0
2018-08-21 10:30,,7.41,2331,7.49,7.34,7.45,,24796.0
2018-08-21 11:30,,7.52,2331,7.56,7.41,7.41,,24789.0
2018-08-21 11:30,{},7.52,2331,7.56,7.41,7.41,70.7596,24789.0
2018-08-21 14:00,{},7.49,2331,7.54,7.44,7.52,30.8426,10805.0
2018-08-21 14:00,,7.49,2331,7.54,7.44,7.52,,10805.0
2018-08-21 15:00,,7.51,2331,7.55,7.45,7.49,,23257.0
2018-08-21 15:00,{},7.51,2331,7.55,7.45,7.49,66.3865,23257.0
2018-08-22 10:30,,7.41,2331,7.49,7.34,7.46,,21344.0
2018-08-22 10:30,{},7.41,2331,7.49,7.34,7.46,60.9259,21344.0
2018-08-22 11:30,{},7.31,2331,7.41,7.24,7.41,56.59,19825.0
2018-08-22 11:30,,7.31,2331,7.41,7.24,7.41,,19825.0
2018-08-22 14:00,{},7.27,2331,7.33,7.25,7.31,18.5998,6516.0
2018-08-22 14:00,,7.27,2331,7.33,7.25,7.31,,6516.0
2018-08-22 15:00,{},7.28,2331,7.3,7.25,7.27,45.4518,15923.0
2018-08-22 15:00,,7.28,2331,7.3,7.25,7.27,,15923.0
2018-08-23 10:30,{},7.41,2331,7.47,7.28,7.35,97.0122,33986.0
2018-08-23 10:30,,7.41,2331,7.47,7.28,7.35,,33986.0
2018-08-23 11:30,{},7.36,2331,7.43,7.36,7.42,40.1739,14074.0
2018-08-23 11:30,,7.36,2331,7.43,7.36,7.42,,14074.0
2018-08-23 14:00,,7.48,2331,7.48,7.33,7.36,,16652.0
2018-08-23 14:00,{},7.48,2331,7.48,7.33,7.36,47.5327,16652.0
2018-08-23 15:00,,7.4,2331,7.49,7.38,7.48,,17645.0
2018-08-23 15:00,{},7.4,2331,7.49,7.38,7.48,50.3672,17645.0
2018-08-24 10:30,,7.38,2331,7.49,7.36,7.49,,23545.0
2018-08-24 10:30,{},7.38,2331,7.49,7.36,7.49,67.2086,23545.0
2018-08-24 11:30,,7.34,2331,7.4,7.33,7.38,,11418.0
2018-08-24 11:30,{},7.34,2331,7.4,7.33,7.38,32.5924,11418.0
2018-08-24 14:00,{},7.4,2331,7.42,7.34,7.34,26.6979,9353.0
2018-08-24 14:00,,7.4,2331,7.42,7.34,7.34,,9353.0
2018-08-24 15:00,,7.32,2331,7.4,7.28,7.4,,13018.0
2018-08-24 15:00,{},7.32,2331,7.4,7.28,7.4,37.1596,13018.0
2018-08-27 10:30,,7.4,2331,7.47,7.32,7.39,,20998.0
2018-08-27 10:30,{},7.4,2331,7.47,7.32,7.39,59.9383,20998.0
2018-08-27 11:30,{},7.49,2331,7.49,7.4,7.4,41.2015,14434.0
2018-08-27 11:30,,7.49,2331,7.49,7.4,7.4,,14434.0
2018-08-27 14:00,,7.53,2331,7.57,7.46,7.49,,22562.0
2018-08-27 14:00,{},7.53,2331,7.57,7.46,7.49,64.4027,22562.0
2018-08-27 15:00,,7.58,2331,7.58,7.49,7.53,,30085.0
2018-08-27 15:00,{},7.58,2331,7.58,7.49,7.53,85.8769,30085.0
2018-08-28 10:30,{},7.52,2331,7.6,7.5,7.54,88.0948,30862.0
2018-08-28 10:30,,7.52,2331,7.6,7.5,7.54,,30862.0
2018-08-28 11:30,,7.55,2331,7.56,7.48,7.52,,14171.0
2018-08-28 11:30,{},7.55,2331,7.56,7.48,7.52,40.4508,14171.0
2018-08-28 14:00,{},7.64,2331,7.68,7.53,7.55,54.76600000000001,19186.0
2018-08-28 14:00,,7.64,2331,7.68,7.53,7.55,,19186.0
2018-08-28 15:00,,7.79,2331,7.95,7.64,7.65,,52825.0
2018-08-28 15:00,{},7.79,2331,7.95,7.64,7.65,150.7877,52825.0
2018-08-29 10:30,{},7.75,2331,7.75,7.62,7.73,83.8302,29368.0
2018-08-29 10:30,,7.75,2331,7.75,7.62,7.73,,29368.0
2018-08-29 11:30,,7.68,2331,7.76,7.68,7.75,,11560.0
2018-08-29 11:30,{},7.68,2331,7.76,7.68,7.75,32.9977,11560.0
2018-08-29 14:00,{},7.69,2331,7.72,7.67,7.68,19.3533,6780.0
2018-08-29 14:00,,7.69,2331,7.72,7.67,7.68,,6780.0
2018-08-29 15:00,{},7.73,2331,7.73,7.66,7.69,39.9655,14001.0
2018-08-29 15:00,,7.73,2331,7.73,7.66,7.69,,14001.0
2018-08-30 10:30,{},7.56,2331,7.73,7.56,7.73,49.2083,17239.0
2018-08-30 10:30,,7.56,2331,7.73,7.56,7.73,,17239.0
2018-08-30 11:30,{},7.54,2331,7.62,7.54,7.56,37.9788,13305.0
2018-08-30 11:30,,7.54,2331,7.62,7.54,7.56,,13305.0
2018-08-30 14:00,,7.55,2331,7.59,7.53,7.54,,6467.0
2018-08-30 14:00,{},7.55,2331,7.59,7.53,7.54,18.4599,6467.0
2018-08-30 15:00,{},7.47,2331,7.59,7.46,7.55,39.9598,13999.0
2018-08-30 15:00,,7.47,2331,7.59,7.46,7.55,,13999.0
2018-08-31 10:30,,7.4,2331,7.48,7.36,7.43,,11009.0
2018-08-31 10:30,{},7.4,2331,7.48,7.36,7.43,31.4249,11009.0
2018-08-31 11:30,{},7.51,2331,7.58,7.39,7.4,23.264,8150.0
2018-08-31 11:30,,7.51,2331,7.58,7.39,7.4,,8150.0
2018-08-31 14:00,{},7.46,2331,7.53,7.45,7.51,12.5882,4410.0
2018-08-31 14:00,,7.46,2331,7.53,7.45,7.51,,4410.0
2018-08-31 15:00,,7.38,2331,7.49,7.38,7.46,,8579.0
2018-08-31 15:00,{},7.38,2331,7.49,7.38,7.46,24.4885,8579.0
2018-09-03 10:30,,7.24,2331,7.36,7.21,7.35,,13363.0
2018-09-03 10:30,{},7.24,2331,7.36,7.21,7.35,38.1444,13363.0
2018-09-03 11:30,,7.31,2331,7.31,7.21,7.24,,6603.0
2018-09-03 11:30,{},7.31,2331,7.31,7.21,7.24,18.8481,6603.0
2018-09-03 14:00,{},7.31,2331,7.38,7.26,7.31,17.8576,6256.0
2018-09-03 14:00,,7.31,2331,7.38,7.26,7.31,,6256.0
2018-09-03 15:00,{},7.47,2331,7.5,7.31,7.31,42.4032,14855.0
2018-09-03 15:00,,7.47,2331,7.5,7.31,7.31,,14855.0
2018-09-04 10:30,,7.58,2331,7.63,7.46,7.52,,21526.0
2018-09-04 10:30,{},7.58,2331,7.63,7.46,7.52,61.4454,21526.0
2018-09-04 11:30,{},7.53,2331,7.61,7.48,7.58,21.6198,7574.0
2018-09-04 11:30,,7.53,2331,7.61,7.48,7.58,,7574.0
2018-09-04 14:00,,7.64,2331,7.65,7.49,7.53,,10888.0
2018-09-04 14:00,{},7.64,2331,7.65,7.49,7.53,31.0795,10888.0
2018-09-04 15:00,,7.62,2331,7.69,7.59,7.64,,24546.0
2018-09-04 15:00,{},7.62,2331,7.69,7.59,7.64,70.066,24546.0
2018-09-05 10:30,,7.67,2331,7.77,7.58,7.65,,22710.0
2018-09-05 10:30,{},7.67,2331,7.77,7.58,7.65,64.8251,22710.0
2018-09-05 11:30,{},7.6,2331,7.68,7.6,7.67,26.0728,9134.0
2018-09-05 11:30,,7.6,2331,7.68,7.6,7.67,,9134.0
2018-09-05 14:00,{},7.61,2331,7.65,7.57,7.6,18.7054,6553.0
2018-09-05 14:00,,7.61,2331,7.65,7.57,7.6,,6553.0
2018-09-05 15:00,{},7.43,2331,7.61,7.42,7.61,44.6069,15627.0
2018-09-05 15:00,,7.43,2331,7.61,7.42,7.61,,15627.0
2018-09-06 10:30,{},7.63,2331,7.67,7.42,7.48,52.0599,18238.0
2018-09-06 10:30,,7.63,2331,7.67,7.42,7.48,,18238.0
2018-09-06 11:30,,7.55,2331,7.63,7.54,7.63,,8325.0
2018-09-06 11:30,{},7.55,2331,7.63,7.54,7.63,23.7635,8325.0
2018-09-06 14:00,,7.48,2331,7.57,7.47,7.55,,9684.0
2018-09-06 14:00,{},7.48,2331,7.57,7.47,7.55,27.6427,9684.0
2018-09-06 15:00,{},7.49,2331,7.53,7.4,7.48,38.1558,13367.0
2018-09-06 15:00,,7.49,2331,7.53,7.4,7.48,,13367.0
2018-09-07 10:30,{},7.55,2331,7.64,7.51,7.52,52.1541,18271.0
2018-09-07 10:30,,7.55,2331,7.64,7.51,7.52,,18271.0
2018-09-07 11:30,{},7.44,2331,7.57,7.43,7.55,38.4698,13477.0
2018-09-07 11:30,,7.44,2331,7.57,7.43,7.55,,13477.0
2018-09-07 14:00,{},7.4,2331,7.5,7.38,7.44,23.9947,8406.0
2018-09-07 14:00,,7.4,2331,7.5,7.38,7.44,,8406.0
2018-09-07 15:00,,7.44,2331,7.48,7.38,7.4,,7958.0
2018-09-07 15:00,{},7.44,2331,7.48,7.38,7.4,22.7159,7958.0
2018-09-10 10:30,{},7.27,2331,7.49,7.22,7.48,47.5927,16673.0
2018-09-10 10:30,,7.27,2331,7.49,7.22,7.48,,16673.0
2018-09-10 11:30,{},7.3,2331,7.33,7.25,7.27,13.142000000000001,4604.0
2018-09-10 11:30,,7.3,2331,7.33,7.25,7.27,,4604.0
2018-09-10 11:30,{},7.3,2331,7.33,7.25,7.27,13.142,4604.0
2018-09-10 14:00,,7.27,2331,7.31,7.24,7.3,,5718.0
2018-09-10 14:00,{},7.27,2331,7.31,7.24,7.3,16.3219,5718.0
2018-09-10 15:00,,7.21,2331,7.3,7.2,7.27,,10844.0
2018-09-10 15:00,{},7.21,2331,7.3,7.2,7.27,30.9539,10844.0
2018-09-11 10:30,{},7.29,2331,7.3,7.2,7.24,23.969,8397.0
2018-09-11 10:30,,7.29,2331,7.3,7.2,7.24,,8397.0
2018-09-11 11:30,,7.36,2331,7.38,7.27,7.29,,6069.0
2018-09-11 11:30,{},7.36,2331,7.38,7.27,7.29,17.3238,6069.0
2018-09-11 14:00,,7.32,2331,7.38,7.31,7.36,,4735.0
2018-09-11 14:00,{},7.32,2331,7.38,7.31,7.36,13.5159,4735.0
2018-09-11 15:00,,7.33,2331,7.35,7.25,7.32,,6395.0
2018-09-11 15:00,{},7.33,2331,7.35,7.25,7.32,18.2544,6395.0
2018-09-12 10:30,,7.43,2331,7.45,7.31,7.32,,8756.0
2018-09-12 10:30,{},7.43,2331,7.45,7.31,7.32,24.9938,8756.0
2018-09-12 11:30,,7.45,2331,7.49,7.42,7.43,,7989.0
2018-09-12 11:30,{},7.45,2331,7.49,7.42,7.43,22.8044,7989.0
2018-09-12 14:00,,7.46,2331,7.48,7.43,7.45,,4638.0
2018-09-12 14:00,{},7.46,2331,7.48,7.43,7.45,13.2391,4638.0
2018-09-12 15:00,,7.41,2331,7.46,7.39,7.46,,6614.0
2018-09-12 15:00,{},7.41,2331,7.46,7.39,7.46,18.8795,6614.0
2018-09-13 10:30,{},7.47,2331,7.53,7.42,7.48,22.8986,8022.0
2018-09-13 10:30,,7.47,2331,7.53,7.42,7.48,,8022.0
2018-09-13 11:30,,7.49,2331,7.5,7.44,7.47,,6851.0
2018-09-13 11:30,{},7.49,2331,7.5,7.44,7.47,19.555999999999997,6851.0
2018-09-13 11:30,{},7.49,2331,7.5,7.44,7.47,19.556,6851.0
2018-09-13 14:00,,7.52,2331,7.52,7.46,7.49,,5448.0
2018-09-13 14:00,{},7.52,2331,7.52,7.46,7.49,15.5512,5448.0
2018-09-13 15:00,{},7.62,2331,7.64,7.5,7.52,46.5108,16294.0
2018-09-13 15:00,,7.62,2331,7.64,7.5,7.52,,16294.0
2018-09-14 10:30,{},7.54,2331,7.65,7.54,7.65,31.97300000000001,11201.0
2018-09-14 10:30,{},7.54,2331,7.65,7.54,7.65,31.973000000000006,11201.0
2018-09-14 10:30,,7.54,2331,7.65,7.54,7.65,,11201.0
2018-09-14 11:30,,7.53,2331,7.55,7.47,7.54,,7319.0
2018-09-14 11:30,{},7.53,2331,7.55,7.47,7.54,20.8919,7319.0
2018-09-14 14:00,{},7.54,2331,7.57,7.5,7.53,8.415,2948.0
2018-09-14 14:00,,7.54,2331,7.57,7.5,7.53,,2948.0
2018-09-14 15:00,,7.47,2331,7.56,7.47,7.54,,7132.0
2018-09-14 15:00,{},7.47,2331,7.56,7.47,7.54,20.3581,7132.0
2018-09-17 10:30,{},7.36,2331,7.55,7.32,7.55,32.1442,11261.0
2018-09-17 10:30,,7.36,2331,7.55,7.32,7.55,,11261.0
2018-09-17 11:30,,7.33,2331,7.38,7.3,7.36,,5976.0
2018-09-17 11:30,{},7.33,2331,7.38,7.3,7.36,17.0583,5976.0
2018-09-17 14:00,{},7.32,2331,7.35,7.23,7.33,17.9375,6284.0
2018-09-17 14:00,,7.32,2331,7.35,7.23,7.33,,6284.0
2018-09-17 15:00,{},7.28,2331,7.34,7.26,7.32,25.6589,8989.0
2018-09-17 15:00,,7.28,2331,7.34,7.26,7.32,,8989.0
2018-09-18 10:30,{},7.29,2331,7.38,7.24,7.3,18.6397,6530.0
2018-09-18 10:30,,7.29,2331,7.38,7.24,7.3,,6530.0
2018-09-18 11:30,,7.25,2331,7.32,7.24,7.29,,3418.0
2018-09-18 11:30,{},7.25,2331,7.32,7.24,7.29,9.7566,3418.0
2018-09-18 14:00,{},7.37,2331,7.38,7.24,7.25,30.0177,10516.0
2018-09-18 14:00,,7.37,2331,7.38,7.24,7.25,,10516.0
2018-09-18 15:00,{},7.42,2331,7.46,7.36,7.37,40.1996,14083.0
2018-09-18 15:00,,7.42,2331,7.46,7.36,7.37,,14083.0
2018-09-19 10:30,{},7.43,2331,7.46,7.32,7.46,25.7702,9028.0
2018-09-19 10:30,,7.43,2331,7.46,7.32,7.46,,9028.0
2018-09-19 11:30,,7.49,2331,7.54,7.4,7.43,,10040.0
2018-09-19 11:30,{},7.49,2331,7.54,7.4,7.43,28.6589,10040.0
2018-09-19 14:00,{},7.53,2331,7.57,7.48,7.49,27.3459,9580.0
2018-09-19 14:00,,7.53,2331,7.57,7.48,7.49,,9580.0
2018-09-19 15:00,{},7.5,2331,7.54,7.49,7.52,27.8368,9752.0
2018-09-19 15:00,,7.5,2331,7.54,7.49,7.52,,9752.0
2018-09-20 10:30,,7.5,2331,7.54,7.42,7.5,,11646.0
2018-09-20 10:30,{},7.5,2331,7.54,7.42,7.5,33.2432,11646.0
2018-09-20 11:30,,7.47,2331,7.53,7.45,7.5,,5648.0
2018-09-20 11:30,{},7.47,2331,7.53,7.45,7.5,16.1221,5648.0
2018-09-20 14:00,,7.49,2331,7.52,7.46,7.47,,3601.0
2018-09-20 14:00,{},7.49,2331,7.52,7.46,7.47,10.279000000000002,3601.0
2018-09-20 15:00,,7.53,2331,7.55,7.45,7.49,,10506.0
2018-09-20 15:00,{},7.53,2331,7.55,7.45,7.49,29.9891,10506.0
2018-09-21 10:30,{},7.5,2331,7.59,7.49,7.58,39.2176,13739.0
2018-09-21 10:30,,7.5,2331,7.59,7.49,7.58,,13739.0
2018-09-21 11:30,{},7.55,2331,7.57,7.48,7.5,16.9327,5932.0
2018-09-21 11:30,,7.55,2331,7.57,7.48,7.5,,5932.0
2018-09-21 14:00,,7.57,2331,7.58,7.53,7.55,,9614.0
2018-09-21 14:00,{},7.57,2331,7.58,7.53,7.55,27.4429,9614.0
2018-09-21 15:00,{},7.59,2331,7.62,7.56,7.57,47.5042,16642.0
2018-09-21 15:00,,7.59,2331,7.62,7.56,7.57,,16642.0
2018-09-25 10:30,,7.6,2331,7.62,7.5,7.56,,13060.0
2018-09-25 10:30,{},7.6,2331,7.62,7.5,7.56,37.2795,13060.0
2018-09-25 11:30,{},7.54,2331,7.6,7.52,7.6,12.5197,4386.0
2018-09-25 11:30,,7.54,2331,7.6,7.52,7.6,,4386.0
2018-09-25 14:00,,7.54,2331,7.56,7.51,7.54,,3445.0
2018-09-25 14:00,{},7.54,2331,7.56,7.51,7.54,9.8337,3445.0
2018-09-25 15:00,,7.55,2331,7.56,7.52,7.54,,6571.0
2018-09-25 15:00,{},7.55,2331,7.56,7.52,7.54,18.7568,6571.0
2018-09-26 10:30,,7.57,2331,7.61,7.54,7.6,,9194.0
2018-09-26 10:30,{},7.57,2331,7.61,7.54,7.6,26.244,9194.0
2018-09-26 11:30,,7.59,2331,7.65,7.57,7.57,,11191.0
2018-09-26 11:30,{},7.59,2331,7.65,7.57,7.57,31.9444,11191.0
2018-09-26 14:00,{},7.6,2331,7.63,7.57,7.59,21.4714,7522.0
2018-09-26 14:00,,7.6,2331,7.63,7.57,7.59,,7522.0
2018-09-26 15:00,,7.53,2331,7.6,7.53,7.6,,9951.0
2018-09-26 15:00,{},7.53,2331,7.6,7.53,7.6,28.4049,9951.0
2018-09-27 10:30,{},7.55,2331,7.57,7.51,7.54,22.8929,8020.0
2018-09-27 10:30,,7.55,2331,7.57,7.51,7.54,,8020.0
2018-09-27 11:30,,7.51,2331,7.58,7.51,7.55,,6028.0
2018-09-27 11:30,{},7.51,2331,7.58,7.51,7.55,17.2068,6028.0
2018-09-27 14:00,,7.43,2331,7.53,7.41,7.51,,9337.0
2018-09-27 14:00,{},7.43,2331,7.53,7.41,7.51,26.6522,9337.0
2018-09-27 15:00,,7.42,2331,7.5,7.42,7.43,,9687.0
2018-09-27 15:00,{},7.42,2331,7.5,7.42,7.43,27.6513,9687.0
2018-09-28 10:30,,7.47,2331,7.5,7.37,7.49,,9836.0
2018-09-28 10:30,{},7.47,2331,7.5,7.37,7.49,28.0766,9836.0
2018-09-28 11:30,,7.44,2331,7.49,7.42,7.47,,5579.0
2018-09-28 11:30,{},7.44,2331,7.49,7.42,7.47,15.9251,5579.0
2018-09-28 14:00,,7.45,2331,7.48,7.42,7.44,,6618.0
2018-09-28 14:00,{},7.45,2331,7.48,7.42,7.44,18.8909,6618.0
2018-09-28 15:00,,7.5,2331,7.51,7.44,7.45,,9522.0
2018-09-28 15:00,{},7.5,2331,7.51,7.44,7.45,27.1803,9522.0
2018-10-08 10:30,{},7.27,2331,7.37,7.27,7.37,33.6628,11793.0
2018-10-08 10:30,,7.27,2331,7.37,7.27,7.37,,11793.0
2018-10-08 11:30,{},7.35,2331,7.44,7.24,7.27,24.7169,8659.0
2018-10-08 11:30,,7.35,2331,7.44,7.24,7.27,,8659.0
2018-10-08 14:00,,7.37,2331,7.41,7.33,7.35,,2863.0
2018-10-08 14:00,{},7.37,2331,7.41,7.33,7.35,8.1724,2863.0
2018-10-08 15:00,,7.24,2331,7.37,7.23,7.37,,10255.0
2018-10-08 15:00,{},7.24,2331,7.37,7.23,7.37,29.2726,10255.0
2018-10-09 10:30,,7.29,2331,7.33,7.24,7.24,,6012.0
2018-10-09 10:30,{},7.29,2331,7.33,7.24,7.24,17.1611,6012.0
2018-10-09 11:30,,7.27,2331,7.3,7.24,7.29,,4657.0
2018-10-09 11:30,{},7.27,2331,7.3,7.24,7.29,13.2933,4657.0
2018-10-09 14:00,{},7.3,2331,7.3,7.25,7.27,12.4912,4376.0
2018-10-09 14:00,,7.3,2331,7.3,7.25,7.27,,4376.0
2018-10-09 15:00,,7.3,2331,7.3,7.26,7.3,,3681.0
2018-10-09 15:00,{},7.3,2331,7.3,7.26,7.3,10.5073,3681.0
2018-10-10 10:30,,7.29,2331,7.35,7.26,7.35,,4345.0
2018-10-10 10:30,{},7.29,2331,7.35,7.26,7.35,12.4027,4345.0
2018-10-10 11:30,,7.26,2331,7.29,7.2,7.29,,7750.0
2018-10-10 11:30,{},7.26,2331,7.29,7.2,7.29,22.1222,7750.0
2018-10-10 14:00,{},7.26,2331,7.3,7.24,7.26,9.3741,3284.0
2018-10-10 14:00,,7.26,2331,7.3,7.24,7.26,,3284.0
2018-10-10 15:00,{},7.25,2331,7.31,7.24,7.26,13.2162,4630.0
2018-10-10 15:00,,7.25,2331,7.31,7.24,7.26,,4630.0
2018-10-11 10:30,,7.01,2331,7.1,6.83,6.97,,12827.0
2018-10-11 10:30,{},7.01,2331,7.1,6.83,6.97,36.6144,12827.0
2018-10-11 11:30,{},6.73,2331,7.02,6.63,7.01,37.4393,13116.0
2018-10-11 11:30,,6.73,2331,7.02,6.63,7.01,,13116.0
2018-10-11 14:00,,6.64,2331,6.77,6.59,6.73,,11484.0
2018-10-11 14:00,{},6.64,2331,6.77,6.59,6.73,32.7808,11484.0
2018-10-11 15:00,{},6.53,2331,6.66,6.53,6.64,50.3273,17631.0
2018-10-11 15:00,,6.53,2331,6.66,6.53,6.64,,17631.0
2018-10-12 10:30,{},6.23,2331,6.64,6.18,6.5,55.49100000000001,19440.0
2018-10-12 10:30,,6.23,2331,6.64,6.18,6.5,,19440.0
2018-10-12 11:30,,6.32,2331,6.32,6.01,6.23,,18332.0
2018-10-12 11:30,{},6.32,2331,6.32,6.01,6.23,52.3282,18332.0
2018-10-12 14:00,,6.49,2331,6.58,6.32,6.32,,14194.0
2018-10-12 14:00,{},6.49,2331,6.58,6.32,6.32,40.5164,14194.0
2018-10-12 15:00,,6.48,2331,6.55,6.47,6.49,,7304.0
2018-10-12 15:00,{},6.48,2331,6.55,6.47,6.49,20.8491,7304.0
2018-10-15 10:30,,6.54,2331,6.57,6.43,6.48,,9760.0
2018-10-15 10:30,{},6.54,2331,6.57,6.43,6.48,27.8597,9760.0
2018-10-15 11:30,{},6.49,2331,6.55,6.48,6.54,9.5311,3339.0
2018-10-15 11:30,,6.49,2331,6.55,6.48,6.54,,3339.0
2018-10-15 14:00,,6.47,2331,6.55,6.47,6.49,,3170.0
2018-10-15 14:00,{},6.47,2331,6.55,6.47,6.49,9.0487,3170.0
2018-10-15 15:00,,6.38,2331,6.5,6.37,6.47,,4379.0
2018-10-15 15:00,{},6.38,2331,6.5,6.37,6.47,12.4997,4379.0
2018-10-16 10:30,{},6.4,2331,6.55,6.39,6.43,19.987,7002.0
2018-10-16 10:30,{},6.4,2331,6.55,6.39,6.43,19.987000000000002,7002.0
2018-10-16 10:30,,6.4,2331,6.55,6.39,6.43,,7002.0
2018-10-16 11:30,{},6.37,2331,6.43,6.35,6.4,9.965,3491.0
2018-10-16 11:30,,6.37,2331,6.43,6.35,6.4,,3491.0
2018-10-16 14:00,,6.35,2331,6.42,6.35,6.37,,1389.0
2018-10-16 14:00,{},6.35,2331,6.42,6.35,6.37,3.9649,1389.0
2018-10-16 15:00,{},6.3,2331,6.37,6.28,6.35,15.2029,5326.0
2018-10-16 15:00,,6.3,2331,6.37,6.28,6.35,,5326.0
2018-10-17 10:30,{},6.4,2331,6.46,6.36,6.39,16.2163,5681.0
2018-10-17 10:30,,6.4,2331,6.46,6.36,6.39,,5681.0
2018-10-17 11:30,,6.34,2331,6.42,6.32,6.4,,3098.0
2018-10-17 11:30,{},6.34,2331,6.42,6.32,6.4,8.8432,3098.0
2018-10-17 14:00,,6.42,2331,6.48,6.23,6.34,,5632.0
2018-10-17 14:00,{},6.42,2331,6.48,6.23,6.34,16.0764,5632.0
2018-10-17 15:00,,6.52,2331,6.52,6.41,6.42,,6242.0
2018-10-17 15:00,{},6.52,2331,6.52,6.41,6.42,17.8176,6242.0
2018-10-18 10:30,{},6.44,2331,6.48,6.3,6.45,21.0746,7383.0
2018-10-18 10:30,,6.44,2331,6.48,6.3,6.45,,7383.0
2018-10-18 11:30,{},6.51,2331,6.53,6.43,6.44,15.0973,5289.0
2018-10-18 11:30,,6.51,2331,6.53,6.43,6.44,,5289.0
2018-10-18 14:00,{},6.64,2331,6.7,6.51,6.51,28.9644,10147.0
2018-10-18 14:00,,6.64,2331,6.7,6.51,6.51,,10147.0
2018-10-18 15:00,{},6.7,2331,6.78,6.62,6.64,57.9858,20314.0
2018-10-18 15:00,,6.7,2331,6.78,6.62,6.64,,20314.0
2018-10-19 10:30,,6.89,2331,6.92,6.58,6.6,,15931.0
2018-10-19 10:30,{},6.89,2331,6.92,6.58,6.6,45.4746,15931.0
2018-10-19 11:30,{},7.02,2331,7.05,6.89,6.89,35.8636,12564.0
2018-10-19 11:30,,7.02,2331,7.05,6.89,6.89,,12564.0
2018-10-19 14:00,,7.08,2331,7.12,6.96,7.02,,12223.0
2018-10-19 14:00,{},7.08,2331,7.12,6.96,7.02,34.8903,12223.0
2018-10-19 15:00,,7.12,2331,7.25,7.08,7.08,,20803.0
2018-10-19 15:00,{},7.12,2331,7.25,7.08,7.08,59.3817,20803.0
2018-10-22 10:30,,7.54,2331,7.58,7.09,7.1,,33874.0
2018-10-22 10:30,{},7.54,2331,7.58,7.09,7.1,96.6925,33874.0
2018-10-22 11:30,,7.45,2331,7.54,7.43,7.54,,9048.0
2018-10-22 11:30,{},7.45,2331,7.54,7.43,7.54,25.8273,9048.0
2018-10-22 14:00,,7.39,2331,7.49,7.37,7.45,,8098.0
2018-10-22 14:00,{},7.39,2331,7.49,7.37,7.45,23.1155,8098.0
2018-10-22 15:00,,7.4,2331,7.41,7.3,7.39,,10868.0
2018-10-22 15:00,{},7.4,2331,7.41,7.3,7.39,31.0224,10868.0
2018-10-23 10:30,{},7.39,2331,7.45,7.25,7.32,34.4107,12055.0
2018-10-23 10:30,,7.39,2331,7.45,7.25,7.32,,12055.0
2018-10-23 11:30,,7.36,2331,7.41,7.35,7.39,,5479.0
2018-10-23 11:30,{},7.36,2331,7.41,7.35,7.39,15.6397,5479.0
2018-10-23 14:00,,7.3,2331,7.37,7.28,7.36,,4989.0
2018-10-23 14:00,{},7.3,2331,7.37,7.28,7.36,14.241,4989.0
2018-10-23 15:00,,7.29,2331,7.3,7.19,7.3,,8995.0
2018-10-23 15:00,{},7.29,2331,7.3,7.19,7.3,25.676,8995.0
2018-10-24 10:30,,7.29,2331,7.35,7.2,7.3,,5193.0
2018-10-24 10:30,{},7.29,2331,7.35,7.2,7.3,14.8233,5193.0
2018-10-24 11:30,,7.35,2331,7.36,7.25,7.29,,4367.0
2018-10-24 11:30,{},7.35,2331,7.36,7.25,7.29,12.4655,4367.0
2018-10-24 14:00,,7.23,2331,7.39,7.23,7.35,,5618.0
2018-10-24 14:00,{},7.23,2331,7.39,7.23,7.35,16.0364,5618.0
2018-10-24 15:00,,7.32,2331,7.32,7.23,7.23,,4599.0
2018-10-24 15:00,{},7.32,2331,7.32,7.23,7.23,13.1277,4599.0
2018-10-25 10:30,{},7.17,2331,7.19,7.03,7.11,34.3137,12021.0
2018-10-25 10:30,,7.17,2331,7.19,7.03,7.11,,12021.0
2018-10-25 11:30,,7.18,2331,7.19,7.11,7.17,,3353.0
2018-10-25 11:30,{},7.18,2331,7.19,7.11,7.17,9.5711,3353.0
2018-10-25 14:00,,7.26,2331,7.27,7.16,7.18,,3512.0
2018-10-25 14:00,{},7.26,2331,7.27,7.16,7.18,10.0249,3512.0
2018-10-25 15:00,{},7.28,2331,7.32,7.25,7.26,20.1469,7058.0
2018-10-25 15:00,,7.28,2331,7.32,7.25,7.26,,7058.0
2018-10-26 10:30,,7.31,2331,7.52,7.31,7.4,,12538.0
2018-10-26 10:30,{},7.31,2331,7.52,7.31,7.4,35.7894,12538.0
2018-10-26 11:30,,7.31,2331,7.36,7.23,7.31,,2496.0
2018-10-26 11:30,{},7.31,2331,7.36,7.23,7.31,7.1248,2496.0
2018-10-26 14:00,{},7.34,2331,7.35,7.28,7.31,4.63,1622.0
2018-10-26 14:00,,7.34,2331,7.35,7.28,7.31,,1622.0
2018-10-26 15:00,{},7.33,2331,7.34,7.29,7.34,14.0526,4923.0
2018-10-26 15:00,,7.33,2331,7.34,7.29,7.34,,4923.0
2018-10-29 10:30,{},7.37,2331,7.45,7.1,7.1,16.4532,5764.0
2018-10-29 10:30,,7.37,2331,7.45,7.1,7.1,,5764.0
2018-10-29 11:30,,7.36,2331,7.42,7.35,7.37,,2872.0
2018-10-29 11:30,{},7.36,2331,7.42,7.35,7.37,8.1981,2872.0
2018-10-29 14:00,{},7.47,2331,7.48,7.35,7.36,17.4494,6113.0
2018-10-29 14:00,,7.47,2331,7.48,7.35,7.36,,6113.0
2018-10-29 15:00,,7.45,2331,7.49,7.38,7.47,,16678.0
2018-10-29 15:00,{},7.45,2331,7.49,7.38,7.47,47.6069,16678.0
2018-10-30 10:30,,7.36,2331,7.55,7.26,7.46,,13290.0
2018-10-30 10:30,{},7.36,2331,7.55,7.26,7.46,37.936,13290.0
2018-10-30 11:30,,7.44,2331,7.49,7.33,7.36,,5038.0
2018-10-30 11:30,{},7.44,2331,7.49,7.33,7.36,14.3808,5038.0
2018-10-30 14:00,,7.45,2331,7.49,7.39,7.44,,5526.0
2018-10-30 14:00,{},7.45,2331,7.49,7.39,7.44,15.7738,5526.0
2018-10-30 15:00,{},7.41,2331,7.48,7.4,7.45,16.3875,5741.0
2018-10-30 15:00,,7.41,2331,7.48,7.4,7.45,,5741.0
2018-10-31 10:30,{},7.56,2331,7.57,7.37,7.4,39.9598,13999.0
2018-10-31 10:30,,7.56,2331,7.57,7.37,7.4,,13999.0
2018-10-31 11:30,{},7.53,2331,7.57,7.49,7.56,12.4826,4373.0
2018-10-31 11:30,,7.53,2331,7.57,7.49,7.56,,4373.0
2018-10-31 14:00,,7.54,2331,7.57,7.52,7.53,,7013.0
2018-10-31 14:00,{},7.54,2331,7.57,7.52,7.53,20.0184,7013.0
2018-10-31 15:00,,7.59,2331,7.64,7.54,7.54,,14597.0
2018-10-31 15:00,{},7.59,2331,7.64,7.54,7.54,41.6668,14597.0
2018-11-01 10:30,{},7.84,2331,7.88,7.6,7.65,74.1964,25993.0
2018-11-01 10:30,,7.84,2331,7.88,7.6,7.65,,25993.0
2018-11-01 11:30,{},7.86,2331,7.87,7.79,7.85,29.835,10452.0
2018-11-01 11:30,,7.86,2331,7.87,7.79,7.85,,10452.0
2018-11-01 14:00,{},7.87,2331,7.94,7.85,7.86,40.0854,14043.0
2018-11-01 14:00,,7.87,2331,7.94,7.85,7.86,,14043.0
2018-11-01 15:00,{},7.92,2331,7.95,7.84,7.87,68.2534,23911.0
2018-11-01 15:00,,7.92,2331,7.95,7.84,7.87,,23911.0
2018-11-02 10:30,,7.88,2331,8.04,7.85,7.92,,20004.0
2018-11-02 10:30,{},7.88,2331,8.04,7.85,7.92,57.1009,20004.0
2018-11-02 11:30,{},7.89,2331,7.91,7.88,7.88,22.4733,7873.0
2018-11-02 11:30,,7.89,2331,7.91,7.88,7.88,,7873.0
2018-11-02 14:00,{},8.03,2331,8.07,7.89,7.89,61.7252,21624.0
2018-11-02 14:00,,8.03,2331,8.07,7.89,7.89,,21624.0
2018-11-02 15:00,{},8.04,2331,8.07,8.02,8.03,43.1026,15100.0
2018-11-02 15:00,,8.04,2331,8.07,8.02,8.03,,15100.0
2018-11-05 10:30,,8.26,2331,8.4,7.94,7.94,,27122.0
2018-11-05 10:30,{},8.26,2331,8.4,7.94,7.94,77.4191,27122.0
2018-11-05 11:30,,8.13,2331,8.26,8.08,8.26,,15156.0
2018-11-05 11:30,{},8.13,2331,8.26,8.08,8.26,43.2624,15156.0
2018-11-05 14:00,{},8.15,2331,8.18,8.02,8.13,33.7114,11810.0
2018-11-05 14:00,,8.15,2331,8.18,8.02,8.13,,11810.0
2018-11-05 15:00,,8.12,2331,8.2,8.1,8.15,,9364.0
2018-11-05 15:00,{},8.12,2331,8.2,8.1,8.15,26.7293,9364.0
2018-11-06 10:30,{},8.13,2331,8.33,8.02,8.09,47.1645,16523.0
2018-11-06 10:30,,8.13,2331,8.33,8.02,8.09,,16523.0
2018-11-06 11:30,{},8.18,2331,8.23,8.11,8.12,21.6369,7580.0
2018-11-06 11:30,,8.18,2331,8.23,8.11,8.12,,7580.0
2018-11-06 14:00,{},8.24,2331,8.29,8.14,8.18,23.7778,8330.0
2018-11-06 14:00,,8.24,2331,8.29,8.14,8.18,,8330.0
2018-11-06 15:00,,8.24,2331,8.26,8.16,8.24,,10826.0
2018-11-06 15:00,{},8.24,2331,8.26,8.16,8.24,30.9026,10826.0
2018-11-07 10:30,{},8.4,2331,8.42,8.18,8.2,48.7059,17063.0
2018-11-07 10:30,,8.4,2331,8.42,8.18,8.2,,17063.0
2018-11-07 11:30,{},8.5,2331,8.55,8.35,8.4,45.6516,15993.0
2018-11-07 11:30,,8.5,2331,8.55,8.35,8.4,,15993.0
2018-11-07 14:00,,8.35,2331,8.57,8.32,8.5,,12944.0
2018-11-07 14:00,{},8.35,2331,8.57,8.32,8.5,36.9483,12944.0
2018-11-07 15:00,{},8.42,2331,8.47,8.32,8.33,30.2089,10583.0
2018-11-07 15:00,,8.42,2331,8.47,8.32,8.33,,10583.0
2018-11-08 10:30,,8.43,2331,8.46,8.31,8.41,,15471.0
2018-11-08 10:30,{},8.43,2331,8.46,8.31,8.41,44.1616,15471.0
2018-11-08 11:30,{},8.48,2331,8.49,8.42,8.45,18.7025,6552.0
2018-11-08 11:30,,8.48,2331,8.49,8.42,8.45,,6552.0
2018-11-08 14:00,,8.35,2331,8.48,8.32,8.48,,7660.0
2018-11-08 14:00,{},8.35,2331,8.48,8.32,8.48,21.8653,7660.0
2018-11-08 15:00,,8.21,2331,8.36,8.2,8.35,,20854.0
2018-11-08 15:00,{},8.21,2331,8.36,8.2,8.35,59.5272,20854.0
2018-11-09 10:30,{},8.25,2331,8.4,8.24,8.29,39.0435,13678.0
2018-11-09 10:30,,8.25,2331,8.4,8.24,8.29,,13678.0
2018-11-09 11:30,,8.26,2331,8.3,8.23,8.25,,5130.0
2018-11-09 11:30,{},8.26,2331,8.3,8.23,8.25,14.6435,5130.0
2018-11-09 14:00,{},8.2,2331,8.26,8.19,8.26,16.9727,5946.0
2018-11-09 14:00,,8.2,2331,8.26,8.19,8.26,,5946.0
2018-11-09 15:00,,8.1,2331,8.22,8.1,8.2,,9976.0
2018-11-09 15:00,{},8.1,2331,8.22,8.1,8.2,28.4762,9976.0
2018-11-12 10:30,{},8.32,2331,8.36,8.05,8.05,56.0362,19631.0
2018-11-12 10:30,,8.32,2331,8.36,8.05,8.05,,19631.0
2018-11-12 11:30,,8.41,2331,8.42,8.31,8.32,,12292.0
2018-11-12 11:30,{},8.41,2331,8.42,8.31,8.32,35.0872,12292.0
2018-11-12 14:00,{},8.48,2331,8.52,8.39,8.41,44.5869,15620.0
2018-11-12 14:00,,8.48,2331,8.52,8.39,8.41,,15620.0
2018-11-12 15:00,{},8.57,2331,8.57,8.47,8.48,64.9793,22764.0
2018-11-12 15:00,,8.57,2331,8.57,8.47,8.48,,22764.0
2018-11-13 10:30,{},8.46,2331,8.5,8.42,8.5,62.3275,21835.0
2018-11-13 10:30,,8.46,2331,8.5,8.42,8.5,,21835.0
2018-11-13 11:30,,8.51,2331,8.55,8.46,8.46,,9671.0
2018-11-13 11:30,{},8.51,2331,8.55,8.46,8.46,27.6056,9671.0
2018-11-13 14:00,{},8.58,2331,8.6,8.46,8.51,22.6388,7931.0
2018-11-13 14:00,,8.58,2331,8.6,8.46,8.51,,7931.0
2018-11-13 15:00,{},8.51,2331,8.59,8.5,8.58,38.6924,13555.0
2018-11-13 15:00,,8.51,2331,8.59,8.5,8.58,,13555.0
2018-11-14 10:30,{},8.62,2331,8.63,8.47,8.51,35.8779,12569.0
2018-11-14 10:30,,8.62,2331,8.63,8.47,8.51,,12569.0
2018-11-14 11:30,,8.6,2331,8.62,8.57,8.62,,5263.0
2018-11-14 11:30,{},8.6,2331,8.62,8.57,8.62,15.0231,5263.0
2018-11-14 14:00,,8.58,2331,8.64,8.55,8.6,,8515.0
2018-11-14 14:00,{},8.58,2331,8.64,8.55,8.6,24.3059,8515.0
2018-11-14 15:00,{},8.51,2331,8.58,8.46,8.58,56.059,19639.0
2018-11-14 15:00,,8.51,2331,8.58,8.46,8.58,,19639.0
2018-11-15 10:30,,8.62,2331,8.63,8.46,8.5,,14643.0
2018-11-15 10:30,{},8.62,2331,8.63,8.46,8.5,41.7981,14643.0
2018-11-15 11:30,{},8.65,2331,8.69,8.59,8.62,40.9332,14340.0
2018-11-15 11:30,,8.65,2331,8.69,8.59,8.62,,14340.0
2018-11-15 14:00,,8.64,2331,8.66,8.61,8.65,,5546.0
2018-11-15 14:00,{},8.64,2331,8.66,8.61,8.65,15.8309,5546.0
2018-11-15 15:00,{},8.58,2331,8.64,8.58,8.64,35.11,12300.0
2018-11-15 15:00,,8.58,2331,8.64,8.58,8.64,,12300.0
2018-11-16 10:30,,8.71,2331,8.78,8.59,8.59,,12010.0
2018-11-16 10:30,{},8.71,2331,8.78,8.59,8.59,34.2823,12010.0
2018-11-16 11:30,{},8.84,2331,8.9,8.69,8.71,29.9377,10488.0
2018-11-16 11:30,,8.84,2331,8.9,8.69,8.71,,10488.0
2018-11-16 14:00,,8.84,2331,8.87,8.74,8.84,,9482.0
2018-11-16 14:00,{},8.84,2331,8.87,8.74,8.84,27.0661,9482.0
2018-11-16 15:00,,8.88,2331,8.9,8.76,8.84,,18287.0
2018-11-16 15:00,{},8.88,2331,8.9,8.76,8.84,52.1998,18287.0
2018-11-19 10:30,,8.76,2331,8.85,8.72,8.82,,13650.0
2018-11-19 10:30,{},8.76,2331,8.85,8.72,8.82,38.9636,13650.0
2018-11-19 11:30,{},8.8,2331,8.84,8.72,8.76,22.6902,7949.0
2018-11-19 11:30,,8.8,2331,8.84,8.72,8.76,,7949.0
2018-11-19 14:00,,8.85,2331,8.89,8.77,8.8,,6737.0
2018-11-19 14:00,{},8.85,2331,8.89,8.77,8.8,19.2306,6737.0
2018-11-19 15:00,{},8.88,2331,8.89,8.82,8.85,24.0604,8429.0
2018-11-19 15:00,,8.88,2331,8.89,8.82,8.85,,8429.0
2018-11-20 10:30,{},8.88,2331,9.03,8.68,8.87,55.9306,19594.0
2018-11-20 10:30,,8.88,2331,9.03,8.68,8.87,,19594.0
2018-11-20 11:30,,8.86,2331,8.95,8.84,8.88,,10155.0
2018-11-20 11:30,{},8.86,2331,8.95,8.84,8.88,28.9872,10155.0
2018-11-20 14:00,,8.86,2331,8.87,8.77,8.86,,12910.0
2018-11-20 14:00,{},8.86,2331,8.87,8.77,8.86,36.8513,12910.0
2018-11-20 15:00,,8.74,2331,8.86,8.71,8.86,,12396.0
2018-11-20 15:00,{},8.74,2331,8.86,8.71,8.86,35.3841,12396.0
2018-11-21 10:30,{},8.79,2331,8.86,8.63,8.7,46.762,16382.0
2018-11-21 10:30,,8.79,2331,8.86,8.63,8.7,,16382.0
2018-11-21 11:30,{},8.99,2331,8.99,8.77,8.79,26.1641,9166.0
2018-11-21 11:30,,8.99,2331,8.99,8.77,8.79,,9166.0
2018-11-21 14:00,,8.98,2331,9.03,8.91,8.99,,11978.0
2018-11-21 14:00,{},8.98,2331,9.03,8.91,8.99,34.1909,11978.0
2018-11-21 15:00,{},9.02,2331,9.03,8.94,8.98,38.9208,13635.0
2018-11-21 15:00,,9.02,2331,9.03,8.94,8.98,,13635.0
2018-11-22 10:30,,8.92,2331,9.02,8.91,9.0,,11291.0
2018-11-22 10:30,{},8.92,2331,9.02,8.91,9.0,32.2299,11291.0
2018-11-22 11:30,{},8.94,2331,8.98,8.91,8.92,13.8899,4866.0
2018-11-22 11:30,,8.94,2331,8.98,8.91,8.92,,4866.0
2018-11-22 14:00,{},8.96,2331,8.97,8.91,8.94,11.9089,4172.0
2018-11-22 14:00,,8.96,2331,8.97,8.91,8.94,,4172.0
2018-11-22 15:00,,8.96,2331,8.98,8.93,8.96,,4362.0
2018-11-22 15:00,{},8.96,2331,8.98,8.93,8.96,12.4512,4362.0
2018-11-23 10:30,,8.68,2331,8.98,8.52,8.93,,21917.0
2018-11-23 10:30,{},8.68,2331,8.98,8.52,8.93,62.5615,21917.0
2018-11-23 11:30,{},8.6,2331,8.69,8.58,8.68,31.8902,11172.0
2018-11-23 11:30,,8.6,2331,8.69,8.58,8.68,,11172.0
2018-11-23 14:00,,8.56,2331,8.64,8.53,8.6,,10700.0
2018-11-23 14:00,{},8.56,2331,8.64,8.53,8.6,30.5429,10700.0
2018-11-23 15:00,{},8.49,2331,8.64,8.45,8.56,44.6583,15645.0
2018-11-23 15:00,,8.49,2331,8.64,8.45,8.56,,15645.0
2018-11-26 10:30,,9.15,2331,9.27,8.42,8.59,,35653.0
2018-11-26 10:30,{},9.15,2331,9.27,8.42,8.59,101.7706,35653.0
2018-11-26 11:30,,9.09,2331,9.15,8.96,9.15,,9390.0
2018-11-26 11:30,{},9.09,2331,9.15,8.96,9.15,26.8035,9390.0
2018-11-26 14:00,{},9.07,2331,9.13,9.03,9.09,35.915,12582.0
2018-11-26 14:00,,9.07,2331,9.13,9.03,9.09,,12582.0
2018-11-26 15:00,{},9.15,2331,9.17,9.04,9.07,55.4796,19436.0
2018-11-26 15:00,,9.15,2331,9.17,9.04,9.07,,19436.0
2018-11-27 10:30,{},8.96,2331,9.35,8.95,9.3,77.8701,27280.0
2018-11-27 10:30,,8.96,2331,9.35,8.95,9.3,,27280.0
2018-11-27 11:30,{},8.95,2331,8.97,8.86,8.96,36.3032,12718.0
2018-11-27 11:30,,8.95,2331,8.97,8.86,8.96,,12718.0
2018-11-27 14:00,,8.9,2331,9.0,8.9,8.95,,7538.0
2018-11-27 14:00,{},8.9,2331,9.0,8.9,8.95,21.517,7538.0
2018-11-27 15:00,,8.85,2331,8.91,8.85,8.9,,14012.0
2018-11-27 15:00,{},8.85,2331,8.91,8.85,8.9,39.9969,14012.0
2018-11-28 10:30,{},8.79,2331,8.94,8.65,8.85,46.3281,16230.0
2018-11-28 10:30,,8.79,2331,8.94,8.65,8.85,,16230.0
2018-11-28 11:30,,9.03,2331,9.03,8.79,8.79,,12727.0
2018-11-28 11:30,{},9.03,2331,9.03,8.79,8.79,36.3289,12727.0
2018-11-28 14:00,{},9.06,2331,9.08,8.99,9.03,23.067,8081.0
2018-11-28 14:00,,9.06,2331,9.08,8.99,9.03,,8081.0
2018-11-28 14:00,{},9.06,2331,9.08,8.99,9.03,23.066999999999997,8081.0
2018-11-28 15:00,{},9.21,2331,9.27,9.06,9.06,74.2249,26003.0
2018-11-28 15:00,,9.21,2331,9.27,9.06,9.06,,26003.0
2018-11-29 10:30,{},9.17,2331,9.29,9.13,9.25,46.9476,16447.0
2018-11-29 10:30,,9.17,2331,9.29,9.13,9.25,,16447.0
2018-11-29 11:30,,9.15,2331,9.18,9.12,9.17,,6001.0
2018-11-29 11:30,{},9.15,2331,9.18,9.12,9.17,17.1297,6001.0
2018-11-29 14:00,{},8.99,2331,9.17,8.94,9.15,39.9627,14000.0
2018-11-29 14:00,,8.99,2331,9.17,8.94,9.15,,14000.0
2018-11-29 15:00,{},8.93,2331,8.99,8.82,8.99,45.1093,15803.0
2018-11-29 15:00,,8.93,2331,8.99,8.82,8.99,,15803.0
2018-11-30 10:30,{},8.8,2331,9.07,8.77,8.79,32.4497,11368.0
2018-11-30 10:30,,8.8,2331,9.07,8.77,8.79,,11368.0
2018-11-30 11:30,,8.8,2331,8.97,8.78,8.79,,5334.0
2018-11-30 11:30,{},8.8,2331,8.97,8.78,8.79,15.2258,5334.0
2018-11-30 14:00,,8.91,2331,9.0,8.8,8.8,,6799.0
2018-11-30 14:00,{},8.91,2331,9.0,8.8,8.8,19.4076,6799.0
2018-11-30 15:00,,8.91,2331,9.0,8.87,8.91,,7281.0
2018-11-30 15:00,{},8.91,2331,9.0,8.87,8.91,20.7834,7281.0
2018-12-03 10:30,{},8.98,2331,9.34,8.93,9.08,96.9523,33965.0
2018-12-03 10:30,,8.98,2331,9.34,8.93,9.08,,33965.0
2018-12-03 11:30,{},8.95,2331,8.98,8.92,8.98,26.8549,9408.0
2018-12-03 11:30,,8.95,2331,8.98,8.92,8.98,,9408.0
2018-12-03 14:00,{},8.81,2331,8.96,8.7,8.95,49.6565,17396.0
2018-12-03 14:00,,8.81,2331,8.96,8.7,8.95,,17396.0
2018-12-03 15:00,,8.78,2331,8.81,8.66,8.81,,32540.0
2018-12-03 15:00,{},8.78,2331,8.81,8.66,8.81,92.8846,32540.0
2018-12-04 10:30,,8.58,2331,8.8,8.38,8.79,,32797.0
2018-12-04 10:30,{},8.58,2331,8.8,8.38,8.79,93.6182,32797.0
2018-12-04 11:30,,8.69,2331,8.71,8.57,8.58,,8114.0
2018-12-04 11:30,{},8.69,2331,8.71,8.57,8.58,23.1612,8114.0
2018-12-04 14:00,{},8.67,2331,8.69,8.6,8.69,15.9194,5577.0
2018-12-04 14:00,,8.67,2331,8.69,8.6,8.69,,5577.0
2018-12-04 15:00,{},8.83,2331,8.86,8.64,8.67,41.6325,14585.0
2018-12-04 15:00,,8.83,2331,8.86,8.64,8.67,,14585.0
2018-12-05 10:30,,8.71,2331,8.72,8.52,8.59,,13021.0
2018-12-05 10:30,{},8.71,2331,8.72,8.52,8.59,37.1681,13021.0
2018-12-05 11:30,{},8.86,2331,8.87,8.67,8.71,16.8814,5914.0
2018-12-05 11:30,,8.86,2331,8.87,8.67,8.71,,5914.0
2018-12-05 14:00,{},8.76,2331,8.88,8.76,8.86,29.0015,10160.0
2018-12-05 14:00,,8.76,2331,8.88,8.76,8.86,,10160.0
2018-12-05 15:00,,8.84,2331,8.85,8.76,8.76,,9104.0
2018-12-05 15:00,{},8.84,2331,8.85,8.76,8.76,25.9871,9104.0
2018-12-06 10:30,,8.86,2331,8.92,8.71,8.84,,11850.0
2018-12-06 10:30,{},8.86,2331,8.92,8.71,8.84,33.8255,11850.0
2018-12-06 11:30,{},8.77,2331,8.88,8.75,8.86,22.6132,7922.0
2018-12-06 11:30,,8.77,2331,8.88,8.75,8.86,,7922.0
2018-12-06 14:00,,8.65,2331,8.83,8.6,8.77,,11786.0
2018-12-06 14:00,{},8.65,2331,8.83,8.6,8.77,33.6428,11786.0
2018-12-06 15:00,{},8.62,2331,8.73,8.61,8.65,32.8036,11492.0
2018-12-06 15:00,,8.62,2331,8.73,8.61,8.65,,11492.0
2018-12-07 10:30,,8.88,2331,8.98,8.62,8.62,,20488.0
2018-12-07 10:30,{},8.88,2331,8.98,8.62,8.62,58.4825,20488.0
2018-12-07 11:30,{},9.02,2331,9.04,8.86,8.88,39.6487,13890.0
2018-12-07 11:30,,9.02,2331,9.04,8.86,8.88,,13890.0
2018-12-07 14:00,{},9.02,2331,9.07,8.96,9.02,40.485,14183.0
2018-12-07 14:00,,9.02,2331,9.07,8.96,9.02,,14183.0
2018-12-07 15:00,{},9.15,2331,9.15,8.99,9.02,91.2747,31976.0
2018-12-07 15:00,,9.15,2331,9.15,8.99,9.02,,31976.0
2018-12-14 10:30,{},9.19,2331,10.07,9.17,10.07,272.0715,95314.0
2018-12-14 11:30,{},8.92,2331,9.2,8.85,9.19,76.1032,26661.0
2018-12-14 14:00,{},8.81,2331,9.07,8.77,8.92,52.9791,18560.0
2018-12-14 15:00,{},8.73,2331,8.92,8.55,8.81,87.3555,30603.0
2018-12-17 10:30,{},8.47,2331,8.65,8.3,8.3,155.5946,54509.0
2018-12-17 11:30,{},8.51,2331,8.71,8.44,8.47,44.5755,15616.0
2018-12-17 14:00,{},8.6,2331,8.73,8.51,8.51,54.2579,19008.0
2018-12-17 15:00,{},8.52,2331,8.65,8.48,8.6,43.1226,15107.0
2018-12-18 10:30,{},8.37,2331,8.48,8.36,8.45,54.1009,18953.0
2018-12-18 11:30,{},8.41,2331,8.44,8.32,8.37,36.2975,12716.0
2018-12-18 14:00,{},8.38,2331,8.47,8.36,8.41,28.4848,9979.0
2018-12-18 15:00,{},8.43,2331,8.53,8.35,8.38,65.4703,22936.0
2018-12-19 10:30,{},8.48,2331,8.65,8.43,8.43,36.4802,12780.0
2018-12-19 11:30,{},8.57,2331,8.59,8.47,8.48,31.4506,11018.0
2018-12-19 14:00,{},8.48,2331,8.57,8.44,8.57,14.8147,5190.0
2018-12-19 15:00,{},8.48,2331,8.59,8.46,8.48,39.6287,13883.0
2018-12-20 10:30,{},8.47,2331,8.56,8.4,8.43,21.3372,7475.0
2018-12-20 11:30,{},8.46,2331,8.51,8.37,8.47,28.3307,9925.0
2018-12-20 14:00,{},8.5,2331,8.52,8.4,8.46,31.0595,10881.0
2018-12-20 15:00,{},8.41,2331,8.51,8.41,8.5,24.2859,8508.0
2018-12-21 10:30,{},8.64,2331,8.67,8.31,8.36,38.6068,13525.0
2018-12-21 11:30,{},8.7,2331,8.77,8.62,8.64,28.559,10005.0
2018-12-21 14:00,{},8.65,2331,8.7,8.65,8.7,9.1686,3212.0
2018-12-21 15:00,{},8.71,2331,8.75,8.6,8.65,26.9834,9453.0
2018-12-24 10:30,{},8.85,2331,8.92,8.64,8.69,35.4326,12413.0
2018-12-24 11:30,{},8.9,2331,8.92,8.85,8.85,22.0137,7712.0
2018-12-24 14:00,{},8.82,2331,8.9,8.8,8.9,11.6463,4080.0
2018-12-24 15:00,{},8.83,2331,8.89,8.75,8.82,23.8092,8341.0
2018-12-25 10:30,{},8.7,2331,8.83,8.63,8.69,37.6163,13178.0
2018-12-25 11:30,{},8.73,2331,8.76,8.68,8.7,23.5066,8235.0
2018-12-25 14:00,{},9.07,2331,9.16,8.72,8.73,52.6194,18434.0
2018-12-25 15:00,{},9.12,2331,9.13,9.01,9.07,37.3936,13100.0
2018-12-26 10:30,{},9.03,2331,9.23,9.0,9.0,40.5371,12293.0
2018-12-26 11:30,{},9.04,2331,9.08,8.96,9.03,26.5059,8038.0
2018-12-26 14:00,{},9.04,2331,9.07,9.0,9.04,13.7245,4162.0
2018-12-26 15:00,{},9.03,2331,9.08,9.0,9.04,24.069000000000003,7299.0
2018-12-26 15:00,{},9.03,2331,9.08,9.0,9.04,24.06900000000001,7299.0
2018-12-26 15:00,{},9.03,2331,9.08,9.0,9.04,24.069000000000006,7299.0
2018-12-27 10:30,{},9.08,2331,9.19,9.0,9.11,24.6922,7488.0
2018-12-27 11:30,{},9.05,2331,9.09,9.03,9.08,10.6149,3219.0
2018-12-27 14:00,{},9.02,2331,9.08,9.02,9.05,18.1828,5514.0
2018-12-27 15:00,{},8.98,2331,9.09,8.97,9.02,23.8448,7231.0
2018-12-28 10:30,{},8.96,2331,9.08,8.8,8.94,34.6872,10519.0
2018-12-28 11:30,{},8.93,2331,8.98,8.91,8.96,19.1127,5796.0
2018-12-28 14:00,{},9.07,2331,9.09,8.93,8.93,16.29,4940.0
2018-12-28 15:00,{},8.96,2331,9.08,8.96,9.07,16.4153,4978.0
2019-01-02 10:30,{},9.01,2331,9.08,8.97,9.07,13.7938,4183.0
2019-01-02 11:30,{},9.05,2331,9.06,8.99,9.01,11.4492,3472.0
2019-01-02 14:00,{},9.06,2331,9.06,9.01,9.05,10.9249,3313.0
2019-01-02 15:00,{},9.09,2331,9.1,9.04,9.06,16.9594,5143.0
2019-01-03 10:30,{},9.05,2331,9.23,9.02,9.02,22.8885,6941.0
2019-01-03 11:30,{},9.06,2331,9.12,9.0,9.05,15.4755,4693.0
2019-01-03 14:00,{},9.03,2331,9.08,9.01,9.06,11.5019,3488.0
2019-01-03 15:00,{},9.08,2331,9.13,9.03,9.03,20.2339,6136.0
2019-01-04 10:30,{},9.04,2331,9.06,8.93,8.95,30.0541,9114.0
2019-01-04 11:30,{},9.07,2331,9.08,9.01,9.04,22.5422,6836.0
2019-01-04 14:00,{},9.14,2331,9.2,9.07,9.07,24.5274,7438.0
2019-01-04 15:00,{},9.14,2331,9.15,9.07,9.14,20.7912,6305.0
2019-01-07 10:30,{},9.24,2331,9.28,9.09,9.16,28.6922,8701.0
2019-01-07 11:30,{},9.35,2331,9.36,9.24,9.24,30.7664,9330.0
2019-01-07 14:00,{},9.36,2331,9.44,9.34,9.35,20.8209,6314.0
2019-01-07 15:00,{},9.34,2331,9.39,9.31,9.36,16.9825,5150.0
2019-01-08 10:30,{},9.34,2331,9.4,9.26,9.27,28.435,8623.0
2019-01-08 11:30,{},9.39,2331,9.39,9.28,9.34,17.5365,5318.0
2019-01-08 14:00,{},9.35,2331,9.4,9.31,9.39,9.2398,2802.0
2019-01-08 15:00,{},9.38,2331,9.4,9.34,9.35,18.8061,5703.0
2019-01-09 10:30,{},9.36,2331,9.47,9.3,9.47,20.1812,6120.0
2019-01-09 11:30,{},9.39,2331,9.4,9.35,9.36,18.3411,5562.0
2019-01-09 14:00,{},9.33,2331,9.4,9.3,9.39,33.8199,10256.0
2019-01-09 15:00,{},9.19,2331,9.37,9.18,9.33,24.9923,7579.0
2019-01-10 10:30,{},9.3,2331,9.36,9.14,9.14,25.7409,7806.0
2019-01-10 11:30,{},9.31,2331,9.34,9.24,9.3,7.9999,2426.0
2019-01-10 14:00,{},9.45,2331,9.49,9.28,9.31,37.5956,11401.0
2019-01-10 15:00,{},9.43,2331,9.47,9.37,9.45,31.4358,9533.0
2019-01-11 10:30,{},9.33,2331,9.52,9.3,9.38,20.5373,6228.0
2019-01-11 11:30,{},9.4,2331,9.4,9.3,9.33,9.4443,2864.0
2019-01-11 14:00,{},9.41,2331,9.42,9.36,9.4,11.924000000000001,3616.0
2019-01-11 14:00,{},9.41,2331,9.42,9.36,9.4,11.924,3616.0
2019-01-11 15:00,{},9.39,2331,9.42,9.33,9.41,16.1185,4888.0
2019-01-14 10:30,{},9.31,2331,9.43,9.31,9.37,13.8036,4186.0
2019-01-14 11:30,{},9.24,2331,9.31,9.19,9.31,17.2463,5230.0
2019-01-14 14:00,{},9.11,2331,9.24,9.06,9.24,18.3246,5557.0
2019-01-14 15:00,{},9.16,2331,9.23,9.08,9.11,18.628,5649.0
2019-01-15 10:30,{},9.18,2331,9.29,9.16,9.16,22.0839,6697.0
2019-01-15 11:30,{},9.22,2331,9.23,9.16,9.18,6.3742,1933.0
2019-01-15 14:00,{},9.2,2331,9.24,9.18,9.22,8.0131,2430.0
2019-01-15 15:00,{},9.23,2331,9.23,9.18,9.2,13.9586,4233.0
2019-01-16 10:30,{},9.38,2331,9.43,9.26,9.28,25.6881,7790.0
2019-01-16 11:30,{},9.34,2331,9.38,9.31,9.38,6.5391,1983.0
2019-01-16 14:00,{},9.42,2331,9.43,9.33,9.34,20.8901,6335.0
2019-01-16 15:00,{},9.41,2331,9.44,9.34,9.42,29.3847,8911.0
2019-01-17 10:30,{},9.19,2331,9.4,9.18,9.38,28.4811,8637.0
2019-01-17 11:30,{},9.13,2331,9.22,9.1,9.19,28.3624,8601.0
2019-01-17 14:00,{},9.07,2331,9.16,9.05,9.13,32.1283,9743.0
2019-01-17 15:00,{},8.96,2331,9.07,8.96,9.07,36.6262,11107.0
2019-01-18 10:30,{},8.92,2331,9.09,8.85,8.93,33.777,10243.0
2019-01-18 11:30,{},8.91,2331,8.95,8.8,8.92,15.5151,4705.0
2019-01-18 14:00,{},8.91,2331,8.95,8.89,8.91,8.5275,2586.0
2019-01-18 15:00,{},9.01,2331,9.03,8.91,8.91,15.614,4735.0
2019-01-21 10:30,{},9.05,2331,9.11,8.91,8.91,20.1877,6122.0
2019-01-21 11:30,{},9.03,2331,9.1,9.02,9.05,10.0081,3035.0
2019-01-21 14:00,{},8.98,2331,9.05,8.98,9.03,5.1871,1573.0
2019-01-21 15:00,{},8.99,2331,9.02,8.96,8.98,13.4475,4078.0
2019-01-22 10:30,{},9.01,2331,9.07,8.93,8.93,11.2744,3419.0
2019-01-22 11:30,{},9.05,2331,9.06,8.97,9.01,12.7979,3881.0
2019-01-22 14:00,{},9.17,2331,9.18,9.02,9.05,31.3665,9512.0
2019-01-22 15:00,{},9.19,2331,9.2,9.06,9.17,32.9856,10003.0
2019-01-23 10:30,{},9.05,2331,9.15,9.02,9.05,24.8901,7548.0
2019-01-23 11:30,{},9.05,2331,9.07,9.02,9.05,13.1474,3987.0
2019-01-23 14:00,{},8.96,2331,9.05,8.94,9.05,18.4532,5596.0
2019-01-23 15:00,{},8.92,2331,8.99,8.92,8.96,17.2232,5223.0
2019-01-24 10:30,{},8.87,2331,8.98,8.8,8.98,23.1819,7030.0
2019-01-24 11:30,{},8.97,2331,8.99,8.84,8.87,9.1277,2768.0
2019-01-24 14:00,{},8.96,2331,8.99,8.91,8.97,5.6257,1706.0
2019-01-24 15:00,{},8.97,2331,9.01,8.93,8.96,10.5753,3207.0
2019-01-25 10:30,{},8.88,2331,8.99,8.83,8.99,14.8984,4518.0
2019-01-25 11:30,{},8.9,2331,8.99,8.88,8.88,7.0205,2129.0
2019-01-25 14:00,{},8.88,2331,8.9,8.84,8.9,10.0939,3061.0
2019-01-25 15:00,{},8.72,2331,8.89,8.69,8.88,30.9312,9380.0
2019-01-28 10:30,{},9.12,2331,9.13,8.72,8.72,57.5295,17446.0
2019-01-28 11:30,{},9.16,2331,9.3,9.11,9.12,53.9648,16365.0
2019-01-28 14:00,{},9.06,2331,9.19,9.04,9.16,17.2925,5244.0
2019-01-28 15:00,{},9.05,2331,9.11,9.04,9.06,19.0831,5787.0
2019-01-29 10:30,{},8.87,2331,9.15,8.77,9.01,34.1596,10359.0
2019-01-29 11:30,{},8.84,2331,8.88,8.77,8.87,14.5258,4405.0
2019-01-29 14:00,{},8.91,2331,8.92,8.83,8.84,9.0057,2731.0
2019-01-29 15:00,{},8.96,2331,8.99,8.89,8.91,19.6568,5961.0
2019-01-30 10:30,{},8.84,2331,8.96,8.81,8.96,13.8564,4202.0
2019-01-30 11:30,{},8.77,2331,8.88,8.73,8.84,16.0493,4867.0
2019-01-30 14:00,{},8.75,2331,8.81,8.74,8.77,9.6454,2925.0
2019-01-30 15:00,{},8.75,2331,8.77,8.71,8.75,29.4275,8924.0
2019-01-31 10:30,{},8.65,2331,8.82,8.61,8.75,16.3164,4948.0
2019-01-31 11:30,{},8.66,2331,8.7,8.61,8.65,8.1813,2481.0
2019-01-31 14:00,{},8.35,2331,8.66,8.31,8.66,24.4845,7425.0
2019-01-31 15:00,{},8.24,2331,8.45,8.2,8.35,21.5167,6525.0
2019-02-01 10:30,{},8.45,2331,8.48,8.31,8.31,12.1615,3688.0
2019-02-01 11:30,{},8.5,2331,8.5,8.42,8.45,5.6421,1711.0
2019-02-01 14:00,{},8.46,2331,8.5,8.43,8.5,6.0115,1823.0
2019-02-01 15:00,{},8.48,2331,8.54,8.45,8.46,25.2957,7671.0
2019-02-11 10:30,{},8.7,2331,8.7,8.35,8.45,17.6684,5358.0
2019-02-11 11:30,{},8.69,2331,8.72,8.67,8.7,8.61,2611.0
2019-02-11 14:00,{},8.75,2331,8.76,8.69,8.69,9.807,2974.0
2019-02-11 15:00,{},8.74,2331,8.77,8.72,8.75,9.586,2907.0
2019-02-12 10:30,{},8.75,2331,8.78,8.73,8.74,16.2274,4921.0
2019-02-12 11:30,{},8.83,2331,8.83,8.75,8.75,18.7632,5690.0
2019-02-12 14:00,{},8.88,2331,8.92,8.82,8.83,21.9948,6670.0
2019-02-12 15:00,{},8.89,2331,8.9,8.85,8.88,12.5011,3791.0
2019-02-13 10:30,{},9.07,2331,9.09,8.89,8.89,25.0912,7609.0
2019-02-13 11:30,{},9.11,2331,9.13,9.05,9.07,16.8572,5112.0
2019-02-13 14:00,{},9.16,2331,9.2,9.05,9.11,26.6939,8095.0
2019-02-13 15:00,{},9.13,2331,9.18,9.11,9.16,26.2586,7963.0
2019-02-14 10:30,{},9.19,2331,9.21,9.11,9.15,20.8703,6329.0
2019-02-14 11:30,{},9.19,2331,9.21,9.09,9.19,18.9347,5742.0
2019-02-14 14:00,{},9.19,2331,9.23,9.18,9.19,11.5613,3506.0
2019-02-14 15:00,{},9.16,2331,9.21,9.16,9.19,14.4038,4368.0
2019-02-15 10:30,{},9.18,2331,9.22,9.13,9.15,16.3626,4962.0
2019-02-15 11:30,{},9.21,2331,9.23,9.16,9.18,14.9776,4542.0
2019-02-15 14:00,{},9.18,2331,9.22,9.16,9.21,20.4516,6202.0
2019-02-15 15:00,{},9.19,2331,9.2,9.16,9.18,23.604,7158.0
2019-02-18 10:30,{},9.29,2331,9.34,9.21,9.21,21.5068,6522.0
2019-02-18 11:30,{},9.29,2331,9.3,9.27,9.29,9.7707,2963.0
2019-02-18 14:00,{},9.36,2331,9.39,9.29,9.29,17.6981,5367.0
2019-02-18 15:00,{},9.36,2331,9.38,9.33,9.36,32.702,9917.0
2019-02-19 10:30,{},9.38,2331,9.47,9.31,9.38,27.6106,8373.0
2019-02-19 11:30,{},9.42,2331,9.46,9.37,9.38,25.454,7719.0
2019-02-19 14:00,{},9.39,2331,9.45,9.39,9.42,38.8883,11793.0
2019-02-19 15:00,{},9.45,2331,9.45,9.39,9.39,20.4845,6212.0
2019-02-20 10:30,{},9.56,2331,9.58,9.34,9.45,38.2683,11605.0
2019-02-20 11:30,{},9.54,2331,9.59,9.51,9.56,15.4293,4679.0
2019-02-20 14:00,{},9.48,2331,9.54,9.45,9.54,19.9965,6064.0
2019-02-20 15:00,{},9.57,2331,9.57,9.47,9.48,15.7558,4778.0
2019-02-21 10:30,{},9.72,2331,9.8,9.46,9.57,53.6021,16255.0
2019-02-21 11:30,{},9.76,2331,9.76,9.65,9.72,25.9519,7870.0
2019-02-21 14:00,{},9.74,2331,9.81,9.72,9.76,28.5471,8657.0
2019-02-21 15:00,{},9.67,2331,9.74,9.57,9.74,49.1866,14916.0
2019-02-22 10:30,{},9.6,2331,9.84,9.58,9.7,34.2717,10393.0
2019-02-22 11:30,{},9.67,2331,9.69,9.59,9.6,11.713,3552.0
2019-02-22 14:00,{},9.67,2331,9.73,9.65,9.67,20.2174,6131.0
2019-02-22 15:00,{},9.72,2331,9.72,9.67,9.67,31.9601,9692.0
2019-02-25 10:30,{},10.0,2331,10.0,9.76,9.87,60.6622,18396.0
2019-02-25 11:30,{},10.19,2331,10.21,9.94,10.0,55.2541,16756.0
2019-02-25 14:00,{},10.21,2331,10.36,10.14,10.19,42.8619,12998.0
2019-02-25 15:00,{},10.21,2331,10.24,10.18,10.21,31.8645,9663.0
2019-02-26 10:30,{},10.17,2331,10.33,10.04,10.21,72.5895,22013.0
2019-02-26 11:30,{},10.38,2331,10.41,10.12,10.17,43.6896,13249.0
2019-02-26 14:00,{},10.68,2331,10.8,10.38,10.38,80.1937,24319.0
2019-02-26 15:00,{},10.61,2331,10.83,10.61,10.68,72.0553,21851.0
2019-02-27 10:30,{},10.39,2331,10.59,10.25,10.25,68.4807,20767.0
2019-02-27 11:30,{},10.36,2331,10.4,10.33,10.39,32.7647,9936.0
2019-02-27 14:00,{},10.1,2331,10.42,10.02,10.36,61.4371,18631.0
2019-02-27 15:00,{},10.19,2331,10.21,10.01,10.1,64.86,19669.0
2019-02-28 10:30,{},10.29,2331,10.35,10.03,10.03,42.2419,12810.0
2019-02-28 11:30,{},10.19,2331,10.29,10.13,10.29,17.797,5397.0
2019-02-28 14:00,{},10.16,2331,10.25,10.16,10.19,13.2365,4014.0
2019-02-28 15:00,{},10.16,2331,10.19,10.11,10.16,18.9149,5736.0
2019-03-01 10:30,{},10.37,2331,10.42,10.25,10.27,47.4752,14397.0
2019-03-01 11:30,{},10.39,2331,10.57,10.3,10.37,35.5116,10769.0
2019-03-01 14:00,{},10.24,2331,10.39,10.19,10.39,21.3716,6481.0
2019-03-01 15:00,{},10.29,2331,10.33,10.22,10.24,20.3098,6159.0
2019-03-04 10:30,{},10.5,2331,10.77,10.29,10.29,60.7149,18412.0
2019-03-04 11:30,{},10.52,2331,10.55,10.42,10.5,31.327,9500.0
2019-03-04 11:30,{},10.52,2331,10.55,10.42,10.5,31.326999999999998,9500.0
2019-03-04 14:00,{},10.41,2331,10.55,10.4,10.52,28.1877,8548.0
2019-03-04 15:00,{},10.29,2331,10.42,10.18,10.41,56.161,17031.0
2019-03-05 10:30,{},10.39,2331,10.47,10.29,10.29,52.959,16060.0
2019-03-05 10:30,{},10.39,2331,10.47,10.29,10.29,52.958999999999996,16060.0
2019-03-05 11:30,{},10.52,2331,10.57,10.36,10.39,43.0894,13067.0
2019-03-05 14:00,{},10.46,2331,10.53,10.38,10.52,22.1597,6720.0
2019-03-05 15:00,{},10.55,2331,10.62,10.45,10.46,54.6639,16577.0
2019-03-06 10:30,{},10.69,2331,10.9,10.6,10.6,88.3387,26789.0
2019-03-06 11:30,{},10.74,2331,10.79,10.63,10.69,21.3551,6476.0
2019-03-06 14:00,{},10.61,2331,10.79,10.6,10.74,39.5841,12004.0
2019-03-06 15:00,{},10.71,2331,10.71,10.52,10.61,55.9071,16954.0
2019-03-07 10:30,{},11.31,2331,11.73,11.07,11.07,258.4605,78379.0
2019-03-07 11:30,{},11.23,2331,11.31,11.06,11.31,68.5665,20793.0
2019-03-07 14:00,{},11.27,2331,11.3,11.16,11.23,46.476000000000006,14094.0
2019-03-07 14:00,{},11.27,2331,11.3,11.16,11.23,46.476,14094.0
2019-03-07 15:00,{},11.08,2331,11.28,11.0,11.27,93.1532,28249.0
2019-03-08 10:30,{},11.36,2331,11.48,10.6,10.97,167.6454,50839.0
2019-03-08 11:30,{},11.17,2331,11.39,11.14,11.36,61.6712,18702.0
2019-03-08 14:00,{},11.12,2331,11.2,11.08,11.17,38.8091,11769.0
2019-03-08 15:00,{},10.85,2331,11.27,10.78,11.12,80.8334,24513.0
2019-03-11 10:30,{},11.09,2331,11.16,10.85,10.85,105.7367,32065.0
2019-03-11 11:30,{},11.23,2331,11.26,11.05,11.09,64.8303,19660.0
2019-03-11 14:00,{},11.25,2331,11.31,11.22,11.23,54.7793,16612.0
2019-03-11 15:00,{},11.48,2331,11.48,11.2,11.25,90.3535,27400.0
2019-03-12 10:30,{},11.51,2331,11.79,11.46,11.73,168.3774,51061.0
2019-03-12 11:30,{},11.44,2331,11.55,11.44,11.51,72.3026,21926.0
2019-03-12 14:00,{},11.49,2331,11.62,11.44,11.44,97.8687,29679.0
2019-03-12 15:00,{},11.58,2331,11.59,11.26,11.49,86.9273,26361.0
2019-03-13 10:30,{},12.74,2331,12.74,11.6,11.7,482.4482,146304.0
2019-03-13 11:30,{},12.74,2331,12.74,12.74,12.74,12.1516,3685.0
2019-03-13 14:00,{},12.74,2331,12.74,12.74,12.74,16.3362,4954.0
2019-03-13 15:00,{},12.36,2331,12.74,12.16,12.74,231.4369,70184.0
2019-03-14 10:30,{},11.19,2331,11.94,11.12,11.6,453.6571,137573.0
2019-03-14 11:30,{},11.13,2331,11.3,11.12,11.19,73.8854,22406.0
2019-03-14 14:00,{},11.18,2331,11.25,11.12,11.13,49.7142,15076.0
2019-03-14 15:00,{},11.12,2331,11.18,11.12,11.18,28.0821,8516.0
2019-03-15 10:30,{},11.13,2331,11.25,10.93,11.16,87.0757,26406.0
2019-03-15 11:30,{},11.12,2331,11.17,11.03,11.13,40.6393,12324.0
2019-03-15 14:00,{},10.97,2331,11.16,10.95,11.12,50.1825,15218.0
2019-03-15 15:00,{},10.92,2331,11.02,10.92,10.97,52.8469,16026.0
2019-03-18 10:30,{},11.08,2331,11.15,10.82,10.82,59.751999999999995,18120.0
2019-03-18 10:30,{},11.08,2331,11.15,10.82,10.82,59.752,18120.0
2019-03-18 11:30,{},11.08,2331,11.11,11.03,11.08,16.7517,5080.0
2019-03-18 14:00,{},11.27,2331,11.38,11.04,11.08,59.7685,18125.0
2019-03-18 15:00,{},11.37,2331,11.41,11.27,11.28,74.0668,22461.0
2019-03-19 10:30,{},12.05,2331,12.1,11.35,11.37,144.5953,43849.0
2019-03-19 11:30,{},11.88,2331,12.11,11.85,12.05,60.4544,18333.0
2019-03-19 14:00,{},11.85,2331,11.88,11.76,11.88,44.3853,13460.0
2019-03-19 15:00,{},11.98,2331,12.03,11.84,11.85,81.5523,24731.0
2019-03-20 10:30,{},11.97,2331,12.28,11.88,11.98,99.6923,30232.0
2019-03-20 11:30,{},11.77,2331,11.98,11.7,11.97,60.2731,18278.0
2019-03-20 14:00,{},11.84,2331,11.94,11.65,11.77,60.3357,18297.0
2019-03-20 15:00,{},11.98,2331,12.1,11.84,11.84,42.1727,12789.0
2019-03-21 10:30,{},12.28,2331,12.43,11.93,11.98,107.003,32449.0
2019-03-21 10:30,{},12.28,2331,12.43,11.93,11.98,107.00299999999999,32449.0
2019-03-21 11:30,{},12.54,2331,12.58,12.27,12.28,85.3412,25880.0
2019-03-21 14:00,{},12.5,2331,12.68,12.5,12.54,75.0858,22770.0
2019-03-21 15:00,{},12.55,2331,12.63,12.49,12.5,77.028,23359.0
2019-03-22 10:30,{},12.67,2331,13.1,12.62,12.8,139.8435,42408.0
2019-03-22 11:30,{},12.75,2331,12.84,12.67,12.67,41.6714,12637.0
2019-03-22 14:00,{},12.87,2331,12.93,12.7,12.75,40.88,12397.0
2019-03-22 15:00,{},12.97,2331,13.08,12.85,12.87,107.8669,32711.0
2019-03-25 10:30,{},12.53,2331,12.78,12.45,12.66,102.4754,31076.0
2019-03-25 11:30,{},12.41,2331,12.63,12.36,12.53,55.5278,16839.0
2019-03-25 14:00,{},12.49,2331,12.6,12.33,12.41,51.828,15717.0
2019-03-25 15:00,{},12.27,2331,12.54,12.25,12.49,75.1517,22790.0
2019-03-26 10:30,{},12.19,2331,12.45,12.01,12.42,76.1904,23105.0
2019-03-26 11:30,{},11.96,2331,12.23,11.95,12.19,35.8776,10880.0
2019-03-26 14:00,{},11.91,2331,12.04,11.86,11.96,43.7621,13271.0
2019-03-26 15:00,{},11.77,2331,11.94,11.72,11.91,65.6019,19894.0
2019-03-27 10:30,{},11.75,2331,12.07,11.53,11.96,74.9523,23259.0
2019-03-27 11:30,{},11.85,2331,11.95,11.69,11.75,39.6046,12290.0
2019-03-27 14:00,{},11.75,2331,11.89,11.66,11.85,20.6369,6404.0
2019-03-27 15:00,{},11.73,2331,11.84,11.62,11.75,36.801,11420.0
2019-03-28 10:30,{},11.99,2331,12.2,11.59,11.74,77.3111,23991.0
2019-03-28 11:30,{},11.9,2331,12.04,11.85,11.99,21.8583,6783.0
2019-03-28 14:00,{},11.7,2331,11.95,11.62,11.9,28.3774,8806.0
2019-03-28 15:00,{},11.62,2331,11.77,11.6,11.7,33.7429,10471.0
2019-03-29 10:30,{},11.65,2331,11.79,11.42,11.79,57.5056,17845.0
2019-03-29 11:30,{},11.77,2331,11.85,11.57,11.65,29.7727,9239.0
2019-03-29 14:00,{},11.75,2331,11.84,11.69,11.77,31.4581,9762.0
2019-03-29 15:00,{},11.82,2331,11.85,11.67,11.75,53.5162,16607.0
2019-04-01 10:30,{},12.19,2331,12.25,11.76,11.82,87.3106,27094.0
2019-04-01 11:30,{},12.17,2331,12.25,12.14,12.19,57.8118,17940.0
2019-04-01 14:00,{},12.13,2331,12.23,12.11,12.17,44.7348,13882.0
2019-04-01 15:00,{},12.23,2331,12.24,12.12,12.13,59.3199,18408.0
2019-04-02 10:30,{},12.11,2331,12.29,12.0,12.28,85.3255,26478.0
2019-04-02 11:30,{},12.08,2331,12.12,12.01,12.11,37.3778,11599.0
2019-04-02 14:00,{},12.04,2331,12.22,12.01,12.08,53.181,16503.0
2019-04-02 15:00,{},12.0,2331,12.05,11.96,12.04,69.8768,21684.0
2019-04-03 10:30,{},11.88,2331,11.99,11.8,11.88,58.482,18148.0
2019-04-03 11:30,{},11.73,2331,11.9,11.65,11.88,66.2837,20569.0
2019-04-03 14:00,{},11.76,2331,11.87,11.7,11.73,27.3816,8497.0
2019-04-03 15:00,{},11.94,2331,11.96,11.71,11.76,45.1924,14024.0
2019-04-04 10:30,{},11.87,2331,12.05,11.73,11.8,72.6192,22535.0
2019-04-04 11:30,{},11.75,2331,11.89,11.7,11.87,39.8141,12355.0
2019-04-04 14:00,{},11.67,2331,11.78,11.61,11.75,55.4658,17212.0
2019-04-04 15:00,{},11.66,2331,11.77,11.64,11.67,40.5875,12595.0
2019-04-08 10:30,{},11.63,2331,11.78,11.62,11.71,45.4309,14098.0
2019-04-08 11:30,{},11.3,2331,11.64,11.29,11.63,59.0363,18320.0
2019-04-08 14:00,{},11.12,2331,11.3,11.0,11.3,81.0009,25136.0
2019-04-08 15:00,{},11.22,2331,11.27,11.08,11.12,74.1112,22998.0
2019-04-09 10:30,{},11.34,2331,11.61,11.2,11.22,59.9837,18614.0
2019-04-09 11:30,{},11.41,2331,11.47,11.33,11.34,19.248,5973.0
2019-04-09 14:00,{},11.36,2331,11.44,11.34,11.41,16.5927,5149.0
2019-04-09 15:00,{},11.41,2331,11.41,11.28,11.36,34.078,10575.0
2019-04-10 10:30,{},11.15,2331,11.4,11.1,11.4,39.2856,12191.0
2019-04-10 11:30,{},11.26,2331,11.34,11.14,11.15,17.5884,5458.0
2019-04-10 14:00,{},11.17,2331,11.28,11.1,11.26,34.5324,10716.0
2019-04-10 15:00,{},11.21,2331,11.28,11.16,11.17,24.9873,7754.0
2019-04-11 10:30,{},11.14,2331,11.21,11.03,11.21,33.282,10328.0
2019-04-11 11:30,{},11.07,2331,11.17,11.04,11.14,17.3886,5396.0
2019-04-11 14:00,{},11.05,2331,11.08,11.03,11.07,17.2823,5363.0
2019-04-11 15:00,{},11.01,2331,11.13,10.99,11.05,39.7335,12330.0
2019-04-12 10:30,{},11.03,2331,11.1,10.95,11.02,30.2754,9395.0
2019-04-12 11:30,{},10.98,2331,11.03,10.94,11.03,17.2211,5344.0
2019-04-12 14:00,{},10.93,2331,11.01,10.92,10.98,15.5389,4822.0
2019-04-12 15:00,{},11.02,2331,11.02,10.85,10.93,33.5334,10406.0
2019-04-15 10:30,{},11.32,2331,11.42,11.16,11.25,56.5195,17539.0
2019-04-15 11:30,{},11.23,2331,11.33,11.23,11.32,22.0645,6847.0
2019-04-15 14:00,{},11.21,2331,11.3,11.19,11.23,19.4897,6048.0
2019-04-15 15:00,{},11.13,2331,11.23,11.13,11.21,21.5682,6693.0
2019-04-16 10:30,{},10.93,2331,11.12,10.91,11.11,34.2713,10635.0
2019-04-16 11:30,{},11.05,2331,11.09,10.91,10.93,13.9373,4325.0
2019-04-16 14:00,{},11.19,2331,11.26,11.05,11.05,21.0977,6547.0
2019-04-16 15:00,{},11.29,2331,11.29,11.18,11.19,29.6213,9192.0
2019-04-17 10:30,{},11.31,2331,11.48,11.29,11.45,37.4906,11634.0
2019-04-17 11:30,{},11.34,2331,11.36,11.28,11.31,11.0306,3423.0
2019-04-17 14:00,{},11.34,2331,11.38,11.32,11.34,15.613,4845.0
2019-04-17 15:00,{},11.29,2331,11.35,11.25,11.34,26.8274,8325.0
2019-04-18 10:30,{},11.15,2331,11.29,11.1,11.29,32.7374,10159.0
2019-04-18 11:30,{},11.19,2331,11.24,11.15,11.15,9.3775,2910.0
2019-04-18 14:00,{},11.15,2331,11.21,11.15,11.19,8.0305,2492.0
2019-04-18 15:00,{},11.13,2331,11.2,11.11,11.15,15.6356,4852.0
2019-04-19 10:30,{},11.08,2331,11.18,11.04,11.08,15.7806,4897.0
2019-04-19 11:30,{},11.32,2331,11.39,11.03,11.08,23.4147,7266.0
2019-04-19 14:00,{},11.37,2331,11.43,11.25,11.32,38.8312,12050.0
2019-04-19 15:00,{},11.32,2331,11.41,11.32,11.37,26.6791,8279.0
2019-04-22 10:30,{},11.12,2331,11.32,11.11,11.32,37.3617,11594.0
2019-04-22 11:30,{},11.22,2331,11.31,11.11,11.12,14.034,4355.0
2019-04-22 14:00,{},11.19,2331,11.24,11.12,11.22,11.8169,3667.0
2019-04-22 15:00,{},11.2,2331,11.21,11.12,11.19,13.4217,4165.0
2019-04-23 10:30,{},11.27,2331,11.48,11.14,11.43,25.4481,7897.0
2019-04-23 11:30,{},11.2,2331,11.3,11.16,11.27,11.8234,3669.0
2019-04-23 14:00,{},11.21,2331,11.28,11.2,11.2,8.5364,2649.0
2019-04-23 15:00,{},11.18,2331,11.26,11.11,11.21,17.147,5321.0
2019-04-24 10:30,{},11.12,2331,11.28,11.03,11.17,19.0676,5917.0
2019-04-24 11:30,{},11.05,2331,11.17,11.04,11.12,13.7021,4252.0
2019-04-24 14:00,{},11.17,2331,11.22,11.04,11.05,15.8708,4925.0
2019-04-24 15:00,{},11.16,2331,11.18,11.09,11.17,16.3413,5071.0
2019-04-25 10:30,{},11.09,2331,11.21,11.02,11.17,21.0816,6542.0
2019-04-25 11:30,{},11.13,2331,11.15,11.05,11.09,9.9124,3076.0
2019-04-25 14:00,{},11.05,2331,11.13,11.02,11.13,12.1327,3765.0
2019-04-25 15:00,{},10.77,2331,11.05,10.7,11.05,38.0578,11810.0
2019-04-26 10:30,{},10.77,2331,10.85,10.7,10.74,28.545,8858.0
2019-04-26 11:30,{},10.78,2331,10.83,10.73,10.77,17.8366,5535.0
2019-04-26 14:00,{},10.93,2331,11.08,10.78,10.78,39.2888,12192.0
2019-04-26 15:00,{},10.8,2331,10.94,10.8,10.93,12.9609,4022.0
2019-04-29 10:30,{},10.89,2331,11.2,10.85,10.85,52.8813,16410.0
2019-04-29 11:30,{},10.93,2331,11.01,10.81,10.89,17.4595,5418.0
2019-04-29 14:00,{},10.95,2331,10.99,10.89,10.93,8.8007,2731.0
2019-04-29 15:00,{},10.85,2331,10.95,10.83,10.95,28.6996,8906.0
2019-04-30 10:30,{},10.69,2331,10.83,10.62,10.83,29.3667,9113.0
2019-04-30 11:30,{},10.8,2331,10.81,10.68,10.69,9.8931,3070.0
2019-04-30 14:00,{},10.69,2331,10.8,10.68,10.8,10.2572,3183.0
2019-04-30 15:00,{},10.78,2331,10.88,10.65,10.69,25.3482,7866.0
2019-05-06 10:30,{},9.98,2331,10.65,9.98,10.0,43.7584,13579.0
2019-05-06 11:30,{},9.79,2331,9.98,9.7,9.98,42.8368,13293.0
2019-05-06 14:00,{},9.7,2331,9.79,9.7,9.79,36.8461,11434.0
2019-05-06 15:00,{},9.7,2331,9.8,9.7,9.7,25.4288,7891.0
2019-05-07 10:30,{},9.8,2331,9.85,9.65,9.65,16.1866,5023.0
2019-05-07 11:30,{},9.73,2331,9.82,9.7,9.8,15.3875,4775.0
2019-05-07 14:00,{},9.74,2331,9.78,9.63,9.73,18.5649,5761.0
2019-05-07 15:00,{},9.76,2331,9.8,9.7,9.74,17.0438,5289.0
2019-05-08 10:30,{},10.34,2331,10.45,9.5,9.51,53.6579,16651.0
2019-05-08 11:30,{},10.35,2331,10.41,10.25,10.34,20.1632,6257.0
2019-05-08 14:00,{},10.22,2331,10.36,10.21,10.35,13.18,4090.0
2019-05-08 15:00,{},10.04,2331,10.24,10.02,10.22,26.3311,8171.0
2019-05-09 10:30,{},10.1,2331,10.28,10.0,10.04,25.0453,7772.0
2019-05-09 11:30,{},10.0,2331,10.11,9.94,10.1,19.8377,6156.0
2019-05-09 14:00,{},9.96,2331,10.03,9.93,10.0,24.8262,7704.0
2019-05-09 15:00,{},9.94,2331,9.96,9.92,9.96,11.3722,3529.0
2019-05-10 10:30,{},10.16,2331,10.36,9.91,9.91,27.4493,8518.0
2019-05-10 11:30,{},10.1,2331,10.17,10.06,10.16,7.3473,2280.0
2019-05-10 14:00,{},10.14,2331,10.16,9.86,10.1,29.6857,9212.0
2019-05-10 15:00,{},10.22,2331,10.27,10.12,10.14,21.6295,6712.0
2019-05-13 10:30,{},10.05,2331,10.17,10.01,10.05,24.2558,7527.0
2019-05-13 11:30,{},10.06,2331,10.12,10.02,10.05,9.371,2908.0
2019-05-13 14:00,{},10.04,2331,10.09,10.02,10.06,6.4482,2001.0
2019-05-13 15:00,{},10.0,2331,10.04,9.99,10.04,13.4088,4161.0
2019-05-14 10:30,{},10.04,2331,10.12,9.76,9.84,18.0396,5598.0
2019-05-14 11:30,{},10.01,2331,10.05,9.98,10.04,8.1497,2529.0
2019-05-14 14:00,{},10.04,2331,10.08,10.0,10.01,5.6136,1742.0
2019-05-14 15:00,{},9.99,2331,10.07,9.99,10.04,5.5105,1710.0
2019-05-15 10:30,{},10.06,2331,10.15,9.99,9.99,11.1853,3471.0
2019-05-15 11:30,{},10.03,2331,10.08,10.03,10.06,4.8982,1520.0
2019-05-15 14:00,{},10.08,2331,10.08,10.01,10.03,10.254,3182.0
2019-05-15 15:00,{},10.07,2331,10.11,10.03,10.08,15.2843,4743.0
2019-05-16 10:30,{},10.11,2331,10.15,10.04,10.14,15.2811,4742.0
2019-05-16 11:30,{},10.1,2331,10.13,10.05,10.11,11.0177,3419.0
2019-05-16 14:00,{},10.06,2331,10.11,10.0,10.1,11.7138,3635.0
2019-05-16 15:00,{},10.07,2331,10.09,9.99,10.06,16.3639,5078.0
2019-05-17 10:30,{},10.2,2331,10.34,10.1,10.2,43.694,13559.0
2019-05-17 11:30,{},10.07,2331,10.3,10.06,10.2,25.2644,7840.0
2019-05-17 14:00,{},10.0,2331,10.15,9.97,10.07,12.9094,4006.0
2019-05-17 15:00,{},9.96,2331,10.05,9.94,10.0,20.985,6512.0
2019-05-20 10:30,{},9.69,2331,9.9,9.62,9.8,43.9292,13632.0
2019-05-20 11:30,{},9.78,2331,9.82,9.66,9.69,10.1154,3139.0
2019-05-20 14:00,{},9.83,2331,9.86,9.77,9.78,11.5462,3583.0
2019-05-20 15:00,{},9.95,2331,9.98,9.83,9.83,12.9545,4020.0
2019-05-21 10:30,{},9.98,2331,10.0,9.74,9.95,14.9943,4653.0
2019-05-21 11:30,{},10.01,2331,10.1,9.95,9.98,9.3968,2916.0
2019-05-21 14:00,{},9.98,2331,10.04,9.95,10.01,8.501,2638.0
2019-05-21 15:00,{},9.98,2331,10.01,9.96,9.98,12.5581,3897.0
2019-05-22 10:30,{},10.15,2331,10.17,10.03,10.08,32.644,10130.0
2019-05-22 11:30,{},10.08,2331,10.15,10.04,10.15,8.8103,2734.0
2019-05-22 14:00,{},10.01,2331,10.11,9.99,10.08,6.7447,2093.0
2019-05-22 15:00,{},9.99,2331,10.03,9.96,10.01,13.6924,4249.0
2019-05-23 10:30,{},9.78,2331,10.12,9.72,10.12,27.1432,8423.0
2019-05-23 11:30,{},9.69,2331,9.81,9.66,9.78,17.0342,5286.0
2019-05-23 14:00,{},9.6,2331,9.7,9.59,9.69,15.2779,4741.0
2019-05-23 15:00,{},9.74,2331,9.74,9.58,9.6,14.3949,4467.0
2019-05-24 10:30,{},9.65,2331,9.86,9.61,9.76,14.6946,4560.0
2019-05-24 11:30,{},9.68,2331,9.7,9.62,9.65,32.5151,10090.0
2019-05-24 14:00,{},9.68,2331,9.7,9.64,9.68,8.1884,2541.0
2019-05-24 15:00,{},9.88,2331,9.9,9.67,9.68,34.0716,10573.0
2019-05-27 10:30,{},9.83,2331,9.99,9.75,9.84,15.2038,4718.0
2019-05-27 11:30,{},9.88,2331,9.89,9.75,9.83,7.2216,2241.0
2019-05-27 14:00,{},10.03,2331,10.07,9.88,9.88,21.6359,6714.0
2019-05-27 15:00,{},10.05,2331,10.08,10.02,10.03,20.2051,6270.0
2019-05-28 10:30,{},10.03,2331,10.1,10.01,10.05,14.4175,4474.0
2019-05-28 11:30,{},10.15,2331,10.18,10.03,10.03,20.2567,6286.0
2019-05-28 14:00,{},10.17,2331,10.23,10.15,10.15,18.1653,5637.0
2019-05-28 15:00,{},10.16,2331,10.2,10.14,10.17,32.4893,10082.0
2019-05-29 10:30,{},10.2,2331,10.35,10.07,10.07,27.1722,8432.0
2019-05-29 11:30,{},10.21,2331,10.24,10.13,10.2,8.1916,2542.0
2019-05-29 14:00,{},10.19,2331,10.28,10.17,10.21,20.6305,6402.0
2019-05-29 15:00,{},10.13,2331,10.2,10.11,10.19,18.6905,5800.0
2019-05-30 10:30,{},9.93,2331,10.08,9.9,10.05,25.7285,7984.0
2019-05-30 11:30,{},9.93,2331,9.96,9.9,9.93,8.5429,2651.0
2019-05-30 14:00,{},9.9,2331,9.95,9.9,9.93,8.414,2611.0
2019-05-30 15:00,{},9.96,2331,9.97,9.9,9.9,9.0262,2801.0
2019-05-31 10:30,{},10.0,2331,10.08,9.91,9.92,10.4345,3238.0
2019-05-31 11:30,{},9.9,2331,10.01,9.88,10.0,9.3807,2911.0
2019-05-31 14:00,{},9.85,2331,9.93,9.85,9.9,9.1809,2849.0
2019-05-31 15:00,{},9.92,2331,9.95,9.85,9.85,8.7974,2730.0
2019-06-03 10:30,{},9.73,2331,9.99,9.72,9.93,18.3236,5649.0
2019-06-03 11:30,{},9.7,2331,9.76,9.67,9.73,8.6542,2668.0
2019-06-03 14:00,{},9.75,2331,9.81,9.66,9.7,9.5397,2941.0
2019-06-03 15:00,{},9.68,2331,9.79,9.68,9.75,10.2987,3175.0
2019-06-04 10:30,{},9.75,2331,9.91,9.65,9.68,19.7378,6085.0
2019-06-04 11:30,{},9.69,2331,9.75,9.68,9.75,4.8915,1508.0
2019-06-04 14:00,{},9.69,2331,9.77,9.68,9.69,5.6246,1734.0
2019-06-04 15:00,{},9.73,2331,9.74,9.69,9.69,9.1958,2835.0
2019-06-05 10:30,{},10.27,2331,10.7,10.04,10.04,165.269,50951.0
2019-06-05 11:30,{},10.24,2331,10.28,10.19,10.27,29.0699,8962.0
2019-06-05 14:00,{},10.19,2331,10.27,10.16,10.24,28.5509,8802.0
2019-06-05 15:00,{},10.1,2331,10.2,10.02,10.2,41.9992,12948.0
2019-06-06 10:30,{},9.86,2331,10.1,9.85,9.86,71.3124,21985.0
2019-06-06 11:30,{},9.79,2331,9.86,9.67,9.86,38.2203,11783.0
2019-06-06 14:00,{},9.71,2331,9.83,9.67,9.79,20.6169,6356.0
2019-06-06 15:00,{},9.68,2331,9.72,9.65,9.71,37.3121,11503.0
2019-06-10 10:30,{},9.65,2331,9.79,9.54,9.7,39.7838,12265.0
2019-06-10 11:30,{},9.72,2331,9.72,9.61,9.65,10.8177,3335.0
2019-06-10 14:00,{},9.68,2331,9.77,9.68,9.72,14.2625,4397.0
2019-06-10 15:00,{},9.65,2331,9.69,9.63,9.68,14.2463,4392.0
2019-06-11 10:30,{},9.74,2331,9.74,9.55,9.65,19.8027,6105.0
2019-06-11 11:30,{},9.82,2331,9.86,9.72,9.74,22.9393,7072.0
2019-06-11 14:00,{},9.84,2331,9.86,9.78,9.82,24.2206,7467.0
2019-06-11 15:00,{},9.87,2331,9.88,9.83,9.84,22.5469,6951.0
2019-06-12 10:30,{},9.88,2331,9.96,9.81,9.89,34.3539,10591.0
2019-06-12 11:30,{},9.85,2331,9.89,9.82,9.88,15.414,4752.0
2019-06-12 14:00,{},9.92,2331,9.94,9.84,9.85,10.3798,3200.0
2019-06-12 15:00,{},9.91,2331,9.97,9.88,9.92,19.8773,6128.0
2019-06-13 10:30,{},10.12,2331,10.22,9.85,9.9,52.0514,16047.0
2019-06-13 11:30,{},10.16,2331,10.16,10.12,10.12,12.1281,3739.0
2019-06-13 14:00,{},10.22,2331,10.34,10.15,10.16,50.9778,15716.0
2019-06-13 15:00,{},10.17,2331,10.26,10.16,10.22,23.7405,7319.0
2019-06-14 10:30,{},10.13,2331,10.21,10.02,10.21,32.3914,9986.0
2019-06-14 11:30,{},10.06,2331,10.13,10.02,10.13,12.3552,3809.0
2019-06-14 14:00,{},10.16,2331,10.28,10.05,10.06,26.5139,8174.0
2019-06-14 15:00,{},10.12,2331,10.21,10.06,10.16,24.9245,7684.0
2019-06-17 10:30,{},10.04,2331,10.19,10.01,10.19,21.8657,6741.0
2019-06-17 11:30,{},10.04,2331,10.08,10.0,10.04,10.3506,3191.0
2019-06-17 14:00,{},10.07,2331,10.13,10.03,10.04,5.2872,1630.0
2019-06-17 15:00,{},10.05,2331,10.09,10.02,10.07,9.105,2807.0
2019-06-18 10:30,{},10.14,2331,10.16,10.05,10.06,12.6958,3914.0
2019-06-18 11:30,{},10.07,2331,10.15,10.05,10.14,7.1685,2210.0
2019-06-18 14:00,{},10.01,2331,10.08,10.01,10.07,8.7807,2707.0
2019-06-18 15:00,{},10.05,2331,10.05,10.01,10.01,8.9039,2745.0
2019-06-19 10:30,{},10.17,2331,10.26,10.1,10.16,38.1749,11769.0
2019-06-19 11:30,{},10.17,2331,10.17,10.15,10.16,11.3756,3507.0
2019-06-19 14:00,{},10.16,2331,10.18,10.15,10.17,10.0425,3096.0
2019-06-19 15:00,{},10.14,2331,10.18,10.1,10.16,13.3899,4128.0
2019-06-20 10:30,{},10.04,2331,10.11,9.96,10.11,24.6293,7593.0
2019-06-20 11:30,{},10.14,2331,10.16,10.01,10.04,17.9343,5529.0
2019-06-20 14:00,{},10.11,2331,10.17,10.11,10.14,14.9339,4604.0
2019-06-20 15:00,{},10.13,2331,10.15,10.1,10.11,19.5043,6013.0
2019-06-21 10:30,{},10.33,2331,10.37,10.14,10.18,38.1198,11752.0
2019-06-21 11:30,{},10.29,2331,10.34,10.28,10.33,13.0169,4013.0
2019-06-21 14:00,{},10.23,2331,10.31,10.19,10.29,16.9483,5225.0
2019-06-21 15:00,{},10.26,2331,10.29,10.19,10.23,21.8332,6731.0
2019-06-24 10:30,{},10.61,2331,10.76,10.29,10.29,89.3538,27547.0
2019-06-24 11:30,{},10.6,2331,10.71,10.59,10.61,48.1428,14842.0
2019-06-24 14:00,{},10.57,2331,10.6,10.52,10.6,22.1771,6837.0
2019-06-24 15:00,{},10.64,2331,10.7,10.55,10.57,29.9749,9241.0
2019-06-25 10:30,{},10.36,2331,10.67,10.32,10.67,49.9301,15393.0
2019-06-25 11:30,{},10.27,2331,10.36,10.19,10.36,34.0684,10503.0
2019-06-25 14:00,{},10.27,2331,10.32,10.2,10.27,14.7588,4550.0
2019-06-25 15:00,{},10.3,2331,10.34,10.19,10.28,22.4009,6906.0
2019-06-26 10:30,{},10.27,2331,10.39,10.2,10.26,25.025,7715.0
2019-06-26 11:30,{},10.24,2331,10.3,10.22,10.27,10.9929,3389.0
2019-06-26 14:00,{},10.24,2331,10.26,10.22,10.24,6.9188,2133.0
2019-06-26 15:00,{},10.26,2331,10.36,10.23,10.24,13.364,4120.0
2019-06-27 10:30,{},10.27,2331,10.36,10.25,10.29,21.8981,6751.0
2019-06-27 11:30,{},10.25,2331,10.27,10.2,10.27,11.6838,3602.0
2019-06-27 14:00,{},10.29,2331,10.39,10.25,10.25,12.9974,4007.0
2019-06-27 15:00,{},10.28,2331,10.31,10.23,10.29,14.3598,4427.0
2019-06-28 10:30,{},10.25,2331,10.37,10.24,10.35,21.9987,6782.0
2019-06-28 11:30,{},10.14,2331,10.26,10.1,10.25,19.2059,5921.0
2019-06-28 14:00,{},10.11,2331,10.18,10.1,10.14,9.0726,2797.0
2019-06-28 15:00,{},10.22,2331,10.28,10.1,10.11,21.7716,6712.0
2019-07-01 10:30,{},10.53,2331,10.69,10.29,10.36,78.1274,24086.0
2019-07-01 11:30,{},10.55,2331,10.6,10.5,10.53,22.7447,7012.0
2019-07-01 14:00,{},10.69,2331,10.69,10.55,10.55,41.5192,12800.0
2019-07-01 15:00,{},10.62,2331,10.69,10.58,10.68,36.9261,11384.0
2019-07-02 10:30,{},10.78,2331,11.0,10.51,10.62,97.7063,30122.0
2019-07-02 11:30,{},10.81,2331,10.82,10.77,10.78,22.4074,6908.0
2019-07-02 14:00,{},10.69,2331,10.85,10.68,10.81,24.4866,7549.0
2019-07-02 15:00,{},10.53,2331,10.7,10.52,10.69,42.4047,13073.0
2019-07-03 10:30,{},10.38,2331,10.6,10.38,10.56,52.0157,16036.0
2019-07-03 11:30,{},10.65,2331,10.65,10.35,10.38,28.6126,8821.0
2019-07-03 14:00,{},10.53,2331,10.68,10.5,10.65,47.1535,14537.0
2019-07-03 15:00,{},10.89,2331,10.9,10.48,10.53,123.2568,37999.0
2019-07-04 10:30,{},11.0,2331,11.15,10.77,10.92,114.0675,35166.0
2019-07-04 11:30,{},10.85,2331,11.0,10.81,11.0,24.5839,7579.0
2019-07-04 14:00,{},11.1,2331,11.15,10.83,10.85,37.4192,11536.0
2019-07-04 15:00,{},11.04,2331,11.15,10.89,11.1,76.0871,23457.0
2019-07-05 10:30,{},11.35,2331,11.38,11.0,11.0,129.6144,39959.0
2019-07-05 11:30,{},11.47,2331,11.5,11.26,11.35,103.5287,31917.0
2019-07-05 14:00,{},11.96,2331,12.14,11.47,11.47,262.3753,80888.0
2019-07-05 15:00,{},11.85,2331,11.96,11.71,11.96,101.0084,31140.0
