date,amount,close,code,high,low,open,turnoverratio,volume
2017-11-03 14:00,,10.16,300051,10.21,10.05,10.12,,8539.0
2017-11-03 15:00,,10.12,300051,10.19,10.08,10.16,,6541.0
2017-11-06 10:30,,10.3,300051,10.34,10.1,10.13,,11515.0
2017-11-06 11:30,,10.3,300051,10.33,10.26,10.3,,4650.0
2017-11-06 14:00,,10.31,300051,10.32,10.29,10.3,,3222.0
2017-11-06 15:00,,10.35,300051,10.41,10.31,10.31,,7025.0
2017-11-07 10:30,,10.45,300051,10.49,10.31,10.36,,14102.0
2017-11-07 11:30,,10.42,300051,10.46,10.35,10.45,,5741.0
2017-11-07 14:00,,10.38,300051,10.42,10.37,10.42,,3852.0
2017-11-07 15:00,,10.45,300051,10.45,10.38,10.38,,8611.0
2017-11-08 10:30,,10.65,300051,10.71,10.37,10.45,,20024.0
2017-11-08 11:30,,10.66,300051,10.68,10.62,10.65,,6369.0
2017-11-08 14:00,,10.62,300051,10.67,10.61,10.66,,4464.0
2017-11-08 15:00,,10.56,300051,10.62,10.5,10.62,,10903.0
2017-11-09 10:30,,10.64,300051,10.67,10.46,10.56,,10252.0
2017-11-09 11:30,,10.6,300051,10.69,10.57,10.64,,6286.0
2017-11-09 14:00,,10.56,300051,10.6,10.54,10.6,,3021.0
2017-11-09 15:00,,10.63,300051,10.67,10.54,10.56,,8914.0
2017-11-10 10:30,,10.58,300051,10.69,10.5,10.59,,7622.0
2017-11-10 11:30,,10.55,300051,10.59,10.42,10.58,,10448.0
2017-11-10 14:00,,10.52,300051,10.58,10.48,10.55,,8301.0
2017-11-10 15:00,,10.64,300051,10.64,10.46,10.52,,14079.0
2017-11-13 10:30,,10.47,300051,10.64,10.41,10.6,,14274.0
2017-11-13 11:30,,10.46,300051,10.49,10.41,10.47,,5917.0
2017-11-13 14:00,,10.48,300051,10.54,10.42,10.46,,5432.0
2017-11-13 15:00,,10.41,300051,10.5,10.4,10.48,,8570.0
2017-11-14 10:30,,9.75,300051,10.2,9.75,10.16,,61417.0
2017-11-14 11:30,,9.7,300051,9.8,9.55,9.75,,28977.0
2017-11-14 14:00,,9.65,300051,9.78,9.64,9.7,,13401.0
2017-11-14 15:00,,9.65,300051,9.67,9.57,9.65,,24412.0
2017-11-15 10:30,,9.57,300051,9.63,9.5,9.57,,18275.0
2017-11-15 11:30,,9.54,300051,9.63,9.51,9.57,,8203.0
2017-11-15 14:00,,9.55,300051,9.56,9.52,9.54,,5480.0
2017-11-15 15:00,,9.57,300051,9.59,9.54,9.55,,5553.0
2017-11-16 10:30,,9.68,300051,9.73,9.54,9.61,,12602.0
2017-11-16 11:30,,9.7,300051,9.72,9.66,9.68,,5003.0
2017-11-16 14:00,,9.67,300051,9.7,9.62,9.7,,6475.0
2017-11-16 15:00,,9.59,300051,9.73,9.57,9.67,,10870.0
2017-11-17 10:30,,9.3,300051,9.59,9.21,9.59,,18681.0
2017-11-17 11:30,,9.29,300051,9.35,9.28,9.3,,5910.0
2017-11-17 14:00,,9.23,300051,9.34,9.22,9.29,,9471.0
2017-11-17 15:00,,9.07,300051,9.25,9.02,9.23,,13427.0
2017-11-20 10:30,,8.98,300051,9.11,8.86,9.08,,12050.0
2017-11-20 11:30,,9.18,300051,9.2,8.98,8.98,,7465.0
2017-11-20 14:00,,9.13,300051,9.18,9.1,9.18,,3418.0
2017-11-20 15:00,,9.24,300051,9.26,9.12,9.13,,6894.0
2017-11-21 10:30,,9.25,300051,9.35,9.1,9.24,,13479.0
2017-11-21 11:30,,9.13,300051,9.28,9.12,9.25,,10025.0
2017-11-21 14:00,,9.15,300051,9.17,9.1,9.13,,6260.0
2017-11-21 15:00,,9.18,300051,9.2,9.15,9.15,,5265.0
2017-11-22 10:30,,9.27,300051,9.27,9.06,9.14,,14415.0
2017-11-22 11:30,,9.2,300051,9.32,9.15,9.27,,7470.0
2017-11-22 14:00,,9.12,300051,9.21,9.1,9.2,,5058.0
2017-11-22 15:00,,9.12,300051,9.14,9.08,9.12,,8802.0
2017-11-23 10:30,,9.15,300051,9.15,9.06,9.15,,9242.0
2017-11-23 11:30,,9.44,300051,9.69,9.15,9.15,,47095.0
2017-11-23 14:00,,9.41,300051,9.45,9.36,9.44,,8121.0
2017-11-23 15:00,,9.29,300051,9.44,9.25,9.41,,14759.0
2017-11-24 10:30,,9.5,300051,9.6,9.16,9.19,,30846.0
2017-11-24 11:30,,9.5,300051,9.59,9.41,9.5,,8442.0
2017-11-24 14:00,,9.48,300051,9.54,9.39,9.5,,8035.0
2017-11-24 15:00,,9.4,300051,9.5,9.39,9.48,,7807.0
2017-11-27 10:30,,9.49,300051,9.58,9.33,9.49,,15431.0
2017-11-27 11:30,,9.54,300051,9.59,9.48,9.49,,8035.0
2017-11-27 14:00,,9.47,300051,9.54,9.46,9.54,,4054.0
2017-11-27 15:00,,9.43,300051,9.51,9.42,9.47,,6734.0
2017-11-28 10:30,,9.45,300051,9.57,9.44,9.49,,10678.0
2017-11-28 11:30,,9.44,300051,9.48,9.36,9.45,,4747.0
2017-11-28 14:00,,9.52,300051,9.53,9.42,9.44,,5857.0
2017-11-28 15:00,,9.65,300051,9.68,9.46,9.52,,16750.0
2017-11-29 10:30,,9.48,300051,9.65,9.45,9.65,,13199.0
2017-11-29 11:30,,9.47,300051,9.5,9.4,9.48,,7844.0
2017-11-29 14:00,,9.51,300051,9.53,9.45,9.47,,2894.0
2017-11-29 15:00,,9.47,300051,9.55,9.46,9.51,,8863.0
2017-11-30 10:30,,9.44,300051,9.49,9.35,9.37,,7125.0
2017-11-30 11:30,,9.47,300051,9.52,9.44,9.44,,4597.0
2017-11-30 14:00,,9.41,300051,9.47,9.39,9.47,,5611.0
2017-11-30 15:00,,9.4,300051,9.41,9.37,9.41,,5715.0
2017-12-01 10:30,,9.96,300051,10.12,9.36,9.38,,59793.0
2017-12-01 11:30,,9.9,300051,10.16,9.89,9.96,,34074.0
2017-12-01 14:00,,9.87,300051,9.92,9.83,9.9,,11581.0
2017-12-01 15:00,,9.91,300051,9.95,9.86,9.86,,14927.0
2017-12-04 10:30,,9.78,300051,9.98,9.69,9.93,,36911.0
2017-12-04 11:30,,9.78,300051,9.79,9.69,9.78,,9680.0
2017-12-04 14:00,,9.7,300051,9.79,9.7,9.78,,7110.0
2017-12-04 15:00,,9.64,300051,9.75,9.58,9.7,,13453.0
2017-12-05 10:30,,9.69,300051,9.77,9.5,9.61,,16603.0
2017-12-05 11:30,,9.73,300051,9.74,9.58,9.69,,8007.0
2017-12-05 14:00,,9.68,300051,9.74,9.57,9.73,,10758.0
2017-12-05 15:00,,9.32,300051,9.7,9.32,9.68,,21499.0
2017-12-06 10:30,,9.42,300051,9.53,9.31,9.31,,14659.0
2017-12-06 11:30,,9.39,300051,9.53,9.35,9.42,,5840.0
2017-12-06 14:00,,9.38,300051,9.52,9.33,9.39,,8550.0
2017-12-06 15:00,,9.78,300051,9.8,9.37,9.38,,29200.0
2017-12-07 10:30,,10.03,300051,10.09,9.74,9.79,,42621.0
2017-12-07 11:30,,10.09,300051,10.15,9.98,10.03,,17561.0
2017-12-07 14:00,,10.18,300051,10.3,10.09,10.09,,31158.0
2017-12-07 15:00,,10.13,300051,10.18,10.03,10.18,,22757.0
2017-12-08 10:30,,10.07,300051,10.24,9.97,10.1,,31671.0
2017-12-08 11:30,,10.09,300051,10.1,10.01,10.07,,10793.0
2017-12-08 14:00,,10.14,300051,10.18,10.06,10.09,,11247.0
2017-12-08 15:00,,10.15,300051,10.16,10.04,10.14,,14657.0
2017-12-11 10:30,,10.33,300051,10.45,10.19,10.25,,43093.0
2017-12-11 11:30,,10.15,300051,10.36,10.11,10.33,,20186.0
2017-12-11 14:00,,10.13,300051,10.22,10.11,10.15,,8848.0
2017-12-11 15:00,,10.14,300051,10.29,10.12,10.13,,15063.0
2017-12-12 10:30,,9.98,300051,10.14,9.92,10.11,,24762.0
2017-12-12 11:30,,9.97,300051,10.06,9.96,9.98,,10777.0
2017-12-12 14:00,,9.9,300051,9.99,9.89,9.97,,13406.0
2017-12-12 15:00,,9.93,300051,9.96,9.88,9.9,,14415.0
2017-12-13 10:30,,10.0,300051,10.03,9.9,9.94,,12110.0
2017-12-13 11:30,,9.91,300051,10.0,9.89,9.99,,6333.0
2017-12-13 14:00,,9.96,300051,9.98,9.91,9.91,,4787.0
2017-12-13 15:00,,9.99,300051,10.0,9.9,9.96,,13053.0
2017-12-14 10:30,,9.88,300051,10.03,9.88,9.97,,12453.0
2017-12-14 11:30,,9.8,300051,9.91,9.73,9.88,,13243.0
2017-12-14 14:00,,9.83,300051,9.85,9.75,9.8,,6020.0
2017-12-14 15:00,,9.89,300051,9.93,9.79,9.83,,9236.0
2017-12-15 10:30,,9.95,300051,10.02,9.82,9.89,,16033.0
2017-12-15 11:30,,9.91,300051,10.1,9.9,9.95,,10329.0
2017-12-15 14:00,,9.97,300051,10.02,9.91,9.91,,5384.0
2017-12-15 15:00,,10.05,300051,10.06,9.91,9.97,,10299.0
2017-12-18 10:30,,9.94,300051,10.1,9.86,9.98,,11086.0
2017-12-18 11:30,,9.85,300051,9.98,9.8,9.94,,8374.0
2017-12-18 14:00,,9.93,300051,9.96,9.82,9.85,,4873.0
2017-12-18 15:00,,9.9,300051,9.93,9.79,9.93,,10619.0
2017-12-19 10:30,,10.19,300051,10.3,9.87,9.87,,37464.0
2017-12-19 11:30,,10.2,300051,10.33,10.18,10.19,,18042.0
2017-12-19 14:00,,10.12,300051,10.2,10.09,10.2,,9423.0
2017-12-19 15:00,,10.15,300051,10.17,10.09,10.12,,9260.0
2017-12-20 10:30,,9.96,300051,10.1,9.9,10.1,,22839.0
2017-12-20 11:30,,9.97,300051,10.01,9.92,9.96,,7864.0
2017-12-20 14:00,,9.96,300051,10.02,9.93,9.97,,5642.0
2017-12-20 15:00,,9.95,300051,9.97,9.92,9.96,,9626.0
2017-12-21 10:30,,9.74,300051,9.98,9.6,9.95,,19664.0
2017-12-21 11:30,,9.89,300051,9.93,9.71,9.74,,7819.0
2017-12-21 14:00,,9.91,300051,9.94,9.88,9.89,,4710.0
2017-12-21 15:00,,9.94,300051,9.96,9.85,9.91,,8745.0
2017-12-22 10:30,,9.81,300051,9.92,9.75,9.9,,10116.0
2017-12-22 11:30,,9.8,300051,9.82,9.75,9.81,,5082.0
2017-12-22 14:00,,9.82,300051,9.86,9.78,9.8,,2314.0
2017-12-22 15:00,,9.74,300051,9.82,9.73,9.82,,10876.0
2017-12-25 10:30,,9.53,300051,9.85,9.48,9.85,,16123.0
2017-12-25 11:30,,9.42,300051,9.53,9.4,9.53,,8030.0
2017-12-25 14:00,,9.39,300051,9.48,9.3,9.42,,9762.0
2017-12-25 15:00,,9.39,300051,9.44,9.35,9.39,,8154.0
2017-12-26 10:30,,9.41,300051,9.49,9.4,9.4,,6588.0
2017-12-26 11:30,,9.53,300051,9.58,9.41,9.41,,7536.0
2017-12-26 14:00,,9.5,300051,9.56,9.49,9.53,,4501.0
2017-12-26 15:00,,9.53,300051,9.56,9.49,9.5,,7164.0
2017-12-27 10:30,,9.35,300051,9.55,9.3,9.55,,16752.0
2017-12-27 11:30,,9.4,300051,9.42,9.32,9.35,,5220.0
2017-12-27 14:00,,9.41,300051,9.43,9.37,9.4,,2571.0
2017-12-27 15:00,,9.46,300051,9.46,9.33,9.41,,9803.0
2017-12-28 10:30,,9.51,300051,9.54,9.37,9.39,,9560.0
2017-12-28 11:30,,9.46,300051,9.53,9.46,9.51,,3458.0
2017-12-28 14:00,,9.42,300051,9.48,9.41,9.46,,4033.0
2017-12-28 15:00,,9.46,300051,9.46,9.4,9.42,,7925.0
2017-12-29 10:30,,9.43,300051,9.5,9.39,9.4,,6919.0
2017-12-29 11:30,,9.46,300051,9.47,9.41,9.43,,2241.0
2017-12-29 14:00,,9.45,300051,9.46,9.41,9.46,,4570.0
2017-12-29 15:00,,9.55,300051,9.58,9.43,9.45,,9985.0
2018-01-02 10:30,,9.5,300051,9.55,9.42,9.55,,8966.0
2018-01-02 11:30,,9.51,300051,9.54,9.45,9.5,,3847.0
2018-01-02 14:00,,9.53,300051,9.54,9.49,9.51,,3696.0
2018-01-02 15:00,,9.6,300051,9.6,9.52,9.53,,9236.0
2018-01-03 10:30,,9.59,300051,9.63,9.52,9.59,,7200.0
2018-01-03 11:30,,9.67,300051,9.68,9.59,9.59,,7857.0
2018-01-03 14:00,,9.75,300051,9.79,9.67,9.67,,10842.0
2018-01-03 15:00,,9.72,300051,9.76,9.69,9.75,,8006.0
2018-01-04 10:30,,9.65,300051,9.75,9.63,9.74,,11468.0
2018-01-04 11:30,,9.64,300051,9.67,9.63,9.65,,4171.0
2018-01-04 14:00,,9.65,300051,9.68,9.63,9.64,,4781.0
2018-01-04 15:00,,9.69,300051,9.69,9.62,9.65,,10109.0
2018-01-05 10:30,,9.8,300051,9.97,9.73,9.74,,23524.0
2018-01-05 11:30,,9.76,300051,9.84,9.75,9.8,,5718.0
2018-01-05 14:00,,9.75,300051,9.77,9.72,9.76,,6286.0
2018-01-05 15:00,,9.8,300051,9.8,9.72,9.75,,12453.0
2018-01-08 10:30,,9.66,300051,9.75,9.56,9.73,,15536.0
2018-01-08 11:30,,9.69,300051,9.78,9.63,9.66,,7473.0
2018-01-08 14:00,,9.65,300051,9.71,9.64,9.69,,2597.0
2018-01-08 15:00,,9.9,300051,9.9,9.62,9.65,,11755.0
2018-01-09 10:30,,9.73,300051,9.83,9.72,9.82,,10473.0
2018-01-09 11:30,,9.73,300051,9.74,9.67,9.73,,4938.0
2018-01-09 14:00,,9.85,300051,9.9,9.73,9.73,,11858.0
2018-01-09 15:00,,9.84,300051,9.89,9.81,9.85,,10036.0
2018-01-10 10:30,,10.6,300051,10.8,9.8,9.9,,88014.0
2018-01-10 11:30,,10.35,300051,10.62,10.33,10.6,,31006.0
2018-01-10 14:00,,10.39,300051,10.55,10.27,10.35,,38517.0
2018-01-10 15:00,,10.41,300051,10.51,10.38,10.39,,52460.0
2018-01-11 10:30,,10.56,300051,10.68,10.23,10.3,,92555.0
2018-01-11 11:30,,10.5,300051,10.62,10.46,10.56,,23485.0
2018-01-11 14:00,,11.1,300051,11.35,10.49,10.5,,93208.0
2018-01-11 15:00,,11.12,300051,11.18,10.95,11.1,,36860.0
2018-01-12 10:30,,11.34,300051,11.63,10.82,10.92,,135894.0
2018-01-12 11:30,,11.32,300051,11.48,11.21,11.34,,41254.0
2018-01-12 14:00,,10.91,300051,11.34,10.91,11.32,,31744.0
2018-01-12 15:00,,11.04,300051,11.28,10.91,10.91,,39813.0
2018-01-15 10:30,,10.44,300051,10.78,10.37,10.78,,89006.0
2018-01-15 11:30,,10.5,300051,10.62,10.37,10.45,,24038.0
2018-01-15 14:00,,10.35,300051,10.52,10.18,10.5,,26623.0
2018-01-15 15:00,,10.48,300051,10.56,10.31,10.35,,23395.0
2018-01-16 10:30,,10.3,300051,10.56,10.26,10.42,,43654.0
2018-01-16 11:30,,10.13,300051,10.37,10.09,10.3,,38102.0
2018-01-16 14:00,,10.31,300051,10.34,10.12,10.13,,19606.0
2018-01-16 15:00,,10.46,300051,10.53,10.28,10.31,,31659.0
2018-01-17 10:30,,9.57,300051,10.09,9.55,9.95,,81288.0
2018-01-17 11:30,,10.03,300051,10.16,9.54,9.56,,30220.0
2018-01-17 14:00,,10.07,300051,10.09,9.94,10.03,,15183.0
2018-01-17 15:00,,9.93,300051,10.18,9.92,10.07,,21444.0
2018-01-18 10:30,,10.08,300051,10.24,9.81,9.84,,31242.0
2018-01-18 11:30,,10.08,300051,10.11,9.96,10.08,,11121.0
2018-01-18 14:00,,10.0,300051,10.08,9.94,10.08,,7052.0
2018-01-18 15:00,,9.94,300051,10.0,9.9,10.0,,12591.0
2018-01-19 10:30,,9.99,300051,10.06,9.91,10.01,,15985.0
2018-01-19 11:30,,9.81,300051,10.0,9.73,9.99,,23609.0
2018-01-19 14:00,,9.68,300051,9.81,9.64,9.81,,29614.0
2018-01-19 15:00,,9.55,300051,9.76,9.55,9.68,,47177.0
2018-01-22 10:30,,9.38,300051,9.54,9.12,9.54,,35219.0
2018-01-22 11:30,,9.72,300051,9.74,9.38,9.38,,33328.0
2018-01-22 14:00,,9.76,300051,9.84,9.65,9.72,,15919.0
2018-01-22 15:00,,9.73,300051,9.78,9.69,9.76,,11328.0
2018-01-23 10:30,,9.65,300051,9.78,9.59,9.67,,24914.0
2018-01-23 11:30,,9.6,300051,9.68,9.57,9.65,,10209.0
2018-01-23 14:00,,9.61,300051,9.62,9.55,9.6,,8487.0
2018-01-23 15:00,,9.59,300051,9.61,9.56,9.61,,9630.0
2018-01-24 10:30,,9.8,300051,9.83,9.63,9.63,,22764.0
2018-01-24 11:30,,10.02,300051,10.05,9.81,9.81,,53859.0
2018-01-24 14:00,,9.97,300051,10.05,9.95,10.02,,15616.0
2018-01-24 15:00,,10.28,300051,10.38,9.97,9.97,,67778.0
2018-01-25 10:30,,10.48,300051,10.64,10.15,10.21,,84705.0
2018-01-25 11:30,,10.27,300051,10.48,10.21,10.48,,24967.0
2018-01-25 14:00,,10.3,300051,10.35,10.27,10.27,,7704.0
2018-01-25 15:00,,10.04,300051,10.3,10.0,10.3,,32892.0
2018-01-26 10:30,,10.24,300051,10.33,10.02,10.02,,38270.0
2018-01-26 11:30,,10.38,300051,10.47,10.11,10.24,,28490.0
2018-01-26 14:00,,11.04,300051,11.04,10.38,10.38,,88263.0
2018-01-26 15:00,,11.04,300051,11.04,11.04,11.04,,11878.0
2018-01-29 10:30,,11.23,300051,11.6,10.81,11.3,,203544.0
2018-01-29 11:30,,11.13,300051,11.34,11.0,11.23,,39780.0
2018-01-29 14:00,,10.98,300051,11.17,10.93,11.13,,18635.0
2018-01-29 15:00,,10.81,300051,11.04,10.77,10.98,,44311.0
2018-01-30 10:30,,10.73,300051,11.08,10.64,10.79,,80376.0
2018-01-30 11:30,,10.82,300051,10.95,10.64,10.73,,29378.0
2018-01-30 14:00,,10.73,300051,10.97,10.73,10.82,,22426.0
2018-01-30 15:00,,10.59,300051,10.79,10.59,10.73,,49329.0
2018-01-31 10:30,,10.45,300051,10.76,10.43,10.5,,57708.0
2018-01-31 11:30,,10.49,300051,10.54,10.31,10.45,,22432.0
2018-01-31 14:00,,10.38,300051,10.54,10.25,10.49,,31272.0
2018-01-31 15:00,,10.41,300051,10.48,10.24,10.38,,33891.0
2018-02-01 10:30,,10.82,300051,11.1,10.38,10.38,,92187.0
2018-02-01 11:30,,10.52,300051,10.85,10.41,10.82,,34816.0
2018-02-01 14:00,,10.76,300051,10.85,10.5,10.52,,43245.0
2018-02-01 15:00,,10.52,300051,10.76,10.52,10.76,,46420.0
2018-02-02 10:30,,9.81,300051,9.97,9.47,9.9,,115075.0
2018-02-02 11:30,,9.76,300051,9.97,9.71,9.81,,23445.0
2018-02-02 14:00,,9.48,300051,9.8,9.48,9.76,,25009.0
2018-02-02 15:00,,9.55,300051,9.77,9.47,9.48,,33013.0
2018-02-05 10:30,,9.38,300051,9.45,9.01,9.25,,46415.0
2018-02-05 11:30,,9.3,300051,9.47,9.27,9.35,,10596.0
2018-02-05 14:00,,9.37,300051,9.44,9.29,9.3,,12525.0
2018-02-05 15:00,,9.27,300051,9.39,9.21,9.37,,23435.0
2018-02-06 10:30,,9.4,300051,9.5,8.92,9.02,,42741.0
2018-02-06 11:30,,9.34,300051,9.42,9.21,9.4,,14371.0
2018-02-06 14:00,,9.35,300051,9.38,9.07,9.34,,18805.0
2018-02-06 15:00,,8.9,300051,9.39,8.89,9.36,,28964.0
2018-02-07 10:30,,9.09,300051,9.3,9.07,9.14,,40790.0
2018-02-07 11:30,,9.29,300051,9.29,8.89,9.09,,25767.0
2018-02-07 14:00,,9.39,300051,9.44,9.18,9.29,,27010.0
2018-02-07 15:00,,9.3,300051,9.4,9.2,9.39,,19547.0
2018-02-08 10:30,,9.4,300051,9.54,9.2,9.22,,38218.0
2018-02-08 11:30,,9.46,300051,9.51,9.38,9.4,,14646.0
2018-02-08 14:00,,9.38,300051,9.48,9.34,9.46,,16242.0
2018-02-08 15:00,,9.36,300051,9.42,9.25,9.38,,22079.0
2018-02-09 10:30,,9.21,300051,9.3,8.91,9.0,,40848.0
2018-02-09 11:30,,9.13,300051,9.23,9.01,9.21,,12167.0
2018-02-09 14:00,,8.91,300051,9.19,8.91,9.13,,15361.0
2018-02-09 15:00,,8.71,300051,8.95,8.58,8.91,,30784.0
2018-02-12 10:30,,8.93,300051,9.0,8.79,8.85,,23630.0
2018-02-12 11:30,,9.1,300051,9.12,8.9,8.93,,16661.0
2018-02-12 14:00,,9.09,300051,9.12,9.06,9.1,,6548.0
2018-02-12 15:00,,9.03,300051,9.13,8.99,9.09,,15718.0
2018-02-13 10:30,,9.14,300051,9.24,9.06,9.2,,18321.0
2018-02-13 11:30,,9.14,300051,9.21,9.11,9.14,,8464.0
2018-02-13 14:00,,9.03,300051,9.18,9.01,9.14,,10204.0
2018-02-13 15:00,,8.91,300051,9.08,8.91,9.03,,16562.0
2018-02-14 10:30,,8.8,300051,9.0,8.71,9.0,,16377.0
2018-02-14 11:30,,8.8,300051,8.9,8.79,8.8,,5216.0
2018-02-14 14:00,,8.87,300051,8.9,8.79,8.8,,4333.0
2018-02-14 15:00,,8.88,300051,8.9,8.82,8.87,,10380.0
2018-02-22 10:30,,9.14,300051,9.18,8.95,8.95,,20882.0
2018-02-22 11:30,,9.18,300051,9.2,9.11,9.13,,7975.0
2018-02-22 14:00,,9.17,300051,9.22,9.14,9.18,,6133.0
2018-02-22 15:00,,9.18,300051,9.18,9.13,9.17,,9602.0
2018-02-23 10:30,,9.14,300051,9.2,9.11,9.19,,15953.0
2018-02-23 11:30,,9.07,300051,9.15,9.06,9.14,,11362.0
2018-02-23 14:00,,9.13,300051,9.14,9.05,9.07,,6795.0
2018-02-23 15:00,,9.17,300051,9.17,9.11,9.13,,7025.0
2018-02-26 10:30,,9.33,300051,9.36,9.19,9.19,,25124.0
2018-02-26 11:30,,9.46,300051,9.46,9.33,9.33,,17757.0
2018-02-26 14:00,,9.51,300051,9.65,9.39,9.46,,24104.0
2018-02-26 15:00,,9.45,300051,9.53,9.42,9.51,,15574.0
2018-02-27 10:30,,9.72,300051,9.78,9.38,9.4,,54232.0
2018-02-27 11:30,,9.63,300051,9.84,9.62,9.72,,23979.0
2018-02-27 14:00,,9.7,300051,9.77,9.6,9.63,,12683.0
2018-02-27 15:00,,9.71,300051,9.77,9.69,9.7,,17763.0
2018-02-28 10:30,,10.01,300051,10.25,9.39,9.56,,84503.0
2018-02-28 11:30,,9.95,300051,10.15,9.92,10.0,,21665.0
2018-02-28 14:00,,9.83,300051,9.97,9.79,9.95,,14641.0
2018-02-28 15:00,,9.9,300051,9.98,9.78,9.83,,25250.0
2018-03-01 10:30,,9.93,300051,10.06,9.62,9.77,,38481.0
2018-03-01 11:30,,10.12,300051,10.16,9.89,9.93,,27290.0
2018-03-01 14:00,,10.18,300051,10.3,10.12,10.12,,52405.0
2018-03-01 15:00,,10.2,300051,10.25,10.0,10.18,,42625.0
2018-03-02 10:30,,10.08,300051,10.38,10.04,10.13,,56034.0
2018-03-02 11:30,,9.98,300051,10.08,9.96,10.08,,25081.0
2018-03-02 14:00,,10.0,300051,10.11,9.95,9.98,,18318.0
2018-03-02 15:00,,10.02,300051,10.05,9.94,10.0,,24651.0
2018-03-05 10:30,,10.07,300051,10.15,9.97,10.03,,27003.0
2018-03-05 11:30,,10.04,300051,10.07,9.95,10.07,,13467.0
2018-03-05 14:00,,10.06,300051,10.09,9.98,10.04,,12462.0
2018-03-05 15:00,,10.12,300051,10.15,9.99,10.06,,27216.0
2018-03-06 10:30,,10.11,300051,10.2,10.04,10.15,,29972.0
2018-03-06 11:30,,10.0,300051,10.15,9.9,10.11,,34125.0
2018-03-06 14:00,,9.99,300051,10.09,9.97,10.0,,23117.0
2018-03-06 15:00,,10.03,300051,10.07,9.97,9.99,,17571.0
2018-03-07 10:30,,9.91,300051,10.05,9.91,9.96,,29689.0
2018-03-07 11:30,,9.86,300051,9.96,9.85,9.91,,17141.0
2018-03-07 14:00,,9.92,300051,9.93,9.8,9.86,,17617.0
2018-03-07 15:00,,9.88,300051,9.93,9.84,9.92,,18291.0
2018-03-08 10:30,,10.06,300051,10.15,9.85,9.92,,41598.0
2018-03-08 11:30,,10.06,300051,10.13,10.04,10.06,,20089.0
2018-03-08 14:00,,10.01,300051,10.09,9.97,10.06,,16417.0
2018-03-08 15:00,,10.01,300051,10.09,9.98,10.01,,17327.0
2018-03-09 10:30,,10.16,300051,10.23,9.98,10.09,,38043.0
2018-03-09 11:30,,10.69,300051,10.76,10.14,10.16,,77364.0
2018-03-09 14:00,,10.89,300051,11.01,10.56,10.69,,158676.0
2018-03-09 15:00,,10.76,300051,10.93,10.72,10.89,,45231.0
2018-03-12 10:30,,10.9,300051,11.03,10.67,10.85,,143282.0
2018-03-12 11:30,,10.67,300051,10.94,10.59,10.9,,51516.0
2018-03-12 14:00,,10.79,300051,10.82,10.67,10.67,,18722.0
2018-03-12 15:00,,10.88,300051,10.95,10.78,10.79,,47565.0
2018-03-13 10:30,,11.05,300051,11.29,10.73,10.83,,105866.0
2018-03-13 11:30,,11.09,300051,11.25,10.98,11.05,,44643.0
2018-03-13 14:00,,11.08,300051,11.24,11.07,11.09,,32352.0
2018-03-13 15:00,,10.81,300051,11.13,10.81,11.08,,51770.0
2018-03-14 10:30,,10.81,300051,11.1,10.75,10.9,,72122.0
2018-03-14 11:30,,10.94,300051,11.03,10.76,10.81,,33712.0
2018-03-14 14:00,,10.91,300051,11.0,10.81,10.94,,19108.0
2018-03-14 15:00,,10.95,300051,11.08,10.82,10.91,,67655.0
2018-03-15 10:30,,10.64,300051,10.86,10.52,10.82,,51634.0
2018-03-15 11:30,,10.51,300051,10.67,10.51,10.64,,35683.0
2018-03-15 14:00,,10.39,300051,10.53,10.26,10.51,,41390.0
2018-03-15 15:00,,10.63,300051,10.64,10.29,10.39,,58371.0
2018-03-16 10:30,,10.59,300051,10.66,10.45,10.51,,48907.0
2018-03-16 11:30,,10.53,300051,10.63,10.5,10.59,,15386.0
2018-03-16 14:00,,10.56,300051,10.62,10.5,10.53,,17179.0
2018-03-16 15:00,,10.31,300051,10.58,10.3,10.56,,38837.0
2018-03-19 10:30,,10.51,300051,10.59,10.26,10.34,,43375.0
2018-03-19 11:30,,10.58,300051,10.64,10.48,10.51,,21861.0
2018-03-19 14:00,,10.55,300051,10.67,10.55,10.58,,25333.0
2018-03-19 15:00,,10.42,300051,10.63,10.37,10.55,,35853.0
2018-03-20 10:30,,10.16,300051,10.39,10.11,10.26,,42570.0
2018-03-20 11:30,,10.25,300051,10.28,10.15,10.16,,13037.0
2018-03-20 14:00,,10.5,300051,10.5,10.24,10.25,,29199.0
2018-03-20 15:00,,10.78,300051,10.8,10.47,10.5,,67251.0
2018-03-21 10:30,,10.63,300051,10.8,10.61,10.69,,51152.0
2018-03-21 11:30,,10.67,300051,10.7,10.57,10.63,,16834.0
2018-03-21 14:00,,10.6,300051,10.75,10.55,10.67,,17785.0
2018-03-21 15:00,,10.23,300051,10.61,10.23,10.6,,46723.0
2018-03-22 10:30,,10.49,300051,10.58,10.23,10.25,,54828.0
2018-03-22 11:30,,11.25,300051,11.25,10.46,10.49,,112391.0
2018-03-22 14:00,,11.25,300051,11.25,11.25,11.25,,6364.0
2018-03-22 15:00,,11.25,300051,11.25,11.25,11.25,,10457.0
2018-03-23 10:30,,11.72,300051,11.94,11.11,11.25,,370095.0
2018-03-23 11:30,,11.33,300051,11.95,11.32,11.72,,70497.0
2018-03-23 14:00,,11.06,300051,11.6,11.06,11.33,,60199.0
2018-03-23 15:00,,11.41,300051,11.54,10.96,11.06,,75611.0
2018-03-26 10:30,,11.0,300051,11.03,10.27,10.95,,178550.0
2018-03-26 11:30,,10.85,300051,11.05,10.71,11.0,,31642.0
2018-03-26 14:00,,11.06,300051,11.15,10.77,10.85,,30393.0
2018-03-26 15:00,,11.45,300051,11.6,11.06,11.06,,120478.0
2018-03-27 10:30,,11.58,300051,11.77,11.31,11.57,,168596.0
2018-03-27 11:30,,11.79,300051,12.0,11.57,11.58,,119037.0
2018-03-27 14:00,,11.61,300051,11.96,11.57,11.79,,70156.0
2018-03-27 15:00,,11.82,300051,11.87,11.43,11.61,,96823.0
2018-03-28 10:30,,11.38,300051,11.66,11.28,11.44,,125607.0
2018-03-28 11:30,,11.43,300051,11.58,11.36,11.38,,32450.0
2018-03-28 14:00,,11.61,300051,11.65,11.4,11.43,,32902.0
2018-03-28 15:00,,11.35,300051,11.66,11.31,11.61,,68944.0
2018-03-29 10:30,,11.53,300051,11.71,11.38,11.44,,90208.0
2018-03-29 11:30,,11.28,300051,11.59,11.22,11.53,,37296.0
2018-03-29 14:00,,11.25,300051,11.39,11.19,11.28,,21338.0
2018-03-29 15:00,,11.5,300051,11.5,11.18,11.25,,51790.0
2018-03-30 10:30,,11.55,300051,11.65,11.38,11.55,,75886.0
2018-03-30 11:30,,11.7,300051,11.78,11.5,11.56,,69827.0
2018-03-30 14:00,,11.6,300051,11.8,11.54,11.7,,59705.0
2018-03-30 15:00,,11.79,300051,11.85,11.55,11.6,,97069.0
2018-04-02 10:30,,11.75,300051,11.99,11.53,11.87,,117455.0
2018-04-02 11:30,,11.72,300051,11.87,11.65,11.75,,41399.0
2018-04-02 14:00,,11.69,300051,11.84,11.63,11.72,,33971.0
2018-04-02 15:00,,11.63,300051,11.73,11.56,11.69,,49852.0
2018-04-03 10:30,,11.19,300051,11.35,11.09,11.13,,71082.0
2018-04-03 11:30,,11.12,300051,11.26,11.11,11.19,,35060.0
2018-04-03 14:00,,11.09,300051,11.17,11.04,11.12,,26695.0
2018-04-03 15:00,,11.23,300051,11.25,11.01,11.09,,39105.0
2018-04-04 10:30,,11.15,300051,11.35,11.13,11.23,,38810.0
2018-04-04 11:30,,11.23,300051,11.26,11.0,11.15,,23336.0
2018-04-04 14:00,,11.05,300051,11.24,11.01,11.23,,22534.0
2018-04-04 15:00,,10.7,300051,11.05,10.63,11.05,,82586.0
2018-04-09 10:30,,10.77,300051,10.85,10.54,10.69,,49316.0
2018-04-09 11:30,,10.92,300051,10.94,10.73,10.77,,20924.0
2018-04-09 14:00,,10.84,300051,10.97,10.83,10.92,,22890.0
2018-04-09 15:00,,10.77,300051,10.89,10.71,10.84,,29751.0
2018-04-10 10:30,,10.49,300051,10.78,10.4,10.68,,57702.0
2018-04-10 11:30,,10.53,300051,10.69,10.49,10.49,,24077.0
2018-04-10 14:00,,10.52,300051,10.55,10.41,10.53,,19360.0
2018-04-10 15:00,,10.73,300051,10.73,10.49,10.52,,23041.0
2018-04-11 10:30,,10.86,300051,11.0,10.66,10.8,,54389.0
2018-04-11 11:30,,10.86,300051,10.94,10.81,10.86,,14100.0
2018-04-11 14:00,,10.95,300051,11.09,10.8,10.86,,37264.0
2018-04-11 15:00,,10.89,300051,10.99,10.85,10.95,,24895.0
2018-04-12 10:30,,10.89,300051,11.0,10.81,10.9,,31710.0
2018-04-12 11:30,,10.82,300051,10.97,10.81,10.89,,13367.0
2018-04-12 14:00,,10.74,300051,10.88,10.71,10.82,,21452.0
2018-04-12 15:00,,10.62,300051,10.74,10.59,10.74,,31377.0
2018-04-13 10:30,,10.96,300051,11.09,10.72,10.76,,74881.0
2018-04-13 11:30,,11.09,300051,11.26,10.93,10.96,,77310.0
2018-04-13 14:00,,11.68,300051,11.68,11.09,11.09,,127137.0
2018-04-13 15:00,,11.68,300051,11.68,11.66,11.68,,67011.0
2018-04-16 10:30,,11.76,300051,11.85,11.5,11.59,,216643.0
2018-04-16 11:30,,11.7,300051,11.91,11.61,11.76,,69660.0
2018-04-16 14:00,,11.54,300051,11.79,11.45,11.7,,62322.0
2018-04-16 15:00,,11.8,300051,11.84,11.46,11.54,,75014.0
2018-04-17 10:30,,11.47,300051,11.73,11.43,11.67,,93021.0
2018-04-17 11:30,,11.38,300051,11.55,11.32,11.47,,37850.0
2018-04-17 14:00,,11.36,300051,11.41,11.23,11.38,,42084.0
2018-04-17 15:00,,11.33,300051,11.47,11.2,11.36,,53566.0
2018-04-18 10:30,,11.6,300051,11.78,11.27,11.44,,130273.0
2018-04-18 11:30,,11.72,300051,11.78,11.44,11.6,,49875.0
2018-04-18 14:00,,12.13,300051,12.25,11.61,11.72,,137054.0
2018-04-18 15:00,,12.0,300051,12.15,11.9,12.13,,83869.0
2018-04-19 10:30,,11.85,300051,11.88,11.64,11.8,,115104.0
2018-04-19 11:30,,11.86,300051,11.88,11.71,11.85,,41874.0
2018-04-19 14:00,,11.88,300051,11.94,11.77,11.86,,50052.0
2018-04-19 15:00,,11.75,300051,11.9,11.71,11.88,,60044.0
2018-04-20 10:30,,11.58,300051,11.69,11.42,11.54,,62807.0
2018-04-20 11:30,,11.35,300051,11.59,11.35,11.58,,38263.0
2018-04-20 14:00,,11.41,300051,11.45,11.28,11.35,,37689.0
2018-04-20 15:00,,11.06,300051,11.44,10.9,11.41,,71120.0
2018-04-23 10:30,,11.21,300051,11.37,11.06,11.1,,59868.0
2018-04-23 11:30,,11.05,300051,11.27,11.01,11.21,,19944.0
2018-04-23 14:00,,10.6,300051,11.06,10.6,11.05,,44377.0
2018-04-23 15:00,,10.79,300051,10.83,10.49,10.6,,50234.0
2018-04-24 10:30,,11.03,300051,11.05,10.71,10.85,,52198.0
2018-04-24 11:30,,11.15,300051,11.22,10.9,11.03,,44503.0
2018-04-24 14:00,,11.22,300051,11.28,11.06,11.15,,27312.0
2018-04-24 15:00,,11.25,300051,11.29,11.12,11.22,,43968.0
2018-04-25 10:30,,11.38,300051,11.43,11.07,11.07,,67585.0
2018-04-25 11:30,,11.45,300051,11.6,11.32,11.38,,54743.0
2018-04-25 14:00,,11.42,300051,11.54,11.41,11.45,,34557.0
2018-04-25 15:00,,11.53,300051,11.75,11.42,11.42,,63005.0
2018-04-26 10:30,,11.37,300051,11.49,11.24,11.43,,58304.0
2018-04-26 11:30,,11.27,300051,11.42,11.26,11.36,,25213.0
2018-04-26 14:00,,11.34,300051,11.4,11.22,11.27,,18906.0
2018-04-26 15:00,,11.25,300051,11.39,11.22,11.34,,36508.0
2018-04-27 10:30,,11.27,300051,11.46,10.87,11.36,,58816.0
2018-04-27 11:30,,10.8,300051,11.29,10.8,11.27,,20122.0
2018-04-27 14:00,,11.0,300051,11.0,10.8,10.8,,29434.0
2018-04-27 15:00,,10.9,300051,11.04,10.86,11.0,,30892.0
2018-05-02 10:30,,10.77,300051,11.08,10.66,10.92,,39678.0
2018-05-02 11:30,,10.61,300051,10.8,10.6,10.77,,19798.0
2018-05-02 14:00,,10.62,300051,10.78,10.6,10.61,,15538.0
2018-05-02 15:00,,10.65,300051,10.67,10.41,10.62,,36246.0
2018-05-03 10:30,,10.27,300051,10.73,10.25,10.58,,42178.0
2018-05-03 11:30,,10.46,300051,10.49,10.27,10.27,,17320.0
2018-05-03 14:00,,10.78,300051,10.78,10.43,10.46,,26147.0
2018-05-03 15:00,,10.95,300051,10.99,10.77,10.78,,50889.0
2018-05-04 10:30,,10.81,300051,10.88,10.71,10.83,,30232.0
2018-05-04 11:30,,10.79,300051,10.83,10.72,10.81,,10991.0
2018-05-04 14:00,,10.65,300051,10.79,10.64,10.79,,16365.0
2018-05-04 15:00,,10.5,300051,10.7,10.5,10.65,,37452.0
2018-05-07 10:30,,10.76,300051,10.77,10.53,10.57,,31697.0
2018-05-07 11:30,,10.84,300051,10.91,10.73,10.76,,22312.0
2018-05-07 14:00,,10.84,300051,10.89,10.76,10.84,,15491.0
2018-05-07 15:00,,10.86,300051,10.91,10.8,10.84,,31364.0
2018-05-08 10:30,,10.68,300051,10.85,10.65,10.85,,36200.0
2018-05-08 11:30,,10.81,300051,10.84,10.65,10.68,,17652.0
2018-05-08 14:00,,10.88,300051,10.97,10.76,10.81,,23369.0
2018-05-08 15:00,,11.08,300051,11.14,10.86,10.88,,70988.0
2018-05-09 10:30,,10.98,300051,11.05,10.87,11.0,,34887.0
2018-05-09 11:30,,11.08,300051,11.14,10.97,10.98,,23824.0
2018-05-09 14:00,,11.02,300051,11.11,10.91,11.08,,15759.0
2018-05-09 15:00,,11.01,300051,11.02,10.89,11.01,,19727.0
2018-05-10 10:30,,10.96,300051,11.05,10.9,11.03,,20306.0
2018-05-10 11:30,,10.79,300051,10.97,10.75,10.96,,25396.0
2018-05-10 14:00,,10.73,300051,10.82,10.69,10.79,,15360.0
2018-05-10 15:00,,10.92,300051,10.92,10.67,10.73,,27719.0
2018-05-11 10:30,,10.79,300051,10.93,10.67,10.89,,25417.0
2018-05-11 11:30,,10.68,300051,10.79,10.66,10.79,,12462.0
2018-05-11 14:00,,10.65,300051,10.77,10.62,10.68,,19806.0
2018-05-11 15:00,,10.59,300051,10.71,10.58,10.65,,26426.0
2018-05-14 10:30,,10.64,300051,10.74,10.55,10.59,,20507.0
2018-05-14 11:30,,10.54,300051,10.69,10.49,10.64,,15289.0
2018-05-14 14:00,,10.34,300051,10.55,10.26,10.54,,26700.0
2018-05-14 15:00,,10.29,300051,10.38,10.24,10.34,,33059.0
2018-05-15 10:30,,10.36,300051,10.46,10.31,10.31,,19139.0
2018-05-15 11:30,,10.19,300051,10.37,10.12,10.36,,19827.0
2018-05-15 14:00,,10.35,300051,10.39,10.14,10.19,,15691.0
2018-05-15 15:00,,10.47,300051,10.52,10.31,10.35,,31043.0
2018-05-16 10:30,,10.36,300051,10.43,10.31,10.39,,17781.0
2018-05-16 11:30,,10.34,300051,10.4,10.32,10.36,,9113.0
2018-05-16 14:00,,10.38,300051,10.4,10.3,10.34,,10130.0
2018-05-16 15:00,,10.18,300051,10.39,10.17,10.38,,34231.0
2018-05-17 10:30,,10.21,300051,10.3,10.18,10.18,,16132.0
2018-05-17 11:30,,10.2,300051,10.22,10.14,10.21,,11191.0
2018-05-17 14:00,,10.14,300051,10.23,10.11,10.2,,9282.0
2018-05-17 15:00,,10.16,300051,10.18,10.1,10.14,,14143.0
2018-05-18 10:30,,10.26,300051,10.29,10.16,10.19,,16108.0
2018-05-18 11:30,,10.18,300051,10.31,10.17,10.26,,11301.0
2018-05-18 14:00,,10.22,300051,10.23,10.1,10.18,,9712.0
2018-05-18 15:00,,10.29,300051,10.33,10.21,10.22,,22853.0
2018-05-21 10:30,,10.37,300051,10.47,10.33,10.44,,25426.0
2018-05-21 11:30,,10.48,300051,10.48,10.37,10.37,,15352.0
2018-05-21 14:00,,10.44,300051,10.49,10.4,10.48,,8500.0
2018-05-21 15:00,,10.39,300051,10.47,10.38,10.44,,13138.0
2018-05-22 10:30,,10.31,300051,10.45,10.3,10.45,,19801.0
2018-05-22 11:30,,10.33,300051,10.33,10.25,10.31,,14190.0
2018-05-22 14:00,,10.31,300051,10.35,10.27,10.33,,8714.0
2018-05-22 15:00,,10.38,300051,10.39,10.27,10.31,,15782.0
2018-05-23 10:30,,10.32,300051,10.46,10.31,10.39,,20908.0
2018-05-23 11:30,,10.28,300051,10.35,10.23,10.32,,11383.0
2018-05-23 14:00,,10.26,300051,10.32,10.24,10.28,,9237.0
2018-05-23 15:00,,10.15,300051,10.29,10.13,10.26,,19260.0
2018-05-24 10:30,,10.1,300051,10.28,10.05,10.25,,19800.0
2018-05-24 11:30,,10.16,300051,10.21,10.04,10.1,,11992.0
2018-05-24 14:00,,10.09,300051,10.16,10.07,10.16,,9408.0
2018-05-24 15:00,,9.97,300051,10.1,9.93,10.09,,29216.0
2018-05-25 10:30,,9.96,300051,10.09,9.92,10.05,,19039.0
2018-05-25 11:30,,9.88,300051,9.96,9.73,9.96,,26665.0
2018-05-25 14:00,,9.77,300051,9.9,9.76,9.88,,10484.0
2018-05-25 15:00,,9.64,300051,9.8,9.63,9.77,,30326.0
2018-05-28 10:30,,9.73,300051,9.79,9.45,9.64,,29498.0
2018-05-28 11:30,,9.72,300051,9.77,9.69,9.73,,9485.0
2018-05-28 14:00,,9.67,300051,9.74,9.64,9.72,,5311.0
2018-05-28 15:00,,9.65,300051,9.69,9.58,9.67,,13354.0
2018-05-29 10:30,,9.63,300051,9.75,9.58,9.59,,15450.0
2018-05-29 11:30,,9.54,300051,9.71,9.52,9.63,,8725.0
2018-05-29 14:00,,9.59,300051,9.6,9.52,9.54,,9562.0
2018-05-29 15:00,,9.6,300051,9.7,9.55,9.59,,13032.0
2018-05-30 10:30,,9.18,300051,9.41,9.02,9.4,,30308.0
2018-05-30 11:30,,9.22,300051,9.25,9.11,9.18,,9424.0
2018-05-30 14:00,,9.27,300051,9.33,9.15,9.22,,6818.0
2018-05-30 15:00,,9.03,300051,9.29,9.0,9.27,,30623.0
2018-05-31 10:30,,9.06,300051,9.2,9.01,9.09,,22960.0
2018-05-31 11:30,,9.11,300051,9.12,9.0,9.06,,7427.0
2018-05-31 14:00,,9.14,300051,9.17,9.09,9.11,,7109.0
2018-05-31 15:00,,9.15,300051,9.19,9.1,9.14,,11780.0
2018-06-01 10:30,,9.13,300051,9.16,9.06,9.15,,10055.0
2018-06-01 11:30,,9.07,300051,9.18,9.06,9.13,,8487.0
2018-06-01 14:00,,9.06,300051,9.12,8.98,9.07,,13080.0
2018-06-01 15:00,,9.02,300051,9.07,8.92,9.06,,13513.0
2018-06-04 10:30,,9.07,300051,9.15,8.92,9.09,,12962.0
2018-06-04 11:30,,9.07,300051,9.13,9.04,9.07,,6569.0
2018-06-04 14:00,,9.08,300051,9.1,9.05,9.07,,4603.0
2018-06-04 15:00,,9.06,300051,9.08,9.0,9.08,,6886.0
2018-06-05 10:30,,9.19,300051,9.23,9.06,9.09,,19851.0
2018-06-05 11:30,,9.2,300051,9.22,9.17,9.19,,6288.0
2018-06-05 14:00,,9.32,300051,9.35,9.2,9.2,,12330.0
2018-06-05 15:00,,9.36,300051,9.38,9.28,9.32,,24095.0
2018-06-06 10:30,,9.3,300051,9.34,9.25,9.34,,11860.0
2018-06-06 11:30,,9.22,300051,9.32,9.18,9.3,,12067.0
2018-06-06 14:00,,9.2,300051,9.25,9.18,9.22,,8621.0
2018-06-06 15:00,,9.25,300051,9.28,9.19,9.2,,9903.0
2018-06-07 10:30,,9.26,300051,9.34,9.22,9.26,,10858.0
2018-06-07 11:30,,9.23,300051,9.28,9.21,9.26,,4547.0
2018-06-07 14:00,,9.19,300051,9.23,9.13,9.23,,7920.0
2018-06-07 15:00,,9.03,300051,9.21,9.01,9.19,,19294.0
2018-06-08 10:30,,8.92,300051,9.07,8.82,9.07,,22268.0
2018-06-08 11:30,,8.88,300051,8.97,8.85,8.92,,9817.0
2018-06-08 14:00,,8.83,300051,8.9,8.81,8.88,,7626.0
2018-06-08 15:00,,8.9,300051,8.9,8.71,8.83,,15663.0
2018-06-11 10:30,,8.87,300051,8.91,8.75,8.9,,12705.0
2018-06-11 11:30,,8.89,300051,8.9,8.83,8.87,,2944.0
2018-06-11 14:00,,8.99,300051,9.2,8.87,8.89,,17195.0
2018-06-11 15:00,,8.97,300051,9.04,8.95,8.99,,10342.0
2018-06-12 10:30,,9.2,300051,9.25,8.98,8.98,,39135.0
2018-06-12 11:30,,9.21,300051,9.24,9.16,9.2,,10561.0
2018-06-12 14:00,,9.23,300051,9.24,9.15,9.21,,10142.0
2018-06-12 15:00,,9.28,300051,9.33,9.22,9.23,,24257.0
2018-06-13 10:30,,9.16,300051,9.24,9.13,9.2,,21372.0
2018-06-13 11:30,,9.09,300051,9.19,9.08,9.16,,9980.0
2018-06-13 14:00,,9.08,300051,9.14,9.02,9.09,,8708.0
2018-06-13 15:00,,8.93,300051,9.1,8.88,9.08,,19763.0
2018-06-14 10:30,,9.21,300051,9.21,8.84,8.91,,24167.0
2018-06-14 11:30,,9.11,300051,9.23,9.1,9.21,,8387.0
2018-06-14 14:00,,9.1,300051,9.13,9.03,9.11,,6668.0
2018-06-14 15:00,,9.09,300051,9.16,9.01,9.1,,12214.0
2018-06-15 10:30,,9.05,300051,9.17,9.01,9.01,,15285.0
2018-06-15 11:30,,8.85,300051,9.08,8.75,9.05,,19963.0
2018-06-15 14:00,,9.16,300051,9.26,8.83,8.85,,21586.0
2018-06-15 15:00,,9.12,300051,9.2,9.06,9.16,,18868.0
2018-06-19 10:30,,8.62,300051,8.8,8.51,8.77,,28321.0
2018-06-19 11:30,,8.5,300051,8.7,8.48,8.62,,18566.0
2018-06-19 14:00,,8.25,300051,8.52,8.21,8.5,,17331.0
2018-06-19 15:00,,8.21,300051,8.25,8.21,8.25,,16505.0
2018-06-20 10:30,,8.14,300051,8.31,8.1,8.22,,20413.0
2018-06-20 11:30,,8.12,300051,8.18,7.89,8.14,,13003.0
2018-06-20 14:00,,8.29,300051,8.36,8.11,8.12,,15879.0
2018-06-20 15:00,,8.23,300051,8.32,8.22,8.29,,10092.0
2018-06-21 10:30,,8.13,300051,8.23,8.06,8.17,,20233.0
2018-06-21 11:30,,7.86,300051,8.13,7.81,8.13,,15070.0
2018-06-21 14:00,,7.81,300051,7.88,7.69,7.86,,19782.0
2018-06-21 15:00,,7.62,300051,7.81,7.61,7.81,,16674.0
2018-06-22 10:30,,7.64,300051,7.74,7.19,7.55,,26425.0
2018-06-22 11:30,,7.73,300051,7.79,7.6,7.64,,8553.0
2018-06-22 14:00,,7.67,300051,7.79,7.64,7.73,,5421.0
2018-06-22 15:00,,7.73,300051,7.75,7.59,7.67,,9635.0
2018-06-25 10:30,,7.78,300051,7.82,7.68,7.8,,15125.0
2018-06-25 11:30,,7.78,300051,7.8,7.73,7.78,,3983.0
2018-06-25 14:00,,7.62,300051,7.8,7.59,7.78,,7314.0
2018-06-25 15:00,,7.56,300051,7.69,7.5,7.62,,11166.0
2018-06-26 10:30,,7.7,300051,7.73,7.31,7.41,,21068.0
2018-06-26 11:30,,7.81,300051,7.84,7.65,7.7,,16543.0
2018-06-26 14:00,,7.82,300051,7.88,7.79,7.81,,10281.0
2018-06-26 15:00,,7.85,300051,7.85,7.76,7.82,,13031.0
2018-06-27 10:30,,7.88,300051,7.93,7.77,7.83,,15800.0
2018-06-27 11:30,,7.83,300051,7.88,7.8,7.88,,4331.0
2018-06-27 14:00,,7.78,300051,7.87,7.77,7.83,,6732.0
2018-06-27 15:00,,7.86,300051,7.87,7.78,7.78,,12921.0
2018-06-28 10:30,,7.89,300051,8.06,7.78,7.87,,16268.0
2018-06-28 11:30,,7.94,300051,7.98,7.87,7.89,,6663.0
2018-06-28 14:00,,7.8,300051,7.96,7.79,7.94,,5396.0
2018-06-28 15:00,,7.71,300051,7.84,7.68,7.8,,12852.0
2018-06-29 10:30,,7.91,300051,7.93,7.6,7.6,,18274.0
2018-06-29 11:30,,8.04,300051,8.05,7.88,7.91,,18695.0
2018-06-29 14:00,,8.11,300051,8.13,8.01,8.04,,15541.0
2018-06-29 15:00,,8.1,300051,8.13,8.06,8.11,,15531.0
2018-07-02 10:30,,8.07,300051,8.23,8.0,8.0,,21810.0
2018-07-02 11:30,,8.03,300051,8.13,8.03,8.07,,6477.0
2018-07-02 14:00,,8.02,300051,8.05,7.93,8.03,,9272.0
2018-07-02 15:00,,7.94,300051,8.03,7.83,8.02,,16956.0
2018-07-03 10:30,,8.05,300051,8.11,7.89,7.96,,17038.0
2018-07-03 11:30,,7.99,300051,8.05,7.88,8.05,,8988.0
2018-07-03 14:00,,8.08,300051,8.15,7.97,7.99,,13342.0
2018-07-03 15:00,,8.21,300051,8.25,8.08,8.08,,25092.0
2018-07-04 10:30,,8.04,300051,8.16,8.02,8.16,,18913.0
2018-07-04 11:30,,7.99,300051,8.09,7.92,8.04,,10438.0
2018-07-04 14:00,,7.96,300051,8.01,7.92,7.99,,8753.0
2018-07-04 15:00,,7.92,300051,7.96,7.83,7.96,,12379.0
2018-07-05 10:30,,7.83,300051,7.97,7.71,7.88,,13668.0
2018-07-05 11:30,,7.79,300051,8.04,7.79,7.83,,8575.0
2018-07-05 14:00,,7.84,300051,7.9,7.76,7.79,,5776.0
2018-07-05 14:00,{},7.84,300051,7.9,7.76,7.79,16.5497,5776.0
2018-07-05 15:00,{},7.73,300051,7.86,7.67,7.84,35.2855,12315.0
2018-07-05 15:00,,7.73,300051,7.86,7.67,7.84,,12315.0
2018-07-06 10:30,{},7.75,300051,7.9,7.66,7.75,41.9329,14635.0
2018-07-06 10:30,,7.75,300051,7.9,7.66,7.75,,14635.0
2018-07-06 11:30,,7.88,300051,7.88,7.67,7.75,,13013.0
2018-07-06 11:30,{},7.88,300051,7.88,7.67,7.75,37.2854,13013.0
2018-07-06 14:00,{},8.0,300051,8.08,7.88,7.88,55.0242,19204.0
2018-07-06 14:00,,8.0,300051,8.08,7.88,7.88,,19204.0
2018-07-06 15:00,{},7.86,300051,8.03,7.86,8.0,30.4088,10613.0
2018-07-06 15:00,,7.86,300051,8.03,7.86,8.0,,10613.0
2018-07-09 10:30,,8.02,300051,8.05,7.94,8.0,,13645.0
2018-07-09 10:30,{},8.02,300051,8.05,7.94,8.0,39.0963,13645.0
2018-07-09 11:30,,8.03,300051,8.05,7.98,8.02,,6187.0
2018-07-09 11:30,{},8.03,300051,8.05,7.98,8.02,17.7273,6187.0
2018-07-09 14:00,,8.04,300051,8.06,8.0,8.03,,5720.0
2018-07-09 14:00,{},8.04,300051,8.06,8.0,8.03,16.3892,5720.0
2018-07-09 15:00,,8.03,300051,8.07,8.0,8.04,,10682.0
2018-07-09 15:00,{},8.03,300051,8.07,8.0,8.04,30.6065,10682.0
2018-07-10 10:30,,8.01,300051,8.08,7.97,8.04,,10352.0
2018-07-10 10:30,{},8.01,300051,8.08,7.97,8.04,29.661,10352.0
2018-07-10 11:30,,8.01,300051,8.03,7.97,8.01,,4097.0
2018-07-10 11:30,{},8.01,300051,8.03,7.97,8.01,11.7389,4097.0
2018-07-10 14:00,,7.99,300051,8.02,7.93,8.01,,4890.0
2018-07-10 14:00,{},7.99,300051,8.02,7.93,8.01,14.011,4890.0
2018-07-10 15:00,,8.05,300051,8.05,7.97,7.99,,7167.0
2018-07-10 15:00,{},8.05,300051,8.05,7.97,7.99,20.5352,7167.0
2018-07-11 10:30,{},7.82,300051,7.9,7.67,7.9,47.4972,16577.0
2018-07-11 10:30,,7.82,300051,7.9,7.67,7.9,,16577.0
2018-07-11 11:30,{},7.69,300051,7.82,7.68,7.82,28.6926,10014.0
2018-07-11 11:30,,7.69,300051,7.82,7.68,7.82,,10014.0
2018-07-11 14:00,{},7.4,300051,7.69,7.36,7.69,85.0605,29687.0
2018-07-11 14:00,,7.4,300051,7.69,7.36,7.69,,29687.0
2018-07-11 15:00,{},7.53,300051,7.58,7.4,7.4,36.6436,12789.0
2018-07-11 15:00,,7.53,300051,7.58,7.4,7.4,,12789.0
2018-07-12 10:30,,7.71,300051,7.72,7.48,7.48,,16379.0
2018-07-12 10:30,{},7.71,300051,7.72,7.48,7.48,46.9298,16379.0
2018-07-12 11:30,,7.79,300051,7.8,7.67,7.71,,11288.0
2018-07-12 11:30,{},7.79,300051,7.8,7.67,7.71,32.3429,11288.0
2018-07-12 14:00,{},7.89,300051,7.98,7.79,7.79,49.7378,17359.0
2018-07-12 14:00,,7.89,300051,7.98,7.79,7.79,,17359.0
2018-07-12 15:00,,7.84,300051,7.93,7.84,7.89,,11901.0
2018-07-12 15:00,{},7.84,300051,7.93,7.84,7.89,34.0993,11901.0
2018-07-13 10:30,,7.93,300051,8.0,7.85,7.92,,20009.0
2018-07-13 10:30,{},7.93,300051,8.0,7.85,7.92,57.3307,20009.0
2018-07-13 11:30,{},7.92,300051,7.98,7.92,7.93,15.4093,5378.0
2018-07-13 11:30,,7.92,300051,7.98,7.92,7.93,,5378.0
2018-07-13 14:00,,7.88,300051,7.95,7.87,7.92,,7159.0
2018-07-13 14:00,{},7.88,300051,7.95,7.87,7.92,20.5123,7159.0
2018-07-13 15:00,,7.95,300051,7.95,7.88,7.88,,10534.0
2018-07-13 15:00,{},7.95,300051,7.95,7.88,7.88,30.1825,10534.0
2018-07-16 10:30,{},7.9,300051,8.02,7.85,7.88,43.9041,15323.0
2018-07-16 10:30,,7.9,300051,8.02,7.85,7.88,,15323.0
2018-07-16 11:30,{},7.96,300051,8.0,7.85,7.9,19.2315,6712.0
2018-07-16 11:30,,7.96,300051,8.0,7.85,7.9,,6712.0
2018-07-16 14:00,{},7.92,300051,7.97,7.89,7.96,9.1258,3185.0
2018-07-16 14:00,,7.92,300051,7.97,7.89,7.96,,3185.0
2018-07-16 15:00,{},7.88,300051,7.96,7.83,7.92,28.5292,9957.0
2018-07-16 15:00,,7.88,300051,7.96,7.83,7.92,,9957.0
2018-07-17 10:30,{},7.89,300051,7.97,7.81,7.88,25.6038,8936.0
2018-07-17 10:30,,7.89,300051,7.97,7.81,7.88,,8936.0
2018-07-17 11:30,{},7.92,300051,7.94,7.84,7.89,14.5239,5069.0
2018-07-17 11:30,,7.92,300051,7.94,7.84,7.89,,5069.0
2018-07-17 14:00,,7.82,300051,7.92,7.8,7.92,,6691.0
2018-07-17 14:00,{},7.82,300051,7.92,7.8,7.92,19.1714,6691.0
2018-07-17 15:00,{},7.96,300051,7.97,7.74,7.82,42.4601,14819.0
2018-07-17 15:00,,7.96,300051,7.97,7.74,7.82,,14819.0
2018-07-18 10:30,{},8.0,300051,8.03,7.93,7.98,31.8243,11107.0
2018-07-18 10:30,,8.0,300051,8.03,7.93,7.98,,11107.0
2018-07-18 11:30,{},7.99,300051,8.04,7.96,8.0,24.9849,8720.0
2018-07-18 11:30,,7.99,300051,8.04,7.96,8.0,,8720.0
2018-07-18 14:00,,7.92,300051,8.01,7.92,7.99,,7970.0
2018-07-18 14:00,{},7.92,300051,8.01,7.92,7.99,22.836,7970.0
2018-07-18 15:00,{},7.83,300051,7.94,7.83,7.92,23.8818,8335.0
2018-07-18 15:00,,7.83,300051,7.94,7.83,7.92,,8335.0
2018-07-19 10:30,{},7.76,300051,7.87,7.71,7.87,30.9991,10819.0
2018-07-19 10:30,,7.76,300051,7.87,7.71,7.87,,10819.0
2018-07-19 11:30,{},7.66,300051,7.83,7.65,7.76,22.4893,7849.0
2018-07-19 11:30,,7.66,300051,7.83,7.65,7.76,,7849.0
2018-07-19 14:00,,7.7,300051,7.74,7.62,7.66,,6971.0
2018-07-19 14:00,{},7.7,300051,7.74,7.62,7.66,19.9736,6971.0
2018-07-19 15:00,,7.69,300051,7.73,7.64,7.7,,7270.0
2018-07-19 15:00,{},7.69,300051,7.73,7.64,7.7,20.8303,7270.0
2018-07-20 10:30,{},7.78,300051,7.79,7.63,7.69,24.1884,8442.0
2018-07-20 10:30,,7.78,300051,7.79,7.63,7.69,,8442.0
2018-07-20 11:30,,7.78,300051,7.82,7.68,7.78,,7767.0
2018-07-20 11:30,{},7.78,300051,7.82,7.68,7.78,22.2544,7767.0
2018-07-20 14:00,,7.87,300051,7.92,7.76,7.78,,12333.0
2018-07-20 14:00,{},7.87,300051,7.92,7.76,7.78,35.3371,12333.0
2018-07-20 15:00,,7.85,300051,7.9,7.85,7.87,,9556.0
2018-07-20 15:00,{},7.85,300051,7.9,7.85,7.87,27.3803,9556.0
2018-07-23 10:30,{},7.95,300051,7.97,7.8,7.82,43.5288,15192.0
2018-07-23 10:30,,7.95,300051,7.97,7.8,7.82,,15192.0
2018-07-23 11:30,,7.94,300051,7.98,7.88,7.95,,7429.0
2018-07-23 11:30,{},7.94,300051,7.98,7.88,7.95,21.2859,7429.0
2018-07-23 14:00,{},7.94,300051,7.96,7.9,7.94,14.8907,5197.0
2018-07-23 14:00,,7.94,300051,7.96,7.9,7.94,,5197.0
2018-07-23 15:00,{},7.99,300051,8.0,7.93,7.94,41.1277,14354.0
2018-07-23 15:00,,7.99,300051,8.0,7.93,7.94,,14354.0
2018-07-24 10:30,{},8.16,300051,8.17,7.93,8.03,84.4789,29484.0
2018-07-24 10:30,,8.16,300051,8.17,7.93,8.03,,29484.0
2018-07-24 11:30,{},8.15,300051,8.18,8.08,8.16,34.2511,11954.0
2018-07-24 11:30,,8.15,300051,8.18,8.08,8.16,,11954.0
2018-07-24 14:00,{},8.1,300051,8.16,8.1,8.15,27.6754,9659.0
2018-07-24 14:00,,8.1,300051,8.16,8.1,8.15,,9659.0
2018-07-24 15:00,{},8.11,300051,8.15,8.07,8.1,39.2997,13716.0
2018-07-24 15:00,,8.11,300051,8.15,8.07,8.1,,13716.0
2018-07-25 10:30,,8.36,300051,8.8,8.15,8.15,,81685.0
2018-07-25 10:30,{},8.36,300051,8.8,8.15,8.15,234.0475,81685.0
2018-07-25 11:30,,8.42,300051,8.54,8.33,8.36,,17493.0
2018-07-25 11:30,{},8.42,300051,8.54,8.33,8.36,50.1217,17493.0
2018-07-25 14:00,,8.38,300051,8.45,8.36,8.42,,9241.0
2018-07-25 14:00,{},8.38,300051,8.45,8.36,8.42,26.4777,9241.0
2018-07-25 15:00,{},8.46,300051,8.55,8.35,8.38,106.9739,37335.0
2018-07-25 15:00,,8.46,300051,8.55,8.35,8.38,,37335.0
2018-07-26 10:30,{},8.25,300051,8.34,8.15,8.22,144.2593,50348.0
2018-07-26 10:30,,8.25,300051,8.34,8.15,8.22,,50348.0
2018-07-26 11:30,{},8.24,300051,8.29,8.2,8.25,32.171,11228.0
2018-07-26 11:30,,8.24,300051,8.29,8.2,8.25,,11228.0
2018-07-26 14:00,,8.27,300051,8.27,8.2,8.24,,8904.0
2018-07-26 14:00,{},8.27,300051,8.27,8.2,8.24,25.5121,8904.0
2018-07-26 15:00,{},8.22,300051,8.27,8.19,8.27,52.8466,18444.0
2018-07-26 15:00,,8.22,300051,8.27,8.19,8.27,,18444.0
2018-07-27 10:30,,8.07,300051,8.15,8.01,8.15,,31537.0
2018-07-27 10:30,{},8.07,300051,8.15,8.01,8.15,90.3612,31537.0
2018-07-27 11:30,{},8.09,300051,8.15,8.05,8.07,24.0795,8404.0
2018-07-27 11:30,,8.09,300051,8.15,8.05,8.07,,8404.0
2018-07-27 14:00,,8.09,300051,8.11,8.06,8.09,,4433.0
2018-07-27 14:00,{},8.09,300051,8.11,8.06,8.09,12.7016,4433.0
2018-07-27 15:00,,8.03,300051,8.1,8.03,8.09,,10583.0
2018-07-27 15:00,{},8.03,300051,8.1,8.03,8.09,30.3229,10583.0
2018-07-30 10:30,{},7.95,300051,8.08,7.92,8.04,43.9414,15336.0
2018-07-30 10:30,,7.95,300051,8.08,7.92,8.04,,15336.0
2018-07-30 11:30,{},7.85,300051,7.95,7.8,7.95,32.191,11235.0
2018-07-30 11:30,,7.85,300051,7.95,7.8,7.95,,11235.0
2018-07-30 14:00,{},7.81,300051,7.87,7.78,7.85,24.8503,8673.0
2018-07-30 14:00,,7.81,300051,7.87,7.78,7.85,,8673.0
2018-07-30 15:00,{},7.8,300051,7.83,7.73,7.81,33.2999,11622.0
2018-07-30 15:00,,7.76,300051,7.83,7.7,7.81,,7317.0
2018-07-31 10:30,{},7.82,300051,7.86,7.73,7.73,19.9306,6956.0
2018-07-31 10:30,,7.82,300051,7.86,7.73,7.73,,6956.0
2018-07-31 11:30,{},7.83,300051,7.87,7.81,7.82,14.6185,5102.0
2018-07-31 11:30,,7.83,300051,7.87,7.81,7.82,,5102.0
2018-07-31 14:00,{},7.82,300051,7.87,7.8,7.83,14.0254,4895.0
2018-07-31 14:00,,7.82,300051,7.87,7.8,7.83,,4895.0
2018-07-31 15:00,{},7.83,300051,7.86,7.78,7.82,21.114,7369.0
2018-07-31 15:00,,7.83,300051,7.86,7.78,7.82,,7369.0
2018-08-01 10:30,{},7.88,300051,7.92,7.83,7.86,26.3832,9208.0
2018-08-01 10:30,,7.88,300051,7.92,7.83,7.86,,9208.0
2018-08-01 11:30,,7.8,300051,7.89,7.78,7.88,,4546.0
2018-08-01 11:30,{},7.8,300051,7.89,7.78,7.88,13.0254,4546.0
2018-08-01 14:00,,7.78,300051,7.85,7.76,7.8,,4217.0
2018-08-01 14:00,{},7.78,300051,7.85,7.76,7.8,12.0827,4217.0
2018-08-01 15:00,{},7.71,300051,7.8,7.71,7.78,30.4146,10615.0
2018-08-01 15:00,,7.71,300051,7.8,7.71,7.78,,10615.0
2018-08-02 10:30,{},7.5,300051,7.74,7.45,7.71,47.0072,16406.0
2018-08-02 10:30,,7.5,300051,7.74,7.45,7.71,,16406.0
2018-08-02 11:30,{},7.4,300051,7.53,7.4,7.5,23.4979,8201.0
2018-08-02 11:30,,7.4,300051,7.53,7.4,7.5,,8201.0
2018-08-02 14:00,{},7.33,300051,7.41,7.24,7.4,33.8643,11819.0
2018-08-02 14:00,,7.33,300051,7.41,7.24,7.4,,11819.0
2018-08-02 15:00,{},7.41,300051,7.46,7.3,7.33,36.9387,12892.0
2018-08-02 15:00,,7.41,300051,7.46,7.3,7.33,,12892.0
2018-08-03 10:30,,7.4,300051,7.49,7.37,7.41,,6959.0
2018-08-03 10:30,{},7.4,300051,7.49,7.37,7.41,19.9392,6959.0
2018-08-03 11:30,,7.45,300051,7.48,7.34,7.4,,4647.0
2018-08-03 11:30,{},7.45,300051,7.48,7.34,7.4,13.3148,4647.0
2018-08-03 14:00,{},7.4,300051,7.46,7.39,7.45,7.7562,2707.0
2018-08-03 14:00,,7.4,300051,7.46,7.39,7.45,,2707.0
2018-08-03 15:00,,7.32,300051,7.42,7.3,7.4,,7456.0
2018-08-03 15:00,{},7.32,300051,7.42,7.3,7.4,21.3633,7456.0
2018-08-06 10:30,{},7.35,300051,7.41,7.2,7.28,22.5266,7862.0
2018-08-06 10:30,,7.35,300051,7.41,7.2,7.28,,7862.0
2018-08-06 11:30,{},7.3,300051,7.36,7.27,7.35,7.3178,2554.0
2018-08-06 11:30,,7.3,300051,7.36,7.27,7.35,,2554.0
2018-08-06 14:00,{},7.3,300051,7.33,7.25,7.3,15.14,5284.0
2018-08-06 14:00,,7.3,300051,7.33,7.25,7.3,,5284.0
2018-08-06 15:00,,7.32,300051,7.34,7.23,7.3,,5983.0
2018-08-06 15:00,{},7.32,300051,7.34,7.23,7.3,17.1428,5983.0
2018-08-07 10:30,,7.36,300051,7.41,7.3,7.35,,6190.0
2018-08-07 10:30,{},7.36,300051,7.41,7.3,7.35,17.7359,6190.0
2018-08-07 11:30,{},7.5,300051,7.5,7.36,7.36,20.8131,7264.0
2018-08-07 11:30,,7.5,300051,7.5,7.36,7.36,,7264.0
2018-08-07 14:00,{},7.45,300051,7.52,7.44,7.5,9.5556,3335.0
2018-08-07 14:00,,7.45,300051,7.52,7.44,7.5,,3335.0
2018-08-07 15:00,{},7.52,300051,7.52,7.45,7.45,24.4692,8540.0
2018-08-07 15:00,,7.52,300051,7.52,7.45,7.45,,8540.0
2018-08-08 10:30,{},7.58,300051,7.62,7.45,7.51,39.2796,13709.0
2018-08-08 10:30,,7.58,300051,7.62,7.45,7.51,,13709.0
2018-08-08 11:30,{},7.54,300051,7.59,7.5,7.58,13.375,4668.0
2018-08-08 11:30,,7.54,300051,7.59,7.5,7.58,,4668.0
2018-08-08 14:00,,7.46,300051,7.54,7.46,7.54,,3706.0
2018-08-08 14:00,{},7.46,300051,7.54,7.46,7.54,10.6186,3706.0
2018-08-08 15:00,{},7.42,300051,7.47,7.4,7.46,24.2715,8471.0
2018-08-08 15:00,,7.42,300051,7.47,7.4,7.46,,8471.0
2018-08-09 10:30,{},7.61,300051,7.65,7.34,7.42,47.1132,16443.0
2018-08-09 10:30,,7.61,300051,7.65,7.34,7.42,,16443.0
2018-08-09 11:30,,7.69,300051,7.71,7.6,7.61,,13832.0
2018-08-09 11:30,{},7.69,300051,7.71,7.6,7.61,39.6321,13832.0
2018-08-09 14:00,{},7.7,300051,7.73,7.68,7.69,27.4978,9597.0
2018-08-09 14:00,,7.7,300051,7.73,7.68,7.69,,9597.0
2018-08-09 15:00,,7.67,300051,7.71,7.66,7.7,,9476.0
2018-08-09 15:00,{},7.67,300051,7.71,7.66,7.7,27.1511,9476.0
2018-08-10 10:30,{},7.68,300051,7.75,7.62,7.68,35.3399,12334.0
2018-08-10 10:30,,7.68,300051,7.75,7.62,7.68,,12334.0
2018-08-10 11:30,{},7.67,300051,7.68,7.62,7.68,11.5813,4042.0
2018-08-10 11:30,,7.67,300051,7.68,7.62,7.68,,4042.0
2018-08-10 14:00,,7.66,300051,7.67,7.61,7.67,,3991.0
2018-08-10 14:00,{},7.66,300051,7.67,7.61,7.67,11.4352,3991.0
2018-08-10 15:00,{},7.74,300051,7.76,7.62,7.66,42.5976,14867.0
2018-08-10 15:00,,7.74,300051,7.76,7.62,7.66,,14867.0
2018-08-13 10:30,{},7.7,300051,7.73,7.58,7.66,35.4058,12357.0
2018-08-13 10:30,,7.7,300051,7.73,7.58,7.66,,12357.0
2018-08-13 11:30,{},7.63,300051,7.7,7.61,7.7,14.2431,4971.0
2018-08-13 11:30,,7.63,300051,7.7,7.61,7.7,,4971.0
2018-08-13 14:00,,7.69,300051,7.7,7.63,7.63,,3418.0
2018-08-13 14:00,{},7.69,300051,7.7,7.63,7.63,9.7934,3418.0
2018-08-13 15:00,,7.86,300051,7.86,7.69,7.69,,20372.0
2018-08-13 15:00,{},7.86,300051,7.86,7.69,7.69,58.3708,20372.0
2018-08-14 10:30,{},7.79,300051,7.83,7.73,7.81,31.2254,10898.0
2018-08-14 10:30,,7.79,300051,7.83,7.73,7.81,,10898.0
2018-08-14 11:30,,7.74,300051,7.81,7.72,7.79,,4949.0
2018-08-14 11:30,{},7.74,300051,7.81,7.72,7.79,14.1801,4949.0
2018-08-14 14:00,{},7.74,300051,7.77,7.71,7.74,14.5125,5065.0
2018-08-14 14:00,,7.74,300051,7.77,7.71,7.74,,5065.0
2018-08-14 15:00,{},7.76,300051,7.84,7.72,7.74,25.0107,8729.0
2018-08-14 15:00,,7.76,300051,7.84,7.72,7.74,,8729.0
2018-08-15 10:30,{},7.76,300051,7.86,7.73,7.83,39.5232,13794.0
2018-08-15 10:30,,7.76,300051,7.86,7.73,7.83,,13794.0
2018-08-15 11:30,{},7.67,300051,7.76,7.62,7.76,17.9479,6264.0
2018-08-15 11:30,,7.67,300051,7.76,7.62,7.76,,6264.0
2018-08-15 14:00,,7.62,300051,7.71,7.61,7.67,,5693.0
2018-08-15 14:00,{},7.62,300051,7.71,7.61,7.67,16.3118,5693.0
2018-08-15 15:00,,7.61,300051,7.66,7.58,7.62,,9091.0
2018-08-15 15:00,{},7.61,300051,7.66,7.58,7.62,26.0479,9091.0
2018-08-16 10:30,,7.58,300051,7.64,7.3,7.33,,14542.0
2018-08-16 10:30,{},7.58,300051,7.64,7.3,7.33,41.6664,14542.0
2018-08-16 11:30,{},7.55,300051,7.62,7.53,7.58,15.501,5410.0
2018-08-16 11:30,,7.55,300051,7.62,7.53,7.58,,5410.0
2018-08-16 14:00,{},7.62,300051,7.71,7.55,7.55,22.2228,7756.0
2018-08-16 14:00,,7.62,300051,7.71,7.55,7.55,,7756.0
2018-08-16 15:00,{},7.76,300051,7.78,7.62,7.62,61.9437,21619.0
2018-08-16 15:00,,7.76,300051,7.78,7.62,7.62,,21619.0
2018-08-17 10:30,{},7.73,300051,7.86,7.73,7.76,46.3568,16179.0
2018-08-17 10:30,,7.73,300051,7.86,7.73,7.76,,16179.0
2018-08-17 11:30,,7.7,300051,7.81,7.7,7.73,,8116.0
2018-08-17 11:30,{},7.7,300051,7.81,7.7,7.73,23.2543,8116.0
2018-08-17 14:00,,7.78,300051,7.78,7.68,7.7,,8073.0
2018-08-17 14:00,{},7.78,300051,7.78,7.68,7.7,23.1311,8073.0
2018-08-17 15:00,{},7.67,300051,7.78,7.56,7.78,47.2192,16480.0
2018-08-17 15:00,,7.67,300051,7.78,7.56,7.78,,16480.0
2018-08-20 10:30,{},7.81,300051,7.82,7.6,7.65,44.2122,15817.0
2018-08-20 10:30,,7.81,300051,7.82,7.6,7.65,,15817.0
2018-08-20 11:30,{},7.82,300051,7.82,7.73,7.81,23.0271,8238.0
2018-08-20 11:30,,7.82,300051,7.82,7.73,7.81,,8238.0
2018-08-20 14:00,,7.85,300051,7.87,7.75,7.82,,12986.0
2018-08-20 14:00,{},7.85,300051,7.87,7.75,7.82,36.2989,12986.0
2018-08-20 15:00,,7.96,300051,8.0,7.83,7.85,,43402.0
2018-08-20 15:00,{},7.96,300051,8.0,7.83,7.85,121.3187,43402.0
2018-08-21 10:30,{},7.99,300051,8.07,7.94,7.96,218.4503,78151.0
2018-08-21 10:30,,7.99,300051,8.07,7.94,7.96,,78151.0
2018-08-21 11:30,{},8.01,300051,8.02,7.95,7.99,43.4323,15538.0
2018-08-21 11:30,,8.01,300051,8.02,7.95,7.99,,15538.0
2018-08-21 14:00,{},8.0,300051,8.02,7.98,8.01,21.7525,7782.0
2018-08-21 14:00,,8.0,300051,8.02,7.98,8.01,,7782.0
2018-08-21 15:00,,7.98,300051,8.02,7.97,8.0,,13907.0
2018-08-21 15:00,{},7.98,300051,8.02,7.97,8.0,38.8733,13907.0
2018-08-22 10:30,{},7.81,300051,7.93,7.71,7.93,83.5803,29901.0
2018-08-22 10:30,,7.81,300051,7.93,7.71,7.93,,29901.0
2018-08-22 11:30,,7.75,300051,7.81,7.73,7.81,,4911.0
2018-08-22 11:30,{},7.75,300051,7.81,7.73,7.81,13.7274,4911.0
2018-08-22 14:00,{},7.67,300051,7.76,7.65,7.75,22.8594,8178.0
2018-08-22 14:00,,7.67,300051,7.76,7.65,7.75,,8178.0
2018-08-22 15:00,,7.56,300051,7.7,7.52,7.67,,21816.0
2018-08-22 15:00,{},7.56,300051,7.7,7.52,7.67,60.9808,21816.0
2018-08-23 10:30,{},7.69,300051,7.73,7.56,7.56,37.0145,13242.0
2018-08-23 10:30,,7.69,300051,7.73,7.56,7.56,,13242.0
2018-08-23 11:30,,7.6,300051,7.7,7.6,7.69,,4928.0
2018-08-23 11:30,{},7.6,300051,7.7,7.6,7.69,13.7749,4928.0
2018-08-23 14:00,{},7.65,300051,7.68,7.6,7.6,15.3989,5509.0
2018-08-23 14:00,,7.65,300051,7.68,7.6,7.6,,5509.0
2018-08-23 15:00,{},7.6,300051,7.67,7.58,7.65,31.4883,11265.0
2018-08-23 15:00,,7.6,300051,7.67,7.58,7.65,,11265.0
2018-08-24 10:30,,7.54,300051,7.64,7.48,7.56,,11218.0
2018-08-24 10:30,{},7.54,300051,7.64,7.48,7.56,31.3569,11218.0
2018-08-24 11:30,{},7.55,300051,7.62,7.53,7.54,14.1774,5072.0
2018-08-24 11:30,,7.55,300051,7.62,7.53,7.54,,5072.0
2018-08-24 14:00,,7.59,300051,7.62,7.53,7.55,,4247.0
2018-08-24 14:00,{},7.59,300051,7.62,7.53,7.55,11.8714,4247.0
2018-08-24 15:00,{},7.51,300051,7.6,7.5,7.59,23.7791,8507.0
2018-08-24 15:00,,7.51,300051,7.6,7.5,7.59,,8507.0
2018-08-27 10:30,,7.56,300051,7.6,7.5,7.52,,10104.0
2018-08-27 10:30,{},7.56,300051,7.6,7.5,7.52,28.243000000000002,10104.0
2018-08-27 10:30,{},7.56,300051,7.6,7.5,7.52,28.243,10104.0
2018-08-27 11:30,{},7.66,300051,7.66,7.56,7.56,18.2976,6546.0
2018-08-27 11:30,,7.66,300051,7.66,7.56,7.56,,6546.0
2018-08-27 14:00,{},7.66,300051,7.69,7.64,7.66,30.3283,10850.0
2018-08-27 14:00,,7.66,300051,7.69,7.64,7.66,,10850.0
2018-08-27 15:00,{},7.67,300051,7.69,7.64,7.66,24.0837,8616.0
2018-08-27 15:00,,7.67,300051,7.69,7.64,7.66,,8616.0
2018-08-28 10:30,,7.7,300051,7.74,7.64,7.66,,11030.0
2018-08-28 10:30,{},7.7,300051,7.74,7.64,7.66,30.8314,11030.0
2018-08-28 11:30,,7.68,300051,7.7,7.65,7.7,,4507.0
2018-08-28 11:30,{},7.68,300051,7.7,7.65,7.7,12.5981,4507.0
2018-08-28 14:00,,7.64,300051,7.68,7.63,7.68,,4115.0
2018-08-28 14:00,{},7.64,300051,7.68,7.63,7.68,11.5024,4115.0
2018-08-28 15:00,{},7.68,300051,7.69,7.61,7.64,18.5128,6623.0
2018-08-28 15:00,,7.68,300051,7.69,7.61,7.64,,6623.0
2018-08-29 10:30,,7.64,300051,7.68,7.58,7.68,,6244.0
2018-08-29 10:30,{},7.64,300051,7.68,7.58,7.68,17.4534,6244.0
2018-08-29 11:30,,7.64,300051,7.68,7.61,7.64,,5829.0
2018-08-29 11:30,{},7.64,300051,7.68,7.61,7.64,16.2934,5829.0
2018-08-29 14:00,{},7.59,300051,7.67,7.59,7.64,13.1152,4692.0
2018-08-29 14:00,,7.59,300051,7.67,7.59,7.64,,4692.0
2018-08-29 15:00,,7.53,300051,7.6,7.52,7.59,,13032.0
2018-08-29 15:00,{},7.53,300051,7.6,7.52,7.59,36.4275,13032.0
2018-08-30 10:30,{},7.53,300051,7.6,7.53,7.53,26.2137,9378.0
2018-08-30 10:30,,7.53,300051,7.6,7.53,7.53,,9378.0
2018-08-30 11:30,,7.42,300051,7.53,7.42,7.53,,6937.0
2018-08-30 11:30,{},7.42,300051,7.53,7.42,7.53,19.3905,6937.0
2018-08-30 14:00,{},7.44,300051,7.48,7.4,7.42,14.2836,5110.0
2018-08-30 14:00,,7.44,300051,7.48,7.4,7.42,,5110.0
2018-08-30 15:00,,7.42,300051,7.45,7.36,7.44,,12329.0
2018-08-30 15:00,{},7.42,300051,7.45,7.36,7.44,34.4624,12329.0
2018-08-31 10:30,{},7.25,300051,7.43,7.25,7.35,35.9188,12850.0
2018-08-31 10:30,,7.25,300051,7.43,7.25,7.35,,12850.0
2018-08-31 11:30,{},7.31,300051,7.39,7.24,7.25,16.3577,5852.0
2018-08-31 11:30,,7.31,300051,7.39,7.24,7.25,,5852.0
2018-08-31 14:00,{},7.31,300051,7.35,7.3,7.31,8.327,2979.0
2018-08-31 14:00,,7.31,300051,7.35,7.3,7.31,,2979.0
2018-08-31 15:00,,7.26,300051,7.33,7.26,7.31,,7127.0
2018-08-31 15:00,{},7.26,300051,7.33,7.26,7.31,19.9216,7127.0
2018-09-03 10:30,{},6.96,300051,7.26,6.95,7.26,73.2743,26214.0
2018-09-03 10:30,,6.96,300051,7.26,6.95,7.26,,26214.0
2018-09-03 11:30,{},6.98,300051,7.03,6.92,6.96,20.777,7433.0
2018-09-03 11:30,{},6.98,300051,7.03,6.92,6.96,20.776999999999997,7433.0
2018-09-03 11:30,,6.98,300051,7.03,6.92,6.96,,7433.0
2018-09-03 14:00,,7.01,300051,7.04,6.93,6.98,,5173.0
2018-09-03 14:00,{},7.01,300051,7.04,6.93,6.98,14.4597,5173.0
2018-09-03 15:00,{},7.13,300051,7.18,7.0,7.01,29.35,10500.0
2018-09-03 15:00,,7.13,300051,7.18,7.0,7.01,,10500.0
2018-09-04 10:30,,7.11,300051,7.17,7.04,7.14,,8688.0
2018-09-04 10:30,{},7.11,300051,7.17,7.04,7.14,24.285,8688.0
2018-09-04 11:30,{},7.13,300051,7.17,7.1,7.11,10.8203,3871.0
2018-09-04 11:30,,7.13,300051,7.17,7.1,7.11,,3871.0
2018-09-04 14:00,{},7.21,300051,7.21,7.12,7.13,20.7714,7431.0
2018-09-04 14:00,,7.21,300051,7.21,7.12,7.13,,7431.0
2018-09-04 15:00,,7.2,300051,7.24,7.18,7.21,,11834.0
2018-09-04 15:00,{},7.2,300051,7.24,7.18,7.21,33.0788,11834.0
2018-09-05 10:30,{},7.27,300051,7.28,7.17,7.23,30.7336,10995.0
2018-09-05 10:30,,7.27,300051,7.28,7.17,7.23,,10995.0
2018-09-05 11:30,,7.19,300051,7.28,7.19,7.27,,3814.0
2018-09-05 11:30,{},7.19,300051,7.28,7.19,7.27,10.661,3814.0
2018-09-05 14:00,{},7.16,300051,7.22,7.16,7.19,11.2816,4036.0
2018-09-05 14:00,,7.16,300051,7.22,7.16,7.19,,4036.0
2018-09-05 15:00,,7.04,300051,7.18,7.04,7.16,,8185.0
2018-09-05 15:00,{},7.04,300051,7.18,7.04,7.16,22.879,8185.0
2018-09-06 10:30,,7.17,300051,7.19,6.95,6.97,,12860.0
2018-09-06 10:30,{},7.17,300051,7.19,6.95,6.97,35.9467,12860.0
2018-09-06 11:30,{},7.13,300051,7.18,7.09,7.17,15.6086,5584.0
2018-09-06 11:30,,7.13,300051,7.18,7.09,7.17,,5584.0
2018-09-06 14:00,,7.26,300051,7.74,7.13,7.13,,33179.0
2018-09-06 14:00,{},7.26,300051,7.74,7.13,7.13,92.7431,33179.0
2018-09-06 15:00,,7.25,300051,7.34,7.22,7.26,,15624.0
2018-09-06 15:00,{},7.25,300051,7.34,7.22,7.26,43.6727,15624.0
2018-09-07 10:30,,7.26,300051,7.31,7.2,7.22,,19356.0
2018-09-07 10:30,{},7.26,300051,7.31,7.2,7.22,54.1045,19356.0
2018-09-07 11:30,,7.16,300051,7.29,7.15,7.26,,6189.0
2018-09-07 11:30,{},7.16,300051,7.29,7.15,7.26,17.2997,6189.0
2018-09-07 14:00,{},7.07,300051,7.17,7.04,7.16,31.7287,11351.0
2018-09-07 14:00,,7.07,300051,7.17,7.04,7.16,,11351.0
2018-09-07 15:00,,7.08,300051,7.15,7.04,7.07,,9984.0
2018-09-07 15:00,{},7.08,300051,7.15,7.04,7.07,27.9076,9984.0
2018-09-10 10:30,{},6.98,300051,7.11,6.95,7.08,30.3479,10857.0
2018-09-10 10:30,,6.98,300051,7.11,6.95,7.08,,10857.0
2018-09-10 11:30,,7.01,300051,7.03,6.97,6.98,,3115.0
2018-09-10 11:30,{},7.01,300051,7.03,6.97,6.98,8.7072,3115.0
2018-09-10 14:00,,6.93,300051,7.01,6.92,7.01,,5944.0
2018-09-10 14:00,{},6.93,300051,7.01,6.92,7.01,16.6149,5944.0
2018-09-10 15:00,{},6.87,300051,6.95,6.82,6.93,30.1745,10795.0
2018-09-10 15:00,,6.87,300051,6.95,6.82,6.93,,10795.0
2018-09-11 10:30,{},6.9,300051,6.94,6.82,6.88,18.9042,6763.0
2018-09-11 10:30,,6.9,300051,6.94,6.82,6.88,,6763.0
2018-09-11 11:30,{},7.0,300051,7.02,6.89,6.9,17.0984,6117.0
2018-09-11 11:30,,7.0,300051,7.02,6.89,6.9,,6117.0
2018-09-11 14:00,{},6.92,300051,7.0,6.91,7.0,7.9636,2849.0
2018-09-11 14:00,,6.92,300051,7.0,6.91,7.0,,2849.0
2018-09-11 15:00,{},6.88,300051,6.94,6.86,6.92,21.4394,7670.0
2018-09-11 15:00,,6.88,300051,6.94,6.86,6.92,,7670.0
2018-09-12 10:30,{},6.94,300051,6.95,6.84,6.89,20.5841,7364.0
2018-09-12 10:30,,6.94,300051,6.95,6.84,6.89,,7364.0
2018-09-12 11:30,{},6.95,300051,6.99,6.93,6.94,11.4633,4101.0
2018-09-12 11:30,,6.95,300051,6.99,6.93,6.94,,4101.0
2018-09-12 14:00,{},6.95,300051,6.98,6.91,6.95,6.8204,2440.0
2018-09-12 14:00,,6.95,300051,6.98,6.91,6.95,,2440.0
2018-09-12 15:00,{},6.96,300051,6.96,6.89,6.95,12.3158,4406.0
2018-09-12 15:00,,6.96,300051,6.96,6.89,6.95,,4406.0
2018-09-13 10:30,,6.99,300051,7.08,6.99,6.99,,8071.0
2018-09-13 10:30,{},6.99,300051,7.08,6.99,6.99,22.5603,8071.0
2018-09-13 11:30,{},6.96,300051,7.0,6.92,6.99,8.4612,3027.0
2018-09-13 11:30,,6.96,300051,7.0,6.92,6.99,,3027.0
2018-09-13 14:00,{},6.97,300051,7.0,6.92,6.96,7.9664,2850.0
2018-09-13 14:00,,6.97,300051,7.0,6.92,6.96,,2850.0
2018-09-13 15:00,{},7.02,300051,7.04,6.97,6.97,20.4527,7317.0
2018-09-13 15:00,,7.02,300051,7.04,6.97,6.97,,7317.0
2018-09-14 10:30,{},6.98,300051,7.06,6.96,7.02,19.4716,6966.0
2018-09-14 10:30,,6.98,300051,7.06,6.96,7.02,,6966.0
2018-09-14 11:30,{},6.96,300051,7.0,6.92,6.98,13.4367,4807.0
2018-09-14 11:30,,6.96,300051,7.0,6.92,6.98,,4807.0
2018-09-14 14:00,{},6.94,300051,6.99,6.92,6.96,6.6527,2380.0
2018-09-14 14:00,,6.94,300051,6.99,6.92,6.96,,2380.0
2018-09-14 15:00,{},6.91,300051,6.97,6.9,6.94,18.3731,6573.0
2018-09-14 15:00,,6.91,300051,6.97,6.9,6.94,,6573.0
2018-09-17 10:30,{},6.82,300051,6.88,6.76,6.83,20.2123,7231.0
2018-09-17 10:30,,6.82,300051,6.88,6.76,6.83,,7231.0
2018-09-17 11:30,,6.78,300051,6.85,6.75,6.82,,2792.0
2018-09-17 11:30,{},6.78,300051,6.85,6.75,6.82,7.8043,2792.0
2018-09-17 14:00,{},6.74,300051,6.79,6.67,6.78,12.1369,4342.0
2018-09-17 14:00,,6.74,300051,6.79,6.67,6.78,,4342.0
2018-09-17 15:00,,6.67,300051,6.78,6.67,6.74,,7141.0
2018-09-17 15:00,{},6.67,300051,6.78,6.67,6.74,19.9608,7141.0
2018-09-18 10:30,{},6.74,300051,6.78,6.67,6.68,13.5317,4841.0
2018-09-18 10:30,,6.74,300051,6.78,6.67,6.68,,4841.0
2018-09-18 11:30,,6.71,300051,6.75,6.71,6.74,,2582.0
2018-09-18 11:30,{},6.71,300051,6.75,6.71,6.74,7.2173,2582.0
2018-09-18 14:00,,6.77,300051,6.78,6.71,6.71,,3644.0
2018-09-18 14:00,{},6.77,300051,6.78,6.71,6.71,10.1858,3644.0
2018-09-18 15:00,,6.82,300051,6.89,6.77,6.77,,12303.0
2018-09-18 15:00,{},6.82,300051,6.89,6.77,6.77,34.3898,12303.0
2018-09-19 10:30,,6.9,300051,6.91,6.77,6.82,,8464.0
2018-09-19 10:30,{},6.9,300051,6.91,6.77,6.82,23.6589,8464.0
2018-09-19 11:30,{},6.94,300051,6.99,6.88,6.9,21.7329,7775.0
2018-09-19 11:30,,6.94,300051,6.99,6.88,6.9,,7775.0
2018-09-19 14:00,,6.99,300051,7.02,6.91,6.94,,9264.0
2018-09-19 14:00,{},6.99,300051,7.02,6.91,6.94,25.895,9264.0
2018-09-19 15:00,{},6.94,300051,6.99,6.94,6.99,16.3857,5862.0
2018-09-19 15:00,,6.94,300051,6.99,6.94,6.99,,5862.0
2018-09-20 10:30,,6.94,300051,6.99,6.91,6.92,,8805.0
2018-09-20 10:30,{},6.94,300051,6.99,6.91,6.92,24.612,8805.0
2018-09-20 11:30,,6.94,300051,6.96,6.93,6.94,,4140.0
2018-09-20 11:30,{},6.94,300051,6.96,6.93,6.94,11.5723,4140.0
2018-09-20 14:00,,6.96,300051,6.99,6.93,6.94,,5972.0
2018-09-20 14:00,{},6.96,300051,6.99,6.93,6.94,16.6931,5972.0
2018-09-20 15:00,,6.93,300051,6.98,6.92,6.96,,5938.0
2018-09-20 15:00,{},6.93,300051,6.98,6.92,6.96,16.5981,5938.0
2018-09-21 10:30,{},6.93,300051,6.99,6.93,6.93,15.0943,5400.0
2018-09-21 10:30,,6.93,300051,6.99,6.93,6.93,,5400.0
2018-09-21 11:30,,7.0,300051,7.01,6.93,6.93,,5022.0
2018-09-21 11:30,{},7.0,300051,7.01,6.93,6.93,14.0377,5022.0
2018-09-21 14:00,{},7.03,300051,7.04,6.98,7.0,14.8399,5309.0
2018-09-21 14:00,,7.03,300051,7.04,6.98,7.0,,5309.0
2018-09-21 15:00,,7.01,300051,7.04,6.99,7.03,,9227.0
2018-09-21 15:00,{},7.01,300051,7.04,6.99,7.03,25.7916,9227.0
2018-09-25 10:30,{},7.04,300051,7.23,7.03,7.2,34.6805,12407.0
2018-09-25 10:30,,7.04,300051,7.23,7.03,7.2,,12407.0
2018-09-25 11:30,,7.05,300051,7.05,6.98,7.04,,3855.0
2018-09-25 11:30,{},7.05,300051,7.05,6.98,7.04,10.7756,3855.0
2018-09-25 14:00,{},7.02,300051,7.07,7.01,7.05,6.6834,2391.0
2018-09-25 14:00,,7.02,300051,7.07,7.01,7.05,,2391.0
2018-09-25 15:00,{},7.05,300051,7.12,7.0,7.02,18.8231,6734.0
2018-09-25 15:00,,7.05,300051,7.12,7.0,7.02,,6734.0
2018-09-26 10:30,{},6.99,300051,7.2,6.98,7.2,28.3185,10131.0
2018-09-26 10:30,,6.99,300051,7.2,6.98,7.2,,10131.0
2018-09-26 11:30,,7.0,300051,7.06,6.99,6.99,,5837.0
2018-09-26 11:30,{},7.0,300051,7.06,6.99,6.99,16.3158,5837.0
2018-09-26 14:00,{},7.03,300051,7.07,6.97,7.0,18.9433,6777.0
2018-09-26 14:00,,7.03,300051,7.07,6.97,7.0,,6777.0
2018-09-26 15:00,{},6.99,300051,7.04,6.99,7.03,14.2892,5112.0
2018-09-26 15:00,,6.99,300051,7.04,6.99,7.03,,5112.0
2018-09-27 10:30,,6.89,300051,6.99,6.87,6.97,,8471.0
2018-09-27 10:30,{},6.89,300051,6.99,6.87,6.97,23.6784,8471.0
2018-09-27 11:30,{},6.84,300051,6.92,6.81,6.89,17.8671,6392.0
2018-09-27 11:30,,6.84,300051,6.92,6.81,6.89,,6392.0
2018-09-27 14:00,{},6.77,300051,6.85,6.76,6.84,21.4786,7684.0
2018-09-27 14:00,,6.77,300051,6.85,6.76,6.84,,7684.0
2018-09-27 15:00,,6.78,300051,6.85,6.76,6.77,,7517.0
2018-09-27 15:00,{},6.78,300051,6.85,6.76,6.77,21.0118,7517.0
2018-09-28 10:30,{},6.79,300051,6.83,6.75,6.77,11.985999999999999,4288.0
2018-09-28 10:30,,6.79,300051,6.83,6.75,6.77,,4288.0
2018-09-28 10:30,{},6.79,300051,6.83,6.75,6.77,11.986,4288.0
2018-09-28 11:30,{},6.78,300051,6.83,6.78,6.79,5.4815,1961.0
2018-09-28 11:30,,6.78,300051,6.83,6.78,6.79,,1961.0
2018-09-28 14:00,,6.81,300051,6.84,6.74,6.78,,5657.0
2018-09-28 14:00,{},6.81,300051,6.84,6.74,6.78,15.8126,5657.0
2018-09-28 15:00,{},6.79,300051,6.82,6.78,6.81,15.110999999999999,5406.0
2018-09-28 15:00,,6.79,300051,6.82,6.78,6.81,,5406.0
2018-09-28 15:00,{},6.79,300051,6.82,6.78,6.81,15.111,5406.0
2018-10-08 10:30,,6.63,300051,6.74,6.63,6.67,,7886.0
2018-10-08 10:30,{},6.63,300051,6.74,6.63,6.67,22.0432,7886.0
2018-10-08 11:30,{},6.59,300051,6.63,6.58,6.63,15.5695,5570.0
2018-10-08 11:30,,6.59,300051,6.63,6.58,6.63,,5570.0
2018-10-08 14:00,,6.58,300051,6.61,6.58,6.59,,2499.0
2018-10-08 14:00,{},6.58,300051,6.61,6.58,6.59,6.9853,2499.0
2018-10-08 15:00,{},6.44,300051,6.58,6.39,6.58,23.8965,8549.0
2018-10-08 15:00,,6.44,300051,6.58,6.39,6.58,,8549.0
2018-10-09 10:30,,6.48,300051,6.54,6.44,6.53,,5871.0
2018-10-09 10:30,{},6.48,300051,6.54,6.44,6.53,16.4108,5871.0
2018-10-09 11:30,,6.45,300051,6.48,6.41,6.48,,4674.0
2018-10-09 11:30,{},6.45,300051,6.48,6.41,6.48,13.0649,4674.0
2018-10-09 14:00,{},6.44,300051,6.48,6.44,6.45,4.7966,1716.0
2018-10-09 14:00,,6.44,300051,6.48,6.44,6.45,,1716.0
2018-10-09 15:00,,6.45,300051,6.46,6.42,6.44,,3694.0
2018-10-09 15:00,{},6.45,300051,6.46,6.42,6.44,10.3256,3694.0
2018-10-10 10:30,,6.45,300051,6.49,6.43,6.45,,5427.0
2018-10-10 10:30,{},6.45,300051,6.49,6.43,6.45,15.1697,5427.0
2018-10-10 11:30,,6.46,300051,6.46,6.4,6.45,,3333.0
2018-10-10 11:30,{},6.46,300051,6.46,6.4,6.45,9.3165,3333.0
2018-10-10 14:00,{},6.47,300051,6.48,6.45,6.46,7.4745,2674.0
2018-10-10 14:00,,6.47,300051,6.48,6.45,6.46,,2674.0
2018-10-10 15:00,,6.46,300051,6.48,6.43,6.47,,4887.0
2018-10-10 15:00,{},6.46,300051,6.48,6.43,6.47,13.6603,4887.0
2018-10-11 10:30,{},6.03,300051,6.29,5.96,6.29,49.744,17796.0
2018-10-11 10:30,,6.03,300051,6.29,5.96,6.29,,17796.0
2018-10-11 11:30,,5.81,300051,6.06,5.81,6.03,,17474.0
2018-10-11 11:30,{},5.81,300051,6.06,5.81,6.03,48.8439,17474.0
2018-10-11 14:00,{},5.81,300051,5.85,5.81,5.81,32.2123,11524.0
2018-10-11 14:00,,5.81,300051,5.85,5.81,5.81,,11524.0
2018-10-11 15:00,,5.81,300051,5.81,5.81,5.81,,4325.0
2018-10-11 15:00,{},5.81,300051,5.81,5.81,5.81,12.0894,4325.0
2018-10-12 10:30,{},5.58,300051,5.78,5.5,5.75,41.648999999999994,14900.0
2018-10-12 10:30,,5.58,300051,5.78,5.5,5.75,,14900.0
2018-10-12 10:30,{},5.58,300051,5.78,5.5,5.75,41.649,14900.0
2018-10-12 11:30,,5.6,300051,5.6,5.34,5.58,,12799.0
2018-10-12 11:30,{},5.6,300051,5.6,5.34,5.58,35.7762,12799.0
2018-10-12 14:00,{},5.64,300051,5.68,5.58,5.6,14.6442,5239.0
2018-10-12 14:00,,5.64,300051,5.68,5.58,5.6,,5239.0
2018-10-12 15:00,,5.57,300051,5.71,5.56,5.64,,8166.0
2018-10-12 15:00,{},5.57,300051,5.71,5.56,5.64,22.8259,8166.0
2018-10-15 10:30,,5.69,300051,5.72,5.56,5.6,,11897.0
2018-10-15 10:30,{},5.69,300051,5.72,5.56,5.6,33.2549,11897.0
2018-10-15 11:30,{},5.64,300051,5.73,5.61,5.69,14.4262,5161.0
2018-10-15 11:30,,5.64,300051,5.73,5.61,5.69,,5161.0
2018-10-15 14:00,,5.63,300051,5.68,5.63,5.64,,1889.0
2018-10-15 14:00,{},5.63,300051,5.68,5.63,5.64,5.2802,1889.0
2018-10-15 15:00,,5.57,300051,5.63,5.52,5.63,,6526.0
2018-10-15 15:00,{},5.57,300051,5.63,5.52,5.63,18.2417,6526.0
2018-10-16 10:30,{},5.63,300051,5.67,5.53,5.6,26.5324,9492.0
2018-10-16 10:30,,5.63,300051,5.67,5.53,5.6,,9492.0
2018-10-16 11:30,,5.57,300051,5.63,5.55,5.63,,2993.0
2018-10-16 11:30,{},5.57,300051,5.63,5.55,5.63,8.3661,2993.0
2018-10-16 14:00,{},5.5,300051,5.6,5.5,5.57,7.8798,2819.0
2018-10-16 14:00,,5.5,300051,5.6,5.5,5.57,,2819.0
2018-10-16 15:00,{},5.36,300051,5.53,5.33,5.5,19.5219,6984.0
2018-10-16 15:00,,5.36,300051,5.53,5.33,5.5,,6984.0
2018-10-17 10:30,{},5.51,300051,5.6,5.45,5.6,35.0578,12542.0
2018-10-17 10:30,,5.51,300051,5.6,5.45,5.6,,12542.0
2018-10-17 11:30,,5.43,300051,5.53,5.39,5.51,,5466.0
2018-10-17 11:30,{},5.43,300051,5.53,5.39,5.51,15.2787,5466.0
2018-10-17 14:00,{},5.46,300051,5.48,5.31,5.43,23.0942,8262.0
2018-10-17 14:00,,5.46,300051,5.48,5.31,5.43,,8262.0
2018-10-17 15:00,,5.5,300051,5.55,5.44,5.46,,5844.0
2018-10-17 15:00,{},5.5,300051,5.55,5.44,5.46,16.3353,5844.0
2018-10-18 10:30,,5.45,300051,5.49,5.32,5.49,,11457.0
2018-10-18 10:30,{},5.45,300051,5.49,5.32,5.49,32.025,11457.0
2018-10-18 11:30,{},5.43,300051,5.49,5.42,5.45,13.3892,4790.0
2018-10-18 11:30,,5.43,300051,5.49,5.42,5.45,,4790.0
2018-10-18 14:00,{},5.5,300051,5.5,5.43,5.43,11.7707,4211.0
2018-10-18 14:00,,5.5,300051,5.5,5.43,5.43,,4211.0
2018-10-18 15:00,{},5.36,300051,5.5,5.36,5.5,19.2843,6899.0
2018-10-18 15:00,,5.36,300051,5.5,5.36,5.5,,6899.0
2018-10-19 10:30,{},5.42,300051,5.45,5.26,5.32,29.4422,10533.0
2018-10-19 10:30,,5.42,300051,5.45,5.26,5.32,,10533.0
2018-10-19 11:30,{},5.44,300051,5.47,5.41,5.42,16.5338,5915.0
2018-10-19 11:30,,5.44,300051,5.47,5.41,5.42,,5915.0
2018-10-19 14:00,,5.57,300051,5.57,5.43,5.44,,7260.0
2018-10-19 14:00,{},5.57,300051,5.57,5.43,5.44,20.2934,7260.0
2018-10-19 15:00,{},5.57,300051,5.58,5.52,5.57,20.1956,7225.0
2018-10-19 15:00,,5.57,300051,5.58,5.52,5.57,,7225.0
2018-10-22 10:30,,5.74,300051,5.82,5.58,5.58,,18319.0
2018-10-22 10:30,{},5.74,300051,5.82,5.58,5.58,51.2059,18319.0
2018-10-22 11:30,,5.88,300051,5.91,5.74,5.74,,12467.0
2018-10-22 11:30,{},5.88,300051,5.91,5.74,5.74,34.8482,12467.0
2018-10-22 14:00,,5.89,300051,6.0,5.87,5.88,,16897.0
2018-10-22 14:00,{},5.89,300051,6.0,5.87,5.88,47.2311,16897.0
2018-10-22 15:00,,5.86,300051,5.9,5.84,5.89,,8050.0
2018-10-22 15:00,{},5.86,300051,5.9,5.84,5.89,22.5016,8050.0
2018-10-23 10:30,{},5.8,300051,5.87,5.78,5.83,36.4219,13030.0
2018-10-23 10:30,,5.8,300051,5.87,5.78,5.83,,13030.0
2018-10-23 11:30,{},5.79,300051,5.83,5.74,5.8,27.7008,9910.0
2018-10-23 11:30,,5.79,300051,5.83,5.74,5.8,,9910.0
2018-10-23 14:00,{},5.77,300051,5.79,5.73,5.79,12.7099,4547.0
2018-10-23 14:00,,5.77,300051,5.79,5.73,5.79,,4547.0
2018-10-23 15:00,{},5.72,300051,5.77,5.67,5.77,22.06,7892.0
2018-10-23 15:00,,5.72,300051,5.77,5.67,5.77,,7892.0
2018-10-24 10:30,{},5.77,300051,5.77,5.67,5.67,19.958,7140.0
2018-10-24 10:30,,5.77,300051,5.77,5.67,5.67,,7140.0
2018-10-24 11:30,{},5.82,300051,5.82,5.7,5.77,26.1382,9351.0
2018-10-24 11:30,,5.82,300051,5.82,5.7,5.77,,9351.0
2018-10-24 14:00,{},5.73,300051,5.82,5.73,5.82,10.7533,3847.0
2018-10-24 14:00,,5.73,300051,5.82,5.73,5.82,,3847.0
2018-10-24 15:00,{},5.74,300051,5.76,5.71,5.73,12.7854,4574.0
2018-10-24 15:00,,5.74,300051,5.76,5.71,5.73,,4574.0
2018-10-25 10:30,{},5.6,300051,5.62,5.45,5.58,29.5987,10589.0
2018-10-25 10:30,,5.6,300051,5.62,5.45,5.58,,10589.0
2018-10-25 11:30,{},5.53,300051,5.6,5.5,5.6,13.8727,4963.0
2018-10-25 11:30,,5.53,300051,5.6,5.5,5.6,,4963.0
2018-10-25 14:00,,5.56,300051,5.56,5.5,5.53,,4637.0
2018-10-25 14:00,{},5.56,300051,5.56,5.5,5.53,12.9615,4637.0
2018-10-25 15:00,{},5.66,300051,5.69,5.56,5.56,21.7357,7776.0
2018-10-25 15:00,,5.66,300051,5.69,5.56,5.56,,7776.0
2018-10-26 10:30,,5.73,300051,5.77,5.67,5.67,,9625.0
2018-10-26 10:30,{},5.73,300051,5.77,5.67,5.67,26.9041,9625.0
2018-10-26 11:30,{},5.69,300051,5.75,5.69,5.73,12.4584,4457.0
2018-10-26 11:30,,5.69,300051,5.75,5.69,5.73,,4457.0
2018-10-26 14:00,{},5.73,300051,5.76,5.69,5.69,11.4688,4103.0
2018-10-26 14:00,,5.73,300051,5.76,5.69,5.69,,4103.0
2018-10-26 15:00,{},5.76,300051,5.77,5.69,5.73,17.0034,6083.0
2018-10-26 15:00,,5.76,300051,5.77,5.69,5.73,,6083.0
2018-10-29 10:30,{},5.75,300051,5.81,5.66,5.78,25.1515,8998.0
2018-10-29 10:30,,5.75,300051,5.81,5.66,5.78,,8998.0
2018-10-29 11:30,,5.75,300051,5.79,5.75,5.75,,3193.0
2018-10-29 11:30,{},5.75,300051,5.79,5.75,5.75,8.9252,3193.0
2018-10-29 14:00,,5.68,300051,5.77,5.68,5.75,,3174.0
2018-10-29 14:00,{},5.68,300051,5.77,5.68,5.75,8.8721,3174.0
2018-10-29 15:00,{},5.69,300051,5.7,5.62,5.68,18.9908,6794.0
2018-10-29 15:00,,5.69,300051,5.7,5.62,5.68,,6794.0
2018-10-30 10:30,,5.64,300051,5.76,5.56,5.71,,5581.0
2018-10-30 10:30,{},5.64,300051,5.76,5.56,5.71,15.6002,5581.0
2018-10-30 11:30,{},5.77,300051,5.77,5.64,5.64,14.5045,5189.0
2018-10-30 11:30,,5.77,300051,5.77,5.64,5.64,,5189.0
2018-10-30 14:00,{},5.79,300051,5.9,5.77,5.77,26.6414,9531.0
2018-10-30 14:00,,5.79,300051,5.9,5.77,5.77,,9531.0
2018-10-30 15:00,,5.78,300051,5.8,5.76,5.79,,4813.0
2018-10-30 15:00,{},5.78,300051,5.8,5.76,5.79,13.4535,4813.0
2018-10-31 10:30,{},5.85,300051,5.88,5.76,5.78,34.3562,12291.0
2018-10-31 10:30,,5.85,300051,5.88,5.76,5.78,,12291.0
2018-10-31 11:30,,5.85,300051,5.87,5.83,5.85,,4029.0
2018-10-31 11:30,{},5.85,300051,5.87,5.83,5.85,11.262,4029.0
2018-10-31 14:00,{},5.87,300051,5.9,5.83,5.85,21.568,7716.0
2018-10-31 14:00,,5.87,300051,5.9,5.83,5.85,,7716.0
2018-10-31 15:00,{},5.82,300051,5.88,5.8,5.87,18.742,6705.0
2018-10-31 15:00,,5.82,300051,5.88,5.8,5.87,,6705.0
2018-11-01 10:30,{},5.95,300051,5.98,5.85,5.85,47.2842,16916.0
2018-11-01 10:30,,5.95,300051,5.98,5.85,5.85,,16916.0
2018-11-01 11:30,{},6.06,300051,6.1,5.91,5.95,59.6,21322.0
2018-11-01 11:30,,6.06,300051,6.1,5.91,5.95,,21322.0
2018-11-01 14:00,{},6.0,300051,6.08,5.99,6.06,34.373000000000005,12297.0
2018-11-01 14:00,,6.0,300051,6.08,5.99,6.06,,12297.0
2018-11-01 15:00,{},5.94,300051,6.0,5.91,6.0,33.5149,11990.0
2018-11-01 15:00,,5.94,300051,6.0,5.91,6.0,,11990.0
2018-11-02 10:30,,6.05,300051,6.09,5.98,5.99,,17905.0
2018-11-02 10:30,{},6.05,300051,6.09,5.98,5.99,50.0487,17905.0
2018-11-02 11:30,{},6.05,300051,6.08,6.02,6.05,25.2102,9019.0
2018-11-02 11:30,,6.05,300051,6.08,6.02,6.05,,9019.0
2018-11-02 14:00,,6.09,300051,6.12,6.04,6.05,,13416.0
2018-11-02 14:00,{},6.09,300051,6.12,6.04,6.05,37.5009,13416.0
2018-11-02 15:00,,6.08,300051,6.11,6.07,6.09,,14187.0
2018-11-02 15:00,{},6.08,300051,6.11,6.07,6.09,39.656,14187.0
2018-11-05 10:30,,6.17,300051,6.19,6.03,6.16,,21994.0
2018-11-05 10:30,{},6.17,300051,6.19,6.03,6.16,61.4784,21994.0
2018-11-05 11:30,,6.05,300051,6.17,6.05,6.17,,11789.0
2018-11-05 11:30,{},6.05,300051,6.17,6.05,6.17,32.953,11789.0
2018-11-05 14:00,,6.05,300051,6.06,6.0,6.05,,10928.0
2018-11-05 14:00,{},6.05,300051,6.06,6.0,6.05,30.5463,10928.0
2018-11-05 15:00,,6.09,300051,6.15,6.03,6.05,,11092.0
2018-11-05 15:00,{},6.09,300051,6.15,6.03,6.05,31.0047,11092.0
2018-11-06 10:30,{},5.94,300051,6.13,5.92,6.12,53.2939,19066.0
2018-11-06 10:30,,5.94,300051,6.13,5.92,6.12,,19066.0
2018-11-06 11:30,,5.96,300051,6.03,5.94,5.94,,4091.0
2018-11-06 11:30,{},5.96,300051,6.03,5.94,5.94,11.4353,4091.0
2018-11-06 14:00,{},6.04,300051,6.06,5.95,5.96,15.015999999999998,5372.0
2018-11-06 14:00,,6.04,300051,6.06,5.95,5.96,,5372.0
2018-11-06 15:00,,6.08,300051,6.09,6.02,6.04,,8736.0
2018-11-06 15:00,{},6.08,300051,6.09,6.02,6.04,24.4192,8736.0
2018-11-07 10:30,{},6.15,300051,6.25,6.08,6.08,70.3616,25172.0
2018-11-07 10:30,,6.15,300051,6.25,6.08,6.08,,25172.0
2018-11-07 11:30,,6.19,300051,6.19,6.12,6.15,,7174.0
2018-11-07 11:30,{},6.19,300051,6.19,6.12,6.15,20.053,7174.0
2018-11-07 14:00,{},6.18,300051,6.35,6.15,6.19,89.2937,31945.0
2018-11-07 14:00,,6.18,300051,6.35,6.15,6.19,,31945.0
2018-11-07 15:00,,6.14,300051,6.19,6.14,6.18,,9669.0
2018-11-07 15:00,{},6.14,300051,6.19,6.14,6.18,27.0271,9669.0
2018-11-08 10:30,,6.13,300051,6.17,6.09,6.16,,17843.0
2018-11-08 10:30,{},6.13,300051,6.17,6.09,6.16,49.8754,17843.0
2018-11-08 11:30,{},6.14,300051,6.15,6.09,6.13,15.9244,5697.0
2018-11-08 11:30,,6.14,300051,6.15,6.09,6.13,,5697.0
2018-11-08 14:00,{},6.14,300051,6.16,6.1,6.14,30.4736,10902.0
2018-11-08 14:00,,6.14,300051,6.16,6.1,6.14,,10902.0
2018-11-08 15:00,,6.09,300051,6.14,6.02,6.14,,11265.0
2018-11-08 15:00,{},6.09,300051,6.14,6.02,6.14,31.4883,11265.0
2018-11-09 10:30,,6.09,300051,6.11,6.02,6.05,,8167.0
2018-11-09 10:30,{},6.09,300051,6.11,6.02,6.05,22.8287,8167.0
2018-11-09 11:30,,6.04,300051,6.12,6.04,6.09,,8235.0
2018-11-09 11:30,{},6.04,300051,6.12,6.04,6.09,23.0187,8235.0
2018-11-09 14:00,,6.07,300051,6.1,6.04,6.04,,3917.0
2018-11-09 14:00,{},6.07,300051,6.1,6.04,6.04,10.9489,3917.0
2018-11-09 15:00,{},6.04,300051,6.08,6.04,6.07,20.7127,7410.0
2018-11-09 15:00,,6.04,300051,6.08,6.04,6.07,,7410.0
2018-11-12 10:30,,6.14,300051,6.16,6.05,6.09,,11779.0
2018-11-12 10:30,{},6.14,300051,6.16,6.05,6.09,32.9251,11779.0
2018-11-12 11:30,,6.19,300051,6.2,6.12,6.14,,9440.0
2018-11-12 11:30,{},6.19,300051,6.2,6.12,6.14,26.387,9440.0
2018-11-12 11:30,{},6.19,300051,6.2,6.12,6.14,26.386999999999997,9440.0
2018-11-12 14:00,,6.2,300051,6.24,6.17,6.19,,10225.0
2018-11-12 14:00,{},6.2,300051,6.24,6.17,6.19,28.5813,10225.0
2018-11-12 15:00,{},6.23,300051,6.24,6.2,6.2,42.2555,15117.0
2018-11-12 15:00,,6.23,300051,6.24,6.2,6.2,,15117.0
2018-11-13 10:30,{},6.55,300051,6.75,6.14,6.15,192.1919,68757.0
2018-11-13 10:30,,6.55,300051,6.75,6.14,6.15,,68757.0
2018-11-13 11:30,{},6.46,300051,6.58,6.39,6.55,67.1415,24020.0
2018-11-13 11:30,,6.46,300051,6.58,6.39,6.55,,24020.0
2018-11-13 14:00,{},6.61,300051,6.63,6.46,6.46,45.0927,16132.0
2018-11-13 14:00,,6.61,300051,6.63,6.46,6.46,,16132.0
2018-11-13 15:00,,6.5,300051,6.61,6.47,6.6,,15100.0
2018-11-13 15:00,{},6.5,300051,6.61,6.47,6.6,42.208,15100.0
2018-11-14 10:30,{},6.48,300051,6.55,6.43,6.47,79.0408,28277.0
2018-11-14 10:30,,6.48,300051,6.55,6.43,6.47,,28277.0
2018-11-14 11:30,{},6.5,300051,6.52,6.45,6.48,30.7839,11013.0
2018-11-14 11:30,,6.5,300051,6.52,6.45,6.48,,11013.0
2018-11-14 14:00,{},6.44,300051,6.56,6.42,6.5,42.236000000000004,15110.0
2018-11-14 14:00,{},6.44,300051,6.56,6.42,6.5,42.236,15110.0
2018-11-14 14:00,,6.44,300051,6.56,6.42,6.5,,15110.0
2018-11-14 15:00,,6.44,300051,6.45,6.39,6.44,,11694.0
2018-11-14 15:00,{},6.44,300051,6.45,6.39,6.44,32.6875,11694.0
2018-11-15 10:30,{},6.7,300051,6.75,6.41,6.43,124.6451,44592.0
2018-11-15 10:30,,6.7,300051,6.75,6.41,6.43,,44592.0
2018-11-15 11:30,{},6.58,300051,6.72,6.54,6.7,59.1332,21155.0
2018-11-15 11:30,,6.58,300051,6.72,6.54,6.7,,21155.0
2018-11-15 14:00,{},6.61,300051,6.64,6.58,6.58,29.7161,10631.0
2018-11-15 14:00,,6.61,300051,6.64,6.58,6.58,,10631.0
2018-11-15 15:00,{},6.7,300051,6.72,6.61,6.61,64.6034,23112.0
2018-11-15 15:00,,6.7,300051,6.72,6.61,6.61,,23112.0
2018-11-16 10:30,{},6.63,300051,6.83,6.6,6.72,118.2496,42304.0
2018-11-16 10:30,,6.63,300051,6.83,6.6,6.72,,42304.0
2018-11-16 11:30,{},6.8,300051,6.8,6.62,6.63,67.9214,24299.0
2018-11-16 11:30,,6.8,300051,6.8,6.62,6.63,,24299.0
2018-11-16 14:00,{},6.93,300051,6.98,6.72,6.8,90.4482,32358.0
2018-11-16 14:00,,6.93,300051,6.98,6.72,6.8,,32358.0
2018-11-16 15:00,{},6.86,300051,6.93,6.8,6.93,50.931999999999995,18221.0
2018-11-16 15:00,{},6.86,300051,6.93,6.8,6.93,50.932,18221.0
2018-11-16 15:00,,6.86,300051,6.93,6.8,6.93,,18221.0
2018-11-19 10:30,{},6.68,300051,6.89,6.64,6.82,116.5752,41705.0
2018-11-19 10:30,,6.68,300051,6.89,6.64,6.82,,41705.0
2018-11-19 11:30,,6.65,300051,6.68,6.6,6.68,,13257.0
2018-11-19 11:30,{},6.65,300051,6.68,6.6,6.68,37.0564,13257.0
2018-11-19 14:00,,6.71,300051,6.72,6.65,6.65,,14079.0
2018-11-19 14:00,{},6.71,300051,6.72,6.65,6.65,39.3541,14079.0
2018-11-19 15:00,{},6.8,300051,6.82,6.71,6.71,54.6971,19568.0
2018-11-19 15:00,,6.8,300051,6.82,6.71,6.71,,19568.0
2018-11-20 10:30,{},6.71,300051,6.85,6.66,6.7,52.4721,18772.0
2018-11-20 10:30,,6.71,300051,6.85,6.66,6.7,,18772.0
2018-11-20 11:30,{},6.63,300051,6.73,6.63,6.71,35.6979,12771.0
2018-11-20 11:30,,6.63,300051,6.73,6.63,6.71,,12771.0
2018-11-20 14:00,{},6.65,300051,6.66,6.61,6.63,20.1928,7224.0
2018-11-20 14:00,,6.65,300051,6.66,6.61,6.63,,7224.0
2018-11-20 15:00,,6.55,300051,6.65,6.51,6.65,,12154.0
2018-11-20 15:00,{},6.55,300051,6.65,6.51,6.65,33.9733,12154.0
2018-11-21 10:30,,6.55,300051,6.66,6.43,6.5,,22225.0
2018-11-21 10:30,{},6.55,300051,6.66,6.43,6.5,62.1241,22225.0
2018-11-21 11:30,,6.69,300051,6.72,6.51,6.55,,13624.0
2018-11-21 11:30,{},6.69,300051,6.72,6.51,6.55,38.0823,13624.0
2018-11-21 14:00,,6.65,300051,6.71,6.64,6.69,,8426.0
2018-11-21 14:00,{},6.65,300051,6.71,6.64,6.69,23.5526,8426.0
2018-11-21 15:00,{},6.68,300051,6.69,6.63,6.65,25.5512,9141.0
2018-11-21 15:00,,6.68,300051,6.69,6.63,6.65,,9141.0
2018-11-22 10:30,,6.66,300051,6.79,6.65,6.79,,14450.0
2018-11-22 10:30,{},6.66,300051,6.79,6.65,6.79,40.3911,14450.0
2018-11-22 11:30,{},6.65,300051,6.75,6.63,6.66,24.7993,8872.0
2018-11-22 11:30,,6.65,300051,6.75,6.63,6.66,,8872.0
2018-11-22 14:00,{},6.73,300051,6.75,6.65,6.65,27.9719,10007.0
2018-11-22 14:00,,6.73,300051,6.75,6.65,6.65,,10007.0
2018-11-22 15:00,{},6.68,300051,6.76,6.66,6.73,31.1892,11158.0
2018-11-22 15:00,,6.68,300051,6.76,6.66,6.73,,11158.0
2018-11-23 10:30,,6.45,300051,6.7,6.43,6.61,,20898.0
2018-11-23 10:30,{},6.45,300051,6.7,6.43,6.61,58.4148,20898.0
2018-11-23 11:30,,6.31,300051,6.47,6.3,6.45,,12616.0
2018-11-23 11:30,{},6.31,300051,6.47,6.3,6.45,35.2647,12616.0
2018-11-23 14:00,,6.2,300051,6.34,6.15,6.31,,12327.0
2018-11-23 14:00,{},6.2,300051,6.34,6.15,6.31,34.4568,12327.0
2018-11-23 15:00,{},6.19,300051,6.28,6.15,6.2,49.3163,17643.0
2018-11-23 15:00,,6.19,300051,6.28,6.15,6.2,,17643.0
2018-11-26 10:30,{},6.37,300051,6.42,6.19,6.28,89.2965,31946.0
2018-11-26 10:30,,6.37,300051,6.42,6.19,6.28,,31946.0
2018-11-26 11:30,,6.34,300051,6.37,6.26,6.37,,8955.0
2018-11-26 11:30,{},6.34,300051,6.37,6.26,6.37,25.0313,8955.0
2018-11-26 14:00,,6.34,300051,6.35,6.31,6.34,,4489.0
2018-11-26 14:00,{},6.34,300051,6.35,6.31,6.34,12.5478,4489.0
2018-11-26 15:00,{},6.31,300051,6.34,6.26,6.34,25.3136,9056.0
2018-11-26 15:00,,6.31,300051,6.34,6.26,6.34,,9056.0
2018-11-27 10:30,{},6.94,300051,6.94,6.32,6.32,171.6245,61399.0
2018-11-27 10:30,,6.94,300051,6.94,6.32,6.32,,61399.0
2018-11-27 11:30,{},6.77,300051,6.94,6.7,6.94,205.6397,73568.0
2018-11-27 11:30,,6.77,300051,6.94,6.7,6.94,,73568.0
2018-11-27 14:00,{},6.68,300051,6.78,6.65,6.77,50.7698,18163.0
2018-11-27 14:00,,6.68,300051,6.78,6.65,6.77,,18163.0
2018-11-27 15:00,{},6.7,300051,6.74,6.62,6.68,70.4343,25198.0
2018-11-27 15:00,,6.7,300051,6.74,6.62,6.68,,25198.0
2018-11-28 10:30,{},6.8,300051,6.93,6.56,6.57,352.6914,126176.0
2018-11-28 10:30,,6.8,300051,6.93,6.56,6.57,,126176.0
2018-11-28 11:30,,6.9,300051,6.99,6.8,6.8,,36301.0
2018-11-28 11:30,{},6.9,300051,6.99,6.8,6.8,101.4698,36301.0
2018-11-28 14:00,{},6.95,300051,6.96,6.81,6.9,70.7921,25326.0
2018-11-28 14:00,,6.95,300051,6.96,6.81,6.9,,25326.0
2018-11-28 15:00,{},6.95,300051,7.01,6.9,6.95,83.8151,29985.0
2018-11-28 15:00,,6.95,300051,7.01,6.9,6.95,,29985.0
2018-11-29 10:30,{},6.71,300051,6.89,6.68,6.83,189.4553,67778.0
2018-11-29 10:30,,6.71,300051,6.89,6.68,6.83,,67778.0
2018-11-29 11:30,{},6.74,300051,6.75,6.68,6.71,34.7168,12420.0
2018-11-29 11:30,,6.74,300051,6.75,6.68,6.71,,12420.0
2018-11-29 14:00,{},6.68,300051,6.76,6.61,6.74,56.3882,20173.0
2018-11-29 14:00,,6.68,300051,6.76,6.61,6.74,,20173.0
2018-11-29 15:00,{},6.49,300051,6.68,6.45,6.68,102.5543,36689.0
2018-11-29 15:00,,6.49,300051,6.68,6.45,6.68,,36689.0
2018-11-30 10:30,,6.43,300051,6.63,6.41,6.45,,32287.0
2018-11-30 10:30,{},6.43,300051,6.63,6.41,6.45,90.2497,32287.0
2018-11-30 11:30,,6.38,300051,6.47,6.36,6.43,,11492.0
2018-11-30 11:30,{},6.38,300051,6.47,6.36,6.43,32.1228,11492.0
2018-11-30 14:00,{},6.3,300051,6.4,6.22,6.38,42.4233,15177.0
2018-11-30 14:00,,6.3,300051,6.4,6.22,6.38,,15177.0
2018-11-30 15:00,,6.48,300051,6.55,6.29,6.3,,19003.0
2018-11-30 15:00,{},6.48,300051,6.55,6.29,6.3,53.1178,19003.0
2018-12-03 10:30,{},6.71,300051,6.74,6.62,6.62,99.6976,35667.0
2018-12-03 10:30,,6.71,300051,6.74,6.62,6.62,,35667.0
2018-12-03 11:30,{},6.78,300051,6.78,6.68,6.71,46.236,16541.0
2018-12-03 11:30,,6.78,300051,6.78,6.68,6.71,,16541.0
2018-12-03 11:30,{},6.78,300051,6.78,6.68,6.71,46.236000000000004,16541.0
2018-12-03 14:00,{},6.73,300051,6.79,6.72,6.78,34.2416,12250.0
2018-12-03 14:00,,6.73,300051,6.79,6.72,6.78,,12250.0
2018-12-03 15:00,,6.71,300051,6.77,6.67,6.73,,19368.0
2018-12-03 15:00,{},6.71,300051,6.77,6.67,6.73,54.1381,19368.0
2018-12-04 10:30,{},6.93,300051,7.05,6.72,6.81,249.8436,89382.0
2018-12-04 10:30,,6.93,300051,7.05,6.72,6.81,,89382.0
2018-12-04 11:30,,6.9,300051,6.94,6.86,6.93,,12171.0
2018-12-04 11:30,{},6.9,300051,6.94,6.86,6.93,34.0208,12171.0
2018-12-04 14:00,{},6.84,300051,6.9,6.81,6.9,39.8209,14246.0
2018-12-04 14:00,,6.84,300051,6.9,6.81,6.9,,14246.0
2018-12-04 15:00,,6.9,300051,6.9,6.82,6.84,,22016.0
2018-12-04 15:00,{},6.9,300051,6.9,6.82,6.84,61.5399,22016.0
2018-12-05 10:30,,6.82,300051,6.82,6.67,6.7,,38390.0
2018-12-05 10:30,{},6.82,300051,6.82,6.67,6.7,107.309,38390.0
2018-12-05 11:30,,6.85,300051,6.85,6.74,6.82,,11876.0
2018-12-05 11:30,{},6.85,300051,6.85,6.74,6.82,33.1962,11876.0
2018-12-05 14:00,,6.71,300051,6.86,6.71,6.85,,10806.0
2018-12-05 14:00,{},6.71,300051,6.86,6.71,6.85,30.2053,10806.0
2018-12-05 15:00,{},6.79,300051,6.83,6.7,6.71,52.1143,18644.0
2018-12-05 15:00,,6.79,300051,6.83,6.7,6.71,,18644.0
2018-12-06 10:30,{},6.82,300051,6.83,6.63,6.8,57.716,20648.0
2018-12-06 10:30,,6.82,300051,6.83,6.63,6.8,,20648.0
2018-12-06 11:30,,6.68,300051,6.82,6.66,6.82,,12343.0
2018-12-06 11:30,{},6.68,300051,6.82,6.66,6.82,34.5016,12343.0
2018-12-06 14:00,{},6.64,300051,6.7,6.61,6.68,35.1361,12570.0
2018-12-06 14:00,,6.64,300051,6.7,6.61,6.68,,12570.0
2018-12-06 15:00,,6.62,300051,6.7,6.62,6.64,,12999.0
2018-12-06 15:00,{},6.62,300051,6.7,6.62,6.64,36.3352,12999.0
2018-12-07 10:30,{},6.74,300051,6.76,6.62,6.64,57.4532,20554.0
2018-12-07 10:30,,6.74,300051,6.76,6.62,6.64,,20554.0
2018-12-07 11:30,{},6.73,300051,6.75,6.69,6.74,24.8217,8880.0
2018-12-07 11:30,,6.73,300051,6.75,6.69,6.74,,8880.0
2018-12-07 14:00,{},6.69,300051,6.74,6.68,6.73,19.944000000000006,7135.0
2018-12-07 14:00,{},6.69,300051,6.74,6.68,6.73,19.944000000000003,7135.0
2018-12-07 14:00,,6.69,300051,6.74,6.68,6.73,,7135.0
2018-12-07 15:00,,6.66,300051,6.7,6.64,6.69,,9683.0
2018-12-07 15:00,{},6.66,300051,6.7,6.64,6.69,27.0662,9683.0
2018-12-10 10:30,{},6.49,300051,6.59,6.45,6.59,67.653,24203.0
2018-12-10 11:30,{},6.52,300051,6.54,6.45,6.49,19.9552,7139.0
2018-12-10 14:00,{},6.49,300051,6.52,6.44,6.52,18.1075,6478.0
2018-12-10 15:00,{},6.43,300051,6.52,6.41,6.49,37.5679,13440.0
2018-12-11 10:30,{},6.51,300051,6.55,6.44,6.44,39.4407,14110.0
2018-12-11 11:30,{},6.54,300051,6.55,6.45,6.51,28.0502,10035.0
2018-12-11 14:00,{},6.5,300051,6.56,6.49,6.54,16.6037,5940.0
2018-12-11 15:00,{},6.57,300051,6.58,6.5,6.5,34.742,12429.0
2018-12-12 10:30,{},6.49,300051,6.6,6.46,6.56,48.1507,17226.0
2018-12-12 11:30,{},6.48,300051,6.5,6.46,6.49,15.7316,5628.0
2018-12-12 14:00,{},6.45,300051,6.5,6.44,6.48,17.0342,6094.0
2018-12-12 15:00,{},6.48,300051,6.5,6.42,6.45,35.8237,12816.0
2018-12-13 10:30,{},6.47,300051,6.49,6.38,6.48,38.3814,13731.0
2018-12-13 11:30,{},6.57,300051,6.57,6.46,6.47,43.75100000000001,15652.0
2018-12-13 11:30,{},6.57,300051,6.57,6.46,6.47,43.751000000000005,15652.0
2018-12-13 14:00,{},6.53,300051,6.58,6.52,6.57,23.7679,8503.0
2018-12-13 15:00,{},6.49,300051,6.55,6.48,6.53,32.6204,11670.0
2018-12-14 10:30,{},6.4,300051,6.51,6.4,6.51,33.8587,12113.0
2018-12-14 11:30,{},6.38,300051,6.4,6.34,6.4,29.6155,10595.0
2018-12-14 14:00,{},6.25,300051,6.39,6.25,6.38,34.2192,12242.0
2018-12-14 15:00,{},6.19,300051,6.28,6.19,6.25,41.2632,14762.0
2018-12-17 10:30,{},6.13,300051,6.21,6.06,6.16,46.317,16570.0
2018-12-17 11:30,{},6.17,300051,6.22,6.13,6.13,16.9363,6059.0
2018-12-17 14:00,{},6.15,300051,6.18,6.14,6.17,13.9175,4979.0
2018-12-17 15:00,{},6.18,300051,6.18,6.14,6.15,12.9447,4631.0
2018-12-18 10:30,{},6.16,300051,6.2,6.11,6.14,17.1152,6123.0
2018-12-18 11:30,{},6.08,300051,6.16,6.06,6.16,17.1963,6152.0
2018-12-18 14:00,{},6.09,300051,6.12,6.06,6.08,6.5045,2327.0
2018-12-18 15:00,{},6.14,300051,6.17,6.08,6.09,21.0034,7514.0
2018-12-19 10:30,{},6.11,300051,6.17,6.1,6.15,13.6994,4901.0
2018-12-19 11:30,{},6.16,300051,6.16,6.11,6.11,7.8015,2791.0
2018-12-19 14:00,{},6.11,300051,6.17,6.09,6.16,9.0901,3252.0
2018-12-19 15:00,{},5.97,300051,6.11,5.95,6.11,44.12,15784.0
2018-12-20 10:30,{},6.05,300051,6.1,5.96,5.97,35.5777,12728.0
2018-12-20 11:30,{},6.03,300051,6.08,6.03,6.05,8.1733,2924.0
2018-12-20 14:00,{},6.04,300051,6.06,5.95,6.03,21.132,7560.0
2018-12-20 14:00,{},6.04,300051,6.06,5.95,6.03,21.131999999999998,7560.0
2018-12-20 15:00,{},6.03,300051,6.05,6.02,6.04,14.6079,5226.0
2018-12-21 10:30,{},6.13,300051,6.14,6.0,6.03,36.9921,13234.0
2018-12-21 11:30,{},6.21,300051,6.35,6.11,6.13,68.5028,24507.0
2018-12-21 14:00,{},6.18,300051,6.3,6.16,6.21,19.0914,6830.0
2018-12-21 15:00,{},6.15,300051,6.18,6.14,6.18,16.1509,5778.0
2018-12-24 10:30,{},6.17,300051,6.24,6.1,6.16,40.5253,14498.0
2018-12-24 11:30,{},6.21,300051,6.21,6.14,6.17,10.2082,3652.0
2018-12-24 14:00,{},6.15,300051,6.21,6.13,6.21,9.9175,3548.0
2018-12-24 15:00,{},6.18,300051,6.2,6.13,6.15,19.2368,6882.0
2018-12-25 10:30,{},5.85,300051,6.12,5.82,6.12,59.2925,21212.0
2018-12-25 11:30,{},5.76,300051,5.86,5.6,5.85,40.3771,14445.0
2018-12-25 14:00,{},5.91,300051,5.94,5.76,5.76,29.3695,10507.0
2018-12-25 15:00,{},5.99,300051,6.04,5.91,5.91,27.2088,9734.0
2018-12-26 10:30,{},5.99,300051,6.03,5.94,5.99,41.19,10464.0
2018-12-26 11:30,{},6.08,300051,6.12,5.97,5.99,31.0263,7882.0
2018-12-26 14:00,{},5.99,300051,6.08,5.98,6.08,15.0959,3835.0
2018-12-26 15:00,{},6.01,300051,6.03,5.97,5.99,24.9919,6349.0
2018-12-27 10:30,{},6.09,300051,6.15,6.07,6.12,44.2722,11247.0
2018-12-27 11:30,{},6.07,300051,6.11,6.05,6.09,12.0138,3052.0
2018-12-27 14:00,{},5.98,300051,6.08,5.98,6.07,15.8674,4031.0
2018-12-27 15:00,{},5.87,300051,6.0,5.87,5.98,33.3645,8476.0
2018-12-28 10:30,{},6.01,300051,6.08,5.87,5.9,39.1628,9949.0
2018-12-28 11:30,{},5.93,300051,6.01,5.91,6.01,8.3333,2117.0
2018-12-28 14:00,{},5.96,300051,5.96,5.88,5.93,11.876,3017.0
2018-12-28 15:00,{},5.89,300051,5.97,5.88,5.97,18.7646,4767.0
2019-01-02 10:30,{},5.95,300051,6.0,5.89,5.89,17.2097,4372.0
2019-01-02 11:30,{},5.96,300051,5.97,5.92,5.95,10.8761,2763.0
2019-01-02 14:00,{},5.92,300051,5.97,5.91,5.96,11.3485,2883.0
2019-01-02 15:00,{},5.96,300051,5.97,5.91,5.92,17.3081,4397.0
2019-01-03 10:30,{},6.0,300051,6.07,5.94,5.95,39.1077,9935.0
2019-01-03 11:30,{},6.0,300051,6.04,5.96,6.0,14.659,3724.0
2019-01-03 14:00,{},6.02,300051,6.02,5.98,6.0,13.667,3472.0
2019-01-03 15:00,{},5.99,300051,6.02,5.97,6.02,16.7334,4251.0
2019-01-04 10:30,{},6.01,300051,6.02,5.85,5.87,36.8167,9353.0
2019-01-04 11:30,{},6.12,300051,6.12,5.99,6.01,39.5407,10045.0
2019-01-04 14:00,{},6.15,300051,6.19,6.12,6.12,49.3697,12542.0
2019-01-04 15:00,{},6.2,300051,6.2,6.13,6.15,47.9802,12189.0
2019-01-07 10:30,{},6.25,300051,6.27,6.17,6.22,57.3881,14579.0
2019-01-07 11:30,{},6.29,300051,6.3,6.25,6.25,30.491,7746.0
2019-01-07 14:00,{},6.3,300051,6.31,6.28,6.29,19.4771,4948.0
2019-01-07 15:00,{},6.32,300051,6.32,6.28,6.3,39.8438,10122.0
2019-01-08 10:30,{},6.27,300051,6.31,6.25,6.28,36.1397,9181.0
2019-01-08 11:30,{},6.3,300051,6.31,6.23,6.27,39.2454,9970.0
2019-01-08 14:00,{},6.29,300051,6.36,6.26,6.3,20.3273,5164.0
2019-01-08 15:00,{},6.3,300051,6.33,6.27,6.29,43.8431,11138.0
2019-01-09 10:30,{},6.43,300051,6.44,6.29,6.33,81.7541,20769.0
2019-01-09 11:30,{},6.4,300051,6.44,6.38,6.43,26.409000000000002,6709.0
2019-01-09 11:30,{},6.4,300051,6.44,6.38,6.43,26.409,6709.0
2019-01-09 14:00,{},6.42,300051,6.47,6.39,6.4,30.6248,7780.0
2019-01-09 15:00,{},6.31,300051,6.44,6.3,6.42,57.2149,14535.0
2019-01-10 10:30,{},6.39,300051,6.43,6.32,6.33,46.1734,11730.0
2019-01-10 11:30,{},6.41,300051,6.41,6.33,6.39,24.4251,6205.0
2019-01-10 14:00,{},6.39,300051,6.43,6.37,6.41,20.1856,5128.0
2019-01-10 15:00,{},6.32,300051,6.4,6.27,6.39,44.965,11423.0
2019-01-11 10:30,{},6.41,300051,6.49,6.32,6.32,67.6029,17174.0
2019-01-11 11:30,{},6.38,300051,6.44,6.35,6.41,31.3098,7954.0
2019-01-11 14:00,{},6.42,300051,6.43,6.35,6.38,28.9716,7360.0
2019-01-11 15:00,{},6.44,300051,6.45,6.41,6.42,47.2677,12008.0
2019-01-14 10:30,{},6.38,300051,6.44,6.35,6.42,40.1469,10199.0
2019-01-14 11:30,{},6.35,300051,6.42,6.35,6.38,18.3001,4649.0
2019-01-14 14:00,{},6.36,300051,6.38,6.33,6.35,22.9883,5840.0
2019-01-14 15:00,{},6.34,300051,6.38,6.33,6.36,27.0349,6868.0
2019-01-15 10:30,{},6.43,300051,6.44,6.31,6.31,48.6179,12351.0
2019-01-15 11:30,{},6.48,300051,6.49,6.4,6.43,35.7618,9085.0
2019-01-15 14:00,{},6.49,300051,6.52,6.44,6.48,37.8165,9607.0
2019-01-15 15:00,{},6.51,300051,6.52,6.47,6.49,53.9241,13699.0
2019-01-16 10:30,{},6.59,300051,6.65,6.46,6.55,89.6072,22764.0
2019-01-16 11:30,{},6.54,300051,6.62,6.51,6.6,30.5382,7758.0
2019-01-16 14:00,{},6.56,300051,6.57,6.5,6.54,28.7905,7314.0
2019-01-16 15:00,{},6.51,300051,6.56,6.49,6.56,32.034,8138.0
2019-01-17 10:30,{},6.38,300051,6.53,6.33,6.52,61.4504,15611.0
2019-01-17 11:30,{},6.44,300051,6.45,6.36,6.38,23.2875,5916.0
2019-01-17 14:00,{},6.44,300051,6.5,6.43,6.44,24.6691,6267.0
2019-01-17 15:00,{},6.36,300051,6.45,6.36,6.44,37.5725,9545.0
2019-01-18 10:30,{},6.4,300051,6.47,6.36,6.36,52.0307,13218.0
2019-01-18 11:30,{},6.4,300051,6.43,6.36,6.4,28.5937,7264.0
2019-01-18 14:00,{},6.42,300051,6.43,6.37,6.4,16.4343,4175.0
2019-01-18 15:00,{},6.41,300051,6.45,6.39,6.42,27.1687,6902.0
2019-01-21 10:30,{},6.45,300051,6.53,6.36,6.43,31.8215,8084.0
2019-01-21 11:30,{},6.5,300051,6.51,6.45,6.45,24.6061,6251.0
2019-01-21 14:00,{},6.39,300051,6.5,6.39,6.5,14.9936,3809.0
2019-01-21 15:00,{},6.42,300051,6.44,6.38,6.39,23.1851,5890.0
2019-01-22 10:30,{},6.39,300051,6.44,6.36,6.39,27.9678,7105.0
2019-01-22 11:30,{},6.34,300051,6.39,6.34,6.39,19.0834,4848.0
2019-01-22 14:00,{},6.33,300051,6.35,6.31,6.34,17.6427,4482.0
2019-01-22 15:00,{},6.28,300051,6.33,6.27,6.33,25.4446,6464.0
2019-01-23 10:30,{},6.31,300051,6.37,6.25,6.32,25.0982,6376.0
2019-01-23 11:30,{},6.29,300051,6.35,6.27,6.31,15.2219,3867.0
2019-01-23 14:00,{},6.26,300051,6.29,6.22,6.29,18.3592,4664.0
2019-01-23 15:00,{},6.25,300051,6.28,6.23,6.26,25.9012,6580.0
2019-01-24 10:30,{},6.28,300051,6.29,6.2,6.23,36.0058,9147.0
2019-01-24 11:30,{},6.41,300051,6.43,6.26,6.28,50.7829,12901.0
2019-01-24 14:00,{},6.38,300051,6.42,6.35,6.41,16.7807,4263.0
2019-01-24 15:00,{},6.36,300051,6.39,6.36,6.38,15.4502,3925.0
2019-01-25 10:30,{},6.3,300051,6.4,6.27,6.39,47.7204,12123.0
2019-01-25 11:30,{},6.3,300051,6.31,6.24,6.3,31.7034,8054.0
2019-01-25 14:00,{},6.3,300051,6.32,6.27,6.3,11.939,3033.0
2019-01-25 15:00,{},6.18,300051,6.3,6.17,6.3,48.1613,12235.0
2019-01-28 10:30,{},6.25,300051,6.35,6.21,6.23,42.9299,10906.0
2019-01-28 11:30,{},6.17,300051,6.25,6.16,6.25,19.788,5027.0
2019-01-28 14:00,{},6.02,300051,6.17,5.98,6.17,67.906,17251.0
2019-01-28 15:00,{},5.98,300051,6.05,5.98,6.02,26.9128,6837.0
2019-01-29 10:30,{},5.73,300051,6.01,5.69,5.94,87.8397,22315.0
2019-01-29 11:30,{},5.85,300051,5.88,5.71,5.73,21.4098,5439.0
2019-01-29 14:00,{},5.86,300051,5.89,5.84,5.85,11.7815,2993.0
2019-01-29 15:00,{},5.83,300051,5.92,5.82,5.86,18.5835,4721.0
2019-01-30 10:30,{},5.85,300051,5.89,5.7,5.76,35.0611,8907.0
2019-01-30 11:30,{},5.82,300051,5.86,5.78,5.85,11.8445,3009.0
2019-01-30 14:00,{},5.77,300051,5.82,5.74,5.82,15.8478,4026.0
2019-01-30 15:00,{},5.71,300051,5.8,5.71,5.77,30.0974,7646.0
2019-01-31 10:30,{},5.14,300051,5.31,5.14,5.18,209.78799999999998,53295.0
2019-01-31 10:30,{},5.14,300051,5.31,5.14,5.18,209.788,53295.0
2019-01-31 11:30,{},5.14,300051,5.17,5.14,5.14,47.3347,12025.0
2019-01-31 14:00,{},5.14,300051,5.14,5.14,5.14,8.8765,2255.0
2019-01-31 15:00,{},5.14,300051,5.14,5.14,5.14,3.8498,978.0
2019-02-01 10:30,{},5.15,300051,5.17,5.05,5.13,96.1021,24414.0
2019-02-01 11:30,{},5.2,300051,5.22,5.12,5.15,55.9749,14220.0
2019-02-01 14:00,{},5.27,300051,5.3,5.18,5.2,41.9497,10657.0
2019-02-01 15:00,{},5.26,300051,5.29,5.24,5.27,43.1936,10973.0
2019-02-11 10:30,{},5.35,300051,5.41,5.25,5.28,70.2442,17845.0
2019-02-11 11:30,{},5.37,300051,5.39,5.35,5.35,24.5707,6242.0
2019-02-11 14:00,{},5.38,300051,5.39,5.36,5.37,19.3787,4923.0
2019-02-11 15:00,{},5.41,300051,5.42,5.36,5.38,34.8643,8857.0
2019-02-12 10:30,{},5.51,300051,5.55,5.38,5.45,56.8055,14431.0
2019-02-12 11:30,{},5.54,300051,5.54,5.49,5.51,36.986,9396.0
2019-02-12 14:00,{},5.43,300051,5.54,5.41,5.54,38.1708,9697.0
2019-02-12 15:00,{},5.49,300051,5.49,5.41,5.43,57.5456,14619.0
2019-02-13 10:30,{},5.56,300051,5.58,5.47,5.54,77.7509,19752.0
2019-02-13 11:30,{},5.61,300051,5.65,5.55,5.56,42.6937,10846.0
2019-02-13 14:00,{},5.68,300051,5.71,5.6,5.61,74.0782,18819.0
2019-02-13 15:00,{},5.66,300051,5.69,5.64,5.68,31.1169,7905.0
2019-02-14 10:30,{},5.7,300051,5.77,5.64,5.66,53.9517,13706.0
2019-02-14 11:30,{},5.64,300051,5.71,5.63,5.7,40.2689,10230.0
2019-02-14 14:00,{},5.69,300051,5.72,5.63,5.64,24.6691,6267.0
2019-02-14 15:00,{},5.7,300051,5.73,5.68,5.69,44.5792,11325.0
2019-02-15 10:30,{},5.65,300051,5.74,5.64,5.69,57.6873,14655.0
2019-02-15 11:30,{},5.7,300051,5.74,5.65,5.65,73.6295,18705.0
2019-02-15 14:00,{},5.71,300051,5.72,5.67,5.7,16.9303,4301.0
2019-02-15 15:00,{},5.66,300051,5.71,5.63,5.71,38.3086,9732.0
2019-02-18 10:30,{},5.76,300051,5.79,5.66,5.66,55.538000000000004,14109.0
2019-02-18 10:30,{},5.76,300051,5.79,5.66,5.66,55.538,14109.0
2019-02-18 11:30,{},5.81,300051,5.81,5.76,5.76,40.1547,10201.0
2019-02-18 14:00,{},5.86,300051,5.91,5.81,5.81,57.6833,14654.0
2019-02-18 15:00,{},5.89,300051,5.9,5.86,5.86,40.879,10385.0
2019-02-19 10:30,{},5.9,300051,5.97,5.86,5.87,82.1399,20867.0
2019-02-19 11:30,{},6.0,300051,6.1,5.9,5.9,125.5933,31906.0
2019-02-19 14:00,{},5.91,300051,6.01,5.89,6.0,40.757,10354.0
2019-02-19 15:00,{},5.96,300051,5.96,5.84,5.91,76.1566,19347.0
2019-02-20 10:30,{},5.94,300051,6.0,5.89,5.94,82.1438,20868.0
2019-02-20 11:30,{},5.87,300051,5.96,5.87,5.94,26.4208,6712.0
2019-02-20 14:00,{},5.89,300051,5.9,5.83,5.87,28.0701,7131.0
2019-02-20 15:00,{},5.96,300051,5.97,5.89,5.89,53.4439,13577.0
2019-02-21 10:30,{},6.03,300051,6.06,5.96,6.0,80.0812,20344.0
2019-02-21 11:30,{},6.1,300051,6.1,6.02,6.03,70.5946,17934.0
2019-02-21 14:00,{},6.03,300051,6.14,6.02,6.1,100.4951,25530.0
2019-02-21 15:00,{},5.99,300051,6.04,5.94,6.03,67.4691,17140.0
2019-02-22 10:30,{},6.06,300051,6.15,5.92,5.92,112.0601,28468.0
2019-02-22 11:30,{},6.09,300051,6.12,6.05,6.06,36.9781,9394.0
2019-02-22 14:00,{},6.17,300051,6.19,6.09,6.09,82.1399,20867.0
2019-02-22 15:00,{},6.22,300051,6.22,6.14,6.17,127.4631,32381.0
2019-02-25 10:30,{},6.44,300051,6.47,6.25,6.25,231.1624,58725.0
2019-02-25 11:30,{},6.47,300051,6.48,6.35,6.44,108.8402,27650.0
2019-02-25 14:00,{},6.46,300051,6.58,6.43,6.47,117.945,29963.0
2019-02-25 15:00,{},6.53,300051,6.54,6.44,6.46,135.4972,34422.0
2019-02-26 10:30,{},6.45,300051,6.63,6.38,6.59,205.3163,52159.0
2019-02-26 11:30,{},6.43,300051,6.45,6.38,6.45,86.462,21965.0
2019-02-26 14:00,{},6.56,300051,6.61,6.43,6.43,120.9051,30715.0
2019-02-26 15:00,{},6.45,300051,6.62,6.42,6.56,161.7211,41084.0
2019-02-27 10:30,{},6.5,300051,6.57,6.38,6.45,146.8142,37297.0
2019-02-27 11:30,{},6.49,300051,6.54,6.44,6.5,65.0089,16515.0
2019-02-27 14:00,{},6.43,300051,6.59,6.38,6.49,90.3157,22944.0
2019-02-27 15:00,{},6.39,300051,6.47,6.3,6.43,100.936,25642.0
2019-02-28 10:30,{},6.51,300051,6.53,6.4,6.4,150.1128,38135.0
2019-02-28 11:30,{},6.42,300051,6.52,6.38,6.51,80.2347,20383.0
2019-02-28 14:00,{},6.4,300051,6.46,6.38,6.42,61.7063,15676.0
2019-02-28 15:00,{},6.45,300051,6.46,6.37,6.4,60.612,15398.0
2019-02-28 15:00,{},6.45,300051,6.46,6.37,6.4,60.611999999999995,15398.0
2019-03-01 10:30,{},6.42,300051,6.51,6.34,6.45,104.9274,26656.0
2019-03-01 11:30,{},6.38,300051,6.48,6.38,6.42,52.7038,13389.0
2019-03-01 14:00,{},6.36,300051,6.4,6.31,6.38,46.4962,11812.0
2019-03-01 15:00,{},6.45,300051,6.45,6.34,6.36,63.3005,16081.0
2019-03-04 10:30,{},6.56,300051,6.64,6.49,6.49,160.4733,40767.0
2019-03-04 11:30,{},6.69,300051,6.69,6.52,6.56,107.4782,27304.0
2019-03-04 14:00,{},6.66,300051,6.72,6.61,6.69,85.7141,21775.0
2019-03-04 15:00,{},6.55,300051,6.66,6.49,6.66,136.8316,34761.0
2019-03-05 10:30,{},6.7,300051,6.78,6.51,6.53,203.5567,51712.0
2019-03-05 11:30,{},6.73,300051,6.75,6.66,6.7,56.1088,14254.0
2019-03-05 14:00,{},6.76,300051,6.85,6.69,6.73,171.13299999999995,43475.0
2019-03-05 14:00,{},6.76,300051,6.85,6.69,6.73,171.13299999999998,43475.0
2019-03-05 14:00,{},6.76,300051,6.85,6.69,6.73,171.133,43475.0
2019-03-05 15:00,{},6.86,300051,6.91,6.76,6.76,242.6959,61655.0
2019-03-06 10:30,{},7.55,300051,7.55,6.91,6.97,300.3359,76298.0
2019-03-06 11:30,{},7.55,300051,7.55,7.55,7.55,9.1638,2328.0
2019-03-06 14:00,{},7.55,300051,7.55,7.55,7.55,7.1524,1817.0
2019-03-06 15:00,{},7.55,300051,7.55,7.55,7.55,8.3962,2133.0
2019-03-07 10:30,{},7.76,300051,8.08,7.67,8.08,934.0888,237298.0
2019-03-07 11:30,{},7.74,300051,7.8,7.57,7.76,194.3496,49373.0
2019-03-07 14:00,{},7.78,300051,7.85,7.69,7.74,130.8168,33233.0
2019-03-07 15:00,{},7.77,300051,7.95,7.74,7.78,256.0322,65043.0
2019-03-08 10:30,{},7.65,300051,7.7,7.25,7.6,432.2785,109817.0
2019-03-08 11:30,{},7.95,300051,7.98,7.65,7.65,326.0993,82843.0
2019-03-08 14:00,{},7.84,300051,8.28,7.81,7.95,283.6182,72051.0
2019-03-08 15:00,{},7.4,300051,7.96,7.4,7.84,227.4661,57786.0
2019-03-11 10:30,{},7.51,300051,7.75,7.34,7.48,335.4285,85213.0
2019-03-11 11:30,{},7.73,300051,7.83,7.47,7.51,224.8799,57129.0
2019-03-11 14:00,{},7.77,300051,7.85,7.65,7.73,190.3739,48363.0
2019-03-11 15:00,{},7.78,300051,7.82,7.66,7.77,200.4903,50933.0
2019-03-12 10:30,{},7.97,300051,8.1,7.76,7.82,368.7655,93682.0
2019-03-12 11:30,{},8.02,300051,8.04,7.91,7.97,112.7568,28645.0
2019-03-12 14:00,{},7.91,300051,8.16,7.84,8.02,211.1972,53653.0
2019-03-12 15:00,{},8.11,300051,8.11,7.73,7.91,263.0153,66817.0
2019-03-13 10:30,{},7.91,300051,8.13,7.8,8.0,270.5023,68719.0
2019-03-13 11:30,{},7.95,300051,8.0,7.85,7.91,98.3537,24986.0
2019-03-13 14:00,{},7.79,300051,7.95,7.75,7.95,137.5047,34932.0
2019-03-13 15:00,{},7.58,300051,7.8,7.35,7.79,322.2771,81872.0
2019-03-14 10:30,{},7.16,300051,7.57,7.13,7.42,293.4985,74561.0
2019-03-14 11:30,{},7.05,300051,7.2,7.01,7.16,126.4042,32112.0
2019-03-14 14:00,{},7.13,300051,7.16,7.03,7.05,67.8273,17231.0
2019-03-14 15:00,{},7.01,300051,7.13,6.89,7.13,129.3092,32850.0
2019-03-15 10:30,{},7.08,300051,7.29,7.05,7.09,227.0016,57668.0
2019-03-15 11:30,{},7.16,300051,7.16,7.0,7.08,133.5329,33923.0
2019-03-15 14:00,{},7.01,300051,7.19,6.97,7.16,71.6062,18191.0
2019-03-15 15:00,{},7.05,300051,7.12,6.98,7.01,74.8104,19005.0
2019-03-18 10:30,{},7.14,300051,7.18,7.03,7.05,129.5375,32908.0
2019-03-18 11:30,{},7.19,300051,7.23,7.14,7.14,63.4186,16111.0
2019-03-18 14:00,{},7.17,300051,7.21,7.13,7.19,51.8063,13161.0
2019-03-18 15:00,{},7.24,300051,7.24,7.16,7.17,92.7641,23566.0
2019-03-19 10:30,{},7.37,300051,7.39,7.24,7.28,154.0453,39134.0
2019-03-19 11:30,{},7.21,300051,7.38,7.2,7.37,99.0465,25162.0
2019-03-19 14:00,{},7.17,300051,7.28,7.13,7.21,61.1946,15546.0
2019-03-19 15:00,{},7.2,300051,7.22,7.12,7.17,76.814,19514.0
2019-03-20 10:30,{},7.18,300051,7.25,7.13,7.23,110.7729,28141.0
2019-03-20 11:30,{},7.11,300051,7.27,7.09,7.18,101.8886,25884.0
2019-03-20 14:00,{},7.1,300051,7.17,7.03,7.11,68.587,17424.0
2019-03-20 15:00,{},7.27,300051,7.28,7.09,7.1,120.7043,30664.0
2019-03-21 10:30,{},7.36,300051,7.46,7.2,7.27,185.1188,47028.0
2019-03-21 11:30,{},7.42,300051,7.44,7.3,7.36,81.0338,20586.0
2019-03-21 14:00,{},7.43,300051,7.57,7.4,7.42,185.8392,47211.0
2019-03-21 15:00,{},7.48,300051,7.53,7.42,7.43,169.6883,43108.0
2019-03-22 10:30,{},7.32,300051,7.48,7.32,7.48,162.7446,41344.0
2019-03-22 11:30,{},7.28,300051,7.37,7.21,7.32,60.7379,15430.0
2019-03-22 14:00,{},7.36,300051,7.4,7.26,7.28,48.9486,12435.0
2019-03-22 15:00,{},7.39,300051,7.43,7.3,7.36,89.2293,22668.0
2019-03-25 10:30,{},7.3,300051,7.33,7.11,7.16,115.5477,29354.0
2019-03-25 11:30,{},7.23,300051,7.37,7.23,7.3,42.8905,10896.0
2019-03-25 14:00,{},7.49,300051,7.75,7.19,7.23,310.2201,78809.0
2019-03-25 15:00,{},7.37,300051,7.55,7.31,7.49,144.7397,36770.0
2019-03-26 10:30,{},7.42,300051,7.55,7.23,7.3,175.6086,44612.0
2019-03-26 11:30,{},7.3,300051,7.5,7.3,7.42,76.0622,19323.0
2019-03-26 14:00,{},7.2,300051,7.3,7.2,7.3,74.4679,18918.0
2019-03-26 15:00,{},6.96,300051,7.23,6.92,7.2,182.7531,46427.0
2019-03-27 10:30,{},6.95,300051,7.08,6.85,7.04,121.0744,30758.0
2019-03-27 11:30,{},7.01,300051,7.05,6.9,6.95,39.0604,9923.0
2019-03-27 14:00,{},6.96,300051,7.04,6.88,7.01,56.4001,14328.0
2019-03-27 15:00,{},7.09,300051,7.1,6.96,6.96,128.6479,32682.0
2019-03-28 10:30,{},7.19,300051,7.2,6.93,7.03,121.527,30873.0
2019-03-28 11:30,{},7.07,300051,7.19,7.01,7.19,57.0614,14496.0
2019-03-28 14:00,{},6.99,300051,7.09,6.96,7.07,51.0624,12972.0
2019-03-28 15:00,{},6.79,300051,7.0,6.78,6.99,144.1571,36622.0
2019-03-29 10:30,{},6.89,300051,6.94,6.75,6.87,151.5299,38495.0
2019-03-29 11:30,{},7.04,300051,7.05,6.88,6.89,87.8752,22324.0
2019-03-29 14:00,{},7.1,300051,7.16,6.99,7.04,124.6801,31674.0
2019-03-29 15:00,{},7.05,300051,7.15,6.99,7.1,126.4239,32117.0
2019-04-01 10:30,{},7.37,300051,7.53,7.32,7.32,309.2006,78550.0
2019-04-01 11:30,{},7.39,300051,7.42,7.35,7.37,56.8055,14431.0
2019-04-01 14:00,{},7.39,300051,7.45,7.36,7.39,69.3192,17610.0
2019-04-01 15:00,{},7.43,300051,7.44,7.36,7.39,97.5271,24776.0
2019-04-02 10:30,{},7.63,300051,7.68,7.42,7.49,287.9954,73163.0
2019-04-02 11:30,{},7.59,300051,7.63,7.53,7.63,100.5581,25546.0
2019-04-02 14:00,{},7.88,300051,8.1,7.59,7.59,620.8889,157732.0
2019-04-02 15:00,{},7.8,300051,7.96,7.73,7.87,284.1732,72192.0
2019-04-03 10:30,{},8.58,300051,8.58,8.3,8.3,467.7372,118825.0
2019-04-03 11:30,{},8.58,300051,8.58,8.58,8.58,68.8783,17498.0
2019-04-03 14:00,{},8.58,300051,8.58,8.58,8.58,18.186,4620.0
2019-04-03 15:00,{},8.58,300051,8.58,8.58,8.58,11.6516,2960.0
2019-04-04 10:30,{},8.3,300051,8.7,8.15,8.58,963.0249,244649.0
2019-04-04 11:30,{},8.26,300051,8.31,8.16,8.3,156.2772,39701.0
2019-04-04 14:00,{},8.35,300051,8.67,8.23,8.26,280.7132,71313.0
2019-04-04 15:00,{},8.13,300051,8.36,8.12,8.35,287.8655,73130.0
2019-04-08 10:30,{},7.69,300051,7.97,7.69,7.94,472.4293,120017.0
2019-04-08 11:30,{},7.65,300051,7.74,7.62,7.69,167.2596,42491.0
2019-04-08 14:00,{},7.65,300051,7.67,7.52,7.65,142.5275,36208.0
2019-04-08 15:00,{},7.64,300051,7.7,7.57,7.65,150.0892,38129.0
2019-04-09 10:30,{},7.66,300051,7.78,7.55,7.61,214.7556,54557.0
2019-04-09 11:30,{},7.72,300051,7.74,7.66,7.66,64.7648,16453.0
2019-04-09 14:00,{},7.62,300051,7.74,7.6,7.72,81.3447,20665.0
2019-04-09 15:00,{},7.85,300051,7.94,7.53,7.62,417.5999,106088.0
2019-04-10 10:30,{},7.56,300051,7.71,7.53,7.6,207.0679,52604.0
2019-04-10 11:30,{},7.65,300051,7.69,7.55,7.56,63.3792,16101.0
2019-04-10 14:00,{},7.69,300051,7.75,7.6,7.65,88.1743,22400.0
2019-04-10 15:00,{},7.59,300051,7.73,7.56,7.69,163.1067,41436.0
2019-04-11 10:30,{},7.57,300051,7.62,7.48,7.54,117.016,29727.0
2019-04-11 11:30,{},7.43,300051,7.6,7.39,7.57,93.9844,23876.0
2019-04-11 14:00,{},7.44,300051,7.5,7.38,7.43,64.4184,16365.0
2019-04-11 15:00,{},7.33,300051,7.48,7.33,7.44,91.0872,23140.0
2019-04-12 10:30,{},7.47,300051,7.53,7.34,7.34,121.22,30795.0
2019-04-12 11:30,{},7.41,300051,7.49,7.38,7.47,44.8233,11387.0
2019-04-12 14:00,{},7.42,300051,7.46,7.39,7.41,30.5382,7758.0
2019-04-12 15:00,{},7.53,300051,7.53,7.38,7.42,96.7989,24591.0
2019-04-15 10:30,{},7.61,300051,7.67,7.52,7.62,142.4488,36188.0
2019-04-15 11:30,{},7.59,300051,7.64,7.57,7.61,41.2963,10491.0
2019-04-15 14:00,{},7.5,300051,7.6,7.5,7.59,41.3356,10501.0
2019-04-15 15:00,{},7.36,300051,7.53,7.34,7.5,62.1117,15779.0
2019-04-16 10:30,{},7.23,300051,7.26,7.17,7.26,102.42,26019.0
2019-04-16 11:30,{},7.39,300051,7.41,7.23,7.23,79.4868,20193.0
2019-04-16 14:00,{},7.48,300051,7.55,7.36,7.39,111.6665,28368.0
2019-04-16 15:00,{},7.55,300051,7.56,7.48,7.48,87.4736,22222.0
2019-04-17 10:30,{},7.54,300051,7.63,7.5,7.55,98.9481,25137.0
2019-04-17 11:30,{},7.53,300051,7.57,7.42,7.54,62.3125,15830.0
2019-04-17 14:00,{},7.57,300051,7.59,7.52,7.53,72.606,18445.0
2019-04-17 15:00,{},7.54,300051,7.62,7.45,7.57,103.8607,26385.0
2019-04-18 10:30,{},7.54,300051,7.58,7.43,7.57,112.8041,28657.0
2019-04-18 11:30,{},7.63,300051,7.67,7.54,7.54,111.5602,28341.0
2019-04-18 14:00,{},7.63,300051,7.65,7.58,7.63,82.9035,21061.0
2019-04-18 15:00,{},7.61,300051,7.66,7.53,7.63,107.1948,27232.0
2019-04-19 10:30,{},7.35,300051,7.54,7.27,7.51,214.0195,54370.0
2019-04-19 11:30,{},7.39,300051,7.4,7.32,7.35,46.4372,11797.0
2019-04-19 14:00,{},7.38,300051,7.43,7.34,7.39,53.5502,13604.0
2019-04-19 15:00,{},7.58,300051,7.58,7.37,7.38,116.8625,29688.0
2019-04-22 10:30,{},7.45,300051,7.58,7.36,7.55,156.6905,39806.0
2019-04-22 11:30,{},7.38,300051,7.46,7.38,7.45,49.5941,12599.0
2019-04-22 14:00,{},7.41,300051,7.43,7.36,7.38,37.415,9505.0
2019-04-22 15:00,{},7.32,300051,7.44,7.3,7.41,73.0233,18551.0
2019-04-23 10:30,{},7.26,300051,7.31,7.21,7.25,74.5978,18951.0
2019-04-23 11:30,{},7.23,300051,7.3,7.11,7.26,64.0602,16274.0
2019-04-23 14:00,{},7.28,300051,7.35,7.21,7.23,37.5922,9550.0
2019-04-23 15:00,{},7.19,300051,7.29,7.17,7.28,54.0658,13735.0
2019-04-24 10:30,{},7.23,300051,7.26,7.15,7.24,47.1811,11986.0
2019-04-24 11:30,{},7.15,300051,7.23,7.1,7.23,42.8354,10882.0
2019-04-24 14:00,{},7.33,300051,7.34,7.15,7.15,65.5285,16647.0
2019-04-24 15:00,{},7.34,300051,7.36,7.29,7.33,69.0594,17544.0
2019-04-25 10:30,{},7.44,300051,7.65,7.25,7.29,259.8584,66015.0
2019-04-25 11:30,{},8.07,300051,8.07,7.41,7.44,933.8802,237245.0
2019-04-25 14:00,{},8.07,300051,8.07,8.07,8.07,108.0962,27461.0
2019-04-25 15:00,{},8.07,300051,8.07,7.82,8.07,704.5876,178995.0
2019-04-26 10:30,{},8.88,300051,8.88,7.9,8.15,1788.3549,454264.0
2019-04-26 11:30,{},8.88,300051,8.88,8.88,8.88,396.0321,100597.0
2019-04-26 14:00,{},8.88,300051,8.88,8.88,8.88,143.7884,36524.0
2019-04-26 15:00,{},8.88,300051,8.88,8.83,8.88,352.298,89488.0
2019-04-29 10:30,{},8.21,300051,9.63,8.16,9.29,1837.8997,466849.0
2019-04-29 11:30,{},8.36,300051,8.65,8.2,8.21,246.0197,62492.0
2019-04-29 14:00,{},7.99,300051,8.52,7.99,8.36,310.8512,78960.0
2019-04-29 15:00,{},7.99,300051,7.99,7.99,7.99,34.0062,8638.0
2019-04-30 10:30,{},7.35,300051,7.63,7.25,7.26,801.5598,203606.0
2019-04-30 11:30,{},7.31,300051,7.49,7.3,7.35,244.1339,62013.0
2019-04-30 14:00,{},7.19,300051,7.36,7.19,7.31,298.8399,75909.0
2019-04-30 15:00,{},7.19,300051,7.19,7.19,7.19,49.5212,12579.0
2019-05-06 10:30,{},6.47,300051,6.68,6.47,6.66,779.0019,197876.0
2019-05-06 11:30,{},6.47,300051,6.47,6.47,6.47,16.5779,4211.0
2019-05-06 14:00,{},6.47,300051,6.47,6.47,6.47,5.2832,1342.0
2019-05-06 15:00,{},6.47,300051,6.47,6.47,6.47,5.421,1377.0
2019-05-07 10:30,{},6.43,300051,6.5,6.14,6.4,413.7675,105102.0
2019-05-07 11:30,{},6.46,300051,6.65,6.35,6.43,193.3411,49111.0
2019-05-07 14:00,{},6.28,300051,6.46,6.21,6.46,143.1112,36352.0
2019-05-07 15:00,{},6.43,300051,6.51,6.21,6.28,208.8088,53040.0
2019-05-08 10:30,{},6.5,300051,6.56,6.15,6.2,348.9241,88631.0
2019-05-08 11:30,{},6.71,300051,6.77,6.49,6.5,271.7192,69020.0
2019-05-08 14:00,{},6.56,300051,6.74,6.56,6.71,116.8959,29693.0
2019-05-08 15:00,{},6.51,300051,6.6,6.45,6.56,155.7327,39558.0
2019-05-09 10:30,{},6.41,300051,6.5,6.31,6.33,211.3953,53697.0
2019-05-09 11:30,{},6.41,300051,6.44,6.36,6.41,78.5198,19945.0
2019-05-09 14:00,{},6.45,300051,6.52,6.4,6.41,68.9573,17516.0
2019-05-09 15:00,{},6.25,300051,6.45,6.25,6.45,179.6016,45621.0
2019-05-10 10:30,{},6.46,300051,6.62,6.34,6.36,298.9777,75944.0
2019-05-10 11:30,{},6.44,300051,6.49,6.39,6.46,87.8619,22318.0
2019-05-10 14:00,{},6.55,300051,6.55,6.13,6.44,178.1174,45244.0
2019-05-10 15:00,{},6.59,300051,6.77,6.49,6.55,238.3271,60538.0
2019-05-13 10:30,{},6.58,300051,6.72,6.5,6.54,309.9339,78727.0
2019-05-13 11:30,{},6.56,300051,6.61,6.51,6.58,80.4174,20427.0
2019-05-13 14:00,{},6.67,300051,6.68,6.53,6.56,83.4527,21198.0
2019-05-13 15:00,{},6.63,300051,6.67,6.58,6.67,139.0799,35328.0
2019-05-14 10:30,{},6.81,300051,6.86,6.45,6.54,353.1287,89699.0
2019-05-14 11:30,{},6.71,300051,6.82,6.65,6.81,104.4517,26532.0
2019-05-14 14:00,{},6.81,300051,6.9,6.68,6.71,136.9619,34790.0
2019-05-14 15:00,{},6.79,300051,6.86,6.72,6.81,180.4795,45844.0
2019-05-15 10:30,{},6.78,300051,6.86,6.7,6.86,280.4235,71231.0
2019-05-15 11:30,{},6.79,300051,6.83,6.75,6.78,77.638,19721.0
2019-05-15 14:00,{},6.92,300051,6.98,6.76,6.79,196.2543,49851.0
2019-05-15 15:00,{},6.92,300051,7.05,6.87,6.92,196.0575,49801.0
2019-05-16 10:30,{},6.85,300051,6.88,6.76,6.8,224.3711,56993.0
2019-05-16 11:30,{},6.81,300051,6.85,6.76,6.85,82.2874,20902.0
2019-05-16 14:00,{},6.84,300051,6.93,6.78,6.81,104.8178,26625.0
2019-05-16 15:00,{},6.84,300051,6.89,6.79,6.84,136.4265,34654.0
2019-05-17 10:30,{},6.94,300051,6.99,6.83,6.91,235.6894,59868.0
2019-05-17 11:30,{},6.78,300051,6.94,6.7,6.94,125.3719,31846.0
2019-05-17 14:00,{},6.6,300051,6.81,6.52,6.78,108.1916,27482.0
2019-05-17 15:00,{},6.37,300051,6.65,6.24,6.6,259.019,65794.0
2019-05-20 10:30,{},6.44,300051,6.55,6.31,6.45,257.59,65431.0
2019-05-20 11:30,{},6.52,300051,6.54,6.42,6.44,86.0825,21866.0
2019-05-20 14:00,{},6.47,300051,6.54,6.43,6.52,44.6632,11345.0
2019-05-20 15:00,{},6.49,300051,6.54,6.44,6.47,68.4534,17388.0
2019-05-21 10:30,{},6.66,300051,6.66,6.41,6.45,185.3572,47083.0
2019-05-21 11:30,{},6.67,300051,6.73,6.63,6.66,95.6371,24293.0
2019-05-21 14:00,{},6.66,300051,6.69,6.6,6.67,66.5204,16897.0
2019-05-21 15:00,{},6.69,300051,6.71,6.64,6.66,113.5024,28831.0
2019-05-22 10:30,{},6.84,300051,6.91,6.6,6.65,218.1312,55408.0
2019-05-22 11:30,{},6.78,300051,6.84,6.72,6.84,109.0735,27706.0
2019-05-22 14:00,{},6.9,300051,7.05,6.78,6.78,263.6212,66963.0
2019-05-22 15:00,{},6.93,300051,6.97,6.8,6.9,160.3742,40737.0
2019-05-23 10:30,{},6.68,300051,6.97,6.58,6.93,266.0777,67587.0
2019-05-23 11:30,{},6.62,300051,6.76,6.61,6.68,75.0082,19053.0
2019-05-23 14:00,{},6.58,300051,6.67,6.57,6.62,72.469,18408.0
2019-05-23 15:00,{},6.57,300051,6.68,6.52,6.58,127.1159,32289.0
2019-05-24 10:30,{},6.58,300051,6.7,6.46,6.48,112.8213,28658.0
2019-05-24 11:30,{},6.52,300051,6.62,6.52,6.58,44.8325,11388.0
2019-05-24 14:00,{},6.47,300051,6.52,6.41,6.52,62.8671,15969.0
2019-05-24 15:00,{},6.5,300051,6.54,6.43,6.47,63.7725,16199.0
2019-05-27 10:30,{},6.58,300051,6.64,6.44,6.55,104.8493,26633.0
2019-05-27 11:30,{},6.62,300051,6.62,6.5,6.58,51.9739,13202.0
2019-05-27 14:00,{},6.75,300051,6.76,6.58,6.62,117.9589,29963.0
2019-05-27 15:00,{},6.8,300051,6.83,6.7,6.75,134.6628,34206.0
2019-05-28 10:30,{},6.76,300051,6.85,6.71,6.79,176.2592,44772.0
2019-05-28 11:30,{},6.79,300051,6.82,6.72,6.76,64.4024,16359.0
2019-05-28 14:00,{},6.74,300051,6.83,6.74,6.79,63.43,16112.0
2019-05-28 15:00,{},6.78,300051,6.78,6.67,6.74,103.1053,26190.0
2019-05-29 10:30,{},6.81,300051,6.85,6.68,6.77,111.4671,28314.0
2019-05-29 11:30,{},6.82,300051,6.83,6.76,6.81,45.9387,11669.0
2019-05-29 14:00,{},6.79,300051,6.84,6.78,6.82,63.9733,16250.0
2019-05-29 15:00,{},6.72,300051,6.79,6.7,6.79,105.9437,26911.0
2019-05-30 10:30,{},6.53,300051,6.71,6.45,6.67,134.4227,34145.0
2019-05-30 11:30,{},6.55,300051,6.56,6.5,6.53,37.4313,9508.0
2019-05-30 14:00,{},6.49,300051,6.56,6.46,6.55,58.4618,14850.0
2019-05-30 15:00,{},6.56,300051,6.58,6.48,6.49,84.0747,21356.0
2019-05-31 10:30,{},6.6,300051,6.64,6.53,6.56,83.6338,21244.0
2019-05-31 11:30,{},6.54,300051,6.6,6.52,6.6,45.8679,11651.0
2019-05-31 14:00,{},6.49,300051,6.57,6.47,6.54,47.4426,12051.0
2019-05-31 15:00,{},6.51,300051,6.61,6.48,6.49,69.5715,17672.0
2019-06-03 10:30,{},6.24,300051,6.56,6.22,6.52,132.6157,33686.0
2019-06-03 11:30,{},6.28,300051,6.3,6.22,6.24,56.5878,14374.0
2019-06-03 14:00,{},6.34,300051,6.37,6.27,6.28,31.9197,8108.0
2019-06-03 15:00,{},6.27,300051,6.34,6.24,6.34,54.832,13928.0
2019-06-04 10:30,{},6.33,300051,6.4,6.21,6.28,96.1607,24426.0
2019-06-04 11:30,{},6.31,300051,6.34,6.25,6.33,34.3842,8734.0
2019-06-04 14:00,{},6.25,300051,6.33,6.23,6.31,24.3059,6174.0
2019-06-04 15:00,{},6.23,300051,6.27,6.15,6.25,82.748,21019.0
2019-06-05 10:30,{},6.27,300051,6.4,6.25,6.4,61.8002,15698.0
2019-06-05 11:30,{},6.29,300051,6.3,6.23,6.27,25.8098,6556.0
2019-06-05 14:00,{},6.3,300051,6.35,6.28,6.29,39.8642,10126.0
2019-06-05 15:00,{},6.26,300051,6.32,6.22,6.3,38.6044,9806.0
2019-06-06 10:30,{},6.06,300051,6.28,6.0,6.26,99.1685,25190.0
2019-06-06 11:30,{},6.0,300051,6.08,5.88,6.06,82.5039,20957.0
2019-06-06 14:00,{},5.93,300051,6.0,5.9,6.0,38.6517,9818.0
2019-06-06 15:00,{},5.94,300051,5.97,5.88,5.93,65.8945,16738.0
2019-06-10 10:30,{},6.04,300051,6.06,5.94,5.94,73.5595,18685.0
2019-06-10 11:30,{},6.07,300051,6.09,6.01,6.04,25.5814,6498.0
2019-06-10 14:00,{},6.07,300051,6.11,6.06,6.07,28.3175,7193.0
2019-06-10 15:00,{},6.11,300051,6.11,6.05,6.07,44.2813,11248.0
2019-06-11 10:30,{},6.22,300051,6.23,6.05,6.11,63.1229,16034.0
2019-06-11 11:30,{},6.28,300051,6.3,6.21,6.22,58.9657,14978.0
2019-06-11 14:00,{},6.33,300051,6.34,6.28,6.28,45.4742,11551.0
2019-06-11 15:00,{},6.36,300051,6.36,6.3,6.33,63.7804,16201.0
2019-06-12 10:30,{},6.36,300051,6.42,6.27,6.38,82.4055,20932.0
2019-06-12 11:30,{},6.32,300051,6.38,6.28,6.36,66.4456,16878.0
2019-06-12 14:00,{},6.33,300051,6.34,6.27,6.32,33.8291,8593.0
2019-06-12 15:00,{},6.28,300051,6.35,6.28,6.33,43.1475,10960.0
2019-06-13 10:30,{},6.38,300051,6.47,6.25,6.28,114.1559,28997.0
2019-06-13 11:30,{},6.45,300051,6.45,6.34,6.38,51.6707,13125.0
2019-06-13 14:00,{},6.44,300051,6.47,6.38,6.45,38.4981,9779.0
2019-06-13 15:00,{},6.43,300051,6.47,6.41,6.44,78.0671,19830.0
2019-06-14 10:30,{},6.43,300051,6.54,6.31,6.39,102.6014,26062.0
2019-06-14 11:30,{},6.36,300051,6.44,6.33,6.43,32.7701,8324.0
2019-06-14 14:00,{},6.31,300051,6.41,6.3,6.36,38.3919,9752.0
2019-06-14 15:00,{},6.22,300051,6.32,6.21,6.31,58.9381,14971.0
2019-06-17 10:30,{},6.28,300051,6.34,6.22,6.27,51.281,13026.0
2019-06-17 11:30,{},6.26,300051,6.3,6.23,6.28,20.5187,5212.0
2019-06-17 14:00,{},6.38,300051,6.38,6.2,6.26,78.2206,19869.0
2019-06-17 15:00,{},6.35,300051,6.39,6.24,6.38,43.6908,11098.0
2019-06-18 10:30,{},6.54,300051,6.73,6.06,6.3,246.9054,62717.0
2019-06-18 11:30,{},6.49,300051,6.55,6.47,6.54,61.6309,15655.0
2019-06-18 14:00,{},6.42,300051,6.49,6.39,6.49,42.683,10842.0
2019-06-18 15:00,{},6.47,300051,6.49,6.4,6.42,64.7055,16436.0
2019-06-19 10:30,{},6.59,300051,6.72,6.45,6.64,230.2015,58474.0
2019-06-19 11:30,{},6.64,300051,6.64,6.55,6.59,76.9766,19553.0
2019-06-19 14:00,{},6.67,300051,6.75,6.64,6.64,144.93,36814.0
2019-06-19 15:00,{},6.59,300051,6.68,6.57,6.67,70.3982,17882.0
2019-06-20 10:30,{},6.42,300051,6.58,6.33,6.53,189.1444,48045.0
2019-06-20 11:30,{},6.58,300051,6.6,6.37,6.42,104.0068,26419.0
2019-06-20 14:00,{},6.69,300051,6.8,6.52,6.58,177.8576,45178.0
2019-06-20 15:00,{},6.73,300051,6.76,6.65,6.69,185.8572,47210.0
2019-06-21 10:30,{},7.4,300051,7.4,6.93,7.4,936.7896,237956.0
2019-06-21 11:30,{},7.4,300051,7.4,7.4,7.4,69.225,17584.0
2019-06-21 14:00,{},7.4,300051,7.4,7.4,7.4,192.0537,48784.0
2019-06-21 15:00,{},7.4,300051,7.4,7.4,7.4,66.2212,16821.0
2019-06-24 10:30,{},7.52,300051,7.77,7.33,7.49,1209.4851,307224.0
2019-06-24 11:30,{},7.58,300051,7.65,7.42,7.52,187.6524,47666.0
2019-06-24 14:00,{},7.43,300051,7.58,7.43,7.58,107.7862,27379.0
2019-06-24 15:00,{},7.64,300051,7.66,7.38,7.43,228.1308,57948.0
2019-06-25 10:30,{},7.14,300051,7.37,7.1,7.27,503.1805,127814.0
2019-06-25 11:30,{},6.94,300051,7.15,6.89,7.14,302.1114,76740.0
2019-06-25 14:00,{},7.12,300051,7.18,6.93,6.94,115.3015,29288.0
2019-06-25 15:00,{},7.07,300051,7.16,7.03,7.12,149.3708,37942.0
2019-06-26 10:30,{},7.14,300051,7.18,6.86,6.97,275.9434,70093.0
2019-06-26 11:30,{},7.39,300051,7.64,7.07,7.14,341.1253,86650.0
2019-06-26 14:00,{},7.31,300051,7.45,7.29,7.39,122.4193,31096.0
2019-06-26 15:00,{},7.37,300051,7.55,7.26,7.31,245.8779,62456.0
2019-06-27 10:30,{},7.33,300051,7.76,7.21,7.6,651.1498,165400.0
2019-06-27 11:30,{},7.58,300051,7.76,7.26,7.33,329.1889,83618.0
2019-06-27 14:00,{},7.45,300051,7.65,7.41,7.58,115.4826,29334.0
2019-06-27 15:00,{},7.32,300051,7.48,7.28,7.45,165.3503,42001.0
2019-06-28 10:30,{},6.88,300051,7.08,6.82,6.98,510.9912,129798.0
2019-06-28 11:30,{},6.9,300051,6.95,6.82,6.88,102.5974,26061.0
2019-06-28 14:00,{},6.86,300051,6.98,6.84,6.9,67.1621,17060.0
2019-06-28 15:00,{},6.9,300051,6.99,6.84,6.86,120.5454,30620.0
2019-07-01 10:30,{},7.08,300051,7.13,6.99,7.02,280.3251,71206.0
2019-07-01 11:30,{},7.14,300051,7.21,7.06,7.08,147.8669,37560.0
2019-07-01 14:00,{},7.08,300051,7.16,7.06,7.14,104.3099,26496.0
2019-07-01 15:00,{},7.1,300051,7.16,7.07,7.08,121.5886,30885.0
2019-07-02 10:30,{},7.0,300051,7.15,6.96,7.14,222.5877,56540.0
2019-07-02 11:30,{},6.94,300051,7.0,6.91,7.0,80.6182,20478.0
2019-07-02 14:00,{},6.9,300051,6.96,6.88,6.94,86.6848,22019.0
2019-07-02 15:00,{},6.91,300051,6.98,6.89,6.9,105.0461,26683.0
2019-07-03 10:30,{},6.91,300051,6.97,6.83,6.88,102.2943,25984.0
2019-07-03 11:30,{},6.88,300051,6.91,6.83,6.91,50.8716,12922.0
2019-07-03 14:00,{},6.83,300051,6.89,6.82,6.88,48.7024,12371.0
2019-07-03 15:00,{},6.84,300051,6.85,6.81,6.83,69.2368,17587.0
2019-07-04 10:30,{},6.84,300051,6.89,6.8,6.89,75.4806,19173.0
2019-07-04 11:30,{},6.74,300051,6.85,6.74,6.84,60.7648,15435.0
2019-07-04 14:00,{},6.74,300051,6.77,6.66,6.74,78.3899,19912.0
2019-07-04 15:00,{},6.72,300051,6.75,6.65,6.74,95.7946,24333.0
2019-07-05 10:30,{},6.7,300051,6.76,6.62,6.74,68.725,17457.0
2019-07-05 11:30,{},6.71,300051,6.75,6.69,6.7,32.5339,8264.0
2019-07-05 14:00,{},6.76,300051,6.76,6.7,6.71,38.4903,9777.0
2019-07-05 15:00,{},6.77,300051,6.77,6.72,6.76,64.0442,16268.0
