date,amount,close,code,high,low,open,turnoverratio,volume
2017-11-03 14:00,,12.51,300118,12.58,12.49,12.56,,11938.0
2017-11-03 15:00,,12.5,300118,12.54,12.4,12.51,,11684.0
2017-11-06 10:30,,12.51,300118,12.67,12.39,12.55,,16565.0
2017-11-06 11:30,,12.53,300118,12.55,12.44,12.51,,6701.0
2017-11-06 14:00,,12.58,300118,12.59,12.52,12.53,,11765.0
2017-11-06 15:00,,12.53,300118,12.62,12.53,12.58,,12304.0
2017-11-07 10:30,,12.55,300118,12.63,12.52,12.56,,13281.0
2017-11-07 11:30,,12.56,300118,12.57,12.49,12.55,,9196.0
2017-11-07 14:00,,12.63,300118,12.66,12.56,12.56,,14555.0
2017-11-07 15:00,,12.78,300118,12.79,12.62,12.63,,13010.0
2017-11-08 10:30,,12.84,300118,12.86,12.63,12.73,,12209.0
2017-11-08 11:30,,12.82,300118,12.84,12.74,12.84,,7889.0
2017-11-08 14:00,,12.84,300118,12.88,12.8,12.82,,6932.0
2017-11-08 15:00,,12.78,300118,12.85,12.66,12.84,,11815.0
2017-11-09 10:30,,12.8,300118,12.87,12.65,12.65,,8883.0
2017-11-09 11:30,,12.78,300118,12.85,12.74,12.8,,5227.0
2017-11-09 14:00,,12.88,300118,12.88,12.75,12.78,,8581.0
2017-11-09 15:00,,12.91,300118,12.95,12.82,12.88,,15352.0
2017-11-10 10:30,,13.19,300118,13.26,12.85,12.92,,26263.0
2017-11-10 11:30,,13.45,300118,13.47,13.16,13.2,,25576.0
2017-11-10 14:00,,13.71,300118,13.76,13.4,13.45,,35610.0
2017-11-10 15:00,,13.65,300118,13.93,13.61,13.71,,34954.0
2017-11-13 10:30,,13.69,300118,13.9,13.46,13.65,,68028.0
2017-11-13 11:30,,13.61,300118,13.7,13.51,13.69,,21792.0
2017-11-13 14:00,,13.58,300118,13.71,13.55,13.61,,14102.0
2017-11-13 15:00,,13.59,300118,13.6,13.52,13.58,,19185.0
2017-11-14 10:30,,13.49,300118,13.67,13.43,13.51,,23427.0
2017-11-14 11:30,,13.47,300118,13.51,13.44,13.49,,9061.0
2017-11-14 14:00,,13.36,300118,13.49,13.35,13.47,,11631.0
2017-11-14 15:00,,13.46,300118,13.54,13.29,13.36,,19093.0
2017-11-15 10:30,,13.61,300118,13.77,13.41,13.55,,36973.0
2017-11-15 11:30,,13.57,300118,13.67,13.52,13.61,,15702.0
2017-11-15 14:00,,13.5,300118,13.58,13.43,13.57,,13598.0
2017-11-15 15:00,,13.46,300118,13.53,13.4,13.5,,14449.0
2017-11-16 10:30,,13.47,300118,13.64,13.3,13.46,,17834.0
2017-11-16 11:30,,13.49,300118,13.54,13.46,13.47,,5644.0
2017-11-16 14:00,,13.48,300118,13.51,13.34,13.49,,8233.0
2017-11-16 15:00,,13.46,300118,13.5,13.37,13.48,,8449.0
2017-11-17 10:30,,13.47,300118,13.54,13.22,13.47,,25299.0
2017-11-17 11:30,,13.48,300118,13.61,13.35,13.47,,14460.0
2017-11-17 14:00,,13.35,300118,13.49,13.3,13.48,,10077.0
2017-11-17 15:00,,13.1,300118,13.35,13.07,13.35,,21606.0
2017-11-20 10:30,,12.84,300118,13.1,12.71,13.07,,22235.0
2017-11-20 11:30,,13.05,300118,13.11,12.82,12.84,,6978.0
2017-11-20 14:00,,13.13,300118,13.19,12.97,13.05,,6157.0
2017-11-20 15:00,,13.32,300118,13.35,13.1,13.13,,12693.0
2017-11-21 10:30,,13.15,300118,13.41,13.13,13.32,,20426.0
2017-11-21 11:30,,13.1,300118,13.26,13.02,13.15,,12468.0
2017-11-21 14:00,,13.15,300118,13.19,13.06,13.1,,9529.0
2017-11-21 15:00,,13.21,300118,13.25,13.13,13.15,,10505.0
2017-11-22 10:30,,13.24,300118,13.31,13.11,13.31,,15587.0
2017-11-22 11:30,,13.12,300118,13.26,13.08,13.24,,10626.0
2017-11-22 14:00,,12.93,300118,13.12,12.87,13.12,,17827.0
2017-11-22 15:00,,12.94,300118,13.04,12.9,12.93,,9049.0
2017-11-23 10:30,,13.0,300118,13.06,12.87,12.96,,9188.0
2017-11-23 11:30,,12.83,300118,13.05,12.82,13.0,,9439.0
2017-11-23 14:00,,12.84,300118,12.85,12.61,12.83,,13071.0
2017-11-23 15:00,,12.67,300118,12.85,12.65,12.84,,9884.0
2017-11-24 10:30,,12.72,300118,12.8,12.53,12.65,,15771.0
2017-11-24 11:30,,12.72,300118,12.79,12.67,12.72,,3316.0
2017-11-24 14:00,,12.62,300118,12.74,12.59,12.72,,8670.0
2017-11-24 15:00,,12.54,300118,12.66,12.53,12.62,,14564.0
2017-11-27 10:30,,12.55,300118,12.69,12.49,12.54,,12767.0
2017-11-27 11:30,,12.58,300118,12.59,12.5,12.55,,6630.0
2017-11-27 14:00,,12.48,300118,12.59,12.48,12.58,,6703.0
2017-11-27 15:00,,12.41,300118,12.5,12.38,12.48,,11740.0
2017-11-28 10:30,,12.51,300118,12.59,12.41,12.42,,10451.0
2017-11-28 11:30,,12.49,300118,12.54,12.45,12.51,,5538.0
2017-11-28 14:00,,12.68,300118,12.69,12.48,12.49,,9763.0
2017-11-28 15:00,,12.79,300118,12.89,12.62,12.68,,12726.0
2017-11-29 10:30,,12.61,300118,12.8,12.55,12.71,,16782.0
2017-11-29 11:30,,12.58,300118,12.64,12.49,12.61,,9463.0
2017-11-29 14:00,,12.68,300118,12.74,12.53,12.58,,3984.0
2017-11-29 15:00,,12.69,300118,12.7,12.6,12.68,,5357.0
2017-11-30 10:30,,12.58,300118,12.75,12.55,12.63,,13677.0
2017-11-30 11:30,,12.52,300118,12.59,12.51,12.58,,9250.0
2017-11-30 14:00,,12.4,300118,12.52,12.37,12.52,,15721.0
2017-11-30 15:00,,12.32,300118,12.42,12.25,12.4,,20566.0
2017-12-01 10:30,,12.57,300118,12.58,12.32,12.32,,13729.0
2017-12-01 11:30,,12.51,300118,12.57,12.47,12.57,,5633.0
2017-12-01 14:00,,12.48,300118,12.52,12.44,12.51,,5839.0
2017-12-01 15:00,,12.5,300118,12.57,12.46,12.48,,9836.0
2017-12-04 10:30,,12.69,300118,12.75,12.43,12.49,,18653.0
2017-12-04 11:30,,12.7,300118,12.71,12.67,12.69,,6240.0
2017-12-04 14:00,,12.61,300118,12.7,12.5,12.7,,11356.0
2017-12-04 15:00,,12.53,300118,12.65,12.53,12.61,,7742.0
2017-12-05 10:30,,12.54,300118,12.69,12.45,12.69,,9876.0
2017-12-05 11:30,,12.6,300118,12.62,12.48,12.54,,5677.0
2017-12-05 14:00,,12.51,300118,12.61,12.38,12.6,,9339.0
2017-12-05 15:00,,12.46,300118,12.57,12.41,12.51,,8813.0
2017-12-06 10:30,,12.5,300118,12.65,12.42,12.5,,11167.0
2017-12-06 11:30,,12.49,300118,12.54,12.46,12.5,,5514.0
2017-12-06 14:00,,12.35,300118,12.49,12.25,12.49,,9775.0
2017-12-06 15:00,,12.6,300118,12.62,12.34,12.35,,14659.0
2017-12-07 10:30,,12.52,300118,12.6,12.44,12.6,,10221.0
2017-12-07 11:30,,12.52,300118,12.54,12.48,12.52,,3595.0
2017-12-07 14:00,,12.5,300118,12.56,12.47,12.52,,6155.0
2017-12-07 15:00,,12.42,300118,12.52,12.42,12.5,,6817.0
2017-12-08 10:30,,12.54,300118,12.56,12.35,12.35,,8065.0
2017-12-08 11:30,,12.53,300118,12.55,12.5,12.54,,4472.0
2017-12-08 14:00,,12.55,300118,12.6,12.53,12.53,,6675.0
2017-12-08 15:00,,12.53,300118,12.58,12.49,12.55,,7837.0
2017-12-11 10:30,,12.62,300118,12.63,12.52,12.6,,8142.0
2017-12-11 11:30,,12.6,300118,12.65,12.58,12.62,,9740.0
2017-12-11 14:00,,12.62,300118,12.63,12.55,12.6,,4706.0
2017-12-11 15:00,,12.62,300118,12.65,12.57,12.62,,10654.0
2017-12-12 10:30,,12.7,300118,12.71,12.53,12.66,,13842.0
2017-12-12 11:30,,12.67,300118,12.74,12.63,12.7,,8320.0
2017-12-12 14:00,,12.59,300118,12.67,12.59,12.67,,5323.0
2017-12-12 15:00,,12.54,300118,12.62,12.53,12.59,,8308.0
2017-12-13 10:30,,12.41,300118,12.52,12.38,12.38,,11254.0
2017-12-13 11:30,,12.34,300118,12.43,12.34,12.41,,7223.0
2017-12-13 14:00,,12.41,300118,12.44,12.32,12.34,,9321.0
2017-12-13 15:00,,12.42,300118,12.44,12.33,12.41,,9733.0
2017-12-14 10:30,,12.4,300118,12.53,12.39,12.42,,10722.0
2017-12-14 11:30,,12.48,300118,12.49,12.35,12.4,,6420.0
2017-12-14 14:00,,12.49,300118,12.5,12.41,12.48,,4357.0
2017-12-14 15:00,,12.45,300118,12.49,12.43,12.49,,4393.0
2017-12-15 10:30,,12.39,300118,12.48,12.39,12.4,,4899.0
2017-12-15 11:30,,12.35,300118,12.46,12.32,12.39,,6753.0
2017-12-15 14:00,,12.43,300118,12.47,12.33,12.35,,3631.0
2017-12-15 15:00,,12.42,300118,12.44,12.36,12.43,,4391.0
2017-12-18 10:30,,12.36,300118,12.47,12.34,12.47,,6545.0
2017-12-18 11:30,,12.35,300118,12.38,12.33,12.36,,4598.0
2017-12-18 14:00,,12.34,300118,12.36,12.28,12.35,,5085.0
2017-12-18 15:00,,12.3,300118,12.35,12.29,12.34,,5118.0
2017-12-19 10:30,,12.33,300118,12.43,12.3,12.31,,7430.0
2017-12-19 11:30,,12.34,300118,12.4,12.33,12.33,,3895.0
2017-12-19 14:00,,12.33,300118,12.37,12.32,12.34,,2762.0
2017-12-19 15:00,,12.33,300118,12.35,12.3,12.33,,5007.0
2017-12-20 10:30,,12.45,300118,12.56,12.34,12.38,,14363.0
2017-12-20 11:30,,12.44,300118,12.5,12.4,12.45,,8152.0
2017-12-20 14:00,,12.41,300118,12.48,12.41,12.44,,3634.0
2017-12-20 15:00,,12.31,300118,12.42,12.3,12.41,,7835.0
2017-12-21 10:30,,12.18,300118,12.33,12.11,12.33,,14531.0
2017-12-21 11:30,,12.27,300118,12.29,12.15,12.18,,3642.0
2017-12-21 14:00,,12.27,300118,12.31,12.23,12.27,,4071.0
2017-12-21 15:00,,12.25,300118,12.31,12.24,12.27,,5491.0
2017-12-22 10:30,,12.53,300118,12.58,12.22,12.25,,20082.0
2017-12-22 11:30,,12.52,300118,12.54,12.46,12.53,,7040.0
2017-12-22 14:00,,12.48,300118,12.57,12.48,12.52,,6034.0
2017-12-22 15:00,,12.47,300118,12.5,12.45,12.48,,10879.0
2017-12-25 10:30,,12.47,300118,12.54,12.4,12.47,,13118.0
2017-12-25 11:30,,12.32,300118,12.47,12.29,12.47,,9361.0
2017-12-25 14:00,,12.36,300118,12.38,12.3,12.32,,4728.0
2017-12-25 15:00,,12.37,300118,12.39,12.3,12.36,,5228.0
2017-12-26 10:30,,12.32,300118,12.41,12.26,12.38,,5203.0
2017-12-26 11:30,,12.33,300118,12.37,12.27,12.32,,3013.0
2017-12-26 14:00,,12.35,300118,12.4,12.33,12.33,,3351.0
2017-12-26 15:00,,12.38,300118,12.38,12.31,12.35,,7426.0
2017-12-27 10:30,,12.32,300118,12.41,12.29,12.38,,7039.0
2017-12-27 11:30,,12.32,300118,12.35,12.31,12.32,,3318.0
2017-12-27 14:00,,12.3,300118,12.33,12.29,12.32,,3054.0
2017-12-27 15:00,,12.26,300118,12.3,12.2,12.3,,9039.0
2017-12-28 10:30,,12.22,300118,12.25,12.1,12.18,,13612.0
2017-12-28 11:30,,12.23,300118,12.25,12.17,12.22,,5035.0
2017-12-28 14:00,,12.11,300118,12.23,12.1,12.23,,10747.0
2017-12-28 15:00,,12.11,300118,12.14,12.07,12.11,,14713.0
2017-12-29 10:30,,12.06,300118,12.21,12.04,12.12,,11721.0
2017-12-29 11:30,,12.1,300118,12.11,12.06,12.06,,5067.0
2017-12-29 14:00,,12.06,300118,12.11,12.04,12.1,,9844.0
2017-12-29 15:00,,12.13,300118,12.15,12.04,12.06,,7947.0
2018-01-02 10:30,,12.21,300118,12.29,12.11,12.2,,9502.0
2018-01-02 11:30,,12.28,300118,12.3,12.2,12.21,,9480.0
2018-01-02 14:00,,12.33,300118,12.33,12.28,12.28,,8369.0
2018-01-02 15:00,,12.38,300118,12.4,12.3,12.33,,12377.0
2018-01-03 10:30,,12.38,300118,12.42,12.33,12.35,,8431.0
2018-01-03 11:30,,12.47,300118,12.51,12.37,12.38,,9116.0
2018-01-03 14:00,,12.4,300118,12.48,12.38,12.47,,7961.0
2018-01-03 15:00,,12.47,300118,12.47,12.4,12.4,,11389.0
2018-01-04 10:30,,12.47,300118,12.48,12.39,12.47,,8049.0
2018-01-04 11:30,,12.43,300118,12.47,12.39,12.47,,5828.0
2018-01-04 14:00,,12.39,300118,12.44,12.37,12.43,,5068.0
2018-01-04 15:00,,12.41,300118,12.43,12.36,12.39,,12076.0
2018-01-05 10:30,,12.44,300118,12.5,12.41,12.45,,6066.0
2018-01-05 11:30,,12.41,300118,12.44,12.4,12.44,,3555.0
2018-01-05 14:00,,12.41,300118,12.43,12.4,12.41,,4804.0
2018-01-05 15:00,,12.43,300118,12.46,12.4,12.41,,5738.0
2018-01-08 10:30,,12.27,300118,12.43,12.22,12.4,,11862.0
2018-01-08 11:30,,12.27,300118,12.28,12.22,12.27,,7516.0
2018-01-08 14:00,,12.21,300118,12.29,12.2,12.27,,9139.0
2018-01-08 15:00,,12.25,300118,12.28,12.19,12.21,,10701.0
2018-01-09 10:30,,12.22,300118,12.26,12.19,12.2,,9288.0
2018-01-09 11:30,,12.22,300118,12.24,12.2,12.22,,5000.0
2018-01-09 14:00,,12.2,300118,12.24,12.18,12.22,,5020.0
2018-01-09 15:00,,12.2,300118,12.21,12.16,12.2,,7294.0
2018-01-10 10:30,,12.12,300118,12.25,12.08,12.21,,11926.0
2018-01-10 11:30,,12.1,300118,12.14,12.09,12.12,,5947.0
2018-01-10 14:00,,12.08,300118,12.13,12.06,12.1,,8763.0
2018-01-10 15:00,,12.1,300118,12.13,12.07,12.08,,5428.0
2018-01-11 10:30,,12.17,300118,12.23,12.08,12.08,,6731.0
2018-01-11 11:30,,12.14,300118,12.19,12.1,12.17,,4663.0
2018-01-11 14:00,,12.18,300118,12.19,12.12,12.14,,5851.0
2018-01-11 15:00,,12.15,300118,12.18,12.13,12.18,,7029.0
2018-01-12 10:30,,12.14,300118,12.2,12.11,12.15,,6580.0
2018-01-12 11:30,,12.12,300118,12.14,12.09,12.14,,6255.0
2018-01-12 14:00,,12.08,300118,12.14,12.07,12.12,,6153.0
2018-01-12 15:00,,12.08,300118,12.13,12.07,12.08,,8328.0
2018-01-15 10:30,,11.88,300118,12.09,11.86,12.08,,16497.0
2018-01-15 11:30,,11.89,300118,11.95,11.86,11.88,,9628.0
2018-01-15 14:00,,11.71,300118,11.92,11.69,11.89,,19431.0
2018-01-15 15:00,,11.63,300118,11.78,11.56,11.71,,11650.0
2018-01-16 10:30,,11.89,300118,11.96,11.62,11.63,,18970.0
2018-01-16 11:30,,11.85,300118,11.89,11.82,11.89,,4589.0
2018-01-16 14:00,,11.77,300118,11.85,11.76,11.85,,3979.0
2018-01-16 15:00,,11.73,300118,11.78,11.69,11.77,,7222.0
2018-01-17 10:30,,11.7,300118,11.84,11.64,11.74,,13518.0
2018-01-17 11:30,,11.85,300118,11.86,11.68,11.69,,9936.0
2018-01-17 14:00,,11.84,300118,11.88,11.81,11.85,,5564.0
2018-01-17 15:00,,11.88,300118,11.88,11.82,11.84,,6709.0
2018-01-18 10:30,,11.9,300118,11.95,11.86,11.9,,10455.0
2018-01-18 11:30,,11.91,300118,11.92,11.89,11.9,,3377.0
2018-01-18 14:00,,11.88,300118,11.91,11.87,11.91,,3521.0
2018-01-18 15:00,,11.89,300118,11.91,11.87,11.88,,4827.0
2018-01-19 10:30,,11.87,300118,11.95,11.84,11.9,,9155.0
2018-01-19 11:30,,11.85,300118,11.88,11.84,11.87,,6662.0
2018-01-19 14:00,,11.84,300118,11.88,11.81,11.85,,5392.0
2018-01-19 15:00,,11.81,300118,11.86,11.8,11.84,,6999.0
2018-01-22 10:30,,11.7,300118,11.81,11.5,11.81,,22665.0
2018-01-22 11:30,,12.05,300118,12.07,11.69,11.7,,20992.0
2018-01-22 14:00,,11.98,300118,12.06,11.98,12.05,,5651.0
2018-01-22 15:00,,12.03,300118,12.04,11.96,11.98,,5828.0
2018-01-23 10:30,,12.08,300118,12.15,11.97,12.04,,12519.0
2018-01-23 11:30,,12.06,300118,12.09,12.04,12.08,,4856.0
2018-01-23 14:00,,12.01,300118,12.07,11.97,12.06,,5473.0
2018-01-23 15:00,,12.01,300118,12.03,11.97,12.01,,6605.0
2018-01-24 10:30,,12.16,300118,12.16,11.93,11.99,,18541.0
2018-01-24 11:30,,12.17,300118,12.22,12.14,12.16,,15280.0
2018-01-24 14:00,,12.2,300118,12.21,12.17,12.17,,7016.0
2018-01-24 15:00,,12.21,300118,12.23,12.18,12.2,,8920.0
2018-01-25 10:30,,12.41,300118,12.46,12.15,12.23,,23815.0
2018-01-25 11:30,,12.34,300118,12.41,12.31,12.41,,7318.0
2018-01-25 14:00,,12.3,300118,12.37,12.28,12.34,,6942.0
2018-01-25 15:00,,12.2,300118,12.32,12.19,12.3,,7857.0
2018-01-26 10:30,,12.24,300118,12.26,12.12,12.13,,9667.0
2018-01-26 11:30,,12.25,300118,12.29,12.22,12.25,,6307.0
2018-01-26 14:00,,12.19,300118,12.28,12.19,12.25,,6664.0
2018-01-26 15:00,,12.19,300118,12.23,12.15,12.19,,7776.0
2018-01-29 10:30,,12.23,300118,12.29,12.12,12.15,,12771.0
2018-01-29 11:30,,12.05,300118,12.23,12.02,12.23,,10862.0
2018-01-29 14:00,,12.04,300118,12.07,12.0,12.05,,7676.0
2018-01-29 15:00,,11.94,300118,12.07,11.89,12.04,,11139.0
2018-01-30 10:30,,11.93,300118,12.03,11.91,11.94,,8867.0
2018-01-30 11:30,,11.94,300118,12.01,11.91,11.93,,7423.0
2018-01-30 14:00,,11.95,300118,12.0,11.93,11.94,,3184.0
2018-01-30 15:00,,11.89,300118,11.97,11.88,11.95,,6624.0
2018-01-31 10:30,,11.78,300118,11.99,11.75,11.89,,12188.0
2018-01-31 11:30,,11.8,300118,11.83,11.73,11.78,,6239.0
2018-01-31 14:00,,11.73,300118,11.82,11.71,11.8,,8242.0
2018-01-31 15:00,,11.65,300118,11.78,11.61,11.73,,11267.0
2018-02-01 10:30,,11.69,300118,11.82,11.62,11.62,,11081.0
2018-02-01 11:30,,11.52,300118,11.74,11.5,11.69,,12961.0
2018-02-01 14:00,,11.53,300118,11.58,11.38,11.52,,12340.0
2018-02-01 15:00,,11.43,300118,11.55,11.38,11.53,,9005.0
2018-02-02 10:30,,11.43,300118,11.48,11.19,11.32,,15964.0
2018-02-02 11:30,,11.39,300118,11.48,11.38,11.43,,5500.0
2018-02-02 14:00,,11.27,300118,11.42,11.25,11.39,,8623.0
2018-02-02 15:00,,11.6,300118,11.6,11.25,11.27,,10677.0
2018-02-05 10:30,,11.38,300118,11.48,11.33,11.43,,11800.0
2018-02-05 11:30,,11.38,300118,11.4,11.33,11.36,,4218.0
2018-02-05 14:00,,11.32,300118,11.43,11.31,11.38,,10706.0
2018-02-05 15:00,,11.49,300118,11.49,11.26,11.32,,11481.0
2018-02-06 10:30,,11.28,300118,11.36,11.2,11.21,,10986.0
2018-02-06 11:30,,11.12,300118,11.3,11.11,11.28,,9053.0
2018-02-06 14:00,,11.06,300118,11.14,10.84,11.12,,18755.0
2018-02-06 15:00,,10.81,300118,11.07,10.81,11.06,,11258.0
2018-02-07 10:30,,10.84,300118,11.08,10.83,10.98,,13568.0
2018-02-07 11:30,,10.75,300118,10.85,10.51,10.84,,17010.0
2018-02-07 14:00,,10.8,300118,10.87,10.75,10.75,,8871.0
2018-02-07 15:00,,11.03,300118,11.06,10.79,10.8,,12670.0
2018-02-08 10:30,,11.16,300118,11.27,10.92,10.92,,13628.0
2018-02-08 11:30,,11.12,300118,11.2,11.11,11.16,,5927.0
2018-02-08 14:00,,11.11,300118,11.23,11.1,11.12,,7983.0
2018-02-08 15:00,,11.22,300118,11.22,11.06,11.11,,10382.0
2018-02-09 10:30,,11.13,300118,11.22,10.83,11.04,,20046.0
2018-02-09 11:30,,10.96,300118,11.16,10.91,11.13,,7470.0
2018-02-09 14:00,,10.85,300118,11.0,10.83,10.96,,8300.0
2018-02-09 15:00,,10.86,300118,10.9,10.73,10.85,,9458.0
2018-02-12 10:30,,11.07,300118,11.22,10.9,10.91,,10506.0
2018-02-12 11:30,,11.15,300118,11.15,10.95,11.07,,6506.0
2018-02-12 14:00,,11.17,300118,11.18,11.1,11.15,,4127.0
2018-02-12 15:00,,11.06,300118,11.26,11.06,11.17,,13875.0
2018-02-13 10:30,,11.22,300118,11.27,11.1,11.18,,9011.0
2018-02-13 11:30,,11.26,300118,11.28,11.21,11.22,,5128.0
2018-02-13 14:00,,11.15,300118,11.26,11.13,11.26,,4929.0
2018-02-13 15:00,,11.11,300118,11.18,11.11,11.15,,4708.0
2018-02-14 10:30,,11.17,300118,11.23,11.11,11.11,,5590.0
2018-02-14 11:30,,11.2,300118,11.26,11.13,11.17,,3636.0
2018-02-14 14:00,,11.2,300118,11.23,11.18,11.2,,2924.0
2018-02-14 15:00,,11.2,300118,11.21,11.17,11.2,,4390.0
2018-02-22 10:30,,11.28,300118,11.32,11.25,11.29,,7852.0
2018-02-22 11:30,,11.31,300118,11.31,11.28,11.28,,3948.0
2018-02-22 14:00,,11.33,300118,11.35,11.29,11.31,,6172.0
2018-02-22 15:00,,11.32,300118,11.36,11.3,11.33,,5776.0
2018-02-23 10:30,,11.43,300118,11.48,11.28,11.41,,13569.0
2018-02-23 11:30,,11.41,300118,11.43,11.35,11.43,,9608.0
2018-02-23 14:00,,11.37,300118,11.41,11.3,11.41,,4228.0
2018-02-23 15:00,,11.38,300118,11.42,11.34,11.37,,6024.0
2018-02-26 10:30,,11.41,300118,11.56,11.35,11.55,,10303.0
2018-02-26 11:30,,11.48,300118,11.49,11.39,11.41,,8182.0
2018-02-26 14:00,,11.53,300118,11.53,11.48,11.48,,8769.0
2018-02-26 15:00,,11.55,300118,11.55,11.46,11.53,,9674.0
2018-02-27 10:30,,11.53,300118,11.59,11.45,11.5,,11074.0
2018-02-27 11:30,,11.58,300118,11.68,11.52,11.53,,13049.0
2018-02-27 14:00,,11.47,300118,11.59,11.43,11.58,,11858.0
2018-02-27 15:00,,11.46,300118,11.55,11.46,11.47,,6355.0
2018-02-28 10:30,,11.5,300118,11.5,11.2,11.41,,14867.0
2018-02-28 11:30,,11.52,300118,11.62,11.46,11.5,,15173.0
2018-02-28 14:00,,11.53,300118,11.55,11.48,11.52,,5932.0
2018-02-28 15:00,,11.53,300118,11.57,11.51,11.53,,7733.0
2018-03-01 10:30,,11.65,300118,11.67,11.42,11.53,,12924.0
2018-03-01 11:30,,11.77,300118,11.82,11.61,11.65,,17228.0
2018-03-01 14:00,,11.73,300118,11.88,11.72,11.77,,18693.0
2018-03-01 15:00,,11.83,300118,11.86,11.7,11.73,,17412.0
2018-03-02 10:30,,12.16,300118,12.22,11.71,11.75,,35071.0
2018-03-02 11:30,,12.1,300118,12.17,12.05,12.16,,14365.0
2018-03-02 14:00,,12.1,300118,12.16,12.08,12.1,,15397.0
2018-03-02 15:00,,12.07,300118,12.1,12.05,12.1,,12642.0
2018-03-05 10:30,,12.16,300118,12.18,11.95,12.09,,21242.0
2018-03-05 11:30,,12.1,300118,12.23,12.0,12.16,,12890.0
2018-03-05 14:00,,12.09,300118,12.14,12.04,12.1,,6759.0
2018-03-05 15:00,,12.14,300118,12.16,12.07,12.09,,11214.0
2018-03-06 10:30,,12.14,300118,12.2,12.06,12.14,,7844.0
2018-03-06 11:30,,12.14,300118,12.16,12.01,12.14,,5372.0
2018-03-06 14:00,,12.04,300118,12.14,12.03,12.14,,8171.0
2018-03-06 15:00,,12.15,300118,12.2,12.04,12.04,,15489.0
2018-03-07 10:30,,12.23,300118,12.28,11.99,12.1,,20250.0
2018-03-07 11:30,,12.31,300118,12.41,12.23,12.23,,19878.0
2018-03-07 14:00,,12.37,300118,12.42,12.25,12.31,,21881.0
2018-03-07 15:00,,12.28,300118,12.4,12.26,12.37,,10647.0
2018-03-08 10:30,,12.23,300118,12.36,12.21,12.22,,9339.0
2018-03-08 11:30,,12.22,300118,12.25,12.21,12.23,,5289.0
2018-03-08 14:00,,12.22,300118,12.24,12.2,12.22,,3754.0
2018-03-08 15:00,,12.26,300118,12.31,12.2,12.22,,8684.0
2018-03-09 10:30,,12.25,300118,12.35,12.22,12.22,,10296.0
2018-03-09 11:30,,12.41,300118,12.43,12.22,12.25,,13651.0
2018-03-09 14:00,,12.34,300118,12.42,12.32,12.41,,11714.0
2018-03-09 15:00,,12.35,300118,12.36,12.28,12.34,,20229.0
2018-03-12 10:30,,12.47,300118,12.54,12.35,12.4,,24671.0
2018-03-12 11:30,,12.25,300118,12.47,12.23,12.47,,17723.0
2018-03-12 14:00,,12.25,300118,12.29,12.2,12.25,,14713.0
2018-03-12 15:00,,12.35,300118,12.36,12.22,12.25,,9120.0
2018-03-13 10:30,,12.18,300118,12.3,12.13,12.3,,17315.0
2018-03-13 11:30,,12.21,300118,12.21,12.14,12.18,,9145.0
2018-03-13 14:00,,12.22,300118,12.24,12.17,12.21,,6153.0
2018-03-13 15:00,,12.1,300118,12.22,12.1,12.22,,11211.0
2018-03-14 10:30,,12.12,300118,12.16,12.05,12.06,,14145.0
2018-03-14 11:30,,12.09,300118,12.15,12.05,12.12,,7477.0
2018-03-14 14:00,,12.21,300118,12.27,12.09,12.09,,12150.0
2018-03-14 15:00,,12.12,300118,12.26,12.12,12.21,,12264.0
2018-03-15 10:30,,12.1,300118,12.17,12.07,12.12,,11108.0
2018-03-15 11:30,,12.1,300118,12.16,12.08,12.1,,4946.0
2018-03-15 14:00,,11.95,300118,12.1,11.93,12.1,,11671.0
2018-03-15 15:00,,12.04,300118,12.07,11.92,11.95,,10241.0
2018-03-16 10:30,,12.09,300118,12.14,12.03,12.08,,8262.0
2018-03-16 11:30,,12.03,300118,12.11,12.01,12.09,,4330.0
2018-03-16 14:00,,12.05,300118,12.09,12.02,12.03,,3824.0
2018-03-16 15:00,,11.97,300118,12.05,11.96,12.05,,5451.0
2018-03-19 10:30,,12.02,300118,12.05,11.87,11.97,,8568.0
2018-03-19 11:30,,12.04,300118,12.06,11.96,12.02,,8965.0
2018-03-19 14:00,,11.96,300118,12.06,11.96,12.04,,4104.0
2018-03-19 15:00,,11.91,300118,11.97,11.89,11.96,,11171.0
2018-03-20 10:30,,11.78,300118,11.94,11.76,11.87,,13118.0
2018-03-20 11:30,,11.76,300118,11.82,11.71,11.78,,11250.0
2018-03-20 14:00,,11.86,300118,11.88,11.72,11.76,,9050.0
2018-03-20 15:00,,12.09,300118,12.1,11.86,11.86,,13691.0
2018-03-21 10:30,,12.14,300118,12.16,12.02,12.07,,16219.0
2018-03-21 11:30,,12.15,300118,12.16,12.12,12.14,,9449.0
2018-03-21 14:00,,12.15,300118,12.2,12.13,12.15,,7853.0
2018-03-21 15:00,,12.04,300118,12.16,11.99,12.15,,15065.0
2018-03-22 10:30,,11.93,300118,12.05,11.88,12.02,,11042.0
2018-03-22 11:30,,11.87,300118,11.93,11.81,11.93,,9676.0
2018-03-22 14:00,,11.94,300118,11.98,11.85,11.87,,5557.0
2018-03-22 15:00,,11.77,300118,11.94,11.76,11.94,,11700.0
2018-03-23 10:30,,11.53,300118,11.66,11.4,11.58,,19707.0
2018-03-23 11:30,,11.34,300118,11.56,11.31,11.53,,11726.0
2018-03-23 14:00,,10.98,300118,11.34,10.95,11.34,,20280.0
2018-03-23 15:00,,11.04,300118,11.07,10.83,10.98,,12639.0
2018-03-26 10:30,,11.08,300118,11.1,10.74,10.86,,17272.0
2018-03-26 11:30,,11.05,300118,11.13,11.02,11.08,,8008.0
2018-03-26 14:00,,11.05,300118,11.09,11.01,11.05,,6157.0
2018-03-26 15:00,,11.18,300118,11.28,11.04,11.05,,9861.0
2018-03-27 10:30,,11.37,300118,11.43,11.21,11.28,,13410.0
2018-03-27 11:30,,11.46,300118,11.49,11.36,11.37,,9478.0
2018-03-27 14:00,,11.53,300118,11.61,11.4,11.46,,12434.0
2018-03-27 15:00,,11.57,300118,11.66,11.47,11.53,,13523.0
2018-03-28 10:30,,11.52,300118,11.66,11.42,11.5,,13597.0
2018-03-28 11:30,,11.43,300118,11.54,11.43,11.52,,8141.0
2018-03-28 14:00,,11.53,300118,11.59,11.4,11.43,,14074.0
2018-03-28 15:00,,11.47,300118,11.55,11.34,11.53,,12495.0
2018-03-29 10:30,,11.59,300118,11.63,11.42,11.57,,20144.0
2018-03-29 11:30,,11.54,300118,11.61,11.48,11.59,,7424.0
2018-03-29 14:00,,11.53,300118,11.59,11.51,11.54,,2616.0
2018-03-29 14:00,{},11.53,300118,11.59,11.51,11.54,3.9381,2616.0
2018-03-29 15:00,{},11.55,300118,11.6,11.5,11.53,7.9047,5251.0
2018-03-29 15:00,,11.55,300118,11.6,11.5,11.53,,5251.0
2018-03-30 10:30,{},11.56,300118,11.65,11.52,11.6,18.602,12357.0
2018-03-30 10:30,,11.56,300118,11.65,11.52,11.6,,12357.0
2018-03-30 11:30,,11.65,300118,11.66,11.55,11.56,,5647.0
2018-03-30 11:30,{},11.65,300118,11.66,11.55,11.56,8.5009,5647.0
2018-03-30 14:00,{},11.66,300118,11.69,11.65,11.65,9.1708,6092.0
2018-03-30 14:00,,11.66,300118,11.69,11.65,11.65,,6092.0
2018-03-30 15:00,{},11.69,300118,11.78,11.64,11.66,18.2332,12112.0
2018-03-30 15:00,,11.69,300118,11.78,11.64,11.66,,12112.0
2018-04-02 10:30,{},11.72,300118,11.76,11.59,11.62,24.92,16554.0
2018-04-02 10:30,,11.72,300118,11.76,11.59,11.62,,16554.0
2018-04-02 11:30,{},11.75,300118,11.8,11.7,11.72,12.6136,8379.0
2018-04-02 11:30,,11.75,300118,11.8,11.7,11.72,,8379.0
2018-04-02 14:00,,11.76,300118,11.84,11.72,11.75,,8064.0
2018-04-02 14:00,{},11.76,300118,11.84,11.72,11.75,12.1394,8064.0
2018-04-02 15:00,{},11.77,300118,11.79,11.71,11.76,9.7985,6509.0
2018-04-02 15:00,,11.77,300118,11.79,11.71,11.76,,6509.0
2018-04-03 10:30,{},11.6,300118,11.74,11.59,11.66,23.8136,15819.0
2018-04-03 10:30,,11.6,300118,11.74,11.59,11.66,,15819.0
2018-04-03 11:30,{},11.61,300118,11.67,11.58,11.6,10.0785,6695.0
2018-04-03 11:30,,11.61,300118,11.67,11.58,11.6,,6695.0
2018-04-03 14:00,,11.58,300118,11.67,11.51,11.61,,7932.0
2018-04-03 14:00,{},11.58,300118,11.67,11.51,11.61,11.9407,7932.0
2018-04-03 15:00,,11.59,300118,11.68,11.51,11.58,,9948.0
2018-04-03 15:00,{},11.59,300118,11.68,11.51,11.58,14.9755,9948.0
2018-04-04 10:30,,11.68,300118,11.74,11.61,11.66,,8513.0
2018-04-04 10:30,{},11.68,300118,11.74,11.61,11.66,12.8153,8513.0
2018-04-04 11:30,{},11.71,300118,11.73,11.66,11.68,5.6572,3758.0
2018-04-04 11:30,,11.71,300118,11.73,11.66,11.68,,3758.0
2018-04-04 14:00,{},11.64,300118,11.72,11.62,11.71,9.0639,6021.0
2018-04-04 14:00,,11.64,300118,11.72,11.62,11.71,,6021.0
2018-04-04 15:00,,11.53,300118,11.66,11.5,11.64,,8125.0
2018-04-04 15:00,{},11.53,300118,11.66,11.5,11.64,12.2312,8125.0
2018-04-09 10:30,{},11.46,300118,11.6,11.4,11.55,15.3127,10172.0
2018-04-09 10:30,,11.46,300118,11.6,11.4,11.55,,10172.0
2018-04-09 11:30,,11.58,300118,11.59,11.43,11.46,,3952.0
2018-04-09 11:30,{},11.58,300118,11.59,11.43,11.46,5.9493,3952.0
2018-04-09 14:00,{},11.56,300118,11.71,11.51,11.58,12.4916,8298.0
2018-04-09 14:00,,11.56,300118,11.71,11.51,11.58,,8298.0
2018-04-09 15:00,,11.51,300118,11.58,11.45,11.56,,4433.0
2018-04-09 15:00,{},11.51,300118,11.58,11.45,11.56,6.6733,4433.0
2018-04-10 10:30,,11.1,300118,11.49,10.99,11.4,,30143.0
2018-04-10 10:30,{},11.1,300118,11.49,10.99,11.4,45.3766,30143.0
2018-04-10 11:30,,11.0,300118,11.11,11.0,11.1,,12932.0
2018-04-10 11:30,{},11.0,300118,11.11,11.0,11.1,19.4676,12932.0
2018-04-10 14:00,,11.08,300118,11.12,11.0,11.0,,9815.0
2018-04-10 14:00,{},11.08,300118,11.12,11.0,11.0,14.7753,9815.0
2018-04-10 15:00,,11.07,300118,11.11,10.97,11.08,,13983.0
2018-04-10 15:00,{},11.07,300118,11.11,10.97,11.08,21.0497,13983.0
2018-04-11 10:30,{},11.15,300118,11.19,11.06,11.1,20.1796,13405.0
2018-04-11 10:30,,11.15,300118,11.19,11.06,11.1,,13405.0
2018-04-11 11:30,,11.2,300118,11.23,11.14,11.15,,5572.0
2018-04-11 11:30,{},11.2,300118,11.23,11.14,11.15,8.388,5572.0
2018-04-11 14:00,{},11.2,300118,11.23,11.18,11.2,10.8583,7213.0
2018-04-11 14:00,,11.2,300118,11.23,11.18,11.2,,7213.0
2018-04-11 15:00,{},11.18,300118,11.21,11.18,11.2,15.0131,9973.0
2018-04-11 15:00,,11.18,300118,11.21,11.18,11.2,,9973.0
2018-04-12 10:30,{},11.3,300118,11.33,11.1,11.1,15.7101,10436.0
2018-04-12 10:30,,11.3,300118,11.33,11.1,11.1,,10436.0
2018-04-12 11:30,,11.3,300118,11.33,11.27,11.3,,6469.0
2018-04-12 11:30,{},11.3,300118,11.33,11.27,11.3,9.7383,6469.0
2018-04-12 14:00,{},11.32,300118,11.38,11.29,11.3,11.5703,7686.0
2018-04-12 14:00,,11.32,300118,11.38,11.29,11.3,,7686.0
2018-04-12 15:00,,11.28,300118,11.37,11.27,11.32,,10202.0
2018-04-12 15:00,{},11.28,300118,11.37,11.27,11.32,15.3579,10202.0
2018-04-13 10:30,{},11.41,300118,11.41,11.33,11.39,13.9338,9256.0
2018-04-13 10:30,,11.41,300118,11.41,11.33,11.39,,9256.0
2018-04-13 11:30,{},11.45,300118,11.52,11.38,11.41,17.5362,11649.0
2018-04-13 11:30,,11.45,300118,11.52,11.38,11.41,,11649.0
2018-04-13 14:00,{},11.46,300118,11.52,11.43,11.45,9.8497,6543.0
2018-04-13 14:00,,11.46,300118,11.52,11.43,11.45,,6543.0
2018-04-13 15:00,{},11.4,300118,11.5,11.37,11.46,10.0755,6693.0
2018-04-13 15:00,,11.4,300118,11.5,11.37,11.46,,6693.0
2018-04-16 10:30,{},11.46,300118,11.57,11.32,11.32,12.5067,8308.0
2018-04-16 10:30,,11.46,300118,11.57,11.32,11.32,,8308.0
2018-04-16 11:30,,11.42,300118,11.49,11.37,11.46,,4606.0
2018-04-16 11:30,{},11.42,300118,11.49,11.37,11.46,6.9338,4606.0
2018-04-16 14:00,{},11.36,300118,11.45,11.34,11.42,9.0067,5983.0
2018-04-16 14:00,,11.36,300118,11.45,11.34,11.42,,5983.0
2018-04-16 15:00,{},11.49,300118,11.58,11.34,11.36,27.5033,18270.0
2018-04-16 15:00,,11.49,300118,11.58,11.34,11.36,,18270.0
2018-04-17 10:30,,11.37,300118,11.55,11.35,11.52,,8271.0
2018-04-17 10:30,{},11.37,300118,11.55,11.35,11.52,12.451,8271.0
2018-04-17 11:30,,11.31,300118,11.42,11.3,11.37,,4725.0
2018-04-17 11:30,{},11.31,300118,11.42,11.3,11.37,7.1129,4725.0
2018-04-17 14:00,{},11.32,300118,11.34,11.18,11.31,15.9179,10574.0
2018-04-17 14:00,,11.32,300118,11.34,11.18,11.31,,10574.0
2018-04-17 15:00,{},11.42,300118,11.52,11.28,11.32,19.9101,13226.0
2018-04-17 15:00,,11.42,300118,11.52,11.28,11.32,,13226.0
2018-04-18 10:30,{},11.41,300118,11.5,11.27,11.44,16.3951,10891.0
2018-04-18 10:30,,11.41,300118,11.5,11.27,11.44,,10891.0
2018-04-18 11:30,,11.6,300118,11.64,11.31,11.41,,17985.0
2018-04-18 11:30,{},11.6,300118,11.64,11.31,11.41,27.0742,17985.0
2018-04-18 14:00,,11.73,300118,11.75,11.56,11.6,,15204.0
2018-04-18 14:00,{},11.73,300118,11.75,11.56,11.6,22.8878,15204.0
2018-04-18 15:00,,11.75,300118,11.8,11.7,11.73,,17809.0
2018-04-18 15:00,{},11.75,300118,11.8,11.7,11.73,26.8093,17809.0
2018-04-19 10:30,,11.71,300118,11.83,11.62,11.83,,13182.0
2018-04-19 10:30,{},11.71,300118,11.83,11.62,11.83,19.8439,13182.0
2018-04-19 11:30,,11.7,300118,11.72,11.64,11.71,,5977.0
2018-04-19 11:30,{},11.7,300118,11.72,11.64,11.71,8.9977,5977.0
2018-04-19 14:00,{},11.65,300118,11.71,11.63,11.7,11.7585,7811.0
2018-04-19 14:00,,11.65,300118,11.71,11.63,11.7,,7811.0
2018-04-19 15:00,{},11.58,300118,11.67,11.53,11.65,17.6792,11744.0
2018-04-19 15:00,,11.58,300118,11.67,11.53,11.65,,11744.0
2018-04-20 10:30,{},11.55,300118,11.65,11.36,11.58,20.8555,13854.0
2018-04-20 10:30,,11.55,300118,11.65,11.36,11.58,,13854.0
2018-04-20 11:30,,11.52,300118,11.63,11.43,11.55,,8422.0
2018-04-20 11:30,{},11.52,300118,11.63,11.43,11.55,12.6783,8422.0
2018-04-20 14:00,,11.58,300118,11.6,11.49,11.52,,7984.0
2018-04-20 14:00,{},11.58,300118,11.6,11.49,11.52,12.0189,7984.0
2018-04-20 15:00,{},11.4,300118,11.59,11.4,11.58,17.5392,11651.0
2018-04-20 15:00,,11.4,300118,11.59,11.4,11.58,,11651.0
2018-04-23 10:30,,11.46,300118,11.56,11.33,11.35,,6253.0
2018-04-23 10:30,{},11.46,300118,11.56,11.33,11.35,9.4131,6253.0
2018-04-23 11:30,,11.41,300118,11.48,11.39,11.46,,4909.0
2018-04-23 11:30,{},11.41,300118,11.48,11.39,11.46,7.3899,4909.0
2018-04-23 14:00,,11.18,300118,11.46,11.18,11.41,,8039.0
2018-04-23 14:00,{},11.18,300118,11.46,11.18,11.41,12.1017,8039.0
2018-04-23 15:00,,11.26,300118,11.29,11.12,11.18,,5957.0
2018-04-23 15:00,{},11.26,300118,11.29,11.12,11.18,8.9675,5957.0
2018-04-24 10:30,{},11.44,300118,11.45,11.24,11.26,10.086,6700.0
2018-04-24 10:30,,11.44,300118,11.45,11.24,11.26,,6700.0
2018-04-24 11:30,{},11.36,300118,11.46,11.36,11.44,8.5024,5648.0
2018-04-24 11:30,,11.36,300118,11.46,11.36,11.44,,5648.0
2018-04-24 14:00,{},11.4,300118,11.42,11.35,11.36,10.4488,6941.0
2018-04-24 14:00,,11.4,300118,11.42,11.35,11.36,,6941.0
2018-04-24 15:00,{},11.44,300118,11.46,11.37,11.4,10.9486,7273.0
2018-04-24 15:00,,11.44,300118,11.46,11.37,11.4,,7273.0
2018-04-25 10:30,,11.45,300118,11.55,11.38,11.45,,12266.0
2018-04-25 10:30,{},11.45,300118,11.55,11.38,11.45,14.4441,12266.0
2018-04-25 11:30,,11.41,300118,11.47,11.38,11.45,,3514.0
2018-04-25 11:30,{},11.41,300118,11.47,11.38,11.45,4.138,3514.0
2018-04-25 14:00,,11.42,300118,11.48,11.37,11.41,,3874.0
2018-04-25 14:00,{},11.42,300118,11.48,11.37,11.41,4.5619,3874.0
2018-04-25 15:00,{},11.38,300118,11.45,11.38,11.42,6.439,5468.0
2018-04-25 15:00,,11.38,300118,11.45,11.38,11.42,,5468.0
2018-04-26 10:30,,11.2,300118,11.48,11.2,11.38,,9163.0
2018-04-26 10:30,{},11.2,300118,11.48,11.2,11.38,10.7901,9163.0
2018-04-26 11:30,{},11.2,300118,11.29,11.17,11.2,8.0722,6855.0
2018-04-26 11:30,,11.2,300118,11.29,11.17,11.2,,6855.0
2018-04-26 14:00,{},11.18,300118,11.28,11.17,11.2,4.2416,3602.0
2018-04-26 14:00,,11.18,300118,11.28,11.17,11.2,,3602.0
2018-04-26 15:00,{},11.03,300118,11.18,11.02,11.18,13.7599,11685.0
2018-04-26 15:00,,11.03,300118,11.18,11.02,11.18,,11685.0
2018-04-27 10:30,,11.05,300118,11.18,10.92,11.07,,10839.0
2018-04-27 10:30,{},11.05,300118,11.18,10.92,11.07,12.7637,10839.0
2018-04-27 11:30,{},11.03,300118,11.13,11.03,11.05,4.4642,3791.0
2018-04-27 11:30,,11.03,300118,11.13,11.03,11.05,,3791.0
2018-04-27 14:00,,11.13,300118,11.14,11.03,11.03,,4336.0
2018-04-27 14:00,{},11.13,300118,11.14,11.03,11.03,5.1059,4336.0
2018-04-27 15:00,{},11.13,300118,11.15,11.1,11.13,5.1213,4349.0
2018-04-27 15:00,,11.13,300118,11.15,11.1,11.13,,4349.0
2018-05-02 10:30,,11.03,300118,11.23,11.01,11.11,,9285.0
2018-05-02 10:30,{},11.03,300118,11.23,11.01,11.11,10.9337,9285.0
2018-05-02 11:30,{},10.87,300118,11.05,10.87,11.03,8.7164,7402.0
2018-05-02 11:30,,10.87,300118,11.05,10.87,11.03,,7402.0
2018-05-02 14:00,{},10.88,300118,10.9,10.8,10.87,11.1669,9483.0
2018-05-02 14:00,,10.88,300118,10.9,10.8,10.87,,9483.0
2018-05-02 15:00,,10.91,300118,10.91,10.66,10.88,,21654.0
2018-05-02 15:00,{},10.91,300118,10.91,10.66,10.88,25.4991,21654.0
2018-05-03 10:30,{},10.65,300118,10.85,10.6,10.85,17.8484,15157.0
2018-05-03 10:30,,10.65,300118,10.85,10.6,10.85,,15157.0
2018-05-03 11:30,{},10.7,300118,10.72,10.61,10.65,11.287,9585.0
2018-05-03 11:30,,10.7,300118,10.72,10.61,10.65,,9585.0
2018-05-03 14:00,{},10.83,300118,10.83,10.62,10.7,13.3042,11298.0
2018-05-03 14:00,,10.83,300118,10.83,10.62,10.7,,11298.0
2018-05-03 15:00,,10.93,300118,10.93,10.7,10.83,,27845.0
2018-05-03 15:00,{},10.93,300118,10.93,10.7,10.83,32.7894,27845.0
2018-05-04 10:30,,10.75,300118,10.88,10.72,10.8,,16995.0
2018-05-04 10:30,{},10.75,300118,10.88,10.72,10.8,20.0128,16995.0
2018-05-04 11:30,,10.71,300118,10.8,10.68,10.75,,8747.0
2018-05-04 11:30,{},10.71,300118,10.8,10.68,10.75,10.3002,8747.0
2018-05-04 14:00,{},10.68,300118,10.74,10.62,10.71,18.1628,15424.0
2018-05-04 14:00,,10.68,300118,10.74,10.62,10.71,,15424.0
2018-05-04 15:00,,10.8,300118,10.8,10.62,10.7,,22435.0
2018-05-04 15:00,{},10.8,300118,10.8,10.62,10.7,26.4188,22435.0
2018-08-07 10:30,{},9.63,300118,9.63,9.63,9.63,2.6931,2287.0
2018-08-07 10:30,,9.63,300118,9.63,9.63,9.63,,2287.0
2018-08-07 11:30,,9.63,300118,9.63,9.63,9.63,,340.0
2018-08-07 11:30,{},9.63,300118,9.63,9.63,9.63,0.4004,340.0
2018-08-07 14:00,{},9.63,300118,9.63,9.63,9.63,0.3015,256.0
2018-08-07 14:00,,9.63,300118,9.63,9.63,9.63,,256.0
2018-08-07 15:00,,9.63,300118,9.63,9.63,9.63,,527.0
2018-08-07 15:00,{},9.63,300118,9.63,9.63,9.63,0.6206,527.0
2018-08-08 10:30,{},8.67,300118,8.67,8.67,8.67,3.5315,2999.0
2018-08-08 10:30,,8.67,300118,8.67,8.67,8.67,,2999.0
2018-08-08 11:30,,8.67,300118,8.67,8.67,8.67,,1778.0
2018-08-08 11:30,{},8.67,300118,8.67,8.67,8.67,2.0937,1778.0
2018-08-08 14:00,{},8.67,300118,8.67,8.67,8.67,0.7289,619.0
2018-08-08 14:00,,8.67,300118,8.67,8.67,8.67,,619.0
2018-08-08 15:00,{},8.67,300118,8.67,8.67,8.67,0.2555,217.0
2018-08-08 15:00,,8.67,300118,8.67,8.67,8.67,,217.0
2018-08-09 10:30,{},7.8,300118,7.8,7.8,7.8,23.9989,20380.0
2018-08-09 10:30,,7.8,300118,7.8,7.8,7.8,,20380.0
2018-08-09 11:30,{},8.15,300118,8.17,7.8,7.8,168.2454,142875.0
2018-08-09 11:30,,8.15,300118,8.17,7.8,7.8,,142875.0
2018-08-09 14:00,{},7.9,300118,8.25,7.8,8.15,197.9637,168112.0
2018-08-09 14:00,,7.9,300118,8.25,7.8,8.15,,168112.0
2018-08-09 15:00,,8.0,300118,8.08,7.83,7.9,,50026.0
2018-08-09 15:00,{},8.0,300118,8.08,7.83,7.9,58.9091,50026.0
2018-08-10 10:30,{},7.68,300118,7.77,7.61,7.69,112.9761,95940.0
2018-08-10 10:30,,7.68,300118,7.77,7.61,7.69,,95940.0
2018-08-10 11:30,{},7.62,300118,7.71,7.61,7.68,41.5353,35272.0
2018-08-10 11:30,,7.62,300118,7.71,7.61,7.68,,35272.0
2018-08-10 14:00,{},7.55,300118,7.65,7.46,7.62,63.2014,53671.0
2018-08-10 14:00,,7.55,300118,7.65,7.46,7.62,,53671.0
2018-08-10 15:00,{},7.57,300118,7.62,7.5,7.55,38.768,32922.0
2018-08-10 15:00,,7.57,300118,7.62,7.5,7.55,,32922.0
2018-08-13 10:30,,7.62,300118,7.67,7.57,7.6,,60895.0
2018-08-13 10:30,{},7.62,300118,7.67,7.57,7.6,71.7081,60895.0
2018-08-13 11:30,,7.57,300118,7.62,7.56,7.62,,18964.0
2018-08-13 11:30,{},7.57,300118,7.62,7.56,7.62,22.3314,18964.0
2018-08-13 14:00,{},7.61,300118,7.64,7.57,7.57,13.9719,11865.0
2018-08-13 14:00,,7.61,300118,7.64,7.57,7.57,,11865.0
2018-08-13 15:00,{},7.65,300118,7.65,7.6,7.61,33.5878,28523.0
2018-08-13 15:00,,7.65,300118,7.65,7.6,7.61,,28523.0
2018-08-14 10:30,{},7.61,300118,7.63,7.55,7.58,38.874,33012.0
2018-08-14 10:30,,7.61,300118,7.63,7.55,7.58,,33012.0
2018-08-14 11:30,,7.58,300118,7.62,7.57,7.61,,13061.0
2018-08-14 11:30,{},7.58,300118,7.62,7.57,7.61,15.3802,13061.0
2018-08-14 14:00,,7.57,300118,7.6,7.54,7.58,,16589.0
2018-08-14 14:00,{},7.57,300118,7.6,7.54,7.58,19.5347,16589.0
2018-08-14 15:00,{},7.58,300118,7.6,7.56,7.57,18.9012,16051.0
2018-08-14 15:00,,7.58,300118,7.6,7.56,7.57,,16051.0
2018-08-15 10:30,{},7.37,300118,7.58,7.37,7.58,51.925,44095.0
2018-08-15 10:30,,7.37,300118,7.58,7.37,7.58,,44095.0
2018-08-15 11:30,{},7.34,300118,7.39,7.32,7.37,25.3955,21566.0
2018-08-15 11:30,,7.34,300118,7.39,7.32,7.37,,21566.0
2018-08-15 14:00,{},7.31,300118,7.34,7.3,7.34,21.0985,17917.0
2018-08-15 14:00,,7.31,300118,7.34,7.3,7.34,,17917.0
2018-08-15 15:00,{},7.27,300118,7.34,7.27,7.31,23.6998,20126.0
2018-08-15 15:00,,7.27,300118,7.34,7.27,7.31,,20126.0
2018-08-16 10:30,{},7.09,300118,7.16,7.03,7.16,49.465,42006.0
2018-08-16 10:30,,7.09,300118,7.16,7.03,7.16,,42006.0
2018-08-16 11:30,{},7.05,300118,7.13,7.05,7.09,15.0682,12796.0
2018-08-16 11:30,,7.05,300118,7.13,7.05,7.09,,12796.0
2018-08-16 14:00,{},7.09,300118,7.12,7.04,7.05,14.5654,12369.0
2018-08-16 14:00,,7.09,300118,7.12,7.04,7.05,,12369.0
2018-08-16 15:00,{},7.03,300118,7.1,7.01,7.09,20.7971,17661.0
2018-08-16 15:00,,7.03,300118,7.1,7.01,7.09,,17661.0
2018-08-17 10:30,{},6.95,300118,7.12,6.94,7.03,27.7895,23599.0
2018-08-17 10:30,,6.95,300118,7.12,6.94,7.03,,23599.0
2018-08-17 11:30,{},6.88,300118,6.96,6.87,6.95,23.3241,19807.0
2018-08-17 11:30,,6.88,300118,6.96,6.87,6.95,,19807.0
2018-08-17 14:00,,6.86,300118,6.91,6.8,6.88,,13960.0
2018-08-17 14:00,{},6.86,300118,6.91,6.8,6.88,16.4389,13960.0
2018-08-17 15:00,{},6.76,300118,6.87,6.74,6.86,28.3736,24095.0
2018-08-17 15:00,,6.76,300118,6.87,6.74,6.86,,24095.0
2018-08-20 10:30,{},6.7,300118,6.77,6.66,6.74,25.4084,21577.0
2018-08-20 10:30,,6.7,300118,6.77,6.66,6.74,,21577.0
2018-08-20 11:30,{},6.58,300118,6.71,6.47,6.7,29.4098,24975.0
2018-08-20 11:30,,6.58,300118,6.71,6.47,6.7,,24975.0
2018-08-20 14:00,,6.6,300118,6.61,6.53,6.58,,11935.0
2018-08-20 14:00,{},6.6,300118,6.61,6.53,6.58,14.0543,11935.0
2018-08-20 15:00,{},6.72,300118,6.72,6.58,6.6,27.8837,23679.0
2018-08-20 15:00,,6.72,300118,6.72,6.58,6.6,,23679.0
2018-08-21 10:30,,6.63,300118,6.78,6.5,6.78,,27884.0
2018-08-21 10:30,{},6.63,300118,6.78,6.5,6.78,32.8354,27884.0
2018-08-21 11:30,{},6.67,300118,6.68,6.63,6.63,17.9497,15243.0
2018-08-21 11:30,,6.67,300118,6.68,6.63,6.63,,15243.0
2018-08-21 14:00,,6.67,300118,6.7,6.66,6.67,,9746.0
2018-08-21 14:00,{},6.67,300118,6.7,6.66,6.67,11.4766,9746.0
2018-08-21 15:00,,6.67,300118,6.7,6.66,6.67,,14577.0
2018-08-21 15:00,{},6.67,300118,6.7,6.66,6.67,17.1654,14577.0
2018-08-22 10:30,{},6.66,300118,6.68,6.6,6.67,16.1963,13754.0
2018-08-22 10:30,,6.66,300118,6.68,6.6,6.67,,13754.0
2018-08-22 11:30,{},6.62,300118,6.67,6.59,6.66,9.9034,8410.0
2018-08-22 11:30,,6.62,300118,6.67,6.59,6.66,,8410.0
2018-08-22 14:00,,6.61,300118,6.65,6.58,6.62,,9149.0
2018-08-22 14:00,{},6.61,300118,6.65,6.58,6.62,10.7736,9149.0
2018-08-22 15:00,{},6.59,300118,6.61,6.58,6.61,10.0623,8545.0
2018-08-22 15:00,,6.59,300118,6.61,6.58,6.61,,8545.0
2018-08-23 10:30,{},6.62,300118,6.64,6.54,6.55,11.4825,9751.0
2018-08-23 10:30,,6.62,300118,6.64,6.54,6.55,,9751.0
2018-08-23 11:30,{},6.58,300118,6.64,6.57,6.62,7.52,6386.0
2018-08-23 11:30,,6.58,300118,6.64,6.57,6.62,,6386.0
2018-08-23 14:00,{},6.63,300118,6.63,6.57,6.58,9.8139,8334.0
2018-08-23 14:00,,6.63,300118,6.63,6.57,6.58,,8334.0
2018-08-23 15:00,,6.62,300118,6.64,6.6,6.63,,17290.0
2018-08-23 15:00,{},6.62,300118,6.64,6.6,6.63,20.3602,17290.0
2018-08-24 10:30,{},6.76,300118,6.84,6.61,6.62,51.5352,43764.0
2018-08-24 10:30,,6.76,300118,6.84,6.61,6.62,,43764.0
2018-08-24 11:30,,6.76,300118,6.79,6.72,6.76,,12641.0
2018-08-24 11:30,{},6.76,300118,6.79,6.72,6.76,14.8857,12641.0
2018-08-24 14:00,,6.76,300118,6.77,6.74,6.76,,7978.0
2018-08-24 14:00,{},6.76,300118,6.77,6.74,6.76,9.3947,7978.0
2018-08-24 15:00,{},6.77,300118,6.79,6.71,6.76,21.692,18421.0
2018-08-24 15:00,,6.77,300118,6.79,6.71,6.76,,18421.0
2018-08-24 15:00,{},6.77,300118,6.79,6.71,6.76,21.691999999999997,18421.0
2018-08-27 10:30,,6.82,300118,6.82,6.71,6.79,,29196.0
2018-08-27 10:30,{},6.82,300118,6.82,6.71,6.79,34.3803,29196.0
2018-08-27 11:30,{},6.82,300118,6.88,6.79,6.82,27.249000000000002,23140.0
2018-08-27 11:30,,6.82,300118,6.88,6.79,6.82,,23140.0
2018-08-27 11:30,{},6.82,300118,6.88,6.79,6.82,27.249,23140.0
2018-08-27 14:00,,6.84,300118,6.84,6.8,6.82,,16161.0
2018-08-27 14:00,{},6.84,300118,6.84,6.8,6.82,19.0307,16161.0
2018-08-27 15:00,{},6.88,300118,6.89,6.81,6.84,27.8566,23656.0
2018-08-27 15:00,,6.88,300118,6.89,6.81,6.84,,23656.0
2018-08-28 10:30,,7.17,300118,7.28,6.92,6.98,,89664.0
2018-08-28 10:30,{},7.17,300118,7.28,6.92,6.98,105.5857,89664.0
2018-08-28 11:30,,7.1,300118,7.17,7.08,7.17,,18189.0
2018-08-28 11:30,{},7.1,300118,7.17,7.08,7.17,21.4188,18189.0
2018-08-28 14:00,,6.98,300118,7.1,6.98,7.1,,18168.0
2018-08-28 14:00,{},6.98,300118,7.1,6.98,7.1,21.3941,18168.0
2018-08-28 15:00,,7.0,300118,7.03,6.97,6.98,,21388.0
2018-08-28 15:00,{},7.0,300118,7.03,6.97,6.98,25.1859,21388.0
2018-08-29 10:30,,6.83,300118,6.98,6.77,6.92,,54311.0
2018-08-29 10:30,{},6.83,300118,6.98,6.77,6.92,63.955,54311.0
2018-08-29 11:30,,6.78,300118,6.85,6.76,6.83,,17316.0
2018-08-29 11:30,{},6.78,300118,6.85,6.76,6.83,20.3908,17316.0
2018-08-29 14:00,{},6.76,300118,6.79,6.73,6.78,13.640999999999998,11584.0
2018-08-29 14:00,,6.76,300118,6.79,6.73,6.78,,11584.0
2018-08-29 15:00,{},6.75,300118,6.8,6.72,6.76,25.8324,21937.0
2018-08-29 15:00,,6.75,300118,6.8,6.72,6.76,,21937.0
2018-08-30 10:30,,6.63,300118,6.78,6.63,6.75,,22100.0
2018-08-30 10:30,{},6.63,300118,6.78,6.63,6.75,26.0243,22100.0
2018-08-30 11:30,{},6.65,300118,6.74,6.57,6.63,32.8295,27879.0
2018-08-30 11:30,,6.65,300118,6.74,6.57,6.63,,27879.0
2018-08-30 14:00,{},6.6,300118,6.67,6.58,6.65,17.9685,15259.0
2018-08-30 14:00,,6.6,300118,6.67,6.58,6.65,,15259.0
2018-08-30 15:00,{},6.57,300118,6.63,6.55,6.6,20.2766,17219.0
2018-08-30 15:00,,6.57,300118,6.63,6.55,6.6,,17219.0
2018-08-31 10:30,,6.35,300118,6.55,6.33,6.55,,37226.0
2018-08-31 10:30,{},6.35,300118,6.55,6.33,6.55,43.8362,37226.0
2018-08-31 11:30,,6.36,300118,6.4,6.32,6.35,,20434.0
2018-08-31 11:30,{},6.36,300118,6.4,6.32,6.35,24.0625,20434.0
2018-08-31 14:00,,6.28,300118,6.37,6.28,6.36,,19158.0
2018-08-31 14:00,{},6.28,300118,6.37,6.28,6.36,22.5599,19158.0
2018-08-31 15:00,,6.23,300118,6.3,6.18,6.28,,31814.0
2018-08-31 15:00,{},6.23,300118,6.3,6.18,6.28,37.4632,31814.0
2018-09-03 10:30,{},6.48,300118,6.85,6.46,6.6,135.4253,115004.0
2018-09-03 10:30,,6.48,300118,6.85,6.46,6.6,,115004.0
2018-09-03 11:30,,6.52,300118,6.58,6.45,6.48,,12353.0
2018-09-03 11:30,{},6.52,300118,6.58,6.45,6.48,14.5465,12353.0
2018-09-03 14:00,{},6.5,300118,6.55,6.48,6.52,12.8885,10945.0
2018-09-03 14:00,,6.5,300118,6.55,6.48,6.52,,10945.0
2018-09-03 15:00,,6.5,300118,6.53,6.45,6.5,,23078.0
2018-09-03 15:00,{},6.5,300118,6.53,6.45,6.5,27.176,23078.0
2018-09-04 10:30,,6.4,300118,6.44,6.27,6.34,,59846.0
2018-09-04 10:30,{},6.4,300118,6.44,6.27,6.34,70.4729,59846.0
2018-09-04 11:30,,6.39,300118,6.43,6.36,6.4,,13485.0
2018-09-04 11:30,{},6.39,300118,6.43,6.36,6.4,15.8795,13485.0
2018-09-04 14:00,,6.5,300118,6.52,6.39,6.39,,18056.0
2018-09-04 14:00,{},6.5,300118,6.52,6.39,6.39,21.2622,18056.0
2018-09-04 15:00,,6.46,300118,6.52,6.45,6.51,,25979.0
2018-09-04 15:00,{},6.46,300118,6.52,6.45,6.51,30.5921,25979.0
2018-09-05 10:30,{},6.6,300118,6.73,6.5,6.59,92.3769,78447.0
2018-09-05 10:30,,6.6,300118,6.73,6.5,6.59,,78447.0
2018-09-05 11:30,{},6.54,300118,6.62,6.51,6.6,18.9448,16088.0
2018-09-05 11:30,,6.54,300118,6.62,6.51,6.6,,16088.0
2018-09-05 14:00,{},6.51,300118,6.55,6.51,6.54,18.5856,15783.0
2018-09-05 14:00,,6.51,300118,6.55,6.51,6.54,,15783.0
2018-09-05 15:00,,6.43,300118,6.53,6.43,6.51,,24430.0
2018-09-05 15:00,{},6.43,300118,6.53,6.43,6.51,28.768,24430.0
2018-09-06 10:30,,6.33,300118,6.36,6.22,6.3,,55909.0
2018-09-06 10:30,{},6.33,300118,6.36,6.22,6.3,65.8368,55909.0
2018-09-06 11:30,,6.32,300118,6.33,6.27,6.33,,19651.0
2018-09-06 11:30,{},6.32,300118,6.33,6.27,6.33,23.1404,19651.0
2018-09-06 14:00,,6.3,300118,6.33,6.28,6.32,,15065.0
2018-09-06 14:00,{},6.3,300118,6.33,6.28,6.32,17.7401,15065.0
2018-09-06 15:00,{},6.31,300118,6.36,6.26,6.3,26.5177,22519.0
2018-09-06 15:00,,6.31,300118,6.36,6.26,6.3,,22519.0
2018-09-07 10:30,{},6.36,300118,6.41,6.29,6.29,36.5153,31009.0
2018-09-07 10:30,,6.36,300118,6.41,6.29,6.29,,31009.0
2018-09-07 11:30,,6.27,300118,6.38,6.27,6.36,,20908.0
2018-09-07 11:30,{},6.27,300118,6.38,6.27,6.36,24.6206,20908.0
2018-09-07 14:00,{},6.3,300118,6.32,6.26,6.27,15.0682,12796.0
2018-09-07 14:00,,6.3,300118,6.32,6.26,6.27,,12796.0
2018-09-07 15:00,{},6.31,300118,6.33,6.26,6.3,25.3837,21556.0
2018-09-07 15:00,,6.31,300118,6.33,6.26,6.3,,21556.0
2018-09-10 10:30,,6.31,300118,6.4,6.25,6.32,,24746.0
2018-09-10 10:30,{},6.31,300118,6.4,6.25,6.32,29.1402,24746.0
2018-09-10 11:30,{},6.32,300118,6.35,6.27,6.31,14.437000000000001,12260.0
2018-09-10 11:30,,6.32,300118,6.35,6.27,6.31,,12260.0
2018-09-10 11:30,{},6.32,300118,6.35,6.27,6.31,14.437,12260.0
2018-09-10 14:00,{},6.32,300118,6.34,6.3,6.32,13.946,11843.0
2018-09-10 14:00,,6.32,300118,6.34,6.3,6.32,,11843.0
2018-09-10 15:00,{},6.28,300118,6.33,6.25,6.32,23.6645,20096.0
2018-09-10 15:00,,6.28,300118,6.33,6.25,6.32,,20096.0
2018-09-11 10:30,,6.14,300118,6.25,6.12,6.21,,30885.0
2018-09-11 10:30,{},6.14,300118,6.25,6.12,6.21,36.3693,30885.0
2018-09-11 11:30,{},6.25,300118,6.26,6.13,6.14,23.2947,19782.0
2018-09-11 11:30,,6.25,300118,6.26,6.13,6.14,,19782.0
2018-09-11 14:00,,6.18,300118,6.25,6.17,6.25,,9320.0
2018-09-11 14:00,{},6.18,300118,6.25,6.17,6.25,10.975,9320.0
2018-09-11 15:00,{},6.22,300118,6.22,6.14,6.17,19.1602,16271.0
2018-09-11 15:00,,6.22,300118,6.22,6.14,6.17,,16271.0
2018-09-12 10:30,{},6.25,300118,6.31,6.16,6.23,33.3394,28312.0
2018-09-12 10:30,,6.25,300118,6.31,6.16,6.23,,28312.0
2018-09-12 11:30,,6.23,300118,6.3,6.21,6.25,,18317.0
2018-09-12 11:30,{},6.23,300118,6.3,6.21,6.25,21.5696,18317.0
2018-09-12 14:00,{},6.24,300118,6.27,6.21,6.23,11.6462,9890.0
2018-09-12 14:00,,6.24,300118,6.27,6.21,6.23,,9890.0
2018-09-12 15:00,,6.26,300118,6.27,6.21,6.24,,12620.0
2018-09-12 15:00,{},6.26,300118,6.27,6.21,6.24,14.8609,12620.0
2018-09-13 10:30,{},6.23,300118,6.3,6.22,6.26,24.2073,20557.0
2018-09-13 10:30,,6.23,300118,6.3,6.22,6.26,,20557.0
2018-09-13 11:30,,6.18,300118,6.24,6.15,6.23,,17197.0
2018-09-13 11:30,{},6.18,300118,6.24,6.15,6.23,20.2507,17197.0
2018-09-13 14:00,{},6.19,300118,6.21,6.16,6.18,13.3466,11334.0
2018-09-13 14:00,,6.19,300118,6.21,6.16,6.18,,11334.0
2018-09-13 15:00,{},6.24,300118,6.25,6.19,6.19,16.99,14428.0
2018-09-13 15:00,,6.24,300118,6.25,6.19,6.19,,14428.0
2018-09-14 10:30,{},6.2,300118,6.25,6.19,6.25,19.7184,16745.0
2018-09-14 10:30,,6.2,300118,6.25,6.19,6.25,,16745.0
2018-09-14 11:30,,6.18,300118,6.21,6.16,6.2,,12718.0
2018-09-14 11:30,{},6.18,300118,6.21,6.16,6.2,14.9763,12718.0
2018-09-14 14:00,{},6.16,300118,6.19,6.15,6.18,17.5411,14896.0
2018-09-14 14:00,,6.16,300118,6.19,6.15,6.18,,14896.0
2018-09-14 15:00,,6.13,300118,6.17,6.13,6.16,,22661.0
2018-09-14 15:00,{},6.13,300118,6.17,6.13,6.16,26.6849,22661.0
2018-09-17 10:30,{},5.99,300118,6.1,5.96,6.1,27.5257,23375.0
2018-09-17 10:30,,5.99,300118,6.1,5.96,6.1,,23375.0
2018-09-17 11:30,{},5.94,300118,6.0,5.91,5.99,22.8908,19439.0
2018-09-17 11:30,,5.94,300118,6.0,5.91,5.99,,19439.0
2018-09-17 14:00,{},5.94,300118,5.96,5.91,5.94,10.226,8684.0
2018-09-17 14:00,,5.94,300118,5.96,5.91,5.94,,8684.0
2018-09-17 15:00,,5.93,300118,5.97,5.9,5.94,,14012.0
2018-09-17 15:00,{},5.93,300118,5.97,5.9,5.94,16.5001,14012.0
2018-09-18 10:30,{},5.99,300118,6.03,5.93,5.95,19.2003,16305.0
2018-09-18 10:30,,5.99,300118,6.03,5.93,5.95,,16305.0
2018-09-18 11:30,,5.95,300118,5.99,5.95,5.99,,5454.0
2018-09-18 11:30,{},5.95,300118,5.99,5.95,5.99,6.4225,5454.0
2018-09-18 14:00,,6.0,300118,6.01,5.94,5.95,,7244.0
2018-09-18 14:00,{},6.0,300118,6.01,5.94,5.95,8.5303,7244.0
2018-09-18 15:00,{},6.02,300118,6.04,6.0,6.0,25.5309,21681.0
2018-09-18 15:00,,6.02,300118,6.04,6.0,6.0,,21681.0
2018-09-19 10:30,,6.05,300118,6.05,5.99,6.02,,17573.0
2018-09-19 10:30,{},6.05,300118,6.05,5.99,6.02,20.6934,17573.0
2018-09-19 11:30,{},6.05,300118,6.08,6.03,6.05,11.4083,9688.0
2018-09-19 11:30,,6.05,300118,6.08,6.03,6.05,,9688.0
2018-09-19 14:00,,6.07,300118,6.1,6.04,6.05,,11942.0
2018-09-19 14:00,{},6.07,300118,6.1,6.04,6.05,14.0625,11942.0
2018-09-19 15:00,,6.08,300118,6.08,6.05,6.07,,17338.0
2018-09-19 15:00,{},6.08,300118,6.08,6.05,6.07,20.4167,17338.0
2018-09-20 10:30,,6.13,300118,6.22,6.11,6.14,,34973.0
2018-09-20 10:30,{},6.13,300118,6.22,6.11,6.14,41.1832,34973.0
2018-09-20 11:30,{},6.11,300118,6.15,6.11,6.13,7.6177,6469.0
2018-09-20 11:30,,6.11,300118,6.15,6.11,6.13,,6469.0
2018-09-20 14:00,{},6.12,300118,6.14,6.11,6.11,5.9832,5081.0
2018-09-20 14:00,,6.12,300118,6.14,6.11,6.11,,5081.0
2018-09-20 15:00,{},6.11,300118,6.12,6.08,6.12,14.7926,12562.0
2018-09-20 15:00,,6.11,300118,6.12,6.08,6.12,,12562.0
2018-09-21 10:30,,6.09,300118,6.15,6.08,6.13,,13220.0
2018-09-21 10:30,{},6.09,300118,6.15,6.08,6.13,15.5675,13220.0
2018-09-21 11:30,,6.14,300118,6.15,6.09,6.09,,11370.0
2018-09-21 11:30,{},6.14,300118,6.15,6.09,6.09,13.389000000000001,11370.0
2018-09-21 11:30,{},6.14,300118,6.15,6.09,6.09,13.389,11370.0
2018-09-21 14:00,{},6.18,300118,6.18,6.13,6.14,17.1442,14559.0
2018-09-21 14:00,,6.18,300118,6.18,6.13,6.14,,14559.0
2018-09-21 15:00,{},6.19,300118,6.21,6.15,6.18,32.1795,27327.0
2018-09-21 15:00,,6.19,300118,6.21,6.15,6.18,,27327.0
2018-09-25 10:30,{},6.14,300118,6.16,6.1,6.15,19.2745,16368.0
2018-09-25 10:30,,6.14,300118,6.16,6.1,6.15,,16368.0
2018-09-25 11:30,,6.14,300118,6.15,6.12,6.14,,8470.0
2018-09-25 11:30,{},6.14,300118,6.15,6.12,6.14,9.974,8470.0
2018-09-25 14:00,{},6.21,300118,6.21,6.12,6.14,14.198,12057.0
2018-09-25 14:00,,6.21,300118,6.21,6.12,6.14,,12057.0
2018-09-25 15:00,,6.18,300118,6.24,6.16,6.21,,24787.0
2018-09-25 15:00,{},6.18,300118,6.24,6.16,6.21,29.1884,24787.0
2018-09-26 10:30,{},6.19,300118,6.21,6.16,6.19,14.2557,12106.0
2018-09-26 10:30,,6.19,300118,6.21,6.16,6.19,,12106.0
2018-09-26 11:30,,6.22,300118,6.22,6.19,6.19,,12896.0
2018-09-26 11:30,{},6.22,300118,6.22,6.19,6.19,15.1859,12896.0
2018-09-26 14:00,,6.27,300118,6.28,6.21,6.22,,31112.0
2018-09-26 14:00,{},6.27,300118,6.28,6.21,6.22,36.6366,31112.0
2018-09-26 15:00,,6.26,300118,6.28,6.23,6.27,,19287.0
2018-09-26 15:00,{},6.26,300118,6.28,6.23,6.27,22.7118,19287.0
2018-09-27 10:30,,6.51,300118,6.59,6.28,6.32,,99835.0
2018-09-27 10:30,{},6.51,300118,6.59,6.28,6.32,117.5627,99835.0
2018-09-27 11:30,,6.55,300118,6.59,6.49,6.51,,31047.0
2018-09-27 11:30,{},6.55,300118,6.59,6.49,6.51,36.56,31047.0
2018-09-27 14:00,,6.54,300118,6.76,6.53,6.55,,48714.0
2018-09-27 14:00,{},6.54,300118,6.76,6.53,6.55,57.3642,48714.0
2018-09-27 15:00,,6.54,300118,6.67,6.53,6.54,,36685.0
2018-09-27 15:00,{},6.54,300118,6.67,6.53,6.54,43.1992,36685.0
2018-09-28 10:30,,6.4,300118,6.5,6.35,6.45,,53185.0
2018-09-28 10:30,{},6.4,300118,6.5,6.35,6.45,62.6291,53185.0
2018-09-28 11:30,,6.43,300118,6.48,6.4,6.4,,16170.0
2018-09-28 11:30,{},6.43,300118,6.48,6.4,6.4,19.0413,16170.0
2018-09-28 14:00,,6.44,300118,6.46,6.39,6.43,,14168.0
2018-09-28 14:00,{},6.44,300118,6.46,6.39,6.43,16.6838,14168.0
2018-09-28 15:00,,6.52,300118,6.55,6.43,6.44,,31857.0
2018-09-28 15:00,{},6.52,300118,6.55,6.43,6.44,37.5139,31857.0
2018-10-08 10:30,{},6.27,300118,6.46,6.24,6.41,50.2422,42666.0
2018-10-08 10:30,,6.27,300118,6.46,6.24,6.41,,42666.0
2018-10-08 11:30,,6.27,300118,6.29,6.22,6.27,,9171.0
2018-10-08 11:30,{},6.27,300118,6.29,6.22,6.27,10.7995,9171.0
2018-10-08 14:00,{},6.25,300118,6.28,6.25,6.27,7.5094,6377.0
2018-10-08 14:00,,6.25,300118,6.28,6.25,6.27,,6377.0
2018-10-08 15:00,,6.15,300118,6.27,6.15,6.25,,19847.0
2018-10-08 15:00,{},6.15,300118,6.27,6.15,6.25,23.3712,19847.0
2018-10-09 10:30,{},6.18,300118,6.22,6.16,6.19,20.5215,17427.0
2018-10-09 10:30,,6.18,300118,6.22,6.16,6.19,,17427.0
2018-10-09 11:30,{},6.17,300118,6.2,6.1,6.18,12.2079,10367.0
2018-10-09 11:30,,6.17,300118,6.2,6.1,6.18,,10367.0
2018-10-09 14:00,{},6.13,300118,6.17,6.09,6.17,17.6247,14967.0
2018-10-09 14:00,,6.13,300118,6.17,6.09,6.17,,14967.0
2018-10-09 15:00,,6.15,300118,6.15,6.1,6.13,,9596.0
2018-10-09 15:00,{},6.15,300118,6.15,6.1,6.13,11.3,9596.0
2018-10-10 10:30,,6.1,300118,6.19,6.1,6.18,,16568.0
2018-10-10 10:30,{},6.1,300118,6.19,6.1,6.18,19.51,16568.0
2018-10-10 11:30,{},6.1,300118,6.11,6.03,6.1,15.5875,13237.0
2018-10-10 11:30,,6.1,300118,6.11,6.03,6.1,,13237.0
2018-10-10 14:00,{},6.09,300118,6.11,6.01,6.1,11.5932,9845.0
2018-10-10 14:00,,6.09,300118,6.11,6.01,6.1,,9845.0
2018-10-10 15:00,{},6.1,300118,6.12,6.07,6.09,9.085,7715.0
2018-10-10 15:00,,6.1,300118,6.12,6.07,6.09,,7715.0
2018-10-11 10:30,,5.83,300118,5.87,5.67,5.81,,29687.0
2018-10-11 10:30,{},5.83,300118,5.87,5.67,5.81,34.9585,29687.0
2018-10-11 11:30,{},5.57,300118,5.83,5.51,5.83,39.1024,33206.0
2018-10-11 11:30,,5.57,300118,5.83,5.51,5.83,,33206.0
2018-10-11 14:00,{},5.57,300118,5.61,5.5,5.57,19.1744,16283.0
2018-10-11 14:00,,5.57,300118,5.61,5.5,5.57,,16283.0
2018-10-11 15:00,{},5.5,300118,5.58,5.49,5.57,38.4053,32614.0
2018-10-11 15:00,,5.5,300118,5.58,5.49,5.57,,32614.0
2018-10-12 10:30,,5.28,300118,5.5,5.24,5.5,,30659.0
2018-10-12 10:30,{},5.28,300118,5.5,5.24,5.5,36.1031,30659.0
2018-10-12 11:30,{},5.29,300118,5.3,5.07,5.28,33.0179,28039.0
2018-10-12 11:30,,5.29,300118,5.3,5.07,5.28,,28039.0
2018-10-12 14:00,{},5.35,300118,5.42,5.29,5.29,14.8892,12644.0
2018-10-12 14:00,,5.35,300118,5.42,5.29,5.29,,12644.0
2018-10-12 15:00,,5.35,300118,5.4,5.32,5.35,,10687.0
2018-10-12 15:00,{},5.35,300118,5.4,5.32,5.35,12.5847,10687.0
2018-10-15 10:30,{},5.39,300118,5.44,5.28,5.4,36.0054,30576.0
2018-10-15 10:30,,5.39,300118,5.44,5.28,5.4,,30576.0
2018-10-15 11:30,,5.33,300118,5.39,5.32,5.39,,5202.0
2018-10-15 11:30,{},5.33,300118,5.39,5.32,5.39,6.1257,5202.0
2018-10-15 14:00,{},5.44,300118,5.48,5.33,5.33,16.2163,13771.0
2018-10-15 14:00,,5.44,300118,5.48,5.33,5.33,,13771.0
2018-10-15 15:00,,5.38,300118,5.53,5.35,5.44,,25188.0
2018-10-15 15:00,{},5.38,300118,5.53,5.35,5.44,29.6606,25188.0
2018-10-16 10:30,{},5.36,300118,5.47,5.35,5.39,12.2703,10420.0
2018-10-16 10:30,,5.36,300118,5.47,5.35,5.39,,10420.0
2018-10-16 11:30,,5.29,300118,5.36,5.24,5.36,,6198.0
2018-10-16 11:30,{},5.29,300118,5.36,5.24,5.36,7.2986,6198.0
2018-10-16 14:00,,5.27,300118,5.32,5.25,5.29,,6329.0
2018-10-16 14:00,{},5.27,300118,5.32,5.25,5.29,7.4528,6329.0
2018-10-16 15:00,{},5.29,300118,5.29,5.23,5.27,9.7856,8310.0
2018-10-16 15:00,,5.29,300118,5.29,5.23,5.27,,8310.0
2018-10-17 10:30,{},5.31,300118,5.37,5.19,5.33,27.7141,23535.0
2018-10-17 10:30,,5.31,300118,5.37,5.19,5.33,,23535.0
2018-10-17 11:30,,5.24,300118,5.32,5.22,5.31,,7956.0
2018-10-17 11:30,{},5.24,300118,5.32,5.22,5.31,9.3687,7956.0
2018-10-17 14:00,{},5.25,300118,5.29,5.14,5.24,15.3614,13045.0
2018-10-17 14:00,,5.25,300118,5.29,5.14,5.24,,13045.0
2018-10-17 15:00,,5.29,300118,5.3,5.23,5.25,,9825.0
2018-10-17 15:00,{},5.29,300118,5.3,5.23,5.25,11.5696,9825.0
2018-10-18 10:30,,5.1,300118,5.26,5.0,5.26,,23716.0
2018-10-18 10:30,{},5.1,300118,5.26,5.0,5.26,27.9273,23716.0
2018-10-18 11:30,,5.08,300118,5.15,5.05,5.1,,8701.0
2018-10-18 11:30,{},5.08,300118,5.15,5.05,5.1,10.246,8701.0
2018-10-18 11:30,{},5.08,300118,5.15,5.05,5.1,10.245999999999999,8701.0
2018-10-18 14:00,{},5.1,300118,5.13,5.05,5.08,7.9003,6709.0
2018-10-18 14:00,,5.1,300118,5.13,5.05,5.08,,6709.0
2018-10-18 15:00,{},5.05,300118,5.12,5.03,5.1,17.2008,14607.0
2018-10-18 15:00,,5.05,300118,5.12,5.03,5.1,,14607.0
2018-10-19 10:30,,5.05,300118,5.05,4.91,4.98,,17838.0
2018-10-19 10:30,{},5.05,300118,5.05,4.91,4.98,21.0055,17838.0
2018-10-19 11:30,{},5.06,300118,5.13,5.04,5.05,13.88,11787.0
2018-10-19 11:30,,5.06,300118,5.13,5.04,5.05,,11787.0
2018-10-19 14:00,,5.14,300118,5.15,5.05,5.06,,10650.0
2018-10-19 14:00,{},5.14,300118,5.15,5.05,5.06,12.5411,10650.0
2018-10-19 15:00,{},5.16,300118,5.16,5.11,5.14,16.9499,14394.0
2018-10-19 15:00,,5.16,300118,5.16,5.11,5.14,,14394.0
2018-10-22 10:30,{},5.34,300118,5.38,5.19,5.2,36.6176,31443.0
2018-10-22 10:30,,5.34,300118,5.38,5.19,5.2,,31443.0
2018-10-22 11:30,,5.44,300118,5.48,5.33,5.34,,15392.0
2018-10-22 11:30,{},5.44,300118,5.48,5.33,5.34,17.9251,15392.0
2018-10-22 14:00,,5.43,300118,5.51,5.42,5.44,,12158.0
2018-10-22 14:00,{},5.43,300118,5.51,5.42,5.44,14.1588,12158.0
2018-10-22 15:00,{},5.38,300118,5.44,5.31,5.43,21.8776,18786.0
2018-10-22 15:00,,5.38,300118,5.44,5.31,5.43,,18786.0
2018-10-23 10:30,,5.39,300118,5.44,5.32,5.4,,19209.0
2018-10-23 10:30,{},5.39,300118,5.44,5.32,5.4,22.3702,19209.0
2018-10-23 11:30,,5.39,300118,5.41,5.36,5.39,,9767.0
2018-10-23 11:30,{},5.39,300118,5.41,5.36,5.39,11.3744,9767.0
2018-10-23 14:00,{},5.33,300118,5.39,5.33,5.39,14.0273,12045.0
2018-10-23 14:00,,5.33,300118,5.39,5.33,5.39,,12045.0
2018-10-23 15:00,{},5.29,300118,5.34,5.26,5.33,20.3742,17495.0
2018-10-23 15:00,,5.29,300118,5.34,5.26,5.33,,17495.0
2018-10-24 10:30,{},5.29,300118,5.35,5.24,5.29,17.6887,15189.0
2018-10-24 10:30,,5.29,300118,5.35,5.24,5.29,,15189.0
2018-10-24 11:30,{},5.33,300118,5.34,5.28,5.29,11.1682,9590.0
2018-10-24 11:30,,5.33,300118,5.34,5.28,5.29,,9590.0
2018-10-24 14:00,,5.28,300118,5.35,5.27,5.33,,9969.0
2018-10-24 14:00,{},5.28,300118,5.35,5.27,5.33,11.6096,9969.0
2018-10-24 15:00,,5.28,300118,5.3,5.26,5.28,,10561.0
2018-10-24 15:00,{},5.28,300118,5.3,5.26,5.28,12.299000000000001,10561.0
2018-10-24 15:00,{},5.28,300118,5.3,5.26,5.28,12.299,10561.0
2018-10-25 10:30,,5.16,300118,5.17,5.06,5.09,,20869.0
2018-10-25 10:30,{},5.16,300118,5.17,5.06,5.09,24.3034,20869.0
2018-10-25 11:30,,5.15,300118,5.15,5.08,5.15,,9973.0
2018-10-25 11:30,{},5.15,300118,5.15,5.08,5.15,11.6143,9973.0
2018-10-25 14:00,,5.15,300118,5.15,5.1,5.15,,6648.0
2018-10-25 14:00,{},5.15,300118,5.15,5.1,5.15,7.7421,6648.0
2018-10-25 15:00,,5.22,300118,5.25,5.15,5.15,,13871.0
2018-10-25 15:00,{},5.22,300118,5.25,5.15,5.15,16.1538,13871.0
2018-10-26 10:30,,5.33,300118,5.37,5.24,5.24,,24019.0
2018-10-26 10:30,{},5.33,300118,5.37,5.24,5.24,27.9718,24019.0
2018-10-26 11:30,,5.3,300118,5.34,5.29,5.33,,8147.0
2018-10-26 11:30,{},5.3,300118,5.34,5.29,5.33,9.4878,8147.0
2018-10-26 14:00,,5.38,300118,5.39,5.3,5.3,,17848.0
2018-10-26 14:00,{},5.38,300118,5.39,5.3,5.3,20.7853,17848.0
2018-10-26 15:00,{},5.37,300118,5.4,5.34,5.38,17.9519,15415.0
2018-10-26 15:00,,5.37,300118,5.4,5.34,5.38,,15415.0
2018-10-29 10:30,,5.43,300118,5.47,5.32,5.35,,25507.0
2018-10-29 10:30,{},5.43,300118,5.47,5.32,5.35,29.7047,25507.0
2018-10-29 11:30,,5.41,300118,5.45,5.41,5.43,,9852.0
2018-10-29 11:30,{},5.41,300118,5.45,5.41,5.43,11.4733,9852.0
2018-10-29 14:00,{},5.36,300118,5.44,5.36,5.41,11.5129,9886.0
2018-10-29 14:00,,5.36,300118,5.44,5.36,5.41,,9886.0
2018-10-29 15:00,{},5.52,300118,5.64,5.36,5.36,70.7279,60733.0
2018-10-29 15:00,,5.52,300118,5.64,5.36,5.36,,60733.0
2018-10-30 10:30,,5.54,300118,5.59,5.43,5.47,,24643.0
2018-10-30 10:30,{},5.54,300118,5.59,5.43,5.47,28.6985,24643.0
2018-10-30 11:30,{},5.59,300118,5.6,5.54,5.54,19.0722,16377.0
2018-10-30 11:30,,5.59,300118,5.6,5.54,5.54,,16377.0
2018-10-30 14:00,,5.59,300118,5.61,5.55,5.59,,12920.0
2018-10-30 14:00,{},5.59,300118,5.61,5.55,5.59,15.0463,12920.0
2018-10-30 15:00,{},5.55,300118,5.65,5.55,5.59,20.2018,17347.0
2018-10-30 15:00,,5.55,300118,5.65,5.55,5.59,,17347.0
2018-10-31 10:30,{},5.62,300118,5.66,5.53,5.58,23.8586,20487.0
2018-10-31 10:30,,5.62,300118,5.66,5.53,5.58,,20487.0
2018-10-31 11:30,{},5.64,300118,5.66,5.61,5.62,19.545,16783.0
2018-10-31 11:30,,5.64,300118,5.66,5.61,5.62,,16783.0
2018-10-31 14:00,,5.67,300118,5.68,5.61,5.64,,14855.0
2018-10-31 14:00,{},5.67,300118,5.68,5.61,5.64,17.2997,14855.0
2018-10-31 15:00,,5.69,300118,5.75,5.59,5.67,,43011.0
2018-10-31 15:00,{},5.69,300118,5.75,5.59,5.67,50.0893,43011.0
2018-11-01 10:30,{},5.73,300118,5.74,5.67,5.71,26.4823,22740.0
2018-11-01 10:30,,5.73,300118,5.74,5.67,5.71,,22740.0
2018-11-01 11:30,,5.75,300118,5.76,5.71,5.73,,8432.0
2018-11-01 11:30,{},5.75,300118,5.76,5.71,5.73,9.8197,8432.0
2018-11-01 14:00,{},5.73,300118,5.78,5.71,5.75,13.0187,11179.0
2018-11-01 14:00,,5.73,300118,5.78,5.71,5.75,,11179.0
2018-11-01 15:00,{},5.67,300118,5.76,5.67,5.73,23.3857,20081.0
2018-11-01 15:00,,5.67,300118,5.76,5.67,5.73,,20081.0
2018-11-02 10:30,{},5.84,300118,5.87,5.7,5.77,46.6632,40069.0
2018-11-02 10:30,,5.84,300118,5.87,5.7,5.77,,40069.0
2018-11-02 11:30,{},5.89,300118,5.91,5.84,5.84,23.8655,20493.0
2018-11-02 11:30,,5.89,300118,5.91,5.84,5.84,,20493.0
2018-11-02 14:00,{},5.89,300118,5.89,5.84,5.89,15.0136,12892.0
2018-11-02 14:00,,5.89,300118,5.89,5.84,5.89,,12892.0
2018-11-02 15:00,,5.92,300118,5.99,5.87,5.89,,33723.0
2018-11-02 15:00,{},5.92,300118,5.99,5.87,5.89,39.2728,33723.0
2018-11-05 10:30,{},6.27,300118,6.35,6.03,6.1,85.4818,73402.0
2018-11-05 10:30,,6.27,300118,6.35,6.03,6.1,,73402.0
2018-11-05 11:30,{},6.2,300118,6.29,6.2,6.27,22.609,19414.0
2018-11-05 11:30,,6.2,300118,6.29,6.2,6.27,,19414.0
2018-11-05 14:00,{},6.3,300118,6.35,6.16,6.2,43.6306,37465.0
2018-11-05 14:00,,6.3,300118,6.35,6.16,6.2,,37465.0
2018-11-05 15:00,{},6.34,300118,6.38,6.28,6.3,34.5167,29639.0
2018-11-05 15:00,,6.34,300118,6.38,6.28,6.3,,29639.0
2018-11-06 10:30,{},6.27,300118,6.33,6.21,6.3,42.2145,36249.0
2018-11-06 10:30,,6.27,300118,6.33,6.21,6.3,,36249.0
2018-11-06 11:30,{},6.25,300118,6.29,6.25,6.27,11.5607,9927.0
2018-11-06 11:30,,6.25,300118,6.29,6.25,6.27,,9927.0
2018-11-06 14:00,{},6.24,300118,6.26,6.21,6.25,21.8159,18733.0
2018-11-06 14:00,,6.24,300118,6.26,6.21,6.25,,18733.0
2018-11-06 15:00,,6.26,300118,6.28,6.22,6.24,,14825.0
2018-11-06 15:00,{},6.26,300118,6.28,6.22,6.24,17.2648,14825.0
2018-11-07 10:30,,6.5,300118,6.65,6.21,6.22,,67348.0
2018-11-07 10:30,{},6.5,300118,6.65,6.21,6.22,78.4315,67348.0
2018-11-07 11:30,{},6.54,300118,6.56,6.48,6.5,14.8203,12726.0
2018-11-07 11:30,,6.54,300118,6.56,6.48,6.5,,12726.0
2018-11-07 14:00,,6.4,300118,6.55,6.38,6.54,,17546.0
2018-11-07 14:00,{},6.4,300118,6.55,6.38,6.54,20.4336,17546.0
2018-11-07 15:00,{},6.39,300118,6.44,6.36,6.4,20.7154,17788.0
2018-11-07 15:00,,6.39,300118,6.44,6.36,6.4,,17788.0
2018-11-08 10:30,{},6.31,300118,6.47,6.24,6.41,52.5687,45140.0
2018-11-08 10:30,,6.31,300118,6.47,6.24,6.41,,45140.0
2018-11-08 11:30,,6.32,300118,6.37,6.29,6.31,,8221.0
2018-11-08 11:30,{},6.32,300118,6.37,6.29,6.31,9.5739,8221.0
2018-11-08 14:00,,6.27,300118,6.35,6.25,6.32,,9836.0
2018-11-08 14:00,{},6.27,300118,6.35,6.25,6.32,11.4547,9836.0
2018-11-08 15:00,,6.2,300118,6.29,6.18,6.27,,22921.0
2018-11-08 15:00,{},6.2,300118,6.29,6.18,6.27,26.6931,22921.0
2018-11-09 10:30,{},6.32,300118,6.35,6.08,6.21,27.5992,23699.0
2018-11-09 10:30,,6.32,300118,6.35,6.08,6.21,,23699.0
2018-11-09 11:30,,6.29,300118,6.34,6.28,6.32,,9116.0
2018-11-09 11:30,{},6.29,300118,6.34,6.28,6.32,10.6162,9116.0
2018-11-09 14:00,,6.27,300118,6.32,6.26,6.29,,8801.0
2018-11-09 14:00,{},6.27,300118,6.32,6.26,6.29,10.2494,8801.0
2018-11-09 15:00,{},6.25,300118,6.3,6.25,6.27,15.0101,12889.0
2018-11-09 15:00,,6.25,300118,6.3,6.25,6.27,,12889.0
2018-11-12 10:30,,6.45,300118,6.58,6.3,6.3,,48228.0
2018-11-12 10:30,{},6.45,300118,6.58,6.3,6.3,56.1649,48228.0
2018-11-12 11:30,,6.49,300118,6.53,6.44,6.45,,13300.0
2018-11-12 11:30,{},6.49,300118,6.53,6.44,6.45,15.4888,13300.0
2018-11-12 14:00,,6.49,300118,6.53,6.44,6.49,,11406.0
2018-11-12 14:00,{},6.49,300118,6.53,6.44,6.49,13.2831,11406.0
2018-11-12 15:00,,6.53,300118,6.53,6.48,6.49,,21508.0
2018-11-12 15:00,{},6.53,300118,6.53,6.48,6.49,25.0476,21508.0
2018-11-13 10:30,,6.52,300118,6.58,6.41,6.42,,40441.0
2018-11-13 10:30,{},6.52,300118,6.58,6.41,6.42,47.0964,40441.0
2018-11-13 11:30,{},6.52,300118,6.55,6.45,6.52,23.6,20265.0
2018-11-13 11:30,,6.52,300118,6.55,6.45,6.52,,20265.0
2018-11-13 14:00,{},6.66,300118,6.69,6.52,6.52,43.492,37346.0
2018-11-13 14:00,,6.66,300118,6.69,6.52,6.52,,37346.0
2018-11-13 15:00,{},6.63,300118,6.71,6.58,6.66,48.5905,41724.0
2018-11-13 15:00,,6.63,300118,6.71,6.58,6.66,,41724.0
2018-11-14 10:30,{},6.64,300118,6.75,6.57,6.65,36.6292,31453.0
2018-11-14 10:30,,6.64,300118,6.75,6.57,6.65,,31453.0
2018-11-14 11:30,,6.71,300118,6.72,6.62,6.64,,15009.0
2018-11-14 11:30,{},6.71,300118,6.72,6.62,6.64,17.479,15009.0
2018-11-14 14:00,{},6.7,300118,6.78,6.67,6.71,42.5429,36531.0
2018-11-14 14:00,,6.7,300118,6.78,6.67,6.71,,36531.0
2018-11-14 15:00,{},6.66,300118,6.72,6.66,6.7,26.211,22507.0
2018-11-14 15:00,,6.66,300118,6.72,6.66,6.7,,22507.0
2018-11-15 10:30,{},6.66,300118,6.7,6.58,6.67,33.0971,28420.0
2018-11-15 10:30,,6.66,300118,6.7,6.58,6.67,,28420.0
2018-11-15 11:30,,6.59,300118,6.66,6.56,6.66,,19016.0
2018-11-15 11:30,{},6.59,300118,6.66,6.56,6.66,22.1455,19016.0
2018-11-15 14:00,{},6.69,300118,6.69,6.58,6.59,18.7263,16080.0
2018-11-15 14:00,,6.69,300118,6.69,6.58,6.59,,16080.0
2018-11-15 15:00,,6.73,300118,6.78,6.68,6.69,,31231.0
2018-11-15 15:00,{},6.73,300118,6.78,6.68,6.69,36.3707,31231.0
2018-11-16 10:30,,6.71,300118,6.73,6.63,6.71,,18980.0
2018-11-16 10:30,{},6.71,300118,6.73,6.63,6.71,22.1035,18980.0
2018-11-16 11:30,,6.89,300118,6.91,6.68,6.71,,26312.0
2018-11-16 11:30,{},6.89,300118,6.91,6.68,6.71,30.6422,26312.0
2018-11-16 14:00,{},6.86,300118,6.94,6.81,6.89,20.5896,17680.0
2018-11-16 14:00,,6.86,300118,6.94,6.81,6.89,,17680.0
2018-11-16 15:00,{},6.75,300118,6.88,6.73,6.86,29.0211,24920.0
2018-11-16 15:00,,6.75,300118,6.88,6.73,6.86,,24920.0
2018-11-19 10:30,,6.69,300118,6.83,6.65,6.68,,28136.0
2018-11-19 10:30,{},6.69,300118,6.83,6.65,6.68,32.7664,28136.0
2018-11-19 11:30,{},6.67,300118,6.74,6.65,6.69,15.2652,13108.0
2018-11-19 11:30,,6.67,300118,6.74,6.65,6.69,,13108.0
2018-11-19 14:00,{},6.71,300118,6.73,6.66,6.67,10.374,8908.0
2018-11-19 14:00,,6.71,300118,6.73,6.66,6.67,,8908.0
2018-11-19 15:00,{},6.73,300118,6.77,6.7,6.71,17.8005,15285.0
2018-11-19 15:00,,6.73,300118,6.77,6.7,6.71,,15285.0
2018-11-20 10:30,,6.59,300118,6.72,6.56,6.72,,35522.0
2018-11-20 10:30,{},6.59,300118,6.72,6.56,6.72,41.3679,35522.0
2018-11-20 11:30,,6.51,300118,6.62,6.5,6.59,,20715.0
2018-11-20 11:30,{},6.51,300118,6.62,6.5,6.59,24.1241,20715.0
2018-11-20 14:00,,6.52,300118,6.53,6.43,6.51,,14629.0
2018-11-20 14:00,{},6.52,300118,6.53,6.43,6.51,17.0365,14629.0
2018-11-20 15:00,{},6.41,300118,6.53,6.41,6.52,28.0731,24106.0
2018-11-20 15:00,,6.41,300118,6.53,6.41,6.52,,24106.0
2018-11-21 10:30,,6.53,300118,6.6,6.23,6.23,,38519.0
2018-11-21 10:30,{},6.53,300118,6.6,6.23,6.23,44.8581,38519.0
2018-11-21 11:30,,6.74,300118,6.77,6.51,6.53,,42840.0
2018-11-21 11:30,{},6.74,300118,6.77,6.51,6.53,49.8902,42840.0
2018-11-21 14:00,,6.78,300118,6.79,6.7,6.74,,28449.0
2018-11-21 14:00,{},6.78,300118,6.79,6.7,6.74,33.1309,28449.0
2018-11-21 15:00,{},6.79,300118,6.79,6.68,6.78,31.957,27441.0
2018-11-21 15:00,,6.79,300118,6.79,6.68,6.78,,27441.0
2018-11-21 15:00,{},6.79,300118,6.79,6.68,6.78,31.956999999999997,27441.0
2018-11-22 10:30,{},6.65,300118,7.01,6.65,6.96,61.4625,52777.0
2018-11-22 10:30,,6.65,300118,7.01,6.65,6.96,,52777.0
2018-11-22 11:30,,6.61,300118,6.71,6.61,6.65,,25283.0
2018-11-22 11:30,{},6.61,300118,6.71,6.61,6.65,29.4438,25283.0
2018-11-22 14:00,{},6.65,300118,6.68,6.56,6.61,18.979,16297.0
2018-11-22 14:00,,6.65,300118,6.68,6.56,6.61,,16297.0
2018-11-22 15:00,{},6.61,300118,6.67,6.55,6.65,30.8402,26482.0
2018-11-22 15:00,,6.61,300118,6.67,6.55,6.65,,26482.0
2018-11-23 10:30,,6.47,300118,6.68,6.46,6.66,,26662.0
2018-11-23 10:30,{},6.47,300118,6.68,6.46,6.66,31.0498,26662.0
2018-11-23 11:30,{},6.43,300118,6.52,6.42,6.47,15.1767,13032.0
2018-11-23 11:30,,6.43,300118,6.52,6.42,6.47,,13032.0
2018-11-23 14:00,{},6.29,300118,6.45,6.22,6.43,27.1054,23275.0
2018-11-23 14:00,,6.29,300118,6.45,6.22,6.43,,23275.0
2018-11-23 15:00,,6.28,300118,6.39,6.28,6.29,,22629.0
2018-11-23 15:00,{},6.28,300118,6.39,6.28,6.29,26.3531,22629.0
2018-11-26 10:30,{},6.29,300118,6.39,6.27,6.27,27.9788,24025.0
2018-11-26 10:30,,6.29,300118,6.39,6.27,6.27,,24025.0
2018-11-26 11:30,,6.24,300118,6.3,6.17,6.29,,20023.0
2018-11-26 11:30,{},6.24,300118,6.3,6.17,6.29,23.3182,20023.0
2018-11-26 14:00,,6.18,300118,6.26,6.17,6.24,,5266.0
2018-11-26 14:00,{},6.18,300118,6.26,6.17,6.24,6.1326,5266.0
2018-11-26 15:00,,6.17,300118,6.2,6.11,6.18,,15248.0
2018-11-26 15:00,{},6.17,300118,6.2,6.11,6.18,17.7574,15248.0
2018-11-27 10:30,{},6.21,300118,6.28,6.17,6.19,20.8097,17869.0
2018-11-27 10:30,,6.21,300118,6.28,6.17,6.19,,17869.0
2018-11-27 11:30,,6.19,300118,6.22,6.17,6.21,,5138.0
2018-11-27 11:30,{},6.19,300118,6.22,6.17,6.21,5.9836,5138.0
2018-11-27 14:00,,6.14,300118,6.21,6.12,6.19,,8364.0
2018-11-27 14:00,{},6.14,300118,6.21,6.12,6.19,9.7405,8364.0
2018-11-27 15:00,{},6.16,300118,6.23,6.13,6.14,21.5224,18481.0
2018-11-27 15:00,,6.16,300118,6.23,6.13,6.14,,18481.0
2018-11-28 10:30,,6.12,300118,6.21,6.06,6.16,,20115.0
2018-11-28 10:30,{},6.12,300118,6.21,6.06,6.16,23.4253,20115.0
2018-11-28 11:30,,6.3,300118,6.33,6.08,6.12,,19177.0
2018-11-28 11:30,{},6.3,300118,6.33,6.08,6.12,22.333,19177.0
2018-11-28 11:30,{},6.3,300118,6.33,6.08,6.12,22.333000000000002,19177.0
2018-11-28 14:00,,6.3,300118,6.33,6.27,6.3,,10538.0
2018-11-28 14:00,{},6.3,300118,6.33,6.27,6.3,12.2722,10538.0
2018-11-28 15:00,{},6.3,300118,6.31,6.26,6.3,13.3949,11502.0
2018-11-28 15:00,,6.3,300118,6.31,6.26,6.3,,11502.0
2018-11-29 10:30,{},6.26,300118,6.36,6.25,6.33,20.2926,17425.0
2018-11-29 10:30,,6.26,300118,6.36,6.25,6.33,,17425.0
2018-11-29 11:30,{},6.25,300118,6.26,6.21,6.26,8.8542,7603.0
2018-11-29 11:30,,6.25,300118,6.26,6.21,6.26,,7603.0
2018-11-29 14:00,,6.17,300118,6.25,6.16,6.25,,9816.0
2018-11-29 14:00,{},6.17,300118,6.25,6.16,6.25,11.4314,9816.0
2018-11-29 15:00,,6.1,300118,6.18,6.09,6.17,,15052.0
2018-11-29 15:00,{},6.1,300118,6.18,6.09,6.17,17.5291,15052.0
2018-11-30 10:30,,6.09,300118,6.15,6.04,6.04,,13021.0
2018-11-30 10:30,{},6.09,300118,6.15,6.04,6.04,15.1639,13021.0
2018-11-30 11:30,{},6.07,300118,6.11,6.03,6.09,16.4752,14147.0
2018-11-30 11:30,,6.07,300118,6.11,6.03,6.09,,14147.0
2018-11-30 14:00,,6.06,300118,6.08,5.98,6.07,,12848.0
2018-11-30 14:00,{},6.06,300118,6.08,5.98,6.07,14.9624,12848.0
2018-11-30 15:00,,6.12,300118,6.17,6.04,6.06,,14455.0
2018-11-30 15:00,{},6.12,300118,6.17,6.04,6.06,16.8339,14455.0
2018-12-03 10:30,{},6.3,300118,6.33,6.21,6.21,30.0878,25836.0
2018-12-03 10:30,,6.3,300118,6.33,6.21,6.21,,25836.0
2018-12-03 11:30,,6.33,300118,6.33,6.29,6.3,,9298.0
2018-12-03 11:30,{},6.33,300118,6.33,6.29,6.3,10.8282,9298.0
2018-12-03 14:00,,6.32,300118,6.34,6.31,6.33,,7957.0
2018-12-03 14:00,{},6.32,300118,6.34,6.31,6.33,9.2665,7957.0
2018-12-03 15:00,,6.33,300118,6.38,6.32,6.32,,13502.0
2018-12-03 15:00,{},6.33,300118,6.38,6.32,6.32,15.724,13502.0
2018-12-04 10:30,{},6.27,300118,6.36,6.26,6.33,18.2302,15654.0
2018-12-04 10:30,,6.27,300118,6.36,6.26,6.33,,15654.0
2018-12-04 11:30,,6.27,300118,6.31,6.26,6.27,,9063.0
2018-12-04 11:30,{},6.27,300118,6.31,6.26,6.27,10.5545,9063.0
2018-12-04 14:00,,6.26,300118,6.29,6.21,6.27,,20862.0
2018-12-04 14:00,{},6.26,300118,6.29,6.21,6.27,24.2953,20862.0
2018-12-04 15:00,{},6.32,300118,6.33,6.25,6.26,12.5296,10759.0
2018-12-04 15:00,,6.32,300118,6.33,6.25,6.26,,10759.0
2018-12-05 10:30,{},6.25,300118,6.27,6.15,6.18,18.5237,15906.0
2018-12-05 10:30,,6.25,300118,6.27,6.15,6.18,,15906.0
2018-12-05 11:30,,6.41,300118,6.43,6.24,6.25,,34215.0
2018-12-05 11:30,{},6.41,300118,6.43,6.24,6.25,39.8458,34215.0
2018-12-05 14:00,,6.31,300118,6.43,6.31,6.41,,16380.0
2018-12-05 14:00,{},6.31,300118,6.43,6.31,6.41,19.0757,16380.0
2018-12-05 15:00,,6.4,300118,6.41,6.3,6.31,,25725.0
2018-12-05 15:00,{},6.4,300118,6.41,6.3,6.31,29.9586,25725.0
2018-12-06 10:30,{},6.34,300118,6.39,6.24,6.36,38.2026,32804.0
2018-12-06 10:30,,6.34,300118,6.39,6.24,6.36,,32804.0
2018-12-06 11:30,{},6.26,300118,6.36,6.24,6.34,32.7011,28080.0
2018-12-06 11:30,,6.26,300118,6.36,6.24,6.34,,28080.0
2018-12-06 14:00,{},6.18,300118,6.27,6.17,6.26,22.1548,19024.0
2018-12-06 14:00,,6.18,300118,6.27,6.17,6.26,,19024.0
2018-12-06 15:00,,6.2,300118,6.24,6.16,6.18,,20246.0
2018-12-06 15:00,{},6.2,300118,6.24,6.16,6.18,23.5779,20246.0
2018-12-07 10:30,{},6.26,300118,6.28,6.17,6.2,23.4859,20167.0
2018-12-07 10:30,,6.26,300118,6.28,6.17,6.2,,20167.0
2018-12-07 11:30,,6.27,300118,6.29,6.21,6.26,,9868.0
2018-12-07 11:30,{},6.27,300118,6.29,6.21,6.26,11.492,9868.0
2018-12-07 14:00,{},6.29,300118,6.3,6.22,6.27,13.5474,11633.0
2018-12-07 14:00,,6.29,300118,6.3,6.22,6.27,,11633.0
2018-12-07 15:00,{},6.26,300118,6.31,6.24,6.29,14.4255,12387.0
2018-12-07 15:00,,6.26,300118,6.31,6.24,6.29,,12387.0
2018-12-10 10:30,{},6.23,300118,6.28,6.18,6.18,12.9698,11137.0
2018-12-10 11:30,{},6.22,300118,6.25,6.2,6.23,7.1749,6161.0
2018-12-10 14:00,{},6.22,300118,6.24,6.18,6.22,6.8686,5898.0
2018-12-10 15:00,{},6.16,300118,6.23,6.15,6.22,9.4447,8110.0
2018-12-11 10:30,{},6.2,300118,6.24,6.16,6.22,14.0855,12095.0
2018-12-11 11:30,{},6.21,300118,6.22,6.17,6.2,5.3407,4586.0
2018-12-11 14:00,{},6.13,300118,6.22,6.13,6.21,11.372,9765.0
2018-12-11 15:00,{},6.14,300118,6.19,6.12,6.13,14.054,12068.0
2018-12-12 10:30,{},6.18,300118,6.2,6.16,6.17,11.3126,9714.0
2018-12-12 11:30,{},6.15,300118,6.19,6.12,6.18,7.027,6034.0
2018-12-12 14:00,{},6.13,300118,6.16,6.1,6.15,10.9213,9378.0
2018-12-12 15:00,{},6.15,300118,6.17,6.12,6.13,9.7556,8377.0
2018-12-13 10:30,{},6.16,300118,6.16,6.09,6.16,13.2284,11359.0
2018-12-13 11:30,{},6.22,300118,6.22,6.16,6.16,8.427999999999999,7237.0
2018-12-13 14:00,{},6.2,300118,6.23,6.17,6.22,10.282,8829.0
2018-12-13 15:00,{},6.16,300118,6.2,6.14,6.2,9.1966,7897.0
2018-12-14 10:30,{},6.12,300118,6.2,6.11,6.18,9.1512,7858.0
2018-12-14 11:30,{},6.1,300118,6.13,6.09,6.12,8.3278,7151.0
2018-12-14 14:00,{},6.02,300118,6.1,6.02,6.1,12.6903,10897.0
2018-12-14 15:00,{},6.0,300118,6.06,5.97,6.02,20.1389,17293.0
2018-12-17 10:30,{},5.81,300118,5.95,5.79,5.95,25.4948,21892.0
2018-12-17 11:30,{},5.88,300118,5.91,5.81,5.81,11.0064,9451.0
2018-12-17 14:00,{},5.87,300118,5.93,5.86,5.88,9.3329,8014.0
2018-12-17 15:00,{},5.93,300118,5.93,5.86,5.87,8.3278,7151.0
2018-12-18 10:30,{},5.94,300118,5.97,5.86,5.86,12.3083,10569.0
2018-12-18 11:30,{},5.93,300118,6.0,5.92,5.94,14.4954,12447.0
2018-12-18 14:00,{},5.93,300118,5.98,5.9,5.93,8.2952,7123.0
2018-12-18 15:00,{},5.99,300118,6.01,5.93,5.93,13.4193,11523.0
2018-12-19 10:30,{},5.91,300118,6.0,5.9,5.96,12.7078,10912.0
2018-12-19 11:30,{},5.94,300118,5.94,5.89,5.91,5.9987,5151.0
2018-12-19 14:00,{},5.89,300118,5.95,5.89,5.94,5.9265,5089.0
2018-12-19 15:00,{},5.83,300118,5.91,5.82,5.89,21.0158,18046.0
2018-12-20 10:30,{},5.92,300118,5.94,5.81,5.85,15.2943,13133.0
2018-12-20 11:30,{},5.93,300118,5.96,5.91,5.92,6.7766,5819.0
2018-12-20 14:00,{},5.93,300118,5.95,5.87,5.93,11.5316,9902.0
2018-12-20 15:00,{},5.93,300118,5.95,5.91,5.93,11.1019,9533.0
2018-12-21 10:30,{},5.95,300118,5.98,5.91,5.94,11.3196,9720.0
2018-12-21 11:30,{},5.93,300118,5.97,5.9,5.95,7.0002,6011.0
2018-12-21 14:00,{},5.92,300118,5.95,5.87,5.93,4.7887,4112.0
2018-12-21 15:00,{},5.98,300118,5.99,5.86,5.92,14.3999,12365.0
2018-12-24 10:30,{},6.0,300118,6.0,5.9,5.94,15.5039,13313.0
2018-12-24 11:30,{},5.96,300118,6.01,5.95,6.0,3.6404,3126.0
2018-12-24 14:00,{},5.96,300118,5.99,5.95,5.96,4.5372,3896.0
2018-12-24 15:00,{},5.95,300118,5.98,5.91,5.96,9.7777,8396.0
2018-12-25 10:30,{},5.81,300118,5.91,5.77,5.9,17.6782,15180.0
2018-12-25 11:30,{},5.75,300118,5.83,5.75,5.81,7.5173,6455.0
2018-12-25 14:00,{},5.81,300118,5.84,5.75,5.75,4.9017,4209.0
2018-12-25 15:00,{},5.94,300118,5.98,5.81,5.81,12.1465,10430.0
2018-12-26 10:30,{},5.9,300118,5.96,5.88,5.94,8.7028,5940.0
2018-12-26 11:30,{},5.95,300118,5.96,5.9,5.9,8.0684,5507.0
2018-12-26 14:00,{},5.9,300118,5.95,5.89,5.95,5.5235,3770.0
2018-12-26 15:00,{},5.88,300118,5.93,5.88,5.9,8.3218,5680.0
2018-12-27 10:30,{},5.95,300118,6.0,5.92,5.96,10.9327,7462.0
2018-12-27 11:30,{},5.92,300118,5.95,5.91,5.95,4.6151,3150.0
2018-12-27 14:00,{},5.86,300118,5.93,5.86,5.92,5.9645,4071.0
2018-12-27 15:00,{},5.8,300118,5.9,5.77,5.86,13.9186,9500.0
2018-12-28 10:30,{},5.76,300118,5.84,5.7,5.8,15.7383,10742.0
2018-12-28 11:30,{},5.71,300118,5.78,5.71,5.76,8.2559,5635.0
2018-12-28 14:00,{},5.74,300118,5.76,5.7,5.71,4.1404,2826.0
2018-12-28 15:00,{},5.69,300118,5.74,5.66,5.74,16.4723,11243.0
2019-01-02 10:30,{},5.68,300118,5.74,5.66,5.69,14.6438,9995.0
2019-01-02 11:30,{},5.69,300118,5.74,5.67,5.68,8.6691,5917.0
2019-01-02 14:00,{},5.72,300118,5.75,5.64,5.69,13.7017,9352.0
2019-01-02 15:00,{},5.72,300118,5.73,5.69,5.72,9.806000000000001,6693.0
2019-01-02 15:00,{},5.72,300118,5.73,5.69,5.72,9.806,6693.0
2019-01-03 10:30,{},5.7,300118,5.78,5.68,5.72,15.7807,10771.0
2019-01-03 11:30,{},5.67,300118,5.72,5.65,5.7,6.3146,4310.0
2019-01-03 14:00,{},5.69,300118,5.7,5.66,5.67,4.6796,3194.0
2019-01-03 15:00,{},5.65,300118,5.74,5.65,5.69,12.0213,8205.0
2019-01-04 10:30,{},5.62,300118,5.69,5.57,5.61,30.9637,21134.0
2019-01-04 11:30,{},5.74,300118,5.74,5.59,5.62,22.217,15164.0
2019-01-04 14:00,{},5.81,300118,5.82,5.72,5.74,25.1941,17196.0
2019-01-04 15:00,{},5.79,300118,5.83,5.79,5.81,13.86,9460.0
2019-01-07 10:30,{},5.92,300118,5.96,5.82,5.85,29.0825,19850.0
2019-01-07 11:30,{},6.03,300118,6.03,5.91,5.92,26.5464,18119.0
2019-01-07 14:00,{},6.03,300118,6.05,6.0,6.03,11.9758,8174.0
2019-01-07 15:00,{},6.06,300118,6.16,6.02,6.03,33.7841,23059.0
2019-01-08 10:30,{},6.15,300118,6.16,6.07,6.13,27.9705,19091.0
2019-01-08 11:30,{},6.11,300118,6.15,6.07,6.15,13.2373,9035.0
2019-01-08 14:00,{},6.12,300118,6.13,6.09,6.11,11.9758,8174.0
2019-01-08 15:00,{},6.15,300118,6.15,6.11,6.12,18.7036,12766.0
2019-01-09 10:30,{},6.16,300118,6.2,6.11,6.19,31.2626,21338.0
2019-01-09 11:30,{},6.14,300118,6.19,6.14,6.16,14.3772,9813.0
2019-01-09 14:00,{},6.17,300118,6.18,6.14,6.14,9.9891,6818.0
2019-01-09 15:00,{},6.11,300118,6.18,6.09,6.17,17.7865,12140.0
2019-01-10 10:30,{},6.54,300118,6.72,6.11,6.11,151.3243,103285.0
2019-01-10 11:30,{},6.47,300118,6.55,6.44,6.54,25.7362,17566.0
2019-01-10 14:00,{},6.46,300118,6.55,6.45,6.47,25.8915,17672.0
2019-01-10 15:00,{},6.4,300118,6.52,6.37,6.46,38.9515,26586.0
2019-01-11 10:30,{},6.32,300118,6.48,6.31,6.34,69.1212,47178.0
2019-01-11 11:30,{},6.35,300118,6.35,6.3,6.32,13.9274,9506.0
2019-01-11 14:00,{},6.43,300118,6.44,6.33,6.35,27.1661,18542.0
2019-01-11 15:00,{},6.4,300118,6.45,6.37,6.43,25.4051,17340.0
2019-01-14 10:30,{},6.4,300118,6.49,6.35,6.35,42.2055,28807.0
2019-01-14 11:30,{},6.33,300118,6.4,6.32,6.4,20.5658,14037.0
2019-01-14 14:00,{},6.36,300118,6.4,6.31,6.33,15.328,10462.0
2019-01-14 15:00,{},6.33,300118,6.38,6.33,6.36,20.5101,13999.0
2019-01-15 10:30,{},6.29,300118,6.36,6.26,6.36,30.9842,21148.0
2019-01-15 11:30,{},6.37,300118,6.39,6.28,6.29,15.7764,10768.0
2019-01-15 14:00,{},6.36,300118,6.37,6.34,6.37,13.0674,8919.0
2019-01-15 15:00,{},6.34,300118,6.36,6.32,6.36,26.1054,17818.0
2019-01-16 10:30,{},6.39,300118,6.6,6.36,6.38,58.2031,39726.0
2019-01-16 11:30,{},6.42,300118,6.43,6.37,6.39,11.0997,7576.0
2019-01-16 14:00,{},6.39,300118,6.42,6.38,6.42,9.2302,6300.0
2019-01-16 15:00,{},6.31,300118,6.4,6.31,6.39,17.0906,11665.0
2019-01-17 10:30,{},6.51,300118,6.64,6.3,6.36,77.6525,53001.0
2019-01-17 11:30,{},6.55,300118,6.58,6.48,6.51,22.4719,15338.0
2019-01-17 14:00,{},6.53,300118,6.56,6.51,6.55,13.1875,9001.0
2019-01-17 15:00,{},6.48,300118,6.54,6.45,6.53,27.0123,18437.0
2019-01-18 10:30,{},6.4,300118,6.56,6.39,6.42,40.6423,27740.0
2019-01-18 11:30,{},6.42,300118,6.45,6.39,6.4,11.4191,7794.0
2019-01-18 14:00,{},6.44,300118,6.45,6.41,6.42,11.5539,7886.0
2019-01-18 15:00,{},6.45,300118,6.47,6.42,6.44,21.1079,14407.0
2019-01-21 10:30,{},6.46,300118,6.49,6.41,6.45,30.7366,20979.0
2019-01-21 11:30,{},6.46,300118,6.49,6.45,6.46,9.6624,6595.0
2019-01-21 14:00,{},6.43,300118,6.47,6.41,6.46,14.112,9632.0
2019-01-21 15:00,{},6.44,300118,6.45,6.4,6.43,12.8491,8770.0
2019-01-22 10:30,{},6.43,300118,6.48,6.4,6.48,16.0489,10954.0
2019-01-22 11:30,{},6.36,300118,6.44,6.35,6.43,17.2678,11786.0
2019-01-22 14:00,{},6.3,300118,6.37,6.27,6.36,31.1029,21229.0
2019-01-22 15:00,{},6.3,300118,6.32,6.28,6.3,19.0773,13021.0
2019-01-23 10:30,{},6.42,300118,6.43,6.29,6.29,31.9893,21834.0
2019-01-23 11:30,{},6.39,300118,6.43,6.38,6.42,12.6864,8659.0
2019-01-23 14:00,{},6.38,300118,6.4,6.33,6.39,15.0174,10250.0
2019-01-23 15:00,{},6.43,300118,6.45,6.36,6.38,19.6985,13445.0
2019-01-24 10:30,{},6.49,300118,6.55,6.36,6.45,29.5616,20177.0
2019-01-24 11:30,{},6.57,300118,6.58,6.46,6.49,36.3744,24827.0
2019-01-24 14:00,{},6.55,300118,6.58,6.54,6.57,17.7044,12084.0
2019-01-24 15:00,{},6.59,300118,6.59,6.51,6.55,43.3747,29605.0
2019-01-25 10:30,{},6.52,300118,6.65,6.47,6.61,42.1425,28764.0
2019-01-25 11:30,{},6.49,300118,6.53,6.47,6.52,18.689,12756.0
2019-01-25 14:00,{},6.5,300118,6.51,6.47,6.49,11.6799,7972.0
2019-01-25 15:00,{},6.48,300118,6.51,6.45,6.5,30.1814,20600.0
2019-01-28 10:30,{},7.13,300118,7.13,6.58,6.58,287.1140000000001,195967.0
2019-01-28 10:30,{},7.13,300118,7.13,6.58,6.58,287.114,195967.0
2019-01-28 10:30,{},7.13,300118,7.13,6.58,6.58,287.11400000000003,195967.0
2019-01-28 11:30,{},7.13,300118,7.13,7.1,7.13,88.4153,60347.0
2019-01-28 14:00,{},7.13,300118,7.13,7.13,7.13,13.6226,9298.0
2019-01-28 15:00,{},7.13,300118,7.13,7.13,7.13,12.978,8858.0
2019-01-29 10:30,{},7.36,300118,7.59,7.25,7.42,419.704,286465.0
2019-01-29 11:30,{},7.57,300118,7.66,7.31,7.36,119.3336,81450.0
2019-01-29 14:00,{},7.74,300118,7.83,7.56,7.57,121.1576,82695.0
2019-01-29 15:00,{},7.84,300118,7.84,7.72,7.75,167.1446,114083.0
2019-01-30 10:30,{},8.62,300118,8.62,7.55,7.55,698.9796,477082.0
2019-01-30 11:30,{},8.39,300118,8.62,8.28,8.62,163.4159,111538.0
2019-01-30 14:00,{},8.19,300118,8.46,8.16,8.39,70.6537,48224.0
2019-01-30 15:00,{},8.04,300118,8.3,7.91,8.19,132.1738,90214.0
2019-01-31 10:30,{},8.5,300118,8.78,7.8,7.8,497.8942,339833.0
2019-01-31 11:30,{},8.61,300118,8.84,8.37,8.5,270.2081,184428.0
2019-01-31 14:00,{},8.38,300118,8.68,8.38,8.61,73.6982,50302.0
2019-01-31 15:00,{},8.51,300118,8.79,8.25,8.38,159.2755,108712.0
2019-02-01 10:30,{},8.49,300118,8.51,8.01,8.25,271.3626,185216.0
2019-02-01 11:30,{},8.45,300118,8.65,8.36,8.49,98.0015,66890.0
2019-02-01 14:00,{},8.39,300118,8.45,8.21,8.45,80.385,54866.0
2019-02-01 15:00,{},8.35,300118,8.6,8.31,8.39,184.367,125838.0
2019-02-01 15:00,{},8.35,300118,8.6,8.31,8.39,184.36700000000002,125838.0
2019-02-11 10:30,{},8.24,300118,8.52,8.23,8.5,214.9762,146730.0
2019-02-11 11:30,{},8.41,300118,8.45,8.23,8.24,77.3756,52812.0
2019-02-11 14:00,{},8.32,300118,8.48,8.29,8.41,83.6419,57089.0
2019-02-11 15:00,{},8.61,300118,8.61,8.31,8.32,175.6555,119892.0
2019-02-12 10:30,{},8.41,300118,8.78,8.28,8.55,302.1666,206241.0
2019-02-12 11:30,{},8.37,300118,8.45,8.32,8.41,104.3498,71223.0
2019-02-12 14:00,{},8.29,300118,8.42,8.25,8.37,101.6555,69384.0
2019-02-12 15:00,{},8.38,300118,8.4,8.28,8.29,92.8179,63352.0
2019-02-13 10:30,{},8.19,300118,8.38,8.15,8.25,204.3219,139458.0
2019-02-13 11:30,{},8.25,300118,8.28,8.18,8.19,61.1216,41718.0
2019-02-13 14:00,{},8.32,300118,8.36,8.23,8.25,67.0422,45759.0
2019-02-13 15:00,{},8.35,300118,8.43,8.28,8.32,137.8936,94118.0
2019-02-14 10:30,{},8.33,300118,8.59,8.25,8.31,214.0884,146124.0
2019-02-14 11:30,{},8.27,300118,8.35,8.19,8.33,88.1896,60193.0
2019-02-14 14:00,{},8.77,300118,8.77,8.24,8.27,244.6799,167004.0
2019-02-14 15:00,{},9.19,300118,9.19,8.77,8.77,363.3454,247998.0
2019-02-15 10:30,{},9.21,300118,9.44,8.96,9.26,389.5534,265886.0
2019-02-15 11:30,{},9.16,300118,9.23,9.0,9.21,80.3835,54865.0
2019-02-15 14:00,{},9.16,300118,9.55,9.13,9.16,171.0067,116719.0
2019-02-15 15:00,{},9.01,300118,9.24,8.98,9.16,112.9471,77091.0
2019-02-18 10:30,{},9.39,300118,9.49,8.85,8.88,319.3422,217964.0
2019-02-18 11:30,{},9.51,300118,9.64,9.32,9.39,130.8069,89281.0
2019-02-18 14:00,{},9.4,300118,9.64,9.35,9.51,135.5172,92496.0
2019-02-18 15:00,{},9.39,300118,9.47,9.31,9.4,109.7429,74904.0
2019-02-19 10:30,{},9.63,300118,9.87,9.31,9.32,253.4692,173003.0
2019-02-19 11:30,{},9.52,300118,9.65,9.51,9.63,66.9367,45687.0
2019-02-19 14:00,{},9.44,300118,9.67,9.33,9.52,83.7093,57135.0
2019-02-19 15:00,{},9.37,300118,9.62,9.37,9.44,60.433,41248.0
2019-02-20 10:30,{},9.43,300118,9.7,9.22,9.36,130.1227,88814.0
2019-02-20 11:30,{},9.37,300118,9.55,9.35,9.43,33.8632,23113.0
2019-02-20 14:00,{},9.54,300118,9.54,9.33,9.37,36.7846,25107.0
2019-02-20 15:00,{},9.55,300118,9.67,9.49,9.54,96.7928,66065.0
2019-02-21 10:30,{},9.32,300118,9.53,9.25,9.41,115.5741,78884.0
2019-02-21 11:30,{},9.49,300118,9.5,9.25,9.32,71.0522,48496.0
2019-02-21 14:00,{},9.45,300118,9.63,9.45,9.49,82.9973,56649.0
2019-02-21 15:00,{},9.27,300118,9.45,9.25,9.45,82.0816,56024.0
2019-02-22 10:30,{},9.42,300118,9.55,9.07,9.1,100.1699,68370.0
2019-02-22 11:30,{},9.41,300118,9.46,9.34,9.42,19.5095,13316.0
2019-02-22 14:00,{},9.82,300118,9.82,9.41,9.41,103.9748,70967.0
2019-02-22 15:00,{},9.87,300118,10.1,9.72,9.82,114.4679,78129.0
2019-02-25 10:30,{},10.86,300118,10.86,10.0,10.0,301.9278,206078.0
2019-02-25 11:30,{},10.79,300118,10.86,10.65,10.86,112.6321,76876.0
2019-02-25 14:00,{},10.85,300118,10.86,10.72,10.79,119.3116,81435.0
2019-02-25 15:00,{},10.85,300118,10.86,10.75,10.85,59.9569,40923.0
2019-02-26 10:30,{},10.61,300118,11.07,10.6,10.65,164.5045,112281.0
2019-02-26 11:30,{},10.65,300118,10.74,10.35,10.61,85.7282,58513.0
2019-02-26 14:00,{},10.82,300118,10.92,10.63,10.65,64.1823,43807.0
2019-02-26 15:00,{},10.44,300118,10.84,10.4,10.82,89.2811,60938.0
2019-02-27 10:30,{},9.63,300118,10.44,9.4,10.37,320.5802,218809.0
2019-02-27 11:30,{},9.7,300118,9.99,9.6,9.63,107.9071,73651.0
2019-02-27 14:00,{},9.55,300118,9.86,9.45,9.7,107.4515,73340.0
2019-02-27 15:00,{},9.4,300118,9.6,9.4,9.55,78.4554,53549.0
2019-02-28 10:30,{},9.5,300118,9.54,9.26,9.38,70.1262,47864.0
2019-02-28 11:30,{},9.45,300118,9.5,9.39,9.5,22.2639,15196.0
2019-02-28 14:00,{},9.45,300118,9.51,9.37,9.45,26.7427,18253.0
2019-02-28 15:00,{},9.48,300118,9.49,9.37,9.45,26.2094,17889.0
2019-03-01 10:30,{},9.23,300118,9.5,9.18,9.49,58.6075,40002.0
2019-03-01 11:30,{},9.25,300118,9.43,9.21,9.23,43.7996,29895.0
2019-03-01 14:00,{},9.24,300118,9.26,9.13,9.25,37.6549,25701.0
2019-03-01 15:00,{},9.31,300118,9.4,9.22,9.24,73.7451,50334.0
2019-03-04 10:30,{},9.69,300118,9.82,9.4,9.4,144.5907,98689.0
2019-03-04 11:30,{},9.6,300118,9.69,9.53,9.69,67.5799,46126.0
2019-03-04 14:00,{},9.67,300118,9.74,9.6,9.6,45.5885,31116.0
2019-03-04 15:00,{},9.51,300118,9.67,9.46,9.67,62.1208,42400.0
2019-03-05 10:30,{},9.69,300118,9.73,9.46,9.51,83.1306,56740.0
2019-03-05 11:30,{},9.68,300118,9.8,9.63,9.69,52.7602,36011.0
2019-03-05 14:00,{},9.65,300118,9.76,9.6,9.68,40.8532,27884.0
2019-03-05 15:00,{},9.73,300118,9.76,9.64,9.65,47.8037,32628.0
2019-03-06 10:30,{},9.75,300118,9.88,9.6,9.76,104.9681,71645.0
2019-03-06 11:30,{},10.18,300118,10.2,9.75,9.75,95.7613,65361.0
2019-03-06 14:00,{},10.17,300118,10.46,10.15,10.18,112.2805,76636.0
2019-03-06 15:00,{},10.2,300118,10.2,10.04,10.17,79.7769,54451.0
2019-03-07 10:30,{},10.12,300118,10.22,9.93,10.01,86.9999,59381.0
2019-03-07 11:30,{},10.02,300118,10.13,9.94,10.12,71.8653,49051.0
2019-03-07 14:00,{},10.0,300118,10.02,9.94,10.02,37.6007,25664.0
2019-03-07 15:00,{},10.06,300118,10.16,9.99,10.0,45.9152,31339.0
2019-03-08 10:30,{},9.87,300118,9.98,9.56,9.72,57.8808,39506.0
2019-03-08 11:30,{},9.71,300118,9.93,9.67,9.87,41.7045,28465.0
2019-03-08 14:00,{},9.56,300118,9.72,9.52,9.71,37.6886,25724.0
2019-03-08 15:00,{},9.23,300118,9.64,9.2,9.56,61.6256,42062.0
2019-03-11 10:30,{},9.66,300118,9.66,9.23,9.24,81.7094,55770.0
2019-03-11 11:30,{},10.0,300118,10.09,9.65,9.66,140.4327,95851.0
2019-03-11 14:00,{},10.05,300118,10.07,9.94,10.0,38.1399,26032.0
2019-03-11 15:00,{},10.15,300118,10.15,9.96,10.05,92.1908,62924.0
2019-03-12 10:30,{},10.66,300118,10.89,10.25,10.35,202.4334,138169.0
2019-03-12 11:30,{},10.64,300118,10.66,10.44,10.66,57.16,39014.0
2019-03-12 14:00,{},10.5,300118,10.92,10.44,10.64,104.3044,71192.0
2019-03-12 15:00,{},10.41,300118,10.51,10.2,10.5,69.1768,47216.0
2019-03-13 10:30,{},10.47,300118,10.89,10.4,10.59,131.7621,89933.0
2019-03-13 11:30,{},10.63,300118,10.68,10.45,10.47,46.1145,31475.0
2019-03-13 14:00,{},10.32,300118,10.63,10.26,10.63,52.0555,35530.0
2019-03-13 15:00,{},10.17,300118,10.32,10.08,10.32,73.1048,49897.0
2019-03-14 10:30,{},10.56,300118,10.7,10.22,10.22,143.0831,97660.0
2019-03-14 11:30,{},10.34,300118,10.58,10.33,10.56,59.1701,40386.0
2019-03-14 14:00,{},10.5,300118,10.56,10.23,10.34,35.4997,24230.0
2019-03-14 15:00,{},10.17,300118,10.51,10.13,10.5,48.6154,33182.0
2019-03-15 10:30,{},10.37,300118,10.59,10.22,10.4,74.104,50579.0
2019-03-15 11:30,{},10.27,300118,10.39,10.25,10.37,39.5273,26979.0
2019-03-15 14:00,{},10.05,300118,10.3,10.0,10.27,40.5236,27659.0
2019-03-15 15:00,{},9.97,300118,10.1,9.97,10.05,82.2207,56119.0
2019-03-18 10:30,{},10.12,300118,10.29,9.93,10.09,92.0443,62824.0
2019-03-18 11:30,{},10.1,300118,10.15,10.03,10.12,26.4834,18076.0
2019-03-18 14:00,{},10.4,300118,10.5,10.07,10.1,65.7529,44879.0
2019-03-18 15:00,{},10.55,300118,10.66,10.37,10.4,76.2431,52039.0
2019-03-19 10:30,{},10.47,300118,10.66,10.38,10.55,59.0544,40307.0
2019-03-19 11:30,{},10.27,300118,10.47,10.25,10.47,38.6878,26406.0
2019-03-19 14:00,{},10.41,300118,10.43,10.27,10.27,28.7924,19652.0
2019-03-19 15:00,{},10.41,300118,10.45,10.3,10.41,42.4048,28943.0
2019-03-20 10:30,{},10.18,300118,10.43,10.09,10.32,62.2879,42514.0
2019-03-20 11:30,{},10.13,300118,10.25,10.06,10.18,24.3282,16605.0
2019-03-20 14:00,{},10.08,300118,10.15,10.06,10.13,17.0613,11645.0
2019-03-20 15:00,{},10.32,300118,10.34,10.08,10.08,35.0514,23924.0
2019-03-21 10:30,{},10.32,300118,10.5,10.13,10.33,56.4538,38532.0
2019-03-21 11:30,{},10.31,300118,10.36,10.25,10.32,21.0508,14368.0
2019-03-21 14:00,{},10.29,300118,10.39,10.28,10.31,47.7012,32558.0
2019-03-21 15:00,{},10.33,300118,10.38,10.29,10.29,36.6044,24984.0
2019-03-22 10:30,{},10.17,300118,10.4,10.08,10.35,37.0982,25321.0
2019-03-22 11:30,{},10.17,300118,10.25,10.11,10.17,19.7893,13507.0
2019-03-22 14:00,{},10.21,300118,10.25,10.13,10.17,18.4692,12606.0
2019-03-22 15:00,{},10.11,300118,10.29,10.11,10.21,52.2123,35637.0
2019-03-25 10:30,{},10.0,300118,10.12,9.15,9.15,90.3433,61663.0
2019-03-25 11:30,{},9.95,300118,10.02,9.91,10.0,18.8502,12866.0
2019-03-25 14:00,{},10.23,300118,10.46,9.9,9.95,60.1591,41061.0
2019-03-25 15:00,{},9.99,300118,10.32,9.96,10.23,24.6623,16833.0
2019-03-26 10:30,{},10.1,300118,10.42,10.0,10.05,75.0666,51236.0
2019-03-26 11:30,{},10.01,300118,10.15,10.0,10.1,21.5137,14684.0
2019-03-26 14:00,{},9.77,300118,10.06,9.71,10.01,35.2492,24059.0
2019-03-26 15:00,{},9.75,300118,10.0,9.7,9.77,44.5365,30398.0
2019-03-27 10:30,{},9.69,300118,9.94,9.57,9.8,44.1805,30155.0
2019-03-27 11:30,{},9.81,300118,9.86,9.61,9.69,22.1569,15123.0
2019-03-27 14:00,{},9.78,300118,9.87,9.72,9.81,19.5856,13368.0
2019-03-27 15:00,{},10.07,300118,10.24,9.78,9.78,60.7334,41453.0
2019-03-28 10:30,{},10.36,300118,10.53,9.97,9.98,93.1212,63559.0
2019-03-28 11:30,{},10.39,300118,10.5,10.3,10.36,37.7956,25797.0
2019-03-28 14:00,{},10.72,300118,10.8,10.38,10.39,98.3414,67122.0
2019-03-28 15:00,{},10.56,300118,10.73,10.44,10.72,44.6494,30475.0
2019-03-29 10:30,{},10.8,300118,10.95,10.5,10.5,80.9681,55264.0
2019-03-29 11:30,{},10.9,300118,11.04,10.68,10.8,65.665,44819.0
2019-03-29 14:00,{},11.29,300118,11.43,10.87,10.9,131.22,89563.0
2019-03-29 15:00,{},10.95,300118,11.31,10.95,11.29,69.2164,47243.0
2019-04-01 10:30,{},11.62,300118,11.66,11.0,11.0,220.9173,150785.0
2019-04-01 11:30,{},11.94,300118,11.99,11.6,11.62,96.5041,65868.0
2019-04-01 14:00,{},11.75,300118,11.94,11.65,11.94,35.7195,24380.0
2019-04-01 15:00,{},11.68,300118,11.75,11.55,11.75,67.2326,45889.0
2019-04-02 10:30,{},12.21,300118,12.25,11.6,11.68,166.5366,113668.0
2019-04-02 11:30,{},12.16,300118,12.46,12.05,12.21,63.4248,43290.0
2019-04-02 14:00,{},11.87,300118,12.23,11.83,12.16,49.6513,33889.0
2019-04-02 15:00,{},11.89,300118,11.96,11.72,11.87,57.5438,39276.0
2019-04-03 10:30,{},11.77,300118,12.0,11.74,11.89,53.2628,36354.0
2019-04-03 11:30,{},11.79,300118,11.88,11.67,11.77,36.2249,24725.0
2019-04-03 14:00,{},11.99,300118,12.06,11.7,11.79,53.7228,36668.0
2019-04-03 15:00,{},12.0,300118,12.11,11.91,11.99,50.7955,34670.0
2019-04-04 10:30,{},11.82,300118,12.21,11.75,12.02,69.171,47212.0
2019-04-04 11:30,{},11.72,300118,11.85,11.7,11.82,28.2664,19293.0
2019-04-04 14:00,{},12.0,300118,12.11,11.72,11.72,38.5369,26303.0
2019-04-04 15:00,{},12.0,300118,12.11,11.87,12.0,40.1309,27391.0
2019-04-08 10:30,{},11.67,300118,12.15,11.62,11.99,53.3243,36396.0
2019-04-08 11:30,{},11.56,300118,11.75,11.55,11.67,25.0784,17117.0
2019-04-08 14:00,{},11.41,300118,11.56,11.35,11.56,59.7928,40811.0
2019-04-08 15:00,{},11.54,300118,11.6,11.41,11.41,43.7849,29885.0
2019-04-09 10:30,{},11.5,300118,11.7,11.43,11.62,35.1525,23993.0
2019-04-09 11:30,{},11.61,300118,11.65,11.49,11.5,19.7483,13479.0
2019-04-09 14:00,{},11.53,300118,11.67,11.5,11.61,22.028,15035.0
2019-04-09 15:00,{},11.57,300118,11.61,11.44,11.53,25.3538,17305.0
2019-04-10 10:30,{},10.86,300118,11.63,10.78,11.63,151.084,103121.0
2019-04-10 11:30,{},10.49,300118,10.86,10.48,10.86,169.9342,115987.0
2019-04-10 14:00,{},10.67,300118,10.95,10.49,10.49,68.5937,46818.0
2019-04-10 15:00,{},10.9,300118,11.02,10.67,10.67,93.656,63924.0
2019-04-11 10:30,{},10.93,300118,10.99,10.5,10.84,108.877,74313.0
2019-04-11 11:30,{},10.88,300118,10.95,10.76,10.93,38.0417,25965.0
2019-04-11 14:00,{},10.99,300118,11.06,10.8,10.88,39.7705,27145.0
2019-04-11 15:00,{},10.86,300118,11.14,10.86,10.99,50.8849,34731.0
2019-04-12 10:30,{},10.77,300118,11.05,10.69,10.86,46.217,31545.0
2019-04-12 11:30,{},10.7,300118,10.82,10.67,10.77,16.5089,11268.0
2019-04-12 14:00,{},10.64,300118,10.73,10.59,10.7,22.7679,15540.0
2019-04-12 15:00,{},10.85,300118,10.88,10.56,10.64,60.4198,41239.0
2019-04-15 10:30,{},10.84,300118,11.03,10.78,11.0,62.7289,42815.0
2019-04-15 11:30,{},10.76,300118,10.86,10.74,10.84,21.9547,14985.0
2019-04-15 14:00,{},10.6,300118,10.8,10.6,10.76,35.1261,23975.0
2019-04-15 15:00,{},10.6,300118,10.7,10.54,10.6,39.5918,27023.0
2019-04-16 10:30,{},10.38,300118,10.56,10.31,10.5,33.0632,22567.0
2019-04-16 11:30,{},10.32,300118,10.42,10.18,10.38,58.0698,39635.0
2019-04-16 14:00,{},10.52,300118,10.52,10.32,10.32,32.1974,21976.0
2019-04-16 15:00,{},10.63,300118,10.67,10.47,10.52,34.1972,23341.0
2019-04-17 10:30,{},10.5,300118,10.71,10.45,10.6,76.9668,52533.0
2019-04-17 11:30,{},10.73,300118,10.82,10.47,10.5,64.0826,43739.0
2019-04-17 14:00,{},10.93,300118,11.18,10.73,10.73,98.9743,67554.0
2019-04-17 15:00,{},10.76,300118,10.93,10.65,10.93,40.78,27834.0
2019-04-18 10:30,{},10.98,300118,11.04,10.63,10.66,52.0907,35554.0
2019-04-18 11:30,{},10.98,300118,11.12,10.93,10.98,46.8265,31961.0
2019-04-18 14:00,{},10.87,300118,11.04,10.77,10.98,25.7172,17553.0
2019-04-18 15:00,{},10.86,300118,11.1,10.82,10.87,39.8467,27197.0
2019-04-19 10:30,{},10.67,300118,10.98,10.67,10.88,32.0084,21847.0
2019-04-19 11:30,{},10.65,300118,10.78,10.64,10.67,20.9995,14333.0
2019-04-19 14:00,{},10.61,300118,10.73,10.58,10.65,29.8385,20366.0
2019-04-19 15:00,{},10.65,300118,10.7,10.59,10.61,39.7119,27105.0
2019-04-22 10:30,{},10.75,300118,10.87,10.67,10.67,39.2314,26777.0
2019-04-22 11:30,{},10.64,300118,10.78,10.64,10.75,13.5582,9254.0
2019-04-22 14:00,{},10.79,300118,10.99,10.61,10.64,46.7196,31888.0
2019-04-22 15:00,{},10.67,300118,10.83,10.62,10.79,30.8846,21080.0
2019-04-23 10:30,{},10.39,300118,10.79,10.36,10.7,39.1435,26717.0
2019-04-23 11:30,{},10.39,300118,10.45,10.2,10.39,42.6715,29125.0
2019-04-23 14:00,{},10.49,300118,10.54,10.33,10.39,21.0317,14355.0
2019-04-23 15:00,{},10.48,300118,10.55,10.38,10.49,28.6664,19566.0
2019-04-24 10:30,{},10.45,300118,10.59,10.37,10.48,22.5906,15419.0
2019-04-24 11:30,{},10.4,300118,10.46,10.32,10.45,11.0352,7532.0
2019-04-24 14:00,{},10.48,300118,10.53,10.39,10.4,14.1252,9641.0
2019-04-24 15:00,{},10.5,300118,10.54,10.4,10.48,17.4173,11888.0
2019-04-25 10:30,{},10.4,300118,10.61,10.38,10.49,25.0901,17125.0
2019-04-25 11:30,{},10.35,300118,10.46,10.33,10.4,17.6253,12030.0
2019-04-25 14:00,{},10.15,300118,10.37,10.1,10.35,35.2345,24049.0
2019-04-25 15:00,{},10.02,300118,10.17,9.92,10.15,69.8581,47681.0
2019-04-26 10:30,{},10.0,300118,10.14,9.93,10.04,31.3463,21834.0
2019-04-26 11:30,{},10.04,300118,10.09,9.98,10.0,9.4998,6617.0
2019-04-26 14:00,{},10.1,300118,10.25,10.03,10.04,26.8857,18727.0
2019-04-26 15:00,{},10.09,300118,10.2,10.06,10.1,15.2999,10657.0
2019-04-29 10:30,{},10.2,300118,10.4,10.13,10.3,55.233,38472.0
2019-04-29 11:30,{},10.16,300118,10.25,10.03,10.2,21.4072,14911.0
2019-04-29 14:00,{},10.22,300118,10.32,10.15,10.16,15.0817,10505.0
2019-04-29 15:00,{},10.1,300118,10.27,10.05,10.22,20.9564,14597.0
2019-04-30 10:30,{},10.32,300118,10.42,10.15,10.15,41.709,29052.0
2019-04-30 11:30,{},10.26,300118,10.37,10.22,10.32,11.6332,8103.0
2019-04-30 14:00,{},10.16,300118,10.29,10.12,10.26,19.3356,13468.0
2019-04-30 15:00,{},10.15,300118,10.17,10.05,10.16,24.5987,17134.0
2019-05-06 10:30,{},9.83,300118,9.93,9.65,9.93,47.3684,32994.0
2019-05-06 11:30,{},9.6,300118,10.0,9.59,9.83,39.0243,27182.0
2019-05-06 14:00,{},9.41,300118,9.75,9.41,9.6,24.013,16726.0
2019-05-06 15:00,{},9.46,300118,9.52,9.28,9.41,25.4644,17737.0
2019-05-07 10:30,{},9.75,300118,9.77,9.47,9.47,27.3107,19023.0
2019-05-07 11:30,{},9.79,300118,9.84,9.71,9.75,18.3837,12805.0
2019-05-07 14:00,{},9.76,300118,9.79,9.67,9.79,23.71,16515.0
2019-05-07 15:00,{},9.79,300118,9.89,9.71,9.76,20.487,14270.0
2019-05-08 10:30,{},10.09,300118,10.09,9.59,9.74,35.4078,24663.0
2019-05-08 11:30,{},10.23,300118,10.24,10.06,10.09,29.4513,20514.0
2019-05-08 14:00,{},10.12,300118,10.35,10.07,10.23,31.8675,22197.0
2019-05-08 15:00,{},10.06,300118,10.18,10.02,10.12,24.8614,17317.0
2019-05-09 10:30,{},10.07,300118,10.25,9.9,10.0,34.9642,24354.0
2019-05-09 11:30,{},9.96,300118,10.1,9.96,10.07,10.1387,7062.0
2019-05-09 14:00,{},10.06,300118,10.09,9.86,9.96,12.7487,8880.0
2019-05-09 15:00,{},9.93,300118,10.09,9.92,10.06,11.1881,7793.0
2019-05-10 10:30,{},10.19,300118,10.33,10.0,10.0,31.4684,21919.0
2019-05-10 11:30,{},10.24,300118,10.29,10.15,10.19,15.3846,10716.0
2019-05-10 14:00,{},10.29,300118,10.31,9.9,10.24,36.2133,25224.0
2019-05-10 15:00,{},10.4,300118,10.45,10.26,10.29,35.3892,24650.0
2019-05-13 10:30,{},10.63,300118,10.68,10.26,10.34,56.9515,39669.0
2019-05-13 11:30,{},10.47,300118,10.66,10.44,10.63,23.41,16306.0
2019-05-13 14:00,{},10.45,300118,10.54,10.41,10.47,15.5023,10798.0
2019-05-13 15:00,{},10.42,300118,10.47,10.36,10.45,21.3039,14839.0
2019-05-14 10:30,{},10.67,300118,10.73,10.29,10.3,60.5765,42194.0
2019-05-14 11:30,{},10.6,300118,10.7,10.55,10.67,23.3238,16246.0
2019-05-14 14:00,{},10.61,300118,10.67,10.53,10.6,17.9501,12503.0
2019-05-14 15:00,{},10.49,300118,10.65,10.47,10.61,27.9783,19488.0
2019-05-15 10:30,{},11.25,300118,11.54,10.61,10.65,251.7068,175324.0
2019-05-15 11:30,{},11.32,300118,11.34,11.25,11.25,29.2345,20363.0
2019-05-15 14:00,{},11.54,300118,11.54,11.32,11.32,86.2864,60102.0
2019-05-15 15:00,{},11.54,300118,11.54,11.54,11.54,8.4647,5896.0
2019-05-16 10:30,{},11.67,300118,12.14,11.58,11.7,263.3543,183437.0
2019-05-16 11:30,{},11.58,300118,11.79,11.5,11.67,41.3357,28792.0
2019-05-16 14:00,{},11.5,300118,11.73,11.39,11.58,41.4678,28884.0
2019-05-16 15:00,{},11.48,300118,11.53,11.33,11.5,45.3915,31617.0
2019-05-17 10:30,{},11.49,300118,11.67,11.15,11.49,96.4825,67204.0
2019-05-17 11:30,{},11.38,300118,11.53,11.26,11.49,33.016,22997.0
2019-05-17 14:00,{},11.26,300118,11.46,11.23,11.38,25.6913,17895.0
2019-05-17 15:00,{},11.38,300118,11.44,11.22,11.26,62.608,43609.0
2019-05-20 10:30,{},10.99,300118,11.48,10.72,11.37,83.7195,58314.0
2019-05-20 11:30,{},10.91,300118,11.1,10.88,10.99,23.4775,16353.0
2019-05-20 14:00,{},11.04,300118,11.13,10.82,10.91,31.7713,22130.0
2019-05-20 15:00,{},11.03,300118,11.09,10.9,11.04,26.2583,18290.0
2019-05-21 10:30,{},11.07,300118,11.2,10.96,10.96,32.202,22430.0
2019-05-21 11:30,{},11.09,300118,11.16,11.05,11.07,21.0698,14676.0
2019-05-21 14:00,{},11.04,300118,11.11,10.98,11.09,15.6732,10917.0
2019-05-21 15:00,{},11.05,300118,11.05,10.93,11.04,24.6059,17139.0
2019-05-22 10:30,{},11.04,300118,11.11,10.86,11.09,37.4192,26064.0
2019-05-22 11:30,{},11.33,300118,11.4,10.92,11.04,45.0814,31401.0
2019-05-22 14:00,{},11.04,300118,11.36,10.98,11.33,23.5736,16420.0
2019-05-22 15:00,{},10.98,300118,11.05,10.88,11.04,20.3664,14186.0
2019-05-23 10:30,{},11.11,300118,11.25,10.83,10.85,43.6672,30416.0
2019-05-23 11:30,{},11.02,300118,11.23,10.98,11.11,19.0082,13240.0
2019-05-23 14:00,{},10.93,300118,11.12,10.89,11.02,18.968,13212.0
2019-05-23 15:00,{},10.98,300118,10.98,10.85,10.93,24.626,17153.0
2019-05-24 10:30,{},10.82,300118,10.92,10.6,10.92,46.6649,32504.0
2019-05-24 11:30,{},10.69,300118,10.84,10.69,10.82,8.5838,5979.0
2019-05-24 14:00,{},10.73,300118,10.78,10.64,10.69,11.6246,8097.0
2019-05-24 15:00,{},10.65,300118,10.78,10.65,10.73,14.839,10336.0
2019-05-27 10:30,{},10.88,300118,11.13,10.76,10.76,59.5787,41499.0
2019-05-27 11:30,{},10.98,300118,11.0,10.81,10.88,13.6015,9474.0
2019-05-27 14:00,{},11.19,300118,11.27,10.98,10.98,43.3442,30191.0
2019-05-27 15:00,{},11.15,300118,11.25,11.08,11.19,36.2807,25271.0
2019-05-28 10:30,{},11.32,300118,11.48,11.14,11.15,77.3279,53862.0
2019-05-28 11:30,{},11.3,300118,11.32,11.2,11.32,19.1819,13361.0
2019-05-28 14:00,{},11.21,300118,11.34,11.19,11.3,15.8842,11064.0
2019-05-28 15:00,{},11.2,300118,11.22,11.1,11.21,22.5902,15735.0
2019-05-29 10:30,{},11.02,300118,11.24,10.93,11.08,46.1911,32174.0
2019-05-29 11:30,{},11.09,300118,11.12,11.0,11.02,12.9928,9050.0
2019-05-29 14:00,{},11.12,300118,11.14,11.02,11.09,13.7221,9558.0
2019-05-29 15:00,{},11.28,300118,11.34,11.11,11.12,35.8931,25001.0
2019-05-30 10:30,{},10.93,300118,11.21,10.89,11.2,41.6013,28977.0
2019-05-30 11:30,{},10.93,300118,10.99,10.91,10.93,10.2148,7115.0
2019-05-30 14:00,{},11.0,300118,11.1,10.93,10.93,12.5477,8740.0
2019-05-30 15:00,{},11.1,300118,11.14,10.99,11.0,17.2739,12032.0
2019-05-31 10:30,{},11.48,300118,11.58,11.18,11.32,77.5418,54011.0
2019-05-31 11:30,{},11.42,300118,11.48,11.37,11.48,19.36,13485.0
2019-05-31 14:00,{},11.24,300118,11.45,11.23,11.42,17.3859,12110.0
2019-05-31 15:00,{},11.36,300118,11.39,11.18,11.24,27.9395,19461.0
2019-06-03 10:30,{},10.98,300118,11.14,10.69,11.12,100.6445,70103.0
2019-06-03 11:30,{},10.84,300118,10.99,10.8,10.98,22.5629,15716.0
2019-06-03 14:00,{},10.78,300118,10.93,10.73,10.84,20.5056,14283.0
2019-06-03 15:00,{},10.76,300118,10.9,10.72,10.78,24.7093,17211.0
2019-06-04 10:30,{},10.58,300118,11.08,10.56,10.76,63.9317,44531.0
2019-06-04 11:30,{},10.56,300118,10.62,10.3,10.58,44.7067,31140.0
2019-06-04 14:00,{},10.45,300118,10.56,10.43,10.56,9.4998,6617.0
2019-06-04 15:00,{},10.65,300118,10.76,10.35,10.45,31.7914,22144.0
2019-06-05 10:30,{},10.34,300118,10.82,10.32,10.65,28.5009,19852.0
2019-06-05 11:30,{},10.41,300118,10.46,10.25,10.34,23.0424,16050.0
2019-06-05 14:00,{},10.4,300118,10.49,10.39,10.41,9.2773,6462.0
2019-06-05 15:00,{},10.31,300118,10.4,10.3,10.4,17.4319,12142.0
2019-06-06 10:30,{},10.3,300118,10.38,10.23,10.27,21.3283,14856.0
2019-06-06 11:30,{},10.36,300118,10.38,10.25,10.3,38.9008,27096.0
2019-06-06 14:00,{},10.37,300118,10.39,10.32,10.36,11.6476,8113.0
2019-06-06 15:00,{},10.27,300118,10.43,10.27,10.37,18.3234,12763.0
2019-06-10 10:30,{},10.22,300118,10.45,10.15,10.29,20.6923,14413.0
2019-06-10 11:30,{},10.22,300118,10.27,10.14,10.22,17.6458,12291.0
2019-06-10 14:00,{},10.16,300118,10.27,10.11,10.22,23.7703,16557.0
2019-06-10 15:00,{},10.15,300118,10.2,10.1,10.16,14.4141,10040.0
2019-06-11 10:30,{},10.23,300118,10.24,10.09,10.13,25.3898,17685.0
2019-06-11 11:30,{},10.34,300118,10.4,10.2,10.23,22.7036,15814.0
2019-06-11 14:00,{},10.41,300118,10.43,10.31,10.34,21.3598,14878.0
2019-06-11 15:00,{},10.49,300118,10.53,10.37,10.41,27.2561,18985.0
2019-06-12 10:30,{},10.27,300118,10.5,10.26,10.5,26.1636,18224.0
2019-06-12 11:30,{},10.19,300118,10.28,10.15,10.27,24.3417,16955.0
2019-06-12 14:00,{},10.1,300118,10.21,10.03,10.19,30.0715,20946.0
2019-06-12 15:00,{},10.18,300118,10.24,10.09,10.1,11.9907,8352.0
2019-06-13 10:30,{},10.0,300118,10.2,9.92,10.18,32.8093,22853.0
2019-06-13 11:30,{},10.07,300118,10.08,9.97,10.0,12.2347,8522.0
2019-06-13 14:00,{},10.15,300118,10.32,10.07,10.07,22.5715,15722.0
2019-06-13 15:00,{},10.32,300118,10.35,10.07,10.15,40.7959,28416.0
2019-06-14 10:30,{},10.14,300118,10.49,10.06,10.49,62.1902,43318.0
2019-06-14 11:30,{},10.11,300118,10.15,10.05,10.14,16.0594,11186.0
2019-06-14 14:00,{},10.01,300118,10.15,10.0,10.11,19.0958,13301.0
2019-06-14 15:00,{},10.0,300118,10.04,9.95,10.01,22.3935,15598.0
2019-06-17 10:30,{},9.73,300118,10.09,9.65,10.09,53.3551,37164.0
2019-06-17 11:30,{},9.83,300118,9.9,9.69,9.73,22.1308,15415.0
2019-06-17 14:00,{},10.17,300118,10.17,9.83,9.83,24.8471,17307.0
2019-06-17 15:00,{},10.1,300118,10.22,10.06,10.17,19.9457,13893.0
2019-06-18 10:30,{},9.97,300118,10.05,9.91,9.94,18.2846,12736.0
2019-06-18 11:30,{},9.91,300118,10.03,9.85,9.97,14.2777,9945.0
2019-06-18 14:00,{},9.89,300118,9.93,9.86,9.91,7.8818,5490.0
2019-06-18 15:00,{},9.86,300118,9.9,9.82,9.89,15.6229,10882.0
2019-06-19 10:30,{},9.99,300118,10.14,9.94,10.1,40.5447,28241.0
2019-06-19 11:30,{},9.81,300118,9.99,9.81,9.99,38.997,27163.0
2019-06-19 14:00,{},9.82,300118,9.9,9.81,9.81,36.0883,25137.0
2019-06-19 15:00,{},9.88,300118,10.0,9.76,9.82,37.837,26355.0
2019-06-20 10:30,{},9.88,300118,9.9,9.74,9.78,22.2801,15519.0
2019-06-20 11:30,{},9.98,300118,9.98,9.85,9.88,23.5076,16374.0
2019-06-20 14:00,{},9.96,300118,10.05,9.95,9.98,16.6408,11591.0
2019-06-20 15:00,{},9.95,300118,9.99,9.94,9.96,12.7286,8866.0
2019-06-21 10:30,{},10.13,300118,10.18,9.94,9.95,36.9024,25704.0
2019-06-21 11:30,{},10.12,300118,10.13,10.07,10.13,10.0985,7034.0
2019-06-21 14:00,{},10.11,300118,10.12,10.07,10.12,12.0625,8402.0
2019-06-21 15:00,{},10.1,300118,10.11,10.06,10.11,16.5891,11555.0
2019-06-24 10:30,{},10.17,300118,10.2,10.04,10.15,32.9399,22944.0
2019-06-24 11:30,{},10.19,300118,10.25,10.14,10.17,22.4251,15620.0
2019-06-24 14:00,{},10.27,300118,10.33,10.17,10.19,36.2089,25221.0
2019-06-24 15:00,{},10.24,300118,10.29,10.21,10.27,18.4512,12852.0
2019-06-25 10:30,{},10.11,300118,10.3,10.03,10.26,24.7566,17244.0
2019-06-25 11:30,{},10.07,300118,10.11,10.03,10.11,8.3872,5842.0
2019-06-25 14:00,{},10.14,300118,10.15,10.06,10.07,6.1619,4292.0
2019-06-25 15:00,{},10.1,300118,10.14,10.09,10.14,7.4095,5161.0
2019-06-26 10:30,{},10.03,300118,10.11,9.9,10.11,28.9057,20134.0
2019-06-26 11:30,{},10.06,300118,10.1,9.99,10.03,6.8008,4737.0
2019-06-26 14:00,{},10.12,300118,10.13,10.05,10.06,5.4641,3806.0
2019-06-26 15:00,{},10.08,300118,10.15,10.07,10.12,10.4272,7263.0
2019-06-27 10:30,{},10.12,300118,10.26,10.11,10.12,22.5629,15716.0
2019-06-27 11:30,{},10.22,300118,10.24,10.08,10.12,11.0647,7707.0
2019-06-27 14:00,{},10.13,300118,10.23,10.11,10.22,7.5215,5239.0
2019-06-27 15:00,{},10.3,300118,10.48,10.11,10.13,49.8535,34725.0
2019-06-28 10:30,{},10.14,300118,10.3,10.09,10.3,31.7297,22101.0
2019-06-28 11:30,{},10.15,300118,10.15,10.09,10.14,11.7251,8167.0
2019-06-28 14:00,{},10.18,300118,10.19,10.12,10.15,7.1625,4989.0
2019-06-28 15:00,{},10.18,300118,10.33,10.16,10.18,11.8557,8258.0
2019-07-01 10:30,{},10.34,300118,10.39,10.26,10.32,24.9361,17369.0
2019-07-01 11:30,{},10.36,300118,10.41,10.32,10.34,17.5553,12228.0
2019-07-01 14:00,{},10.36,300118,10.41,10.34,10.36,15.3444,10688.0
2019-07-01 15:00,{},10.37,300118,10.42,10.34,10.36,21.4804,14962.0
2019-07-02 10:30,{},10.4,300118,10.43,10.3,10.39,27.8534,19401.0
2019-07-02 11:30,{},10.51,300118,10.54,10.38,10.4,25.3582,17663.0
2019-07-02 14:00,{},10.5,300118,10.52,10.46,10.51,13.0746,9107.0
2019-07-02 15:00,{},10.53,300118,10.63,10.48,10.5,32.5753,22690.0
2019-07-03 10:30,{},10.37,300118,10.53,10.35,10.51,20.4166,14221.0
2019-07-03 11:30,{},10.36,300118,10.41,10.35,10.37,9.5228,6633.0
2019-07-03 14:00,{},10.39,300118,10.4,10.33,10.36,6.1317,4271.0
2019-07-03 15:00,{},10.43,300118,10.5,10.36,10.39,18.1899,12670.0
2019-07-04 10:30,{},10.69,300118,10.72,10.38,10.43,34.8135,24249.0
2019-07-04 11:30,{},10.6,300118,10.85,10.58,10.69,42.8001,29812.0
2019-07-04 14:00,{},10.52,300118,10.63,10.52,10.6,15.8354,11030.0
2019-07-04 15:00,{},10.52,300118,10.52,10.43,10.52,22.0762,15377.0
2019-07-05 10:30,{},10.45,300118,10.7,10.42,10.52,25.417,17704.0
2019-07-05 11:30,{},10.48,300118,10.56,10.44,10.45,12.1414,8457.0
2019-07-05 14:00,{},10.43,300118,10.51,10.42,10.48,17.7133,12338.0
2019-07-05 15:00,{},10.5,300118,10.56,10.42,10.43,17.8554,12437.0
