date,amount,close,code,high,low,open,turnoverratio,volume
2017-11-03 14:00,,13.12,600390,13.22,13.08,13.17,,9558.0
2017-11-03 15:00,,13.14,600390,13.18,13.09,13.12,,16861.0
2017-11-06 10:30,,13.11,600390,13.28,13.01,13.17,,17435.0
2017-11-06 11:30,,13.23,600390,13.25,13.04,13.11,,11218.0
2017-11-06 14:00,,13.2,600390,13.25,13.18,13.23,,7870.0
2017-11-06 15:00,,13.22,600390,13.25,13.13,13.2,,19229.0
2017-11-07 10:30,,13.26,600390,13.26,13.15,13.25,,18322.0
2017-11-07 11:30,,13.27,600390,13.36,13.24,13.26,,20167.0
2017-11-07 14:00,,13.26,600390,13.33,13.23,13.27,,13436.0
2017-11-07 15:00,,13.41,600390,13.45,13.25,13.26,,33122.0
2017-11-08 10:30,,13.46,600390,13.54,13.3,13.35,,34144.0
2017-11-08 11:30,,13.71,600390,13.77,13.39,13.46,,33914.0
2017-11-08 14:00,,13.77,600390,13.86,13.67,13.71,,35764.0
2017-11-08 15:00,,13.64,600390,13.77,13.57,13.77,,30486.0
2017-11-09 10:30,,13.62,600390,13.8,13.51,13.53,,33538.0
2017-11-09 11:30,,13.66,600390,13.67,13.57,13.62,,12020.0
2017-11-09 14:00,,13.55,600390,13.67,13.52,13.66,,12932.0
2017-11-09 15:00,,13.61,600390,13.64,13.52,13.55,,17977.0
2017-11-10 10:30,,13.31,600390,13.62,13.28,13.57,,41726.0
2017-11-10 11:30,,13.31,600390,13.37,13.26,13.31,,32577.0
2017-11-10 14:00,,13.32,600390,13.42,13.28,13.3,,26946.0
2017-11-10 15:00,,13.28,600390,13.34,13.23,13.31,,36006.0
2017-11-13 10:30,,13.31,600390,13.42,13.25,13.3,,34273.0
2017-11-13 11:30,,13.26,600390,13.34,13.25,13.31,,18299.0
2017-11-13 14:00,,13.17,600390,13.28,13.13,13.26,,37192.0
2017-11-13 15:00,,13.13,600390,13.18,13.08,13.17,,29837.0
2017-11-14 10:30,,12.91,600390,13.14,12.9,13.12,,42896.0
2017-11-14 11:30,,12.96,600390,12.98,12.88,12.9,,18704.0
2017-11-14 14:00,,13.07,600390,13.09,12.94,12.96,,12362.0
2017-11-14 15:00,,13.01,600390,13.08,12.96,13.07,,13305.0
2017-11-15 10:30,,12.87,600390,13.04,12.8,13.02,,38475.0
2017-11-15 11:30,,12.78,600390,12.88,12.75,12.87,,23409.0
2017-11-15 14:00,,12.82,600390,12.88,12.78,12.78,,6537.0
2017-11-15 15:00,,12.78,600390,12.85,12.78,12.82,,9422.0
2017-11-16 10:30,,12.82,600390,12.93,12.72,12.72,,16421.0
2017-11-16 11:30,,12.8,600390,12.87,12.77,12.82,,7738.0
2017-11-16 14:00,,12.81,600390,12.84,12.77,12.8,,8295.0
2017-11-16 15:00,,12.76,600390,12.83,12.75,12.81,,15131.0
2017-11-17 10:30,,12.43,600390,12.82,12.4,12.75,,35455.0
2017-11-17 11:30,,12.32,600390,12.49,12.26,12.43,,25201.0
2017-11-17 14:00,,12.25,600390,12.39,12.18,12.32,,24591.0
2017-11-17 15:00,,12.07,600390,12.28,12.05,12.27,,33053.0
2017-11-20 10:30,,11.55,600390,12.09,11.38,12.07,,51353.0
2017-11-20 11:30,,11.8,600390,11.82,11.55,11.55,,12073.0
2017-11-20 14:00,,12.12,600390,12.16,11.8,11.8,,14163.0
2017-11-20 15:00,,12.26,600390,12.39,12.08,12.12,,18372.0
2017-11-21 10:30,,12.35,600390,12.41,12.05,12.12,,25694.0
2017-11-21 11:30,,12.56,600390,12.65,12.34,12.35,,35175.0
2017-11-21 14:00,,12.5,600390,12.58,12.48,12.56,,12909.0
2017-11-21 15:00,,12.42,600390,12.53,12.41,12.5,,12330.0
2017-11-22 10:30,,12.36,600390,12.54,12.31,12.38,,21243.0
2017-11-22 11:30,,12.45,600390,12.47,12.35,12.36,,8966.0
2017-11-22 14:00,,12.34,600390,12.47,12.33,12.45,,10090.0
2017-11-22 15:00,,12.32,600390,12.4,12.3,12.34,,16106.0
2017-11-23 10:30,,12.23,600390,12.34,12.15,12.28,,11707.0
2017-11-23 11:30,,12.19,600390,12.27,12.15,12.23,,8595.0
2017-11-23 14:00,,12.22,600390,12.25,12.15,12.18,,5585.0
2017-11-23 15:00,,11.89,600390,12.23,11.86,12.22,,22200.0
2017-11-24 10:30,,11.91,600390,11.98,11.8,11.8,,15409.0
2017-11-24 11:30,,11.89,600390,11.96,11.87,11.91,,6689.0
2017-11-24 14:00,,11.95,600390,11.96,11.89,11.95,,6631.0
2017-11-24 15:00,,11.94,600390,12.08,11.9,11.95,,14552.0
2017-11-27 10:30,,12.1,600390,12.18,11.85,11.9,,15320.0
2017-11-27 11:30,,12.08,600390,12.15,12.02,12.1,,7312.0
2017-11-27 14:00,,12.09,600390,12.15,12.04,12.08,,8562.0
2017-11-27 15:00,,11.96,600390,12.1,11.91,12.09,,10652.0
2017-11-28 10:30,,11.99,600390,12.11,11.91,11.98,,9132.0
2017-11-28 11:30,,11.89,600390,12.01,11.89,11.96,,6763.0
2017-11-28 14:00,,12.01,600390,12.04,11.86,11.89,,10982.0
2017-11-28 15:00,,12.04,600390,12.05,11.89,12.01,,11760.0
2017-11-29 10:30,,11.91,600390,12.0,11.85,12.0,,12871.0
2017-11-29 11:30,,11.96,600390,11.99,11.88,11.91,,7985.0
2017-11-29 14:00,,12.06,600390,12.06,11.9,11.96,,7076.0
2017-11-29 15:00,,12.11,600390,12.14,12.03,12.06,,15273.0
2017-11-30 10:30,,12.13,600390,12.18,12.07,12.13,,15047.0
2017-11-30 11:30,,12.12,600390,12.15,12.09,12.13,,6533.0
2017-11-30 14:00,,12.0,600390,12.14,12.0,12.12,,8567.0
2017-11-30 15:00,,11.9,600390,12.03,11.88,11.99,,14461.0
2017-12-01 10:30,,11.98,600390,12.03,11.88,11.9,,11828.0
2017-12-01 11:30,,11.91,600390,12.01,11.9,12.0,,6753.0
2017-12-01 14:00,,11.9,600390,11.99,11.9,11.92,,6678.0
2017-12-01 15:00,,11.92,600390,11.97,11.9,11.9,,8697.0
2017-12-04 10:30,,11.83,600390,12.02,11.79,11.94,,19336.0
2017-12-04 11:30,,11.77,600390,11.84,11.72,11.81,,11830.0
2017-12-04 14:00,,11.73,600390,11.8,11.71,11.77,,11845.0
2017-12-04 15:00,,11.57,600390,11.73,11.56,11.73,,21106.0
2017-12-05 10:30,,11.63,600390,11.8,11.5,11.5,,16729.0
2017-12-05 11:30,,11.67,600390,11.73,11.62,11.65,,8449.0
2017-12-05 14:00,,11.61,600390,11.68,11.53,11.67,,8087.0
2017-12-05 15:00,,11.42,600390,11.61,11.36,11.61,,15514.0
2017-12-06 10:30,,11.36,600390,11.53,11.32,11.4,,15598.0
2017-12-06 11:30,,11.36,600390,11.39,11.32,11.38,,5444.0
2017-12-06 14:00,,11.19,600390,11.36,11.14,11.36,,12807.0
2017-12-06 15:00,,11.39,600390,11.4,11.14,11.18,,13549.0
2017-12-07 10:30,,11.38,600390,11.46,11.29,11.35,,12897.0
2017-12-07 11:30,,11.38,600390,11.43,11.33,11.4,,8059.0
2017-12-07 14:00,,11.4,600390,11.43,11.37,11.42,,6093.0
2017-12-07 15:00,,11.32,600390,11.41,11.31,11.4,,9268.0
2017-12-08 10:30,,11.4,600390,11.42,11.3,11.3,,9767.0
2017-12-08 11:30,,11.49,600390,11.49,11.37,11.4,,8248.0
2017-12-08 14:00,,11.62,600390,11.71,11.47,11.49,,18520.0
2017-12-08 15:00,,11.73,600390,11.74,11.62,11.62,,21419.0
2017-12-11 10:30,,11.79,600390,11.85,11.65,11.66,,14925.0
2017-12-11 11:30,,11.81,600390,11.86,11.79,11.79,,8572.0
2017-12-11 14:00,,11.9,600390,11.93,11.81,11.81,,9988.0
2017-12-11 15:00,,11.84,600390,11.92,11.81,11.91,,7741.0
2017-12-12 10:30,,11.83,600390,11.88,11.79,11.8,,8345.0
2017-12-12 11:30,,11.78,600390,11.85,11.77,11.83,,6150.0
2017-12-12 14:00,,11.78,600390,11.82,11.76,11.78,,5940.0
2017-12-12 15:00,,11.7,600390,11.8,11.66,11.78,,8765.0
2017-12-13 10:30,,11.96,600390,11.99,11.73,11.73,,16555.0
2017-12-13 11:30,,11.93,600390,11.97,11.85,11.96,,7968.0
2017-12-13 14:00,,11.99,600390,12.0,11.92,11.93,,8302.0
2017-12-13 15:00,,11.99,600390,12.0,11.93,11.99,,9569.0
2017-12-14 10:30,,12.06,600390,12.12,11.87,11.95,,13173.0
2017-12-14 11:30,,11.99,600390,12.07,11.93,12.06,,6130.0
2017-12-14 14:00,,11.99,600390,12.01,11.94,11.99,,4637.0
2017-12-14 15:00,,12.0,600390,12.06,11.98,11.99,,9497.0
2017-12-15 10:30,,11.9,600390,11.98,11.89,11.91,,8740.0
2017-12-15 11:30,,11.86,600390,11.95,11.83,11.9,,5850.0
2017-12-15 14:00,,11.87,600390,11.92,11.81,11.86,,4570.0
2017-12-15 15:00,,11.94,600390,11.95,11.86,11.9,,6167.0
2017-12-18 10:30,,12.04,600390,12.08,11.91,11.95,,9029.0
2017-12-18 11:30,,11.95,600390,12.04,11.9,12.04,,7128.0
2017-12-18 14:00,,11.9,600390,11.96,11.86,11.95,,7420.0
2017-12-18 15:00,,11.89,600390,11.9,11.81,11.9,,10826.0
2017-12-19 10:30,,11.93,600390,11.97,11.8,11.8,,6268.0
2017-12-19 11:30,,11.88,600390,11.95,11.84,11.93,,5436.0
2017-12-19 14:00,,11.87,600390,11.91,11.84,11.88,,4188.0
2017-12-19 15:00,,11.95,600390,11.95,11.86,11.87,,8424.0
2017-12-20 10:30,,11.83,600390,12.01,11.8,12.01,,9695.0
2017-12-20 11:30,,11.72,600390,11.84,11.67,11.81,,15905.0
2017-12-20 14:00,,11.53,600390,11.72,11.47,11.72,,15664.0
2017-12-20 15:00,,11.52,600390,11.56,11.46,11.53,,14097.0
2017-12-21 10:30,,11.53,600390,11.62,11.47,11.57,,13912.0
2017-12-21 11:30,,11.64,600390,11.65,11.5,11.53,,12403.0
2017-12-21 14:00,,11.69,600390,11.73,11.61,11.64,,10649.0
2017-12-21 15:00,,11.65,600390,11.72,11.63,11.69,,7400.0
2017-12-22 10:30,,11.89,600390,11.96,11.7,11.77,,23764.0
2017-12-22 11:30,,11.89,600390,11.95,11.85,11.9,,9838.0
2017-12-22 14:00,,11.87,600390,11.91,11.86,11.89,,7014.0
2017-12-22 15:00,,11.96,600390,11.96,11.85,11.86,,15580.0
2017-12-25 10:30,,11.86,600390,12.03,11.85,11.93,,16913.0
2017-12-25 11:30,,11.64,600390,11.89,11.63,11.85,,18105.0
2017-12-25 14:00,,11.69,600390,11.75,11.63,11.64,,8446.0
2017-12-25 15:00,,11.6,600390,11.69,11.53,11.69,,16571.0
2017-12-26 10:30,,11.79,600390,11.85,11.58,11.7,,14857.0
2017-12-26 11:30,,11.78,600390,11.88,11.72,11.79,,10433.0
2017-12-26 14:00,,11.75,600390,11.8,11.72,11.78,,7133.0
2017-12-26 15:00,,11.92,600390,11.96,11.73,11.75,,18675.0
2017-12-27 10:30,,11.93,600390,12.0,11.83,11.99,,17997.0
2017-12-27 11:30,,12.05,600390,12.12,11.89,11.9,,21554.0
2017-12-27 14:00,,11.99,600390,12.06,11.96,12.05,,9846.0
2017-12-27 15:00,,11.89,600390,12.0,11.86,11.99,,21244.0
2017-12-28 10:30,,11.91,600390,12.03,11.8,11.98,,19308.0
2017-12-28 11:30,,11.89,600390,11.95,11.88,11.91,,8986.0
2017-12-28 14:00,,11.97,600390,11.99,11.86,11.89,,15237.0
2017-12-28 15:00,,11.77,600390,11.97,11.68,11.97,,32319.0
2017-12-29 10:30,,11.68,600390,11.77,11.56,11.72,,27777.0
2017-12-29 11:30,,11.63,600390,11.74,11.62,11.68,,9742.0
2017-12-29 14:00,,11.79,600390,11.79,11.65,11.65,,13339.0
2017-12-29 15:00,,11.8,600390,11.82,11.69,11.75,,26169.0
2018-01-02 10:30,,11.88,600390,11.95,11.77,11.79,,31713.0
2018-01-02 11:30,,11.83,600390,11.88,11.8,11.88,,15820.0
2018-01-02 14:00,,11.88,600390,11.9,11.82,11.83,,17355.0
2018-01-02 15:00,,11.89,600390,11.92,11.83,11.88,,20336.0
2018-01-03 10:30,,11.91,600390,11.95,11.83,11.9,,22724.0
2018-01-03 11:30,,12.07,600390,12.07,11.9,11.91,,40733.0
2018-01-03 14:00,,12.05,600390,12.12,12.02,12.07,,23273.0
2018-01-03 15:00,,12.05,600390,12.07,11.96,12.05,,30819.0
2018-01-04 10:30,,12.03,600390,12.12,11.95,12.06,,21324.0
2018-01-04 11:30,,11.95,600390,12.05,11.94,12.04,,20728.0
2018-01-04 14:00,,11.94,600390,11.97,11.89,11.95,,18263.0
2018-01-04 15:00,,11.98,600390,11.99,11.91,11.94,,16597.0
2018-01-05 10:30,,12.02,600390,12.03,11.88,11.97,,20443.0
2018-01-05 11:30,,12.02,600390,12.08,11.99,12.02,,17901.0
2018-01-05 14:00,,11.98,600390,12.05,11.93,12.02,,20263.0
2018-01-05 15:00,,12.03,600390,12.04,11.97,11.98,,17296.0
2018-01-08 10:30,,11.82,600390,12.08,11.71,12.03,,41160.0
2018-01-08 11:30,,11.89,600390,11.95,11.79,11.82,,22990.0
2018-01-08 14:00,,11.84,600390,11.92,11.79,11.89,,24449.0
2018-01-08 15:00,,11.89,600390,11.92,11.8,11.84,,24946.0
2018-01-09 10:30,,11.97,600390,12.05,11.88,11.91,,43990.0
2018-01-09 11:30,,11.95,600390,11.98,11.92,11.96,,14989.0
2018-01-09 14:00,,11.99,600390,12.0,11.9,11.95,,26574.0
2018-01-09 15:00,,12.39,600390,12.48,11.95,11.98,,105873.0
2018-01-10 10:30,,12.16,600390,12.32,12.07,12.31,,59515.0
2018-01-10 11:30,,12.11,600390,12.17,12.06,12.16,,27930.0
2018-01-10 14:00,,12.01,600390,12.12,11.97,12.11,,29173.0
2018-01-10 15:00,,11.99,600390,12.05,11.96,12.01,,33179.0
2018-01-11 10:30,,11.78,600390,11.98,11.78,11.93,,30154.0
2018-01-11 11:30,,11.79,600390,11.82,11.71,11.78,,26331.0
2018-01-11 14:00,,11.87,600390,11.89,11.78,11.79,,14420.0
2018-01-11 15:00,,11.87,600390,11.89,11.84,11.87,,15624.0
2018-01-12 10:30,,11.78,600390,11.87,11.73,11.8,,21326.0
2018-01-12 11:30,,11.78,600390,11.8,11.71,11.78,,17858.0
2018-01-12 14:00,,11.71,600390,11.81,11.71,11.78,,12168.0
2018-01-12 15:00,,11.69,600390,11.75,11.68,11.71,,21097.0
2018-01-15 10:30,,11.46,600390,11.72,11.42,11.63,,42194.0
2018-01-15 11:30,,11.43,600390,11.47,11.4,11.46,,18425.0
2018-01-15 14:00,,11.37,600390,11.47,11.34,11.43,,15304.0
2018-01-15 15:00,,11.29,600390,11.42,11.27,11.37,,17049.0
2018-01-16 10:30,,11.39,600390,11.44,11.26,11.31,,12659.0
2018-01-16 11:30,,11.33,600390,11.4,11.33,11.39,,8368.0
2018-01-16 14:00,,11.3,600390,11.37,11.3,11.33,,9218.0
2018-01-16 15:00,,11.34,600390,11.36,11.23,11.3,,23034.0
2018-01-17 10:30,,11.65,600390,11.75,11.29,11.35,,53822.0
2018-01-17 11:30,,11.74,600390,11.98,11.62,11.65,,39307.0
2018-01-17 14:00,,11.67,600390,11.75,11.66,11.74,,7896.0
2018-01-17 15:00,,11.62,600390,11.67,11.56,11.67,,15055.0
2018-01-18 10:30,,11.52,600390,11.71,11.43,11.55,,29164.0
2018-01-18 11:30,,11.42,600390,11.54,11.4,11.52,,25294.0
2018-01-18 14:00,,11.42,600390,11.5,11.35,11.42,,18481.0
2018-01-18 15:00,,11.44,600390,11.47,11.36,11.42,,14053.0
2018-01-19 10:30,,11.61,600390,11.69,11.47,11.49,,35593.0
2018-01-19 11:30,,11.54,600390,11.61,11.51,11.61,,17311.0
2018-01-19 14:00,,11.76,600390,11.79,11.53,11.54,,49426.0
2018-01-19 15:00,,11.81,600390,11.95,11.74,11.76,,59540.0
2018-01-22 10:30,,11.78,600390,11.96,11.7,11.78,,54245.0
2018-01-22 11:30,,11.85,600390,11.86,11.76,11.78,,19241.0
2018-01-22 14:00,,12.03,600390,12.05,11.81,11.85,,29790.0
2018-01-22 15:00,,11.95,600390,12.06,11.88,12.01,,33346.0
2018-01-23 10:30,,11.96,600390,11.98,11.86,11.92,,30867.0
2018-01-23 11:30,,11.94,600390,12.05,11.94,11.96,,26492.0
2018-01-23 14:00,,11.85,600390,11.99,11.85,11.94,,23737.0
2018-01-23 15:00,,12.0,600390,12.01,11.82,11.85,,21025.0
2018-01-24 10:30,,11.89,600390,12.08,11.82,11.95,,35560.0
2018-01-24 11:30,,11.85,600390,11.89,11.81,11.89,,19118.0
2018-01-24 14:00,,11.97,600390,12.05,11.84,11.86,,30924.0
2018-01-24 15:00,,11.96,600390,12.01,11.88,11.98,,24661.0
2018-01-25 10:30,,12.04,600390,12.09,11.9,11.96,,48128.0
2018-01-25 11:30,,12.03,600390,12.07,11.95,12.04,,22078.0
2018-01-25 14:00,,12.25,600390,12.3,12.03,12.03,,56816.0
2018-01-25 15:00,,12.12,600390,12.26,12.11,12.24,,32101.0
2018-01-26 10:30,,12.11,600390,12.22,12.02,12.06,,29596.0
2018-01-26 11:30,,12.14,600390,12.17,12.05,12.11,,18633.0
2018-01-26 14:00,,12.1,600390,12.15,12.06,12.14,,14427.0
2018-01-26 15:00,,12.05,600390,12.16,12.04,12.1,,25632.0
2018-01-29 10:30,,11.93,600390,12.12,11.87,12.08,,38150.0
2018-01-29 11:30,,11.89,600390,12.09,11.87,11.93,,21559.0
2018-01-29 14:00,,11.95,600390,12.04,11.88,11.89,,13826.0
2018-01-29 15:00,,11.85,600390,11.98,11.84,11.95,,17025.0
2018-01-30 10:30,,11.93,600390,11.97,11.83,11.86,,21715.0
2018-01-30 11:30,,11.96,600390,12.03,11.91,11.93,,16709.0
2018-01-30 14:00,,11.96,600390,12.0,11.91,11.95,,13337.0
2018-01-30 15:00,,11.82,600390,11.97,11.8,11.96,,20048.0
2018-01-31 10:30,,11.51,600390,11.77,11.5,11.77,,35838.0
2018-01-31 11:30,,11.59,600390,11.6,11.46,11.51,,18946.0
2018-01-31 14:00,,11.47,600390,11.6,11.4,11.59,,18186.0
2018-01-31 15:00,,11.47,600390,11.56,11.39,11.47,,19124.0
2018-02-01 10:30,,11.43,600390,11.57,11.41,11.44,,20427.0
2018-02-01 11:30,,11.26,600390,11.44,11.2,11.41,,30063.0
2018-02-01 14:00,,11.2,600390,11.29,11.13,11.26,,19149.0
2018-02-01 15:00,,11.08,600390,11.25,10.92,11.2,,35326.0
2018-02-02 10:30,,11.07,600390,11.11,10.8,11.1,,22747.0
2018-02-02 11:30,,11.18,600390,11.22,11.03,11.07,,12833.0
2018-02-02 14:00,,11.1,600390,11.18,11.08,11.18,,7507.0
2018-02-02 15:00,,11.12,600390,11.19,11.04,11.1,,15100.0
2018-02-05 10:30,,11.06,600390,11.1,10.83,10.98,,15098.0
2018-02-05 11:30,,10.93,600390,11.07,10.93,11.06,,9714.0
2018-02-05 14:00,,11.08,600390,11.11,10.93,10.93,,14045.0
2018-02-05 15:00,,11.06,600390,11.13,11.02,11.08,,12813.0
2018-02-06 10:30,,10.73,600390,10.9,10.67,10.8,,29291.0
2018-02-06 11:30,,10.71,600390,10.79,10.62,10.73,,19962.0
2018-02-06 14:00,,10.6,600390,10.71,10.49,10.71,,23208.0
2018-02-06 15:00,,10.51,600390,10.6,10.37,10.6,,26625.0
2018-02-07 10:30,,10.56,600390,10.69,10.55,10.63,,26972.0
2018-02-07 11:30,,10.51,600390,10.56,10.35,10.56,,20364.0
2018-02-07 14:00,,10.57,600390,10.63,10.51,10.51,,20680.0
2018-02-07 15:00,,10.5,600390,10.57,10.45,10.57,,15768.0
2018-02-08 10:30,,10.55,600390,10.61,10.43,10.5,,12693.0
2018-02-08 11:30,,10.58,600390,10.62,10.52,10.55,,8941.0
2018-02-08 14:00,,10.57,600390,10.6,10.53,10.58,,6223.0
2018-02-08 15:00,,10.57,600390,10.58,10.52,10.57,,7385.0
2018-02-09 10:30,,10.19,600390,10.3,10.08,10.16,,24305.0
2018-02-09 11:30,,9.98,600390,10.2,9.81,10.19,,27499.0
2018-02-09 14:00,,9.94,600390,10.09,9.81,9.98,,16517.0
2018-02-09 15:00,,10.43,600390,10.45,9.85,9.94,,33697.0
2018-02-12 10:30,,10.45,600390,10.59,10.39,10.56,,39902.0
2018-02-12 11:30,,10.45,600390,10.52,10.4,10.45,,11595.0
2018-02-12 14:00,,10.51,600390,10.52,10.42,10.45,,12615.0
2018-02-12 15:00,,10.45,600390,10.52,10.43,10.51,,12704.0
2018-02-13 10:30,,10.58,600390,10.63,10.43,10.45,,21095.0
2018-02-13 11:30,,10.56,600390,10.6,10.53,10.58,,10651.0
2018-02-13 14:00,,10.45,600390,10.56,10.44,10.56,,5220.0
2018-02-13 15:00,,10.53,600390,10.56,10.37,10.45,,12373.0
2018-02-14 10:30,,10.34,600390,10.51,10.3,10.42,,9599.0
2018-02-14 11:30,,10.34,600390,10.4,10.33,10.34,,3459.0
2018-02-14 14:00,,10.47,600390,10.47,10.34,10.35,,7215.0
2018-02-14 15:00,,10.42,600390,10.47,10.38,10.47,,10071.0
2018-02-22 10:30,,10.53,600390,10.56,10.44,10.52,,21431.0
2018-02-22 11:30,,10.57,600390,10.58,10.51,10.53,,7324.0
2018-02-22 14:00,,10.53,600390,10.58,10.52,10.58,,7949.0
2018-02-22 15:00,,10.54,600390,10.55,10.5,10.53,,9845.0
2018-02-23 10:30,,10.65,600390,10.68,10.49,10.58,,19942.0
2018-02-23 11:30,,10.55,600390,10.66,10.51,10.65,,6665.0
2018-02-23 14:00,,10.53,600390,10.57,10.5,10.55,,6314.0
2018-02-23 15:00,,10.59,600390,10.6,10.52,10.53,,8959.0
2018-02-26 10:30,,10.49,600390,10.58,10.46,10.55,,24672.0
2018-02-26 11:30,,10.62,600390,10.63,10.49,10.49,,14173.0
2018-02-26 14:00,,10.69,600390,10.72,10.59,10.62,,13882.0
2018-02-26 15:00,,10.7,600390,10.76,10.65,10.69,,21141.0
2018-02-27 10:30,,10.88,600390,10.95,10.64,10.7,,32980.0
2018-02-27 11:30,,10.83,600390,10.89,10.77,10.88,,14588.0
2018-02-27 14:00,,10.78,600390,10.83,10.71,10.82,,8341.0
2018-02-27 15:00,,10.88,600390,10.9,10.77,10.78,,22095.0
2018-02-28 10:30,,10.8,600390,10.87,10.72,10.8,,14871.0
2018-02-28 11:30,,10.78,600390,10.84,10.77,10.8,,11177.0
2018-02-28 14:00,,10.89,600390,10.89,10.78,10.78,,8628.0
2018-02-28 15:00,,10.91,600390,10.94,10.85,10.89,,18573.0
2018-03-01 10:30,,10.92,600390,10.98,10.77,10.8,,14665.0
2018-03-01 11:30,,10.91,600390,10.92,10.86,10.92,,8498.0
2018-03-01 14:00,,10.89,600390,10.93,10.87,10.91,,7957.0
2018-03-01 15:00,,10.92,600390,10.93,10.87,10.88,,12186.0
2018-03-02 10:30,,10.8,600390,10.86,10.68,10.8,,19200.0
2018-03-02 11:30,,10.79,600390,10.82,10.73,10.8,,6773.0
2018-03-02 14:00,,10.79,600390,10.88,10.77,10.79,,6757.0
2018-03-02 15:00,,10.73,600390,10.8,10.7,10.79,,11948.0
2018-03-05 10:30,,10.85,600390,10.88,10.72,10.74,,14122.0
2018-03-05 11:30,,10.83,600390,10.85,10.75,10.85,,6598.0
2018-03-05 14:00,,10.76,600390,10.83,10.74,10.83,,5696.0
2018-03-05 15:00,,10.76,600390,10.81,10.72,10.76,,17570.0
2018-03-06 10:30,,10.66,600390,10.82,10.66,10.76,,16604.0
2018-03-06 11:30,,10.71,600390,10.71,10.6,10.67,,18516.0
2018-03-06 14:00,,10.76,600390,10.8,10.65,10.71,,15355.0
2018-03-06 15:00,,10.78,600390,10.79,10.73,10.76,,20865.0
2018-03-07 10:30,,10.8,600390,10.84,10.74,10.77,,21847.0
2018-03-07 11:30,,10.82,600390,10.86,10.78,10.8,,12040.0
2018-03-07 14:00,,10.79,600390,10.83,10.77,10.82,,9238.0
2018-03-07 15:00,,10.77,600390,10.89,10.77,10.79,,19282.0
2018-03-08 10:30,,10.82,600390,10.83,10.69,10.75,,15936.0
2018-03-08 11:30,,10.77,600390,10.83,10.75,10.82,,8139.0
2018-03-08 14:00,,10.72,600390,10.78,10.69,10.77,,9493.0
2018-03-08 15:00,,10.71,600390,10.75,10.68,10.72,,21493.0
2018-03-09 10:30,,10.73,600390,10.78,10.7,10.74,,17356.0
2018-03-09 11:30,,10.72,600390,10.76,10.68,10.76,,11726.0
2018-03-09 14:00,,10.79,600390,10.79,10.72,10.72,,18028.0
2018-03-09 15:00,,10.83,600390,10.84,10.75,10.79,,24612.0
2018-03-12 10:30,,10.91,600390,10.91,10.8,10.85,,31035.0
2018-03-12 11:30,,10.94,600390,10.98,10.89,10.91,,22985.0
2018-03-12 14:00,,11.02,600390,11.05,10.93,10.94,,22919.0
2018-03-12 15:00,,11.04,600390,11.07,10.96,11.02,,28314.0
2018-03-13 10:30,,10.94,600390,11.04,10.91,11.04,,26476.0
2018-03-13 11:30,,10.91,600390,10.94,10.89,10.93,,13045.0
2018-03-13 14:00,,10.93,600390,10.94,10.88,10.91,,12413.0
2018-03-13 15:00,,10.88,600390,10.94,10.86,10.92,,19279.0
2018-03-14 10:30,,10.93,600390,11.03,10.81,10.86,,26977.0
2018-03-14 11:30,,10.88,600390,10.97,10.86,10.93,,9753.0
2018-03-14 14:00,,10.9,600390,10.94,10.88,10.88,,8858.0
2018-03-14 15:00,,10.81,600390,10.94,10.79,10.9,,17909.0
2018-03-15 10:30,,10.63,600390,10.76,10.63,10.76,,24348.0
2018-03-15 11:30,,10.6,600390,10.68,10.58,10.63,,17541.0
2018-03-15 14:00,,10.55,600390,10.63,10.51,10.6,,18133.0
2018-03-15 15:00,,10.6,600390,10.61,10.52,10.55,,11391.0
2018-03-16 10:30,,10.68,600390,10.68,10.57,10.58,,16770.0
2018-03-16 11:30,,10.62,600390,10.7,10.61,10.67,,11956.0
2018-03-16 14:00,,10.67,600390,10.71,10.62,10.63,,6585.0
2018-03-16 15:00,,10.57,600390,10.7,10.56,10.67,,12729.0
2018-03-19 10:30,,10.63,600390,10.69,10.54,10.54,,14405.0
2018-03-19 11:30,,10.64,600390,10.67,10.61,10.63,,7283.0
2018-03-19 14:00,,10.56,600390,10.66,10.52,10.65,,8750.0
2018-03-19 15:00,,10.57,600390,10.59,10.5,10.56,,11250.0
2018-03-20 10:30,,10.41,600390,10.47,10.38,10.44,,21707.0
2018-03-20 11:30,,10.42,600390,10.44,10.35,10.41,,9812.0
2018-03-20 14:00,,10.45,600390,10.46,10.39,10.42,,8060.0
2018-03-20 15:00,,10.46,600390,10.53,10.42,10.45,,11608.0
2018-03-21 10:30,,10.58,600390,10.64,10.41,10.46,,25708.0
2018-03-21 11:30,,10.7,600390,10.73,10.56,10.59,,23631.0
2018-03-21 14:00,,10.79,600390,10.87,10.66,10.7,,21680.0
2018-03-21 15:00,,10.68,600390,10.8,10.63,10.79,,27432.0
2018-03-22 10:30,,10.66,600390,10.83,10.6,10.68,,21175.0
2018-03-22 11:30,,10.62,600390,10.66,10.58,10.66,,14596.0
2018-03-22 14:00,,10.67,600390,10.72,10.62,10.62,,9431.0
2018-03-22 15:00,,10.61,600390,10.69,10.59,10.67,,14338.0
2018-03-23 10:30,,10.31,600390,10.37,10.22,10.3,,26251.0
2018-03-23 11:30,,10.1,600390,10.31,10.04,10.31,,23344.0
2018-03-23 14:00,,9.91,600390,10.17,9.91,10.1,,22941.0
2018-03-23 15:00,,10.27,600390,10.3,9.77,9.91,,43687.0
2018-03-26 10:30,,10.13,600390,10.15,9.85,10.14,,24706.0
2018-03-26 11:30,,10.04,600390,10.13,10.02,10.13,,6677.0
2018-03-26 14:00,,10.11,600390,10.14,10.04,10.04,,7525.0
2018-03-26 15:00,,10.18,600390,10.21,10.07,10.11,,16730.0
2018-03-27 10:30,,10.2,600390,10.32,10.17,10.27,,26287.0
2018-03-27 11:30,,10.27,600390,10.31,10.18,10.2,,18049.0
2018-03-27 14:00,,10.23,600390,10.33,10.21,10.27,,12779.0
2018-03-27 15:00,,10.22,600390,10.24,10.15,10.23,,18839.0
2018-03-28 10:30,,10.05,600390,10.14,10.01,10.05,,23497.0
2018-03-28 11:30,,10.0,600390,10.1,9.97,10.05,,22714.0
2018-03-28 14:00,,10.04,600390,10.06,9.98,10.0,,15315.0
2018-03-28 15:00,,10.07,600390,10.07,9.96,10.02,,26001.0
2018-03-29 10:30,,9.97,600390,10.1,9.95,10.07,,20647.0
2018-03-29 11:30,,10.06,600390,10.09,9.97,9.97,,12794.0
2018-03-29 14:00,,10.09,600390,10.12,10.04,10.06,,16138.0
2018-03-29 15:00,,10.15,600390,10.17,10.08,10.09,,17808.0
2018-03-30 10:30,,10.07,600390,10.19,10.05,10.16,,20642.0
2018-03-30 11:30,,10.08,600390,10.11,10.05,10.07,,10540.0
2018-03-30 14:00,,10.11,600390,10.13,10.06,10.08,,9626.0
2018-03-30 15:00,,10.09,600390,10.11,10.07,10.11,,13353.0
2018-04-02 10:30,,10.17,600390,10.22,10.02,10.05,,25272.0
2018-04-02 11:30,,10.15,600390,10.21,10.12,10.17,,13990.0
2018-04-02 14:00,,10.08,600390,10.18,10.08,10.15,,11803.0
2018-04-02 15:00,,10.06,600390,10.12,10.03,10.08,,14037.0
2018-04-03 10:30,,9.93,600390,9.98,9.81,9.9,,18306.0
2018-04-03 11:30,,9.94,600390,9.97,9.9,9.93,,8095.0
2018-04-03 14:00,,9.86,600390,9.94,9.84,9.93,,17763.0
2018-04-03 15:00,,9.89,600390,9.96,9.83,9.87,,16234.0
2018-04-04 10:30,,10.03,600390,10.09,9.94,9.95,,20477.0
2018-04-04 11:30,,10.07,600390,10.07,10.02,10.02,,5042.0
2018-04-04 14:00,,10.0,600390,10.15,10.0,10.07,,13507.0
2018-04-04 15:00,,9.97,600390,10.04,9.95,10.0,,10948.0
2018-04-09 10:30,,10.07,600390,10.11,9.92,9.97,,19797.0
2018-04-09 11:30,,10.15,600390,10.16,10.05,10.07,,18039.0
2018-04-09 14:00,,10.07,600390,10.16,10.07,10.15,,8468.0
2018-04-09 15:00,,10.15,600390,10.15,10.06,10.09,,12382.0
2018-04-10 10:30,,10.12,600390,10.2,10.08,10.17,,22260.0
2018-04-10 11:30,,10.1,600390,10.18,10.1,10.12,,12157.0
2018-04-10 14:00,,10.12,600390,10.14,10.09,10.1,,6727.0
2018-04-10 15:00,,10.2,600390,10.21,10.11,10.12,,25506.0
2018-04-11 10:30,,10.21,600390,10.27,10.15,10.22,,15419.0
2018-04-11 11:30,,10.22,600390,10.25,10.19,10.21,,8828.0
2018-04-11 14:00,,10.19,600390,10.24,10.18,10.22,,9259.0
2018-04-11 15:00,,10.2,600390,10.21,10.15,10.19,,13070.0
2018-04-12 10:30,,10.54,600390,10.75,10.12,10.2,,70194.0
2018-04-12 11:30,,10.49,600390,10.55,10.43,10.54,,16446.0
2018-04-12 14:00,,10.42,600390,10.54,10.42,10.49,,13091.0
2018-04-12 15:00,,10.43,600390,10.46,10.39,10.43,,18979.0
2018-04-13 10:30,,10.45,600390,10.55,10.32,10.41,,33659.0
2018-04-13 11:30,,10.45,600390,10.49,10.42,10.45,,8874.0
2018-04-13 14:00,,10.46,600390,10.49,10.43,10.45,,9833.0
2018-04-13 15:00,,10.4,600390,10.47,10.36,10.46,,14824.0
2018-04-16 10:30,,10.23,600390,10.35,10.17,10.35,,23343.0
2018-04-16 11:30,,10.21,600390,10.28,10.13,10.23,,11392.0
2018-04-16 14:00,,10.17,600390,10.2,10.14,10.17,,6913.0
2018-04-16 15:00,,10.15,600390,10.2,10.13,10.17,,11173.0
2018-04-17 10:30,,10.21,600390,10.23,10.11,10.16,,12442.0
2018-04-17 11:30,,10.16,600390,10.21,10.14,10.21,,5610.0
2018-04-17 14:00,,10.08,600390,10.18,10.04,10.16,,11687.0
2018-04-17 15:00,,9.97,600390,10.14,9.95,10.08,,15434.0
2018-04-18 10:30,,9.94,600390,10.12,9.88,10.08,,16622.0
2018-04-18 11:30,,9.95,600390,10.0,9.87,9.94,,6498.0
2018-04-18 14:00,,10.03,600390,10.07,9.95,9.95,,7547.0
2018-04-18 15:00,,10.04,600390,10.06,10.0,10.03,,10635.0
2018-04-19 10:30,,10.02,600390,10.08,10.0,10.07,,12882.0
2018-04-19 11:30,,10.1,600390,10.1,10.01,10.02,,8493.0
2018-04-19 14:00,,10.13,600390,10.16,10.09,10.1,,12279.0
2018-04-19 15:00,,10.13,600390,10.14,10.08,10.13,,10549.0
2018-04-20 10:30,,10.0,600390,10.06,9.98,10.05,,10053.0
2018-04-20 11:30,,9.89,600390,10.0,9.89,10.0,,17254.0
2018-04-20 14:00,,9.86,600390,9.89,9.82,9.89,,9819.0
2018-04-20 15:00,,9.81,600390,9.88,9.79,9.86,,14545.0
2018-04-23 10:30,,9.77,600390,9.88,9.75,9.82,,9846.0
2018-04-23 11:30,,9.78,600390,9.82,9.73,9.77,,6016.0
2018-04-23 14:00,,9.63,600390,9.8,9.62,9.78,,9008.0
2018-04-23 15:00,,9.79,600390,9.8,9.61,9.64,,12503.0
2018-04-24 10:30,,9.84,600390,9.88,9.73,9.77,,16293.0
2018-04-24 11:30,,9.9,600390,9.93,9.84,9.84,,7528.0
2018-04-24 14:00,,9.88,600390,9.91,9.86,9.9,,6522.0
2018-04-24 15:00,,9.91,600390,9.91,9.87,9.88,,8080.0
2018-04-25 10:30,,9.85,600390,9.89,9.83,9.86,,8567.0
2018-04-25 11:30,,9.85,600390,9.86,9.81,9.85,,6597.0
2018-04-25 14:00,,9.82,600390,9.86,9.82,9.85,,5122.0
2018-04-25 15:00,,9.81,600390,9.85,9.77,9.82,,10067.0
2018-04-26 10:30,,9.79,600390,9.86,9.77,9.81,,10140.0
2018-04-26 11:30,,9.79,600390,9.81,9.73,9.79,,6230.0
2018-04-26 14:00,,9.79,600390,9.8,9.74,9.79,,4298.0
2018-04-26 15:00,,9.8,600390,9.82,9.69,9.79,,17301.0
2018-04-27 10:30,,9.79,600390,9.83,9.73,9.81,,12259.0
2018-04-27 11:30,,9.76,600390,9.82,9.75,9.79,,5962.0
2018-04-27 14:00,,9.81,600390,9.82,9.75,9.76,,5535.0
2018-04-27 15:00,,9.84,600390,9.84,9.79,9.81,,8272.0
2018-05-02 10:30,,9.65,600390,9.88,9.63,9.84,,22213.0
2018-05-02 11:30,,9.42,600390,9.68,9.42,9.65,,28480.0
2018-05-02 14:00,,9.43,600390,9.48,9.4,9.43,,14349.0
2018-05-02 15:00,,9.62,600390,9.65,9.33,9.43,,30101.0
2018-05-03 10:30,,9.48,600390,9.63,9.41,9.63,,13560.0
2018-05-03 11:30,,9.46,600390,9.5,9.43,9.48,,8543.0
2018-05-03 14:00,,9.55,600390,9.55,9.45,9.45,,8891.0
2018-05-03 15:00,,9.6,600390,9.61,9.53,9.55,,17064.0
2018-05-04 10:30,,9.53,600390,9.58,9.51,9.53,,8673.0
2018-05-04 11:30,,9.51,600390,9.54,9.48,9.53,,6869.0
2018-05-04 14:00,,9.52,600390,9.53,9.48,9.51,,7402.0
2018-05-04 15:00,,9.6,600390,9.6,9.45,9.52,,19319.0
2018-05-07 10:30,,9.59,600390,9.6,9.54,9.55,,23017.0
2018-05-07 11:30,,9.61,600390,9.62,9.56,9.59,,11050.0
2018-05-07 14:00,,9.61,600390,9.63,9.57,9.61,,14457.0
2018-05-07 15:00,,9.61,600390,9.63,9.58,9.61,,12625.0
2018-05-08 10:30,,9.62,600390,9.67,9.58,9.58,,16071.0
2018-05-08 11:30,,9.65,600390,9.65,9.58,9.62,,10304.0
2018-05-08 14:00,,9.67,600390,9.72,9.64,9.65,,13503.0
2018-05-08 15:00,,9.66,600390,9.69,9.64,9.67,,9779.0
2018-05-09 10:30,,9.62,600390,9.66,9.61,9.61,,9252.0
2018-05-09 11:30,,9.61,600390,9.62,9.58,9.62,,8489.0
2018-05-09 14:00,,9.6,600390,9.63,9.6,9.61,,4521.0
2018-05-09 15:00,,9.6,600390,9.61,9.56,9.6,,11448.0
2018-05-10 10:30,,9.61,600390,9.63,9.59,9.59,,8174.0
2018-05-10 11:30,,9.54,600390,9.62,9.53,9.61,,6901.0
2018-05-10 14:00,,9.51,600390,9.57,9.51,9.54,,8088.0
2018-05-10 15:00,,9.6,600390,9.61,9.49,9.51,,12737.0
2018-05-11 10:30,,9.56,600390,9.64,9.53,9.62,,12985.0
2018-05-11 11:30,,9.53,600390,9.58,9.5,9.56,,10284.0
2018-05-11 14:00,,9.55,600390,9.57,9.51,9.53,,6618.0
2018-05-11 15:00,,9.59,600390,9.6,9.52,9.55,,14922.0
2018-05-14 10:30,,9.54,600390,9.59,9.54,9.56,,7837.0
2018-05-14 11:30,,9.54,600390,9.57,9.53,9.54,,3930.0
2018-05-14 14:00,,9.54,600390,9.56,9.52,9.54,,3656.0
2018-05-14 15:00,,9.51,600390,9.54,9.5,9.54,,8472.0
2018-05-15 10:30,,9.5,600390,9.56,9.48,9.56,,6719.0
2018-05-15 11:30,,9.41,600390,9.5,9.41,9.5,,11943.0
2018-05-15 14:00,,9.45,600390,9.45,9.41,9.42,,5153.0
2018-05-15 15:00,,9.49,600390,9.51,9.44,9.45,,7850.0
2018-05-16 10:30,,9.42,600390,9.45,9.4,9.45,,6230.0
2018-05-16 11:30,,9.39,600390,9.43,9.38,9.42,,9931.0
2018-05-16 14:00,,9.42,600390,9.43,9.39,9.39,,7661.0
2018-05-16 15:00,,9.37,600390,9.42,9.34,9.42,,20796.0
2018-05-17 10:30,,9.36,600390,9.4,9.29,9.37,,8340.0
2018-05-17 11:30,,9.43,600390,9.44,9.33,9.36,,9328.0
2018-05-17 14:00,,9.38,600390,9.43,9.37,9.43,,4153.0
2018-05-17 15:00,,9.4,600390,9.41,9.34,9.38,,5997.0
2018-05-18 10:30,,9.33,600390,9.4,9.31,9.39,,8482.0
2018-05-18 11:30,,9.37,600390,9.38,9.33,9.33,,2739.0
2018-05-18 14:00,,9.39,600390,9.39,9.36,9.38,,3172.0
2018-05-18 15:00,,9.43,600390,9.46,9.39,9.39,,16023.0
2018-05-21 10:30,,9.5,600390,9.53,9.45,9.5,,14890.0
2018-05-21 11:30,,9.5,600390,9.51,9.47,9.5,,8837.0
2018-05-21 14:00,,9.49,600390,9.52,9.45,9.5,,16945.0
2018-05-21 15:00,,9.49,600390,9.51,9.47,9.49,,10448.0
2018-05-22 10:30,,9.46,600390,9.52,9.46,9.51,,9916.0
2018-05-22 11:30,,9.46,600390,9.48,9.46,9.46,,4654.0
2018-05-22 14:00,,9.43,600390,9.48,9.42,9.47,,9455.0
2018-05-22 15:00,,9.48,600390,9.48,9.42,9.43,,8965.0
2018-05-23 10:30,,9.42,600390,9.48,9.4,9.48,,8126.0
2018-05-23 11:30,,9.39,600390,9.43,9.37,9.42,,9154.0
2018-05-23 14:00,,9.36,600390,9.39,9.35,9.39,,6631.0
2018-05-23 15:00,,9.36,600390,9.39,9.32,9.36,,12700.0
2018-05-24 10:30,,9.36,600390,9.38,9.33,9.36,,7499.0
2018-05-24 11:30,,9.36,600390,9.38,9.33,9.36,,4222.0
2018-05-24 14:00,,9.34,600390,9.36,9.33,9.36,,2608.0
2018-05-24 15:00,,9.34,600390,9.35,9.29,9.34,,15246.0
2018-05-25 10:30,,9.28,600390,9.33,9.27,9.33,,6736.0
2018-05-25 11:30,,9.25,600390,9.29,9.23,9.28,,4855.0
2018-05-25 14:00,,9.22,600390,9.28,9.21,9.25,,4333.0
2018-05-25 15:00,,9.3,600390,9.32,9.17,9.22,,25991.0
2018-05-28 10:30,,9.2,600390,9.27,9.1,9.27,,11127.0
2018-05-28 11:30,,9.15,600390,9.2,9.12,9.2,,9415.0
2018-05-28 14:00,,9.09,600390,9.15,9.07,9.15,,13422.0
2018-05-28 15:00,,9.02,600390,9.09,8.97,9.09,,32285.0
2018-05-29 10:30,,8.84,600390,9.02,8.78,9.02,,24220.0
2018-05-29 11:30,,8.78,600390,8.86,8.77,8.84,,14275.0
2018-05-29 14:00,,8.78,600390,8.81,8.76,8.78,,8066.0
2018-05-29 15:00,,8.8,600390,8.83,8.72,8.78,,24491.0
2018-05-30 10:30,,8.58,600390,8.67,8.54,8.67,,22928.0
2018-05-30 11:30,,8.51,600390,8.59,8.48,8.58,,12607.0
2018-05-30 14:00,,8.52,600390,8.53,8.49,8.51,,9446.0
2018-05-30 15:00,,8.47,600390,8.52,8.44,8.52,,24165.0
2018-05-31 10:30,,8.42,600390,8.56,8.38,8.54,,15678.0
2018-05-31 11:30,,8.5,600390,8.51,8.39,8.42,,12092.0
2018-05-31 14:00,,8.47,600390,8.51,8.47,8.5,,11922.0
2018-05-31 15:00,,8.51,600390,8.54,8.46,8.47,,16304.0
2018-06-01 10:30,,8.44,600390,8.5,8.39,8.45,,14845.0
2018-06-01 11:30,,8.45,600390,8.5,8.43,8.44,,7376.0
2018-06-01 14:00,,8.45,600390,8.5,8.41,8.45,,6658.0
2018-06-01 15:00,,8.47,600390,8.5,8.4,8.45,,12291.0
2018-06-04 10:30,,8.47,600390,8.51,8.43,8.48,,10577.0
2018-06-04 11:30,,8.51,600390,8.51,8.46,8.47,,5366.0
2018-06-04 14:00,,8.49,600390,8.51,8.47,8.51,,3970.0
2018-06-04 15:00,,8.48,600390,8.5,8.46,8.49,,7042.0
2018-06-05 10:30,,8.49,600390,8.52,8.47,8.48,,10329.0
2018-06-05 11:30,,8.5,600390,8.5,8.47,8.49,,4321.0
2018-06-05 14:00,,8.54,600390,8.54,8.49,8.5,,6868.0
2018-06-05 15:00,,8.55,600390,8.56,8.52,8.54,,8632.0
2018-06-06 10:30,,8.67,600390,8.67,8.54,8.54,,14922.0
2018-06-06 11:30,,8.63,600390,8.69,8.62,8.67,,9322.0
2018-06-06 14:00,,8.62,600390,8.65,8.61,8.63,,4865.0
2018-06-06 15:00,,8.66,600390,8.66,8.61,8.62,,7152.0
2018-06-07 10:30,,8.71,600390,8.74,8.63,8.69,,12498.0
2018-06-07 11:30,,8.71,600390,8.74,8.67,8.71,,6823.0
2018-06-07 14:00,,8.68,600390,8.71,8.65,8.71,,6846.0
2018-06-07 15:00,,8.68,600390,8.73,8.67,8.69,,9064.0
2018-06-08 10:30,,8.56,600390,8.66,8.54,8.64,,10201.0
2018-06-08 11:30,,8.48,600390,8.58,8.48,8.56,,6189.0
2018-06-08 14:00,,8.5,600390,8.51,8.44,8.48,,5512.0
2018-06-08 15:00,,8.5,600390,8.56,8.49,8.5,,10296.0
2018-06-11 10:30,,8.55,600390,8.57,8.4,8.5,,7102.0
2018-06-11 11:30,,8.56,600390,8.65,8.51,8.55,,11605.0
2018-06-11 14:00,,8.53,600390,8.61,8.52,8.56,,3698.0
2018-06-11 15:00,,8.54,600390,8.56,8.49,8.55,,6208.0
2018-06-12 10:30,,8.46,600390,8.58,8.42,8.53,,6470.0
2018-06-12 11:30,,8.53,600390,8.53,8.44,8.46,,3154.0
2018-06-12 14:00,,8.56,600390,8.56,8.49,8.53,,5289.0
2018-06-12 15:00,,8.78,600390,8.82,8.55,8.56,,23320.0
2018-06-13 10:30,,8.69,600390,8.77,8.67,8.74,,11329.0
2018-06-13 11:30,,8.65,600390,8.7,8.65,8.69,,5544.0
2018-06-13 14:00,,8.64,600390,8.67,8.63,8.65,,9253.0
2018-06-13 15:00,,8.47,600390,8.64,8.46,8.64,,12762.0
2018-06-14 10:30,,8.56,600390,8.65,8.42,8.44,,9866.0
2018-06-14 11:30,,8.53,600390,8.56,8.49,8.56,,6230.0
2018-06-14 14:00,,8.52,600390,8.59,8.49,8.53,,7187.0
2018-06-14 15:00,,8.5,600390,8.57,8.49,8.53,,6399.0
2018-06-15 10:30,,8.47,600390,8.55,8.43,8.48,,11055.0
2018-06-15 11:30,,8.34,600390,8.48,8.29,8.47,,9023.0
2018-06-15 14:00,,8.34,600390,8.4,8.32,8.34,,6106.0
2018-06-15 15:00,,8.34,600390,8.37,8.3,8.34,,8512.0
2018-06-19 10:30,,8.04,600390,8.33,8.03,8.25,,20729.0
2018-06-19 11:30,,7.77,600390,8.05,7.71,8.04,,14931.0
2018-06-19 14:00,,7.76,600390,7.82,7.72,7.76,,11016.0
2018-06-19 15:00,,7.51,600390,7.77,7.51,7.76,,26897.0
2018-06-20 10:30,,7.61,600390,7.66,7.46,7.52,,18210.0
2018-06-20 11:30,,7.6,600390,7.62,7.48,7.61,,7889.0
2018-06-20 14:00,,7.68,600390,7.71,7.57,7.6,,8958.0
2018-06-20 15:00,,7.64,600390,7.69,7.63,7.68,,5870.0
2018-06-21 10:30,,7.78,600390,7.79,7.62,7.63,,11090.0
2018-06-21 11:30,,7.7,600390,7.84,7.68,7.78,,8031.0
2018-06-21 14:00,,7.65,600390,7.72,7.62,7.7,,10007.0
2018-06-21 15:00,,7.6,600390,7.67,7.52,7.65,,11299.0
2018-06-22 10:30,,7.6,600390,7.65,7.5,7.55,,8496.0
2018-06-22 11:30,,7.64,600390,7.68,7.56,7.6,,5915.0
2018-06-22 14:00,,7.64,600390,7.68,7.61,7.64,,4293.0
2018-06-22 15:00,,7.64,600390,7.66,7.58,7.64,,11245.0
2018-06-25 10:30,,7.68,600390,7.79,7.64,7.71,,14150.0
2018-06-25 11:30,,7.7,600390,7.72,7.65,7.68,,3175.0
2018-06-25 14:00,,7.55,600390,7.7,7.53,7.7,,12956.0
2018-06-25 15:00,,7.52,600390,7.6,7.52,7.55,,11598.0
2018-06-26 10:30,,7.45,600390,7.47,7.33,7.47,,15439.0
2018-06-26 11:30,,7.54,600390,7.57,7.42,7.44,,6170.0
2018-06-26 14:00,,7.55,600390,7.56,7.51,7.54,,5480.0
2018-06-26 15:00,,7.63,600390,7.66,7.53,7.56,,9367.0
2018-06-27 10:30,,7.58,600390,7.65,7.51,7.63,,9783.0
2018-06-27 11:30,,7.55,600390,7.61,7.54,7.58,,6185.0
2018-06-27 14:00,,7.52,600390,7.58,7.52,7.55,,4199.0
2018-06-27 15:00,,7.52,600390,7.54,7.46,7.52,,9192.0
2018-06-28 10:30,,7.49,600390,7.57,7.41,7.5,,7852.0
2018-06-28 11:30,,7.6,600390,7.65,7.47,7.49,,9057.0
2018-06-28 14:00,,7.52,600390,7.59,7.52,7.59,,4194.0
2018-06-28 15:00,,7.52,600390,7.57,7.47,7.52,,12702.0
2018-06-29 10:30,,7.58,600390,7.58,7.49,7.49,,9418.0
2018-06-29 11:30,,7.59,600390,7.62,7.57,7.58,,8663.0
2018-06-29 14:00,,7.66,600390,7.66,7.58,7.59,,11545.0
2018-06-29 15:00,,7.75,600390,7.76,7.64,7.66,,14627.0
2018-07-02 10:30,,7.65,600390,7.73,7.61,7.72,,11153.0
2018-07-02 11:30,,7.68,600390,7.69,7.64,7.65,,7719.0
2018-07-02 14:00,,7.57,600390,7.68,7.56,7.68,,13376.0
2018-07-02 15:00,,7.54,600390,7.6,7.49,7.56,,13034.0
2018-07-03 10:30,,7.59,600390,7.6,7.52,7.54,,8699.0
2018-07-03 11:30,,7.54,600390,7.6,7.5,7.59,,5132.0
2018-07-03 14:00,,7.59,600390,7.63,7.52,7.54,,5850.0
2018-07-03 15:00,,7.63,600390,7.66,7.59,7.59,,8552.0
2018-07-04 10:30,,7.57,600390,7.63,7.56,7.58,,8515.0
2018-07-04 11:30,,7.57,600390,7.63,7.54,7.57,,5072.0
2018-07-04 14:00,,7.55,600390,7.6,7.52,7.57,,4773.0
2018-07-04 15:00,,7.53,600390,7.6,7.53,7.55,,8585.0
2018-07-05 10:30,,7.48,600390,7.56,7.47,7.5,,7351.0
2018-07-05 11:30,,7.5,600390,7.56,7.48,7.48,,4665.0
2018-07-05 14:00,{},7.5,600390,7.52,7.47,7.5,7.1212,3657.0
2018-07-05 14:00,,7.5,600390,7.52,7.47,7.5,,3657.0
2018-07-05 15:00,{},7.44,600390,7.5,7.36,7.5,40.3593,20726.0
2018-07-05 15:00,,7.44,600390,7.5,7.36,7.5,,20726.0
2018-07-06 10:30,{},7.39,600390,7.48,7.38,7.42,15.1459,7778.0
2018-07-06 10:30,,7.39,600390,7.48,7.38,7.42,,7778.0
2018-07-06 11:30,,7.38,600390,7.4,7.3,7.39,,9825.0
2018-07-06 11:30,{},7.38,600390,7.4,7.3,7.39,19.132,9825.0
2018-07-06 14:00,,7.46,600390,7.49,7.36,7.38,,10685.0
2018-07-06 14:00,{},7.46,600390,7.49,7.36,7.38,20.8066,10685.0
2018-07-06 15:00,{},7.45,600390,7.5,7.41,7.46,25.4061,13047.0
2018-07-06 15:00,,7.45,600390,7.5,7.41,7.46,,13047.0
2018-07-09 10:30,{},7.5,600390,7.54,7.42,7.45,19.1106,9814.0
2018-07-09 10:30,,7.5,600390,7.54,7.42,7.45,,9814.0
2018-07-09 11:30,,7.5,600390,7.52,7.48,7.5,,4391.0
2018-07-09 11:30,{},7.5,600390,7.52,7.48,7.5,8.5505,4391.0
2018-07-09 14:00,,7.51,600390,7.52,7.49,7.51,,4725.0
2018-07-09 14:00,{},7.51,600390,7.52,7.49,7.51,9.2009,4725.0
2018-07-09 15:00,{},7.54,600390,7.55,7.51,7.51,21.6946,11141.0
2018-07-09 15:00,,7.54,600390,7.55,7.51,7.51,,11141.0
2018-07-10 10:30,{},7.55,600390,7.6,7.53,7.53,26.1441,13426.0
2018-07-10 10:30,,7.55,600390,7.6,7.53,7.53,,13426.0
2018-07-10 11:30,,7.52,600390,7.56,7.5,7.55,,5089.0
2018-07-10 11:30,{},7.52,600390,7.56,7.5,7.55,9.9097,5089.0
2018-07-10 14:00,{},7.5,600390,7.53,7.49,7.52,6.4533,3314.0
2018-07-10 14:00,,7.5,600390,7.53,7.49,7.52,,3314.0
2018-07-10 15:00,,7.56,600390,7.56,7.5,7.5,,5896.0
2018-07-10 15:00,{},7.56,600390,7.56,7.5,7.5,11.4811,5896.0
2018-07-11 10:30,,7.41,600390,7.5,7.34,7.5,,14499.0
2018-07-11 10:30,{},7.41,600390,7.5,7.34,7.5,28.2336,14499.0
2018-07-11 11:30,,7.36,600390,7.41,7.34,7.41,,5187.0
2018-07-11 11:30,{},7.36,600390,7.41,7.34,7.41,10.1005,5187.0
2018-07-11 14:00,{},7.3,600390,7.38,7.28,7.36,14.9376,7671.0
2018-07-11 14:00,,7.3,600390,7.38,7.28,7.36,,7671.0
2018-07-11 15:00,,7.35,600390,7.37,7.26,7.3,,7878.0
2018-07-11 15:00,{},7.35,600390,7.37,7.26,7.3,15.3406,7878.0
2018-07-12 10:30,,7.43,600390,7.43,7.32,7.33,,10538.0
2018-07-12 10:30,{},7.43,600390,7.43,7.32,7.33,20.5204,10538.0
2018-07-12 11:30,,7.45,600390,7.46,7.38,7.43,,9653.0
2018-07-12 11:30,{},7.45,600390,7.46,7.38,7.43,18.7971,9653.0
2018-07-12 14:00,{},7.49,600390,7.52,7.45,7.45,21.1396,10856.0
2018-07-12 14:00,,7.49,600390,7.52,7.45,7.45,,10856.0
2018-07-12 15:00,,7.53,600390,7.55,7.46,7.49,,9783.0
2018-07-12 15:00,{},7.53,600390,7.55,7.46,7.49,19.0502,9783.0
2018-07-13 10:30,,7.57,600390,7.62,7.49,7.54,,15755.0
2018-07-13 10:30,{},7.57,600390,7.62,7.49,7.54,30.6793,15755.0
2018-07-13 11:30,,7.56,600390,7.58,7.55,7.58,,5800.0
2018-07-13 11:30,{},7.56,600390,7.58,7.55,7.58,11.2942,5800.0
2018-07-13 14:00,,7.51,600390,7.58,7.5,7.56,,4650.0
2018-07-13 14:00,{},7.51,600390,7.58,7.5,7.56,9.0548,4650.0
2018-07-13 15:00,,7.54,600390,7.56,7.5,7.51,,6753.0
2018-07-13 15:00,{},7.54,600390,7.56,7.5,7.51,13.15,6753.0
2018-07-16 10:30,,7.5,600390,7.54,7.47,7.54,,9836.0
2018-07-16 10:30,{},7.5,600390,7.54,7.47,7.54,19.1534,9836.0
2018-07-16 11:30,{},7.53,600390,7.53,7.48,7.5,6.8758,3531.0
2018-07-16 11:30,,7.53,600390,7.53,7.48,7.5,,3531.0
2018-07-16 14:00,{},7.49,600390,7.53,7.47,7.53,10.6107,5449.0
2018-07-16 14:00,,7.49,600390,7.53,7.47,7.53,,5449.0
2018-07-16 15:00,{},7.48,600390,7.51,7.46,7.49,6.3871,3280.0
2018-07-16 15:00,,7.48,600390,7.51,7.46,7.49,,3280.0
2018-07-17 10:30,{},7.49,600390,7.53,7.44,7.48,16.0942,8265.0
2018-07-17 10:30,,7.49,600390,7.53,7.44,7.48,,8265.0
2018-07-17 11:30,{},7.48,600390,7.5,7.44,7.48,8.7335,4485.0
2018-07-17 11:30,,7.48,600390,7.5,7.44,7.48,,4485.0
2018-07-17 14:00,,7.46,600390,7.48,7.45,7.48,,3540.0
2018-07-17 14:00,{},7.46,600390,7.48,7.45,7.48,6.8934,3540.0
2018-07-17 15:00,{},7.51,600390,7.52,7.44,7.46,11.5435,5928.0
2018-07-17 15:00,,7.51,600390,7.52,7.44,7.46,,5928.0
2018-07-18 10:30,,7.51,600390,7.53,7.48,7.5,,7828.0
2018-07-18 10:30,{},7.51,600390,7.53,7.48,7.5,15.2433,7828.0
2018-07-18 11:30,{},7.53,600390,7.53,7.49,7.51,12.4411,6389.0
2018-07-18 11:30,,7.53,600390,7.53,7.49,7.51,,6389.0
2018-07-18 14:00,{},7.51,600390,7.54,7.51,7.53,15.0252,7716.0
2018-07-18 14:00,,7.51,600390,7.54,7.51,7.53,,7716.0
2018-07-18 15:00,{},7.5,600390,7.52,7.49,7.51,11.4636,5887.0
2018-07-18 15:00,,7.5,600390,7.52,7.49,7.51,,5887.0
2018-07-19 10:30,,7.45,600390,7.5,7.44,7.48,,8891.0
2018-07-19 10:30,{},7.45,600390,7.5,7.44,7.48,17.3132,8891.0
2018-07-19 11:30,{},7.42,600390,7.48,7.42,7.45,10.0577,5165.0
2018-07-19 11:30,,7.42,600390,7.48,7.42,7.45,,5165.0
2018-07-19 14:00,{},7.41,600390,7.43,7.38,7.43,8.8582,4549.0
2018-07-19 14:00,,7.41,600390,7.43,7.38,7.43,,4549.0
2018-07-19 15:00,{},7.39,600390,7.41,7.36,7.41,8.2078,4215.0
2018-07-19 15:00,,7.39,600390,7.41,7.36,7.41,,4215.0
2018-07-20 10:30,,7.35,600390,7.44,7.33,7.41,,6589.0
2018-07-20 10:30,{},7.35,600390,7.44,7.33,7.41,12.8306,6589.0
2018-07-20 11:30,{},7.36,600390,7.41,7.36,7.37,8.9458,4594.0
2018-07-20 11:30,,7.36,600390,7.41,7.36,7.37,,4594.0
2018-07-20 14:00,{},7.86,600390,8.1,7.36,7.36,90.7606,46609.0
2018-07-20 14:00,,7.86,600390,8.1,7.36,7.36,,46609.0
2018-07-20 15:00,{},7.8,600390,7.88,7.78,7.86,58.2314,29904.0
2018-07-20 15:00,,7.8,600390,7.88,7.78,7.86,,29904.0
2018-07-23 10:30,,7.88,600390,7.95,7.72,7.77,,43027.0
2018-07-23 10:30,{},7.88,600390,7.95,7.72,7.77,83.7855,43027.0
2018-07-23 11:30,,8.16,600390,8.29,7.88,7.88,,51654.0
2018-07-23 11:30,{},8.16,600390,8.29,7.88,7.88,100.5846,51654.0
2018-07-23 14:00,,8.1,600390,8.2,8.09,8.16,,19396.0
2018-07-23 14:00,{},8.1,600390,8.2,8.09,8.16,37.7694,19396.0
2018-07-23 15:00,,8.12,600390,8.15,8.1,8.1,,18499.0
2018-07-23 15:00,{},8.12,600390,8.15,8.1,8.1,36.0227,18499.0
2018-07-24 10:30,,8.2,600390,8.22,8.06,8.18,,57133.0
2018-07-24 10:30,{},8.2,600390,8.22,8.06,8.18,111.2537,57133.0
2018-07-24 11:30,,8.16,600390,8.23,8.14,8.22,,15838.0
2018-07-24 11:30,{},8.16,600390,8.23,8.14,8.22,30.840999999999998,15838.0
2018-07-24 14:00,,8.16,600390,8.19,8.11,8.16,,16493.0
2018-07-24 14:00,{},8.16,600390,8.19,8.11,8.16,32.1164,16493.0
2018-07-24 15:00,{},8.14,600390,8.17,8.11,8.15,36.5348,18762.0
2018-07-24 15:00,,8.14,600390,8.17,8.11,8.15,,18762.0
2018-07-25 10:30,,8.01,600390,8.13,7.98,8.11,,30023.0
2018-07-25 10:30,{},8.01,600390,8.13,7.98,8.11,58.4631,30023.0
2018-07-25 11:30,,8.03,600390,8.07,8.01,8.01,,8031.0
2018-07-25 11:30,{},8.03,600390,8.07,8.01,8.01,15.6386,8031.0
2018-07-25 14:00,{},8.04,600390,8.07,8.03,8.04,15.8158,8122.0
2018-07-25 14:00,,8.04,600390,8.07,8.03,8.04,,8122.0
2018-07-25 15:00,,8.06,600390,8.09,8.03,8.05,,7549.0
2018-07-25 15:00,{},8.06,600390,8.09,8.03,8.05,14.7,7549.0
2018-07-26 10:30,,8.01,600390,8.08,7.94,8.04,,20788.0
2018-07-26 10:30,{},8.01,600390,8.08,7.94,8.04,40.48,20788.0
2018-07-26 11:30,,7.96,600390,8.03,7.94,8.02,,8383.0
2018-07-26 11:30,{},7.96,600390,8.03,7.94,8.02,16.324,8383.0
2018-07-26 14:00,,7.98,600390,7.98,7.94,7.96,,6478.0
2018-07-26 14:00,{},7.98,600390,7.98,7.94,7.96,12.6145,6478.0
2018-07-26 15:00,,7.93,600390,7.98,7.93,7.98,,11079.0
2018-07-26 15:00,{},7.93,600390,7.98,7.93,7.98,21.5739,11079.0
2018-07-27 10:30,,7.98,600390,8.0,7.9,7.92,,10838.0
2018-07-27 10:30,{},7.98,600390,8.0,7.9,7.92,21.1046,10838.0
2018-07-27 11:30,,7.95,600390,8.02,7.95,7.98,,10895.0
2018-07-27 11:30,{},7.95,600390,8.02,7.95,7.98,21.2156,10895.0
2018-07-27 14:00,{},7.93,600390,7.97,7.92,7.95,8.9769,4610.0
2018-07-27 14:00,,7.93,600390,7.97,7.92,7.95,,4610.0
2018-07-27 15:00,{},7.93,600390,7.96,7.91,7.93,17.4476,8960.0
2018-07-27 15:00,,7.93,600390,7.96,7.91,7.93,,8960.0
2018-07-30 10:30,{},7.93,600390,7.96,7.85,7.93,19.4883,10008.0
2018-07-30 10:30,,7.93,600390,7.96,7.85,7.93,,10008.0
2018-07-30 11:30,,7.93,600390,7.98,7.89,7.93,,7800.0
2018-07-30 11:30,{},7.93,600390,7.98,7.89,7.93,15.1888,7800.0
2018-07-30 14:00,{},8.04,600390,8.08,7.93,7.93,47.9828,24641.0
2018-07-30 14:00,,8.04,600390,8.08,7.93,7.93,,24641.0
2018-07-30 15:00,,8.03,600390,8.04,7.99,8.03,,16251.0
2018-07-30 15:00,{},8.03,600390,8.04,7.99,8.03,31.6452,16251.0
2018-07-31 10:30,,8.1,600390,8.18,8.05,8.14,,28175.0
2018-07-31 10:30,{},8.1,600390,8.18,8.05,8.14,54.8645,28175.0
2018-07-31 11:30,{},8.06,600390,8.13,8.05,8.1,21.0734,10822.0
2018-07-31 11:30,,8.06,600390,8.13,8.05,8.1,,10822.0
2018-07-31 14:00,{},8.11,600390,8.12,8.05,8.06,13.2493,6804.0
2018-07-31 14:00,,8.11,600390,8.12,8.05,8.06,,6804.0
2018-07-31 15:00,{},8.04,600390,8.11,8.04,8.11,18.947,9730.0
2018-07-31 15:00,,8.04,600390,8.11,8.04,8.11,,9730.0
2018-08-01 10:30,,7.94,600390,8.03,7.9,7.95,,23870.0
2018-08-01 10:30,{},7.94,600390,8.03,7.9,7.95,46.4815,23870.0
2018-08-01 11:30,,7.96,600390,7.96,7.9,7.94,,6374.0
2018-08-01 11:30,{},7.96,600390,7.96,7.9,7.94,12.4119,6374.0
2018-08-01 14:00,{},7.92,600390,7.97,7.87,7.96,10.8911,5593.0
2018-08-01 14:00,,7.92,600390,7.97,7.87,7.96,,5593.0
2018-08-01 15:00,,7.76,600390,7.92,7.74,7.92,,15917.0
2018-08-01 15:00,{},7.76,600390,7.92,7.74,7.92,30.9948,15917.0
2018-08-02 10:30,{},7.62,600390,7.75,7.55,7.7,33.2478,17074.0
2018-08-02 10:30,,7.62,600390,7.75,7.55,7.7,,17074.0
2018-08-02 11:30,,7.48,600390,7.63,7.47,7.62,,10598.0
2018-08-02 11:30,{},7.48,600390,7.63,7.47,7.62,20.6372,10598.0
2018-08-02 14:00,,7.47,600390,7.49,7.4,7.48,,8347.0
2018-08-02 14:00,{},7.47,600390,7.49,7.4,7.48,16.2539,8347.0
2018-08-02 15:00,{},7.52,600390,7.53,7.45,7.47,16.3182,8380.0
2018-08-02 15:00,,7.52,600390,7.53,7.45,7.47,,8380.0
2018-08-03 10:30,,7.55,600390,7.59,7.44,7.52,,10276.0
2018-08-03 10:30,{},7.55,600390,7.59,7.44,7.52,20.0102,10276.0
2018-08-03 11:30,{},7.56,600390,7.61,7.5,7.55,15.105,7757.0
2018-08-03 11:30,,7.56,600390,7.61,7.5,7.55,,7757.0
2018-08-03 14:00,,7.55,600390,7.59,7.54,7.56,,2157.0
2018-08-03 14:00,{},7.55,600390,7.59,7.54,7.56,4.2003,2157.0
2018-08-03 15:00,{},7.52,600390,7.58,7.52,7.55,11.2942,5800.0
2018-08-03 15:00,,7.52,600390,7.58,7.52,7.55,,5800.0
2018-08-06 10:30,,7.51,600390,7.57,7.41,7.53,,13601.0
2018-08-06 10:30,{},7.51,600390,7.57,7.41,7.53,26.4849,13601.0
2018-08-06 11:30,{},7.42,600390,7.51,7.42,7.51,9.232,4741.0
2018-08-06 11:30,{},7.42,600390,7.51,7.42,7.51,9.232000000000001,4741.0
2018-08-06 11:30,,7.42,600390,7.51,7.42,7.51,,4741.0
2018-08-06 14:00,,7.47,600390,7.49,7.38,7.42,,4978.0
2018-08-06 14:00,{},7.47,600390,7.49,7.38,7.42,9.6935,4978.0
2018-08-06 15:00,,7.44,600390,7.49,7.39,7.47,,4935.0
2018-08-06 15:00,{},7.44,600390,7.49,7.39,7.47,9.6098,4935.0
2018-08-07 10:30,,7.5,600390,7.56,7.45,7.49,,8873.0
2018-08-07 10:30,{},7.5,600390,7.56,7.45,7.49,17.2782,8873.0
2018-08-07 11:30,{},7.61,600390,7.64,7.48,7.5,16.7135,8583.0
2018-08-07 11:30,,7.61,600390,7.64,7.48,7.5,,8583.0
2018-08-07 14:00,{},7.61,600390,7.63,7.57,7.61,10.2271,5252.0
2018-08-07 14:00,,7.61,600390,7.63,7.57,7.61,,5252.0
2018-08-07 15:00,{},7.64,600390,7.65,7.6,7.61,17.8351,9159.0
2018-08-07 15:00,,7.64,600390,7.65,7.6,7.61,,9159.0
2018-08-08 10:30,,7.69,600390,7.72,7.59,7.59,,16796.0
2018-08-08 10:30,{},7.69,600390,7.72,7.59,7.59,32.7065,16796.0
2018-08-08 11:30,,7.72,600390,7.75,7.66,7.69,,9207.0
2018-08-08 11:30,{},7.72,600390,7.75,7.66,7.69,17.9286,9207.0
2018-08-08 14:00,,7.65,600390,7.73,7.65,7.72,,6403.0
2018-08-08 14:00,{},7.65,600390,7.73,7.65,7.72,12.4684,6403.0
2018-08-08 15:00,{},7.58,600390,7.67,7.57,7.65,18.6199,9562.0
2018-08-08 15:00,,7.58,600390,7.67,7.57,7.65,,9562.0
2018-08-09 10:30,,7.68,600390,7.7,7.55,7.56,,11681.0
2018-08-09 10:30,{},7.68,600390,7.7,7.55,7.56,22.7461,11681.0
2018-08-09 11:30,,7.77,600390,7.8,7.68,7.68,,12863.0
2018-08-09 11:30,{},7.77,600390,7.8,7.68,7.68,25.0478,12863.0
2018-08-09 14:00,,7.75,600390,7.78,7.7,7.77,,10065.0
2018-08-09 14:00,{},7.75,600390,7.78,7.7,7.77,19.5993,10065.0
2018-08-09 15:00,{},7.72,600390,7.75,7.69,7.75,17.4418,8957.0
2018-08-09 15:00,,7.72,600390,7.75,7.69,7.75,,8957.0
2018-08-10 10:30,{},7.8,600390,7.82,7.67,7.72,21.3597,10969.0
2018-08-10 10:30,,7.8,600390,7.82,7.67,7.72,,10969.0
2018-08-10 11:30,,7.78,600390,7.81,7.75,7.8,,8739.0
2018-08-10 11:30,{},7.78,600390,7.81,7.75,7.8,17.0172,8739.0
2018-08-10 14:00,{},7.77,600390,7.79,7.73,7.78,8.2487,4236.0
2018-08-10 14:00,,7.77,600390,7.79,7.73,7.78,,4236.0
2018-08-10 15:00,{},7.78,600390,7.81,7.76,7.77,18.3375,9417.0
2018-08-10 15:00,,7.78,600390,7.81,7.76,7.77,,9417.0
2018-08-13 10:30,,7.66,600390,7.71,7.61,7.71,,11351.0
2018-08-13 10:30,{},7.66,600390,7.71,7.61,7.71,22.1035,11351.0
2018-08-13 11:30,{},7.63,600390,7.67,7.61,7.66,11.4441,5877.0
2018-08-13 11:30,,7.63,600390,7.67,7.61,7.66,,5877.0
2018-08-13 14:00,,7.65,600390,7.66,7.59,7.63,,5858.0
2018-08-13 14:00,{},7.65,600390,7.66,7.59,7.63,11.4071,5858.0
2018-08-13 15:00,,7.69,600390,7.74,7.65,7.65,,8097.0
2018-08-13 15:00,{},7.69,600390,7.74,7.65,7.65,15.7671,8097.0
2018-08-14 10:30,,7.72,600390,7.75,7.65,7.7,,9370.0
2018-08-14 10:30,{},7.72,600390,7.75,7.65,7.7,18.246,9370.0
2018-08-14 11:30,{},7.69,600390,7.72,7.67,7.72,11.5863,5950.0
2018-08-14 11:30,,7.69,600390,7.72,7.67,7.72,,5950.0
2018-08-14 14:00,,7.65,600390,7.71,7.64,7.69,,5369.0
2018-08-14 14:00,{},7.65,600390,7.71,7.64,7.69,10.4549,5369.0
2018-08-14 15:00,{},7.7,600390,7.73,7.64,7.65,13.0331,6693.0
2018-08-14 15:00,,7.7,600390,7.73,7.64,7.65,,6693.0
2018-08-15 10:30,{},7.73,600390,7.8,7.73,7.75,30.0309,15422.0
2018-08-15 10:30,,7.73,600390,7.8,7.73,7.75,,15422.0
2018-08-15 11:30,{},7.66,600390,7.76,7.65,7.73,11.4091,5859.0
2018-08-15 11:30,,7.66,600390,7.76,7.65,7.73,,5859.0
2018-08-15 14:00,,7.7,600390,7.72,7.65,7.66,,4626.0
2018-08-15 14:00,{},7.7,600390,7.72,7.65,7.66,9.0081,4626.0
2018-08-15 15:00,{},7.62,600390,7.7,7.61,7.7,15.0038,7705.0
2018-08-15 15:00,,7.62,600390,7.7,7.61,7.7,,7705.0
2018-08-16 10:30,,7.52,600390,7.57,7.42,7.52,,14160.0
2018-08-16 10:30,{},7.52,600390,7.57,7.42,7.52,27.5734,14160.0
2018-08-16 11:30,{},7.55,600390,7.57,7.51,7.52,8.124,4172.0
2018-08-16 11:30,,7.55,600390,7.57,7.51,7.52,,4172.0
2018-08-16 14:00,,7.63,600390,7.66,7.53,7.55,,7042.0
2018-08-16 14:00,{},7.63,600390,7.66,7.53,7.55,13.7127,7042.0
2018-08-16 15:00,,7.6,600390,7.64,7.58,7.63,,5411.0
2018-08-16 15:00,{},7.6,600390,7.64,7.58,7.63,10.5367,5411.0
2018-08-17 10:30,,7.64,600390,7.69,7.62,7.62,,10915.0
2018-08-17 10:30,{},7.64,600390,7.69,7.62,7.62,21.2545,10915.0
2018-08-17 11:30,,7.56,600390,7.65,7.53,7.64,,6015.0
2018-08-17 11:30,{},7.56,600390,7.65,7.53,7.64,11.7129,6015.0
2018-08-17 14:00,{},7.52,600390,7.58,7.5,7.54,11.7966,6058.0
2018-08-17 14:00,,7.52,600390,7.58,7.5,7.54,,6058.0
2018-08-17 15:00,,7.51,600390,7.53,7.45,7.52,,8090.0
2018-08-17 15:00,{},7.51,600390,7.53,7.45,7.52,15.7535,8090.0
2018-08-20 10:30,,7.51,600390,7.57,7.43,7.5,,9468.0
2018-08-20 10:30,{},7.51,600390,7.57,7.43,7.5,18.4368,9468.0
2018-08-20 11:30,,7.45,600390,7.52,7.4,7.51,,4338.0
2018-08-20 11:30,{},7.45,600390,7.52,7.4,7.51,8.4473,4338.0
2018-08-20 14:00,,7.44,600390,7.48,7.36,7.45,,8614.0
2018-08-20 14:00,{},7.44,600390,7.48,7.36,7.45,16.7738,8614.0
2018-08-20 15:00,,7.53,600390,7.53,7.42,7.44,,5127.0
2018-08-20 15:00,{},7.53,600390,7.53,7.42,7.44,9.9837,5127.0
2018-08-21 10:30,{},7.55,600390,7.57,7.49,7.53,11.4286,5869.0
2018-08-21 10:30,,7.55,600390,7.57,7.49,7.53,,5869.0
2018-08-21 11:30,{},7.6,600390,7.62,7.55,7.55,11.0333,5666.0
2018-08-21 11:30,,7.6,600390,7.62,7.55,7.55,,5666.0
2018-08-21 14:00,{},7.56,600390,7.6,7.55,7.6,8.4512,4340.0
2018-08-21 14:00,,7.56,600390,7.6,7.55,7.6,,4340.0
2018-08-21 15:00,,7.57,600390,7.6,7.55,7.56,,4169.0
2018-08-21 15:00,{},7.57,600390,7.6,7.55,7.56,8.1182,4169.0
2018-08-22 10:30,{},7.6,600390,7.62,7.53,7.57,11.2124,5758.0
2018-08-22 10:30,,7.6,600390,7.62,7.53,7.57,,5758.0
2018-08-22 11:30,{},7.58,600390,7.61,7.54,7.6,6.6227,3401.0
2018-08-22 11:30,,7.58,600390,7.61,7.54,7.6,,3401.0
2018-08-22 14:00,{},7.55,600390,7.58,7.54,7.58,6.5779,3378.0
2018-08-22 14:00,,7.55,600390,7.58,7.54,7.58,,3378.0
2018-08-22 15:00,{},7.54,600390,7.57,7.53,7.55,6.1865,3177.0
2018-08-22 15:00,,7.54,600390,7.57,7.53,7.55,,3177.0
2018-08-23 10:30,{},7.58,600390,7.6,7.54,7.56,8.2896,4257.0
2018-08-23 10:30,,7.58,600390,7.6,7.54,7.56,,4257.0
2018-08-23 11:30,{},7.57,600390,7.59,7.55,7.58,4.7552,2442.0
2018-08-23 11:30,,7.57,600390,7.59,7.55,7.58,,2442.0
2018-08-23 14:00,{},7.64,600390,7.65,7.55,7.57,13.4557,6910.0
2018-08-23 14:00,,7.64,600390,7.65,7.55,7.57,,6910.0
2018-08-23 15:00,,7.6,600390,7.64,7.56,7.64,,7833.0
2018-08-23 15:00,{},7.6,600390,7.64,7.56,7.64,15.253,7833.0
2018-08-24 10:30,{},7.52,600390,7.59,7.5,7.59,12.6008,6471.0
2018-08-24 10:30,,7.52,600390,7.59,7.5,7.59,,6471.0
2018-08-24 11:30,{},7.54,600390,7.55,7.47,7.52,9.9817,5126.0
2018-08-24 11:30,,7.54,600390,7.55,7.47,7.52,,5126.0
2018-08-24 14:00,,7.62,600390,7.65,7.51,7.54,,6859.0
2018-08-24 14:00,{},7.62,600390,7.65,7.51,7.54,13.3564,6859.0
2018-08-24 15:00,,7.57,600390,7.63,7.54,7.62,,8250.0
2018-08-24 15:00,{},7.57,600390,7.63,7.54,7.62,16.065,8250.0
2018-08-27 10:30,,7.59,600390,7.61,7.53,7.53,,6128.0
2018-08-27 10:30,{},7.59,600390,7.61,7.53,7.53,11.9329,6128.0
2018-08-27 11:30,,7.66,600390,7.68,7.58,7.59,,7045.0
2018-08-27 11:30,{},7.66,600390,7.68,7.58,7.59,13.7186,7045.0
2018-08-27 14:00,,7.64,600390,7.68,7.64,7.66,,7007.0
2018-08-27 14:00,{},7.64,600390,7.68,7.64,7.66,13.6446,7007.0
2018-08-27 15:00,,7.68,600390,7.68,7.64,7.64,,7838.0
2018-08-27 15:00,{},7.68,600390,7.68,7.64,7.64,15.2628,7838.0
2018-08-28 10:30,,7.73,600390,7.8,7.68,7.69,,13668.0
2018-08-28 10:30,{},7.73,600390,7.8,7.68,7.69,26.6154,13668.0
2018-08-28 11:30,,7.74,600390,7.75,7.7,7.73,,5666.0
2018-08-28 11:30,{},7.74,600390,7.75,7.7,7.73,11.0333,5666.0
2018-08-28 14:00,,7.74,600390,7.77,7.72,7.74,,4628.0
2018-08-28 14:00,{},7.74,600390,7.77,7.72,7.74,9.012,4628.0
2018-08-28 15:00,{},7.74,600390,7.75,7.71,7.74,9.1386,4693.0
2018-08-28 15:00,,7.74,600390,7.75,7.71,7.74,,4693.0
2018-08-29 10:30,{},7.76,600390,7.79,7.67,7.67,18.5498,9526.0
2018-08-29 10:30,,7.76,600390,7.79,7.67,7.67,,9526.0
2018-08-29 11:30,{},7.75,600390,7.78,7.74,7.76,10.6438,5466.0
2018-08-29 11:30,,7.75,600390,7.78,7.74,7.76,,5466.0
2018-08-29 14:00,,7.85,600390,7.89,7.74,7.75,,15145.0
2018-08-29 14:00,{},7.85,600390,7.89,7.74,7.75,29.4915,15145.0
2018-08-29 15:00,{},7.92,600390,7.92,7.84,7.85,33.6859,17299.0
2018-08-29 15:00,,7.92,600390,7.92,7.84,7.85,,17299.0
2018-08-30 10:30,{},7.79,600390,7.87,7.77,7.86,41.0797,21096.0
2018-08-30 10:30,,7.79,600390,7.87,7.77,7.86,,21096.0
2018-08-30 11:30,,7.77,600390,7.81,7.76,7.79,,7663.0
2018-08-30 11:30,{},7.77,600390,7.81,7.76,7.79,14.922,7663.0
2018-08-30 14:00,,7.79,600390,7.81,7.77,7.77,,3646.0
2018-08-30 14:00,{},7.79,600390,7.81,7.77,7.77,7.0998,3646.0
2018-08-30 15:00,,7.75,600390,7.8,7.73,7.79,,7976.0
2018-08-30 15:00,{},7.75,600390,7.8,7.73,7.79,15.5315,7976.0
2018-08-31 10:30,,7.65,600390,7.73,7.63,7.73,,10530.0
2018-08-31 10:30,{},7.65,600390,7.73,7.63,7.73,20.5048,10530.0
2018-08-31 11:30,{},7.7,600390,7.73,7.65,7.65,7.9936,4105.0
2018-08-31 11:30,,7.7,600390,7.73,7.65,7.65,,4105.0
2018-08-31 14:00,{},7.68,600390,7.72,7.67,7.7,5.5283,2839.0
2018-08-31 14:00,,7.68,600390,7.72,7.67,7.7,,2839.0
2018-08-31 15:00,,7.68,600390,7.69,7.65,7.68,,5981.0
2018-08-31 15:00,{},7.68,600390,7.69,7.65,7.68,11.6467,5981.0
2018-09-03 10:30,{},7.68,600390,7.77,7.61,7.68,16.0845,8260.0
2018-09-03 10:30,,7.68,600390,7.77,7.61,7.68,,8260.0
2018-09-03 11:30,{},7.7,600390,7.73,7.66,7.68,11.3254,5816.0
2018-09-03 11:30,,7.7,600390,7.73,7.66,7.68,,5816.0
2018-09-03 14:00,,7.71,600390,7.72,7.69,7.7,,3219.0
2018-09-03 14:00,{},7.71,600390,7.72,7.69,7.7,6.2683,3219.0
2018-09-03 15:00,,7.71,600390,7.75,7.7,7.71,,5939.0
2018-09-03 15:00,{},7.71,600390,7.75,7.7,7.71,11.5649,5939.0
2018-09-04 10:30,{},7.72,600390,7.75,7.67,7.67,24.0255,12338.0
2018-09-04 10:30,,7.72,600390,7.75,7.67,7.67,,12338.0
2018-09-04 11:30,{},7.75,600390,7.76,7.71,7.72,17.9227,9204.0
2018-09-04 11:30,,7.75,600390,7.76,7.71,7.72,,9204.0
2018-09-04 14:00,{},7.8,600390,7.82,7.72,7.75,20.8359,10700.0
2018-09-04 14:00,,7.8,600390,7.82,7.72,7.75,,10700.0
2018-09-04 15:00,{},7.8,600390,7.83,7.79,7.81,18.9704,9742.0
2018-09-04 15:00,,7.8,600390,7.83,7.79,7.81,,9742.0
2018-09-05 10:30,,7.78,600390,7.86,7.75,7.77,,11349.0
2018-09-05 10:30,{},7.78,600390,7.86,7.75,7.77,22.0996,11349.0
2018-09-05 11:30,{},7.77,600390,7.83,7.77,7.78,9.2048,4727.0
2018-09-05 11:30,,7.77,600390,7.83,7.77,7.78,,4727.0
2018-09-05 14:00,{},7.77,600390,7.8,7.76,7.77,8.0423,4130.0
2018-09-05 14:00,,7.77,600390,7.8,7.76,7.77,,4130.0
2018-09-05 15:00,,7.72,600390,7.77,7.7,7.77,,10365.0
2018-09-05 15:00,{},7.72,600390,7.77,7.7,7.77,20.1835,10365.0
2018-09-06 10:30,,7.73,600390,7.75,7.65,7.66,,7174.0
2018-09-06 10:30,{},7.73,600390,7.75,7.65,7.66,13.9698,7174.0
2018-09-06 11:30,{},7.74,600390,7.74,7.7,7.73,7.8689,4041.0
2018-09-06 11:30,,7.74,600390,7.74,7.7,7.73,,4041.0
2018-09-06 14:00,,7.71,600390,7.74,7.69,7.74,,5042.0
2018-09-06 14:00,{},7.71,600390,7.74,7.69,7.74,9.8182,5042.0
2018-09-06 15:00,{},7.69,600390,7.72,7.67,7.71,12.2211,6276.0
2018-09-06 15:00,,7.69,600390,7.72,7.67,7.71,,6276.0
2018-09-07 10:30,{},7.76,600390,7.79,7.7,7.74,16.9335,8696.0
2018-09-07 10:30,,7.76,600390,7.79,7.7,7.74,,8696.0
2018-09-07 11:30,,7.69,600390,7.77,7.68,7.76,,5549.0
2018-09-07 11:30,{},7.69,600390,7.77,7.68,7.76,10.8054,5549.0
2018-09-07 14:00,,7.72,600390,7.74,7.67,7.67,,3170.0
2018-09-07 14:00,{},7.72,600390,7.74,7.67,7.67,6.1729,3170.0
2018-09-07 15:00,{},7.76,600390,7.76,7.71,7.72,6.4981,3337.0
2018-09-07 15:00,,7.76,600390,7.76,7.71,7.72,,3337.0
2018-09-10 10:30,,7.68,600390,7.76,7.66,7.76,,5602.0
2018-09-10 10:30,{},7.68,600390,7.76,7.66,7.76,10.9086,5602.0
2018-09-10 11:30,,7.72,600390,7.75,7.66,7.68,,3865.0
2018-09-10 11:30,{},7.72,600390,7.75,7.66,7.68,7.5262,3865.0
2018-09-10 14:00,,7.73,600390,7.75,7.7,7.72,,2736.0
2018-09-10 14:00,{},7.73,600390,7.75,7.7,7.72,5.3277,2736.0
2018-09-10 15:00,{},7.65,600390,7.73,7.64,7.73,10.0694,5171.0
2018-09-10 15:00,,7.65,600390,7.73,7.64,7.73,,5171.0
2018-09-11 10:30,,7.6,600390,7.68,7.57,7.66,,6235.0
2018-09-11 10:30,{},7.6,600390,7.68,7.57,7.66,12.1413,6235.0
2018-09-11 11:30,,7.68,600390,7.7,7.58,7.6,,4569.0
2018-09-11 11:30,{},7.68,600390,7.7,7.58,7.6,8.8971,4569.0
2018-09-11 14:00,{},7.66,600390,7.69,7.63,7.68,4.323,2220.0
2018-09-11 14:00,,7.66,600390,7.69,7.63,7.68,,2220.0
2018-09-11 15:00,{},7.69,600390,7.73,7.63,7.66,13.9133,7145.0
2018-09-11 15:00,,7.69,600390,7.73,7.63,7.66,,7145.0
2018-09-12 10:30,{},7.74,600390,7.77,7.66,7.73,12.7293,6537.0
2018-09-12 10:30,,7.74,600390,7.77,7.66,7.73,,6537.0
2018-09-12 11:30,,7.71,600390,7.74,7.69,7.74,,3145.0
2018-09-12 11:30,{},7.71,600390,7.74,7.69,7.74,6.1242,3145.0
2018-09-12 14:00,,7.78,600390,7.79,7.68,7.71,,7363.0
2018-09-12 14:00,{},7.78,600390,7.79,7.68,7.71,14.3378,7363.0
2018-09-12 15:00,,7.83,600390,7.84,7.73,7.78,,11596.0
2018-09-12 15:00,{},7.83,600390,7.84,7.73,7.78,22.5806,11596.0
2018-09-13 10:30,{},7.82,600390,7.89,7.79,7.84,22.5183,11564.0
2018-09-13 10:30,,7.82,600390,7.89,7.79,7.84,,11564.0
2018-09-13 11:30,{},7.84,600390,7.89,7.81,7.82,21.4454,11013.0
2018-09-13 11:30,,7.84,600390,7.89,7.81,7.82,,11013.0
2018-09-13 14:00,{},7.83,600390,7.86,7.8,7.84,14.6941,7546.0
2018-09-13 14:00,,7.83,600390,7.86,7.8,7.84,,7546.0
2018-09-13 15:00,{},7.86,600390,7.88,7.81,7.83,24.0605,12356.0
2018-09-13 15:00,,7.86,600390,7.88,7.81,7.83,,12356.0
2018-09-14 10:30,,7.86,600390,7.92,7.82,7.86,,12378.0
2018-09-14 10:30,{},7.86,600390,7.92,7.82,7.86,24.1034,12378.0
2018-09-14 11:30,,7.83,600390,7.86,7.82,7.86,,6791.0
2018-09-14 11:30,{},7.83,600390,7.86,7.82,7.86,13.224,6791.0
2018-09-14 14:00,,7.84,600390,7.85,7.82,7.83,,5051.0
2018-09-14 14:00,{},7.84,600390,7.85,7.82,7.83,9.8357,5051.0
2018-09-14 15:00,{},7.78,600390,7.85,7.78,7.84,13.1636,6760.0
2018-09-14 15:00,,7.78,600390,7.85,7.78,7.84,,6760.0
2018-09-17 10:30,{},7.72,600390,7.8,7.69,7.74,17.6306,9054.0
2018-09-17 10:30,,7.72,600390,7.8,7.69,7.74,,9054.0
2018-09-17 11:30,{},7.67,600390,7.73,7.67,7.72,8.1941,4208.0
2018-09-17 11:30,,7.67,600390,7.73,7.67,7.72,,4208.0
2018-09-17 14:00,{},7.67,600390,7.72,7.62,7.67,15.6327,8028.0
2018-09-17 14:00,,7.67,600390,7.72,7.62,7.67,,8028.0
2018-09-17 15:00,,7.63,600390,7.69,7.63,7.67,,5881.0
2018-09-17 15:00,{},7.63,600390,7.69,7.63,7.67,11.4519,5881.0
2018-09-18 10:30,,7.62,600390,7.67,7.53,7.58,,9073.0
2018-09-18 10:30,{},7.62,600390,7.67,7.53,7.58,17.6676,9073.0
2018-09-18 11:30,,7.53,600390,7.64,7.51,7.62,,9375.0
2018-09-18 11:30,{},7.53,600390,7.64,7.51,7.62,18.2557,9375.0
2018-09-18 14:00,,7.65,600390,7.66,7.52,7.53,,6195.0
2018-09-18 14:00,{},7.65,600390,7.66,7.52,7.53,12.0634,6195.0
2018-09-18 15:00,,7.71,600390,7.72,7.63,7.65,,10630.0
2018-09-18 15:00,{},7.71,600390,7.72,7.63,7.65,20.6995,10630.0
2018-09-19 10:30,{},7.75,600390,7.75,7.66,7.68,20.9761,10772.0
2018-09-19 10:30,,7.75,600390,7.75,7.66,7.68,,10772.0
2018-09-19 11:30,{},7.75,600390,7.76,7.72,7.75,13.6251,6997.0
2018-09-19 11:30,,7.75,600390,7.76,7.72,7.75,,6997.0
2018-09-19 14:00,{},7.81,600390,7.83,7.74,7.75,20.2205,10384.0
2018-09-19 14:00,,7.81,600390,7.83,7.74,7.75,,10384.0
2018-09-19 15:00,{},7.79,600390,7.82,7.78,7.81,14.6805,7539.0
2018-09-19 15:00,,7.79,600390,7.82,7.78,7.81,,7539.0
2018-09-20 10:30,,7.89,600390,7.92,7.79,7.79,,28772.0
2018-09-20 10:30,{},7.89,600390,7.92,7.79,7.79,56.027,28772.0
2018-09-20 11:30,{},7.92,600390,7.95,7.85,7.89,34.829,17886.0
2018-09-20 11:30,,7.92,600390,7.95,7.85,7.89,,17886.0
2018-09-20 14:00,{},7.88,600390,7.92,7.86,7.92,18.5498,9526.0
2018-09-20 14:00,,7.88,600390,7.92,7.86,7.92,,9526.0
2018-09-20 15:00,,7.88,600390,7.92,7.86,7.88,,13208.0
2018-09-20 15:00,{},7.88,600390,7.92,7.86,7.88,25.7196,13208.0
2018-09-21 10:30,{},7.9,600390,7.94,7.83,7.87,28.8489,14815.0
2018-09-21 10:30,,7.9,600390,7.94,7.83,7.87,,14815.0
2018-09-21 11:30,,7.93,600390,7.94,7.89,7.9,,6920.0
2018-09-21 11:30,{},7.93,600390,7.94,7.89,7.9,13.4752,6920.0
2018-09-21 14:00,,7.94,600390,7.96,7.92,7.93,,13594.0
2018-09-21 14:00,{},7.94,600390,7.96,7.92,7.93,26.4713,13594.0
2018-09-21 15:00,{},7.96,600390,7.98,7.94,7.94,29.8498,15329.0
2018-09-21 15:00,,7.96,600390,7.98,7.94,7.94,,15329.0
2018-09-25 10:30,,7.91,600390,7.95,7.87,7.92,,15645.0
2018-09-25 10:30,{},7.91,600390,7.95,7.87,7.92,30.4651,15645.0
2018-09-25 11:30,,7.93,600390,7.96,7.9,7.91,,5352.0
2018-09-25 11:30,{},7.93,600390,7.96,7.9,7.91,10.4218,5352.0
2018-09-25 14:00,,7.96,600390,7.96,7.92,7.93,,6073.0
2018-09-25 14:00,{},7.96,600390,7.96,7.92,7.93,11.8258,6073.0
2018-09-25 15:00,,7.92,600390,7.96,7.9,7.96,,13388.0
2018-09-25 15:00,{},7.92,600390,7.96,7.9,7.96,26.0701,13388.0
2018-09-26 10:30,{},7.99,600390,8.02,7.92,7.96,32.4475,16663.0
2018-09-26 10:30,,7.99,600390,8.02,7.92,7.96,,16663.0
2018-09-26 11:30,{},8.01,600390,8.02,7.98,7.99,16.104,8270.0
2018-09-26 11:30,,8.01,600390,8.02,7.98,7.99,,8270.0
2018-09-26 14:00,{},7.99,600390,8.03,7.99,8.01,25.8735,13287.0
2018-09-26 14:00,,7.99,600390,8.03,7.99,8.01,,13287.0
2018-09-26 15:00,,7.97,600390,8.0,7.94,7.99,,9402.0
2018-09-26 15:00,{},7.97,600390,8.0,7.94,7.99,18.3083,9402.0
2018-09-27 10:30,,7.9,600390,7.97,7.88,7.96,,14112.0
2018-09-27 10:30,{},7.9,600390,7.97,7.88,7.96,27.48,14112.0
2018-09-27 11:30,{},7.88,600390,7.95,7.88,7.9,10.969000000000001,5633.0
2018-09-27 11:30,{},7.88,600390,7.95,7.88,7.9,10.969,5633.0
2018-09-27 11:30,,7.88,600390,7.95,7.88,7.9,,5633.0
2018-09-27 14:00,{},7.87,600390,7.91,7.86,7.88,12.4723,6405.0
2018-09-27 14:00,,7.87,600390,7.91,7.86,7.88,,6405.0
2018-09-27 15:00,{},7.86,600390,7.91,7.85,7.87,21.052,10811.0
2018-09-27 15:00,,7.86,600390,7.91,7.85,7.87,,10811.0
2018-09-28 10:30,,7.93,600390,7.93,7.85,7.87,,9965.0
2018-09-28 10:30,{},7.93,600390,7.93,7.85,7.87,19.4046,9965.0
2018-09-28 11:30,{},7.93,600390,7.94,7.91,7.93,16.8985,8678.0
2018-09-28 11:30,,7.93,600390,7.94,7.91,7.93,,8678.0
2018-09-28 14:00,,7.94,600390,7.97,7.93,7.94,,8039.0
2018-09-28 14:00,{},7.94,600390,7.97,7.93,7.94,15.6542,8039.0
2018-09-28 15:00,{},7.98,600390,7.98,7.93,7.94,26.4869,13602.0
2018-09-28 15:00,,7.98,600390,7.98,7.93,7.94,,13602.0
2018-10-08 10:30,,7.77,600390,7.92,7.7,7.92,,16920.0
2018-10-08 10:30,{},7.77,600390,7.92,7.7,7.92,32.9479,16920.0
2018-10-08 11:30,,7.77,600390,7.81,7.73,7.77,,9425.0
2018-10-08 11:30,{},7.77,600390,7.81,7.73,7.77,18.3531,9425.0
2018-10-08 14:00,{},7.77,600390,7.79,7.74,7.77,8.8913,4566.0
2018-10-08 14:00,,7.77,600390,7.79,7.74,7.77,,4566.0
2018-10-08 15:00,{},7.68,600390,7.77,7.67,7.77,19.2274,9874.0
2018-10-08 15:00,,7.68,600390,7.77,7.67,7.77,,9874.0
2018-10-09 10:30,,7.68,600390,7.7,7.63,7.68,,9231.0
2018-10-09 10:30,{},7.68,600390,7.7,7.63,7.68,17.9753,9231.0
2018-10-09 11:30,,7.69,600390,7.71,7.63,7.68,,6861.0
2018-10-09 11:30,{},7.69,600390,7.71,7.63,7.68,13.3603,6861.0
2018-10-09 14:00,{},7.68,600390,7.71,7.64,7.69,8.5953,4414.0
2018-10-09 14:00,,7.68,600390,7.71,7.64,7.69,,4414.0
2018-10-09 15:00,,7.66,600390,7.68,7.64,7.68,,5379.0
2018-10-09 15:00,{},7.66,600390,7.68,7.64,7.68,10.4744,5379.0
2018-10-10 10:30,{},7.69,600390,7.72,7.65,7.67,13.3934,6878.0
2018-10-10 10:30,,7.69,600390,7.72,7.65,7.67,,6878.0
2018-10-10 11:30,{},7.6,600390,7.69,7.57,7.69,21.2019,10888.0
2018-10-10 11:30,,7.6,600390,7.69,7.57,7.69,,10888.0
2018-10-10 14:00,{},7.61,600390,7.65,7.59,7.6,8.3421,4284.0
2018-10-10 14:00,,7.61,600390,7.65,7.59,7.6,,4284.0
2018-10-10 15:00,,7.6,600390,7.64,7.59,7.61,,6585.0
2018-10-10 15:00,{},7.6,600390,7.64,7.59,7.61,12.8228,6585.0
2018-10-11 10:30,{},7.23,600390,7.45,7.13,7.41,49.897,25624.0
2018-10-11 10:30,,7.23,600390,7.45,7.13,7.41,,25624.0
2018-10-11 11:30,{},7.05,600390,7.23,7.01,7.23,28.5724,14673.0
2018-10-11 11:30,,7.05,600390,7.23,7.01,7.23,,14673.0
2018-10-11 14:00,{},7.01,600390,7.05,6.95,7.05,15.4458,7932.0
2018-10-11 14:00,,7.01,600390,7.05,6.95,7.05,,7932.0
2018-10-11 15:00,,6.93,600390,7.04,6.84,7.01,,16656.0
2018-10-11 15:00,{},6.93,600390,7.04,6.84,7.01,32.4338,16656.0
2018-10-12 10:30,,6.8,600390,6.95,6.71,6.89,,11322.0
2018-10-12 10:30,{},6.8,600390,6.95,6.71,6.89,22.0471,11322.0
2018-10-12 11:30,{},6.87,600390,6.89,6.75,6.79,13.2765,6818.0
2018-10-12 11:30,,6.87,600390,6.89,6.75,6.79,,6818.0
2018-10-12 14:00,{},7.02,600390,7.1,6.85,6.87,20.0238,10283.0
2018-10-12 14:00,,7.02,600390,7.1,6.85,6.87,,10283.0
2018-10-12 15:00,{},7.0,600390,7.06,6.98,7.02,17.6345,9056.0
2018-10-12 15:00,,7.0,600390,7.06,6.98,7.02,,9056.0
2018-10-15 10:30,{},6.9,600390,7.1,6.88,7.01,21.4921,11037.0
2018-10-15 10:30,,6.9,600390,7.1,6.88,7.01,,11037.0
2018-10-15 11:30,,6.97,600390,6.97,6.88,6.9,,6821.0
2018-10-15 11:30,{},6.97,600390,6.97,6.88,6.9,13.2824,6821.0
2018-10-15 14:00,,6.88,600390,6.97,6.87,6.97,,5367.0
2018-10-15 14:00,{},6.88,600390,6.97,6.87,6.97,10.451,5367.0
2018-10-15 14:00,{},6.88,600390,6.97,6.87,6.97,10.450999999999999,5367.0
2018-10-15 15:00,,6.87,600390,6.89,6.78,6.88,,7490.0
2018-10-15 15:00,{},6.87,600390,6.89,6.78,6.88,14.5851,7490.0
2018-10-16 10:30,{},6.89,600390,6.94,6.82,6.87,11.6058,5960.0
2018-10-16 10:30,,6.89,600390,6.94,6.82,6.87,,5960.0
2018-10-16 11:30,,6.82,600390,6.91,6.79,6.89,,3862.0
2018-10-16 11:30,{},6.82,600390,6.91,6.79,6.89,7.5204,3862.0
2018-10-16 14:00,{},6.76,600390,6.86,6.75,6.82,9.4754,4866.0
2018-10-16 14:00,,6.76,600390,6.86,6.75,6.82,,4866.0
2018-10-16 15:00,{},6.69,600390,6.81,6.68,6.76,19.1339,9826.0
2018-10-16 15:00,,6.69,600390,6.81,6.68,6.76,,9826.0
2018-10-17 10:30,,6.72,600390,6.78,6.66,6.77,,11606.0
2018-10-17 10:30,{},6.72,600390,6.78,6.66,6.77,22.6001,11606.0
2018-10-17 11:30,,6.7,600390,6.74,6.67,6.72,,3095.0
2018-10-17 11:30,{},6.7,600390,6.74,6.67,6.72,6.0268,3095.0
2018-10-17 14:00,,6.66,600390,6.7,6.57,6.7,,7521.0
2018-10-17 14:00,{},6.66,600390,6.7,6.57,6.7,14.6455,7521.0
2018-10-17 15:00,{},6.67,600390,6.72,6.63,6.66,11.2299,5767.0
2018-10-17 15:00,,6.67,600390,6.72,6.63,6.66,,5767.0
2018-10-18 10:30,,6.57,600390,6.65,6.49,6.65,,10805.0
2018-10-18 10:30,{},6.57,600390,6.65,6.49,6.65,21.0403,10805.0
2018-10-18 11:30,{},6.6,600390,6.61,6.53,6.57,9.0743,4660.0
2018-10-18 11:30,,6.6,600390,6.61,6.53,6.57,,4660.0
2018-10-18 14:00,,6.62,600390,6.62,6.56,6.6,,5195.0
2018-10-18 14:00,{},6.62,600390,6.62,6.56,6.6,10.1161,5195.0
2018-10-18 15:00,{},6.55,600390,6.62,6.54,6.62,12.2211,6276.0
2018-10-18 15:00,,6.55,600390,6.62,6.54,6.62,,6276.0
2018-10-19 10:30,,6.56,600390,6.65,6.33,6.48,,8542.0
2018-10-19 10:30,{},6.56,600390,6.65,6.33,6.48,16.6336,8542.0
2018-10-19 11:30,,6.57,600390,6.62,6.56,6.56,,3052.0
2018-10-19 11:30,{},6.57,600390,6.62,6.56,6.56,5.9431,3052.0
2018-10-19 14:00,,6.75,600390,6.82,6.55,6.57,,10012.0
2018-10-19 14:00,{},6.75,600390,6.82,6.55,6.57,19.4961,10012.0
2018-10-19 15:00,,6.78,600390,6.9,6.74,6.75,,10472.0
2018-10-19 15:00,{},6.78,600390,6.9,6.74,6.75,20.3919,10472.0
2018-10-22 10:30,{},7.09,600390,7.19,6.79,6.84,72.4075,37184.0
2018-10-22 10:30,,7.09,600390,7.19,6.79,6.84,,37184.0
2018-10-22 11:30,,7.37,600390,7.41,7.09,7.09,,27812.0
2018-10-22 11:30,{},7.37,600390,7.41,7.09,7.09,54.1577,27812.0
2018-10-22 14:00,{},7.45,600390,7.46,7.37,7.37,89.9135,46174.0
2018-10-22 14:00,,7.45,600390,7.46,7.37,7.37,,46174.0
2018-10-22 15:00,,7.46,600390,7.46,7.43,7.45,,17592.0
2018-10-22 15:00,{},7.46,600390,7.46,7.43,7.45,34.2565,17592.0
2018-10-23 10:30,,7.31,600390,7.53,7.25,7.53,,51252.0
2018-10-23 10:30,{},7.31,600390,7.53,7.25,7.53,99.8018,51252.0
2018-10-23 11:30,{},7.35,600390,7.4,7.23,7.31,34.8134,17878.0
2018-10-23 11:30,,7.35,600390,7.4,7.23,7.31,,17878.0
2018-10-23 14:00,{},7.21,600390,7.35,7.15,7.33,37.5669,19292.0
2018-10-23 14:00,,7.21,600390,7.35,7.15,7.33,,19292.0
2018-10-23 15:00,,7.19,600390,7.22,7.09,7.21,,15880.0
2018-10-23 15:00,{},7.19,600390,7.22,7.09,7.21,30.9228,15880.0
2018-10-24 10:30,{},7.24,600390,7.26,7.08,7.11,39.6874,20381.0
2018-10-24 10:30,,7.24,600390,7.26,7.08,7.11,,20381.0
2018-10-24 11:30,{},7.39,600390,7.39,7.22,7.24,49.2583,25296.0
2018-10-24 11:30,,7.39,600390,7.39,7.22,7.24,,25296.0
2018-10-24 14:00,,7.29,600390,7.45,7.29,7.39,,21977.0
2018-10-24 14:00,{},7.29,600390,7.45,7.29,7.39,42.7953,21977.0
2018-10-24 15:00,,7.28,600390,7.38,7.26,7.29,,11390.0
2018-10-24 15:00,{},7.28,600390,7.38,7.26,7.29,22.1795,11390.0
2018-10-25 10:30,{},7.21,600390,7.25,6.88,6.96,49.3771,25357.0
2018-10-25 10:30,,7.21,600390,7.25,6.88,6.96,,25357.0
2018-10-25 11:30,{},7.19,600390,7.27,7.12,7.21,20.0453,10294.0
2018-10-25 11:30,,7.19,600390,7.27,7.12,7.21,,10294.0
2018-10-25 14:00,{},7.3,600390,7.3,7.16,7.19,16.4214,8433.0
2018-10-25 14:00,,7.3,600390,7.3,7.16,7.19,,8433.0
2018-10-25 15:00,{},7.4,600390,7.42,7.3,7.3,47.3831,24333.0
2018-10-25 15:00,,7.4,600390,7.42,7.3,7.3,,24333.0
2018-10-26 10:30,{},7.45,600390,7.6,7.37,7.4,71.1009,36513.0
2018-10-26 10:30,,7.45,600390,7.6,7.37,7.4,,36513.0
2018-10-26 11:30,{},7.43,600390,7.46,7.38,7.45,22.2243,11413.0
2018-10-26 11:30,,7.43,600390,7.46,7.38,7.45,,11413.0
2018-10-26 14:00,{},7.43,600390,7.44,7.35,7.43,20.1894,10368.0
2018-10-26 14:00,,7.43,600390,7.44,7.35,7.43,,10368.0
2018-10-26 15:00,,7.46,600390,7.49,7.4,7.43,,10637.0
2018-10-26 15:00,{},7.46,600390,7.49,7.4,7.43,20.7132,10637.0
2018-10-29 10:30,,7.35,600390,7.45,7.31,7.4,,17645.0
2018-10-29 10:30,{},7.35,600390,7.45,7.31,7.4,34.3597,17645.0
2018-10-29 11:30,,7.37,600390,7.44,7.34,7.35,,7395.0
2018-10-29 11:30,{},7.37,600390,7.44,7.34,7.35,14.4001,7395.0
2018-10-29 14:00,,7.32,600390,7.42,7.32,7.39,,9240.0
2018-10-29 14:00,{},7.32,600390,7.42,7.32,7.39,17.9928,9240.0
2018-10-29 15:00,,7.33,600390,7.36,7.3,7.32,,9500.0
2018-10-29 15:00,{},7.33,600390,7.36,7.3,7.32,18.4991,9500.0
2018-10-30 10:30,{},7.38,600390,7.42,7.14,7.32,47.1299,24203.0
2018-10-30 10:30,,7.38,600390,7.42,7.14,7.32,,24203.0
2018-10-30 11:30,{},7.49,600390,7.58,7.34,7.38,51.9436,26675.0
2018-10-30 11:30,,7.49,600390,7.58,7.34,7.38,,26675.0
2018-10-30 14:00,{},7.61,600390,7.74,7.49,7.49,70.9101,36415.0
2018-10-30 14:00,,7.61,600390,7.74,7.49,7.49,,36415.0
2018-10-30 15:00,{},7.76,600390,7.76,7.59,7.62,47.4473,24366.0
2018-10-30 15:00,,7.76,600390,7.76,7.59,7.62,,24366.0
2018-10-31 10:30,,7.5,600390,7.6,7.4,7.6,,40677.0
2018-10-31 10:30,{},7.5,600390,7.6,7.4,7.6,79.2094,40677.0
2018-10-31 11:30,,7.58,600390,7.6,7.43,7.5,,20092.0
2018-10-31 11:30,{},7.58,600390,7.6,7.43,7.5,39.1247,20092.0
2018-10-31 14:00,{},7.49,600390,7.59,7.48,7.58,28.5159,14644.0
2018-10-31 14:00,,7.49,600390,7.59,7.48,7.58,,14644.0
2018-10-31 15:00,{},7.49,600390,7.52,7.45,7.49,32.574,16728.0
2018-10-31 15:00,,7.49,600390,7.52,7.45,7.49,,16728.0
2018-11-01 10:30,,7.71,600390,7.77,7.41,7.41,,59831.0
2018-11-01 10:30,{},7.71,600390,7.77,7.41,7.41,116.5075,59831.0
2018-11-01 11:30,,7.61,600390,7.72,7.59,7.71,,24382.0
2018-11-01 11:30,{},7.61,600390,7.72,7.59,7.71,47.4785,24382.0
2018-11-01 14:00,{},7.56,600390,7.65,7.56,7.62,26.3856,13550.0
2018-11-01 14:00,,7.56,600390,7.65,7.56,7.62,,13550.0
2018-11-01 15:00,,7.51,600390,7.61,7.5,7.56,,14721.0
2018-11-01 15:00,{},7.51,600390,7.61,7.5,7.56,28.6659,14721.0
2018-11-02 10:30,{},7.75,600390,7.83,7.48,7.66,97.0815,49855.0
2018-11-02 10:30,,7.75,600390,7.83,7.48,7.66,,49855.0
2018-11-02 11:30,{},7.74,600390,7.77,7.66,7.75,48.9467,25136.0
2018-11-02 11:30,,7.74,600390,7.77,7.66,7.75,,25136.0
2018-11-02 14:00,,7.75,600390,7.78,7.7,7.74,,19531.0
2018-11-02 14:00,{},7.75,600390,7.78,7.7,7.74,38.0323,19531.0
2018-11-02 15:00,{},7.68,600390,7.75,7.66,7.75,39.8685,20474.0
2018-11-02 15:00,,7.68,600390,7.75,7.66,7.75,,20474.0
2018-11-05 10:30,,7.68,600390,7.72,7.55,7.6,,32940.0
2018-11-05 10:30,{},7.68,600390,7.72,7.55,7.6,64.1433,32940.0
2018-11-05 11:30,,7.72,600390,7.72,7.55,7.68,,29975.0
2018-11-05 11:30,{},7.72,600390,7.72,7.55,7.68,58.3696,29975.0
2018-11-05 14:00,{},7.76,600390,7.81,7.63,7.72,61.7403,31706.0
2018-11-05 14:00,,7.76,600390,7.81,7.63,7.72,,31706.0
2018-11-05 15:00,,7.86,600390,7.88,7.75,7.76,,40017.0
2018-11-05 15:00,{},7.86,600390,7.88,7.75,7.76,77.9242,40017.0
2018-11-06 10:30,,7.75,600390,7.88,7.73,7.77,,43982.0
2018-11-06 10:30,{},7.75,600390,7.88,7.73,7.77,85.6451,43982.0
2018-11-06 11:30,,7.73,600390,7.8,7.71,7.75,,18490.0
2018-11-06 11:30,{},7.73,600390,7.8,7.71,7.75,36.0051,18490.0
2018-11-06 14:00,,7.76,600390,7.76,7.68,7.73,,10441.0
2018-11-06 14:00,{},7.76,600390,7.76,7.68,7.73,20.3315,10441.0
2018-11-06 15:00,,7.74,600390,7.77,7.71,7.76,,12891.0
2018-11-06 15:00,{},7.74,600390,7.77,7.71,7.76,25.1023,12891.0
2018-11-07 10:30,{},7.82,600390,7.93,7.75,7.75,77.9962,40054.0
2018-11-07 10:30,,7.82,600390,7.93,7.75,7.75,,40054.0
2018-11-07 11:30,{},7.95,600390,8.01,7.8,7.81,57.2772,29414.0
2018-11-07 11:30,,7.95,600390,8.01,7.8,7.81,,29414.0
2018-11-07 14:00,{},7.9,600390,8.08,7.9,7.95,61.0238,31338.0
2018-11-07 14:00,,7.9,600390,8.08,7.9,7.95,,31338.0
2018-11-07 15:00,,7.85,600390,7.94,7.81,7.9,,18936.0
2018-11-07 15:00,{},7.85,600390,7.94,7.81,7.9,36.8736,18936.0
2018-11-08 10:30,{},7.94,600390,7.99,7.81,7.88,52.851000000000006,27141.0
2018-11-08 10:30,,7.94,600390,7.99,7.81,7.88,,27141.0
2018-11-08 11:30,{},7.91,600390,7.96,7.85,7.94,25.0322,12855.0
2018-11-08 11:30,,7.91,600390,7.96,7.85,7.94,,12855.0
2018-11-08 14:00,{},7.8,600390,7.93,7.78,7.91,30.395,15609.0
2018-11-08 14:00,,7.8,600390,7.93,7.78,7.91,,15609.0
2018-11-08 15:00,{},7.78,600390,7.81,7.7,7.8,39.0468,20052.0
2018-11-08 15:00,,7.78,600390,7.81,7.7,7.8,,20052.0
2018-11-09 10:30,,7.75,600390,7.78,7.61,7.65,,18518.0
2018-11-09 10:30,{},7.75,600390,7.78,7.61,7.65,36.0597,18518.0
2018-11-09 11:30,,7.61,600390,7.76,7.6,7.75,,12788.0
2018-11-09 11:30,{},7.61,600390,7.76,7.6,7.75,24.9018,12788.0
2018-11-09 14:00,{},7.66,600390,7.71,7.57,7.61,37.635,19327.0
2018-11-09 14:00,,7.66,600390,7.71,7.57,7.61,,19327.0
2018-11-09 15:00,{},7.65,600390,7.7,7.64,7.66,25.0946,12887.0
2018-11-09 15:00,,7.65,600390,7.7,7.64,7.66,,12887.0
2018-11-12 10:30,{},7.63,600390,7.72,7.6,7.67,41.2472,21182.0
2018-11-12 10:30,,7.63,600390,7.72,7.6,7.67,,21182.0
2018-11-12 11:30,{},7.72,600390,7.72,7.58,7.63,37.6409,19330.0
2018-11-12 11:30,,7.72,600390,7.72,7.58,7.63,,19330.0
2018-11-12 14:00,,7.7,600390,7.75,7.66,7.72,,24961.0
2018-11-12 14:00,{},7.7,600390,7.75,7.66,7.72,48.606,24961.0
2018-11-12 15:00,,7.78,600390,7.79,7.67,7.68,,25040.0
2018-11-12 15:00,{},7.78,600390,7.79,7.67,7.68,48.7598,25040.0
2018-11-13 10:30,{},7.72,600390,7.73,7.62,7.65,57.986000000000004,29778.0
2018-11-13 10:30,,7.72,600390,7.73,7.62,7.65,,29778.0
2018-11-13 10:30,{},7.72,600390,7.73,7.62,7.65,57.986,29778.0
2018-11-13 11:30,{},7.79,600390,7.85,7.69,7.72,46.1836,23717.0
2018-11-13 11:30,,7.79,600390,7.85,7.69,7.72,,23717.0
2018-11-13 14:00,,8.07,600390,8.1,7.79,7.79,,48248.0
2018-11-13 14:00,{},8.07,600390,8.1,7.79,7.79,93.9522,48248.0
2018-11-13 15:00,{},8.0,600390,8.18,7.98,8.08,96.3396,49474.0
2018-11-13 15:00,,8.0,600390,8.18,7.98,8.08,,49474.0
2018-11-14 10:30,{},7.93,600390,8.02,7.87,7.96,74.1601,38084.0
2018-11-14 10:30,,7.93,600390,8.02,7.87,7.96,,38084.0
2018-11-14 11:30,{},8.12,600390,8.12,7.92,7.93,42.807,21983.0
2018-11-14 11:30,,8.12,600390,8.12,7.92,7.93,,21983.0
2018-11-14 11:30,{},8.12,600390,8.12,7.92,7.93,42.806999999999995,21983.0
2018-11-14 14:00,{},7.97,600390,8.16,7.93,8.13,45.6461,23441.0
2018-11-14 14:00,,7.97,600390,8.16,7.93,8.13,,23441.0
2018-11-14 15:00,{},7.91,600390,8.01,7.91,7.97,26.5647,13642.0
2018-11-14 15:00,,7.91,600390,8.01,7.91,7.97,,13642.0
2018-11-15 10:30,{},8.09,600390,8.11,7.87,7.91,52.1169,26764.0
2018-11-15 10:30,,8.09,600390,8.11,7.87,7.91,,26764.0
2018-11-15 11:30,{},8.12,600390,8.18,8.06,8.09,62.8425,32272.0
2018-11-15 11:30,,8.12,600390,8.18,8.06,8.09,,32272.0
2018-11-15 14:00,{},8.14,600390,8.17,8.1,8.12,39.6719,20373.0
2018-11-15 14:00,,8.14,600390,8.17,8.1,8.12,,20373.0
2018-11-15 15:00,{},8.21,600390,8.22,8.1,8.14,73.6285,37811.0
2018-11-15 15:00,,8.21,600390,8.22,8.1,8.14,,37811.0
2018-11-16 10:30,,8.1,600390,8.33,8.1,8.22,,57162.0
2018-11-16 10:30,{},8.1,600390,8.33,8.1,8.22,111.3102,57162.0
2018-11-16 11:30,,8.34,600390,8.35,8.1,8.1,,23052.0
2018-11-16 11:30,{},8.34,600390,8.35,8.1,8.1,44.8886,23052.0
2018-11-16 14:00,{},8.7,600390,8.99,8.34,8.34,172.3982,88533.0
2018-11-16 14:00,,8.7,600390,8.99,8.34,8.34,,88533.0
2018-11-16 15:00,,8.53,600390,8.75,8.5,8.7,,43689.0
2018-11-16 15:00,{},8.53,600390,8.75,8.5,8.7,85.0746,43689.0
2018-11-19 10:30,,8.53,600390,8.68,8.42,8.5,,68165.0
2018-11-19 10:30,{},8.53,600390,8.68,8.42,8.5,132.7361,68165.0
2018-11-19 11:30,,8.5,600390,8.58,8.39,8.53,,29865.0
2018-11-19 11:30,{},8.5,600390,8.58,8.39,8.53,58.1554,29865.0
2018-11-19 14:00,{},8.56,600390,8.65,8.45,8.5,54.9677,28228.0
2018-11-19 14:00,,8.56,600390,8.65,8.45,8.5,,28228.0
2018-11-19 15:00,,8.56,600390,8.6,8.54,8.56,,27059.0
2018-11-19 15:00,{},8.56,600390,8.6,8.54,8.56,52.6914,27059.0
2018-11-20 10:30,,8.24,600390,8.43,8.19,8.41,,60034.0
2018-11-20 10:30,{},8.24,600390,8.43,8.19,8.41,116.9028,60034.0
2018-11-20 11:30,{},8.2,600390,8.32,8.2,8.24,30.543000000000003,15685.0
2018-11-20 11:30,{},8.2,600390,8.32,8.2,8.24,30.543000000000006,15685.0
2018-11-20 11:30,,8.2,600390,8.32,8.2,8.24,,15685.0
2018-11-20 11:30,{},8.2,600390,8.32,8.2,8.24,30.54300000000001,15685.0
2018-11-20 14:00,,8.2,600390,8.2,8.14,8.2,,19714.0
2018-11-20 14:00,{},8.2,600390,8.2,8.14,8.2,38.3886,19714.0
2018-11-20 15:00,,8.08,600390,8.2,8.07,8.2,,29738.0
2018-11-20 15:00,{},8.08,600390,8.2,8.07,8.2,57.9081,29738.0
2018-11-21 10:30,{},7.97,600390,8.11,7.88,7.98,70.248,36075.0
2018-11-21 10:30,,7.97,600390,8.11,7.88,7.98,,36075.0
2018-11-21 11:30,{},7.98,600390,7.98,7.86,7.97,60.2741,30953.0
2018-11-21 11:30,,7.98,600390,7.98,7.86,7.97,,30953.0
2018-11-21 14:00,,7.94,600390,8.01,7.92,7.98,,12934.0
2018-11-21 14:00,{},7.94,600390,8.01,7.92,7.98,25.1861,12934.0
2018-11-21 15:00,{},7.99,600390,7.99,7.9,7.94,33.3432,17123.0
2018-11-21 15:00,,7.99,600390,7.99,7.9,7.94,,17123.0
2018-11-22 10:30,{},7.87,600390,8.05,7.85,8.03,66.1626,33977.0
2018-11-22 10:30,,7.87,600390,8.05,7.85,8.03,,33977.0
2018-11-22 11:30,,7.84,600390,7.94,7.84,7.86,,15443.0
2018-11-22 11:30,{},7.84,600390,7.94,7.84,7.86,30.0718,15443.0
2018-11-22 14:00,,7.92,600390,7.94,7.81,7.84,,17846.0
2018-11-22 14:00,{},7.92,600390,7.94,7.81,7.84,34.7511,17846.0
2018-11-22 15:00,{},7.94,600390,7.97,7.87,7.92,39.1539,20107.0
2018-11-22 15:00,,7.94,600390,7.97,7.87,7.92,,20107.0
2018-11-23 10:30,{},7.74,600390,7.91,7.67,7.91,51.8891,26647.0
2018-11-23 10:30,,7.74,600390,7.91,7.67,7.91,,26647.0
2018-11-23 11:30,,7.62,600390,7.76,7.61,7.74,,23374.0
2018-11-23 11:30,{},7.62,600390,7.76,7.61,7.74,45.5156,23374.0
2018-11-23 14:00,{},7.5,600390,7.65,7.46,7.62,60.7063,31175.0
2018-11-23 14:00,,7.5,600390,7.65,7.46,7.62,,31175.0
2018-11-23 15:00,{},7.53,600390,7.59,7.49,7.5,43.7319,22458.0
2018-11-23 15:00,,7.53,600390,7.59,7.49,7.5,,22458.0
2018-11-26 10:30,{},7.57,600390,7.6,7.45,7.5,37.9505,19489.0
2018-11-26 10:30,,7.57,600390,7.6,7.45,7.5,,19489.0
2018-11-26 11:30,{},7.58,600390,7.59,7.49,7.57,23.8035,12224.0
2018-11-26 11:30,,7.58,600390,7.59,7.49,7.57,,12224.0
2018-11-26 14:00,{},7.48,600390,7.61,7.44,7.58,29.8576,15333.0
2018-11-26 14:00,,7.48,600390,7.61,7.44,7.58,,15333.0
2018-11-26 15:00,{},7.47,600390,7.5,7.41,7.48,38.3672,19703.0
2018-11-26 15:00,,7.47,600390,7.5,7.41,7.48,,19703.0
2018-11-27 10:30,{},7.59,600390,7.59,7.51,7.52,46.3471,23801.0
2018-11-27 10:30,,7.59,600390,7.59,7.51,7.52,,23801.0
2018-11-27 11:30,,7.56,600390,7.59,7.53,7.59,,9971.0
2018-11-27 11:30,{},7.56,600390,7.59,7.53,7.59,19.4163,9971.0
2018-11-27 14:00,,7.53,600390,7.58,7.52,7.57,,6730.0
2018-11-27 14:00,{},7.53,600390,7.58,7.52,7.57,13.1052,6730.0
2018-11-27 15:00,,7.54,600390,7.54,7.47,7.53,,9490.0
2018-11-27 15:00,{},7.54,600390,7.54,7.47,7.53,18.4797,9490.0
2018-11-28 10:30,,7.49,600390,7.59,7.44,7.55,,18937.0
2018-11-28 10:30,{},7.49,600390,7.59,7.44,7.55,36.8756,18937.0
2018-11-28 11:30,,7.68,600390,7.69,7.49,7.49,,26898.0
2018-11-28 11:30,{},7.68,600390,7.69,7.49,7.49,52.3778,26898.0
2018-11-28 14:00,,7.66,600390,7.71,7.62,7.68,,12370.0
2018-11-28 14:00,{},7.66,600390,7.71,7.62,7.68,24.0878,12370.0
2018-11-28 15:00,{},7.69,600390,7.71,7.64,7.66,38.3906,19715.0
2018-11-28 15:00,,7.69,600390,7.71,7.64,7.66,,19715.0
2018-11-29 10:30,,7.72,600390,7.81,7.7,7.72,,28812.0
2018-11-29 10:30,{},7.72,600390,7.81,7.7,7.72,56.1049,28812.0
2018-11-29 11:30,{},7.74,600390,7.76,7.69,7.72,14.5423,7468.0
2018-11-29 11:30,,7.74,600390,7.76,7.69,7.72,,7468.0
2018-11-29 14:00,,7.69,600390,7.75,7.64,7.74,,9106.0
2018-11-29 14:00,{},7.69,600390,7.75,7.64,7.74,17.7319,9106.0
2018-11-29 15:00,,7.48,600390,7.69,7.48,7.69,,21685.0
2018-11-29 15:00,{},7.48,600390,7.69,7.48,7.69,42.2267,21685.0
2018-11-30 10:30,,7.55,600390,7.63,7.4,7.45,,20179.0
2018-11-30 10:30,{},7.55,600390,7.63,7.4,7.45,39.2941,20179.0
2018-11-30 11:30,,7.6,600390,7.64,7.53,7.55,,10325.0
2018-11-30 11:30,{},7.6,600390,7.64,7.53,7.55,20.1056,10325.0
2018-11-30 14:00,{},7.55,600390,7.6,7.4,7.6,38.6028,19824.0
2018-11-30 14:00,,7.55,600390,7.6,7.4,7.6,,19824.0
2018-11-30 15:00,{},7.63,600390,7.67,7.54,7.55,27.9201,14338.0
2018-11-30 15:00,,7.63,600390,7.67,7.54,7.55,,14338.0
2018-12-03 10:30,{},8.23,600390,8.35,7.93,8.2,236.2124,121304.0
2018-12-03 10:30,,8.23,600390,8.35,7.93,8.2,,121304.0
2018-12-03 11:30,,8.19,600390,8.24,8.15,8.23,,25236.0
2018-12-03 11:30,{},8.19,600390,8.24,8.15,8.23,49.1415,25236.0
2018-12-03 14:00,,8.14,600390,8.21,8.12,8.19,,19020.0
2018-12-03 14:00,{},8.14,600390,8.21,8.12,8.19,37.0372,19020.0
2018-12-03 15:00,,8.09,600390,8.17,8.06,8.14,,31289.0
2018-12-03 15:00,{},8.09,600390,8.17,8.06,8.14,60.9283,31289.0
2018-12-04 10:30,,8.05,600390,8.17,8.02,8.03,,51568.0
2018-12-04 10:30,{},8.05,600390,8.17,8.02,8.03,100.4172,51568.0
2018-12-04 11:30,{},8.03,600390,8.1,7.99,8.05,35.9156,18444.0
2018-12-04 11:30,,8.03,600390,8.1,7.99,8.05,,18444.0
2018-12-04 14:00,,8.02,600390,8.05,7.99,8.03,,14246.0
2018-12-04 14:00,{},8.02,600390,8.05,7.99,8.03,27.7409,14246.0
2018-12-04 15:00,,8.09,600390,8.12,8.0,8.02,,20580.0
2018-12-04 15:00,{},8.09,600390,8.12,8.0,8.02,40.075,20580.0
2018-12-05 10:30,{},8.0,600390,8.01,7.86,7.91,51.9962,26702.0
2018-12-05 10:30,,8.0,600390,8.01,7.86,7.91,,26702.0
2018-12-05 11:30,{},7.99,600390,8.0,7.94,8.0,17.5489,9012.0
2018-12-05 11:30,,7.99,600390,8.0,7.94,8.0,,9012.0
2018-12-05 14:00,,7.95,600390,8.0,7.93,7.99,,10752.0
2018-12-05 14:00,{},7.95,600390,8.0,7.93,7.99,20.9371,10752.0
2018-12-05 15:00,,7.91,600390,7.97,7.91,7.95,,14872.0
2018-12-05 15:00,{},7.91,600390,7.97,7.91,7.95,28.9599,14872.0
2018-12-06 10:30,{},7.78,600390,7.89,7.76,7.88,39.2376,20150.0
2018-12-06 10:30,,7.78,600390,7.89,7.76,7.88,,20150.0
2018-12-06 11:30,,7.75,600390,7.78,7.7,7.78,,16895.0
2018-12-06 11:30,{},7.75,600390,7.78,7.7,7.78,32.8992,16895.0
2018-12-06 14:00,,7.68,600390,7.76,7.67,7.75,,13761.0
2018-12-06 14:00,{},7.68,600390,7.76,7.67,7.75,26.7965,13761.0
2018-12-06 15:00,,7.66,600390,7.73,7.66,7.68,,12758.0
2018-12-06 15:00,{},7.66,600390,7.73,7.66,7.68,24.8434,12758.0
2018-12-07 10:30,,7.73,600390,7.8,7.67,7.72,,12220.0
2018-12-07 10:30,{},7.73,600390,7.8,7.67,7.72,23.7957,12220.0
2018-12-07 11:30,{},7.7,600390,7.73,7.66,7.73,11.3351,5821.0
2018-12-07 11:30,,7.7,600390,7.73,7.66,7.73,,5821.0
2018-12-07 14:00,,7.69,600390,7.72,7.67,7.7,,5790.0
2018-12-07 14:00,{},7.69,600390,7.72,7.67,7.7,11.2747,5790.0
2018-12-07 15:00,{},7.69,600390,7.74,7.64,7.69,24.5922,12629.0
2018-12-07 15:00,,7.69,600390,7.74,7.64,7.69,,12629.0
2018-12-10 10:30,{},7.52,600390,7.61,7.48,7.53,37.8103,19417.0
2018-12-10 11:30,{},7.56,600390,7.58,7.51,7.52,9.123,4685.0
2018-12-10 14:00,{},7.51,600390,7.57,7.44,7.56,20.9196,10743.0
2018-12-10 15:00,{},7.51,600390,7.58,7.49,7.51,12.7216,6533.0
2018-12-11 10:30,{},7.61,600390,7.64,7.52,7.52,32.1612,16516.0
2018-12-11 11:30,{},7.62,600390,7.63,7.56,7.61,8.6206,4427.0
2018-12-11 14:00,{},7.59,600390,7.63,7.57,7.61,10.527000000000001,5406.0
2018-12-11 14:00,{},7.59,600390,7.63,7.57,7.61,10.527,5406.0
2018-12-11 15:00,{},7.6,600390,7.62,7.58,7.58,14.9473,7676.0
2018-12-12 10:30,{},7.66,600390,7.71,7.61,7.62,18.69,9598.0
2018-12-12 11:30,{},7.66,600390,7.67,7.63,7.66,8.2253,4224.0
2018-12-12 14:00,{},7.67,600390,7.69,7.64,7.66,8.9166,4579.0
2018-12-12 15:00,{},7.67,600390,7.7,7.63,7.67,13.4051,6884.0
2018-12-13 10:30,{},7.75,600390,7.75,7.63,7.68,28.0388,14399.0
2018-12-13 11:30,{},7.82,600390,7.82,7.73,7.75,27.295,14017.0
2018-12-13 14:00,{},7.75,600390,7.82,7.72,7.82,14.8227,7612.0
2018-12-13 15:00,{},7.77,600390,7.77,7.72,7.75,16.3026,8372.0
2018-12-14 10:30,{},7.7,600390,7.75,7.69,7.74,20.4561,10505.0
2018-12-14 11:30,{},7.69,600390,7.71,7.66,7.7,8.9789,4611.0
2018-12-14 14:00,{},7.58,600390,7.69,7.58,7.69,17.508,8991.0
2018-12-14 15:00,{},7.54,600390,7.62,7.49,7.58,27.7604,14256.0
2018-12-17 10:30,{},7.36,600390,7.53,7.31,7.48,42.1897,21666.0
2018-12-17 11:30,{},7.46,600390,7.49,7.35,7.36,19.8681,10203.0
2018-12-17 14:00,{},7.45,600390,7.5,7.44,7.46,10.5114,5398.0
2018-12-17 15:00,{},7.47,600390,7.52,7.45,7.45,24.378,12519.0
2018-12-18 10:30,{},7.45,600390,7.5,7.4,7.42,21.0656,10818.0
2018-12-18 11:30,{},7.37,600390,7.46,7.35,7.44,15.0174,7712.0
2018-12-18 14:00,{},7.37,600390,7.42,7.32,7.37,13.5511,6959.0
2018-12-18 15:00,{},7.45,600390,7.46,7.37,7.37,15.8216,8125.0
2018-12-19 10:30,{},7.38,600390,7.48,7.36,7.42,21.0364,10803.0
2018-12-19 11:30,{},7.43,600390,7.44,7.37,7.38,7.9254,4070.0
2018-12-19 14:00,{},7.41,600390,7.45,7.39,7.43,8.8445,4542.0
2018-12-19 15:00,{},7.37,600390,7.43,7.34,7.41,14.2385,7312.0
2018-12-20 10:30,{},7.38,600390,7.44,7.32,7.33,16.1838,8311.0
2018-12-20 11:30,{},7.33,600390,7.39,7.33,7.38,8.0364,4127.0
2018-12-20 14:00,{},7.39,600390,7.39,7.24,7.33,26.7497,13737.0
2018-12-20 15:00,{},7.4,600390,7.41,7.35,7.39,19.1943,9857.0
2018-12-21 10:30,{},7.24,600390,7.35,7.21,7.35,35.6352,18300.0
2018-12-21 11:30,{},7.29,600390,7.32,7.24,7.24,20.7034,10632.0
2018-12-21 14:00,{},7.29,600390,7.31,7.27,7.29,8.7296,4483.0
2018-12-21 15:00,{},7.16,600390,7.29,7.05,7.29,60.6499,31146.0
2018-12-24 10:30,{},7.18,600390,7.22,7.13,7.15,29.3162,15055.0
2018-12-24 11:30,{},7.11,600390,7.19,7.08,7.18,14.7039,7551.0
2018-12-24 14:00,{},7.1,600390,7.16,7.1,7.11,14.7876,7594.0
2018-12-24 15:00,{},7.16,600390,7.16,7.09,7.1,13.3564,6859.0
2018-12-25 10:30,{},6.84,600390,7.1,6.83,7.1,47.3344,24308.0
2018-12-25 11:30,{},6.85,600390,6.88,6.82,6.84,20.2166,10382.0
2018-12-25 14:00,{},6.96,600390,6.96,6.84,6.85,12.5113,6425.0
2018-12-25 15:00,{},6.96,600390,7.03,6.92,6.96,26.7458,13735.0
2018-12-26 10:30,{},6.95,600390,6.99,6.89,6.94,21.015,10792.0
2018-12-26 11:30,{},7.0,600390,7.01,6.93,6.95,13.5024,6934.0
2018-12-26 14:00,{},6.96,600390,7.0,6.92,7.0,14.8188,7610.0
2018-12-26 15:00,{},6.98,600390,7.01,6.95,6.96,19.4221,9974.0
2018-12-27 10:30,{},7.07,600390,7.15,7.04,7.12,40.8266,20966.0
2018-12-27 11:30,{},7.02,600390,7.07,7.01,7.07,14.3164,7352.0
2018-12-27 14:00,{},6.98,600390,7.03,6.97,7.02,11.0897,5695.0
2018-12-27 15:00,{},6.87,600390,6.98,6.87,6.98,25.8423,13271.0
2018-12-28 10:30,{},7.0,600390,7.0,6.85,6.89,23.0363,11830.0
2018-12-28 11:30,{},6.96,600390,7.01,6.95,7.0,7.1192,3656.0
2018-12-28 14:00,{},6.98,600390,6.98,6.94,6.96,6.5292,3353.0
2018-12-28 15:00,{},6.96,600390,6.99,6.93,6.98,15.475,7947.0
2019-01-02 10:30,{},6.93,600390,6.97,6.86,6.94,21.1241,10848.0
2019-01-02 11:30,{},6.96,600390,6.97,6.88,6.91,10.8444,5569.0
2019-01-02 14:00,{},6.94,600390,6.97,6.9,6.96,11.1696,5736.0
2019-01-02 15:00,{},6.91,600390,7.0,6.9,6.94,16.104,8270.0
2019-01-03 10:30,{},7.05,600390,7.14,6.91,6.95,40.8441,20975.0
2019-01-03 11:30,{},7.06,600390,7.07,7.01,7.05,11.2806,5793.0
2019-01-03 14:00,{},7.04,600390,7.08,6.99,7.06,15.3971,7907.0
2019-01-03 15:00,{},7.01,600390,7.05,6.99,7.04,16.6531,8552.0
2019-01-04 10:30,{},7.0,600390,7.01,6.88,6.98,31.8088,16335.0
2019-01-04 11:30,{},7.46,600390,7.46,7.0,7.0,85.1505,43728.0
2019-01-04 14:00,{},7.33,600390,7.5,7.3,7.46,52.7342,27081.0
2019-01-04 15:00,{},7.4,600390,7.41,7.31,7.33,36.3907,18688.0
2019-01-07 10:30,{},7.36,600390,7.44,7.31,7.44,63.1735,32442.0
2019-01-07 11:30,{},7.36,600390,7.43,7.33,7.36,25.6534,13174.0
2019-01-07 14:00,{},7.37,600390,7.4,7.34,7.36,24.672,12670.0
2019-01-07 14:00,{},7.37,600390,7.4,7.34,7.36,24.671999999999997,12670.0
2019-01-07 15:00,{},7.36,600390,7.38,7.32,7.37,33.6236,17267.0
2019-01-08 10:30,{},7.35,600390,7.41,7.32,7.32,28.1362,14449.0
2019-01-08 11:30,{},7.46,600390,7.47,7.34,7.35,39.7089,20392.0
2019-01-08 14:00,{},7.4,600390,7.47,7.4,7.46,16.5616,8505.0
2019-01-08 15:00,{},7.44,600390,7.53,7.39,7.4,42.8148,21987.0
2019-01-09 10:30,{},7.49,600390,7.52,7.39,7.39,44.3745,22788.0
2019-01-09 11:30,{},7.51,600390,7.57,7.47,7.49,32.0327,16450.0
2019-01-09 14:00,{},7.47,600390,7.54,7.45,7.51,21.2467,10911.0
2019-01-09 15:00,{},7.41,600390,7.48,7.4,7.47,33.6645,17288.0
2019-01-10 10:30,{},7.35,600390,7.43,7.34,7.41,28.956,14870.0
2019-01-10 11:30,{},7.38,600390,7.38,7.33,7.35,12.9767,6664.0
2019-01-10 14:00,{},7.35,600390,7.38,7.33,7.38,16.8965,8677.0
2019-01-10 15:00,{},7.28,600390,7.35,7.27,7.35,23.3556,11994.0
2019-01-11 10:30,{},7.29,600390,7.35,7.26,7.3,19.2001,9860.0
2019-01-11 11:30,{},7.33,600390,7.34,7.28,7.29,11.6252,5970.0
2019-01-11 14:00,{},7.27,600390,7.35,7.27,7.33,22.5358,11573.0
2019-01-11 15:00,{},7.29,600390,7.32,7.25,7.27,34.0442,17483.0
2019-01-14 10:30,{},7.31,600390,7.41,7.31,7.31,47.461000000000006,24373.0
2019-01-14 10:30,{},7.31,600390,7.41,7.31,7.31,47.461,24373.0
2019-01-14 10:30,{},7.31,600390,7.41,7.31,7.31,47.46100000000001,24373.0
2019-01-14 11:30,{},7.29,600390,7.34,7.28,7.31,20.4698,10512.0
2019-01-14 14:00,{},7.37,600390,7.39,7.29,7.29,27.258000000000006,13998.0
2019-01-14 14:00,{},7.37,600390,7.39,7.29,7.29,27.25800000000001,13998.0
2019-01-14 14:00,{},7.37,600390,7.39,7.29,7.29,27.258,13998.0
2019-01-14 14:00,{},7.37,600390,7.39,7.29,7.29,27.258000000000003,13998.0
2019-01-14 15:00,{},7.31,600390,7.38,7.28,7.37,20.4289,10491.0
2019-01-15 10:30,{},7.4,600390,7.43,7.31,7.31,34.8816,17913.0
2019-01-15 11:30,{},7.48,600390,7.49,7.38,7.4,23.194000000000006,11911.0
2019-01-15 11:30,{},7.48,600390,7.49,7.38,7.4,23.194,11911.0
2019-01-15 11:30,{},7.48,600390,7.49,7.38,7.4,23.194000000000003,11911.0
2019-01-15 11:30,{},7.48,600390,7.49,7.38,7.4,23.19400000000001,11911.0
2019-01-15 14:00,{},7.48,600390,7.49,7.43,7.47,30.7981,15816.0
2019-01-15 15:00,{},7.48,600390,7.5,7.45,7.48,31.3901,16120.0
2019-01-16 10:30,{},7.46,600390,7.49,7.37,7.42,47.3441,24313.0
2019-01-16 11:30,{},7.45,600390,7.47,7.39,7.46,14.0652,7223.0
2019-01-16 14:00,{},7.45,600390,7.47,7.42,7.45,11.8297,6075.0
2019-01-16 15:00,{},7.45,600390,7.46,7.41,7.45,13.1013,6728.0
2019-01-17 10:30,{},7.33,600390,7.45,7.31,7.45,27.3281,14034.0
2019-01-17 11:30,{},7.4,600390,7.4,7.3,7.33,16.5032,8475.0
2019-01-17 14:00,{},7.43,600390,7.43,7.37,7.4,28.5588,14666.0
2019-01-17 15:00,{},7.33,600390,7.44,7.31,7.43,19.9304,10235.0
2019-01-18 10:30,{},7.41,600390,7.45,7.31,7.36,40.8753,20991.0
2019-01-18 11:30,{},7.41,600390,7.42,7.38,7.41,15.956,8194.0
2019-01-18 14:00,{},7.41,600390,7.42,7.39,7.41,11.4734,5892.0
2019-01-18 15:00,{},7.43,600390,7.44,7.4,7.41,23.1882,11908.0
2019-01-21 10:30,{},7.45,600390,7.51,7.43,7.45,44.1487,22672.0
2019-01-21 11:30,{},7.49,600390,7.51,7.45,7.45,17.7202,9100.0
2019-01-21 14:00,{},7.43,600390,7.52,7.41,7.49,21.6148,11100.0
2019-01-21 15:00,{},7.49,600390,7.49,7.42,7.43,21.3947,10987.0
2019-01-22 10:30,{},7.47,600390,7.51,7.42,7.51,22.5008,11555.0
2019-01-22 11:30,{},7.44,600390,7.47,7.42,7.47,19.2177,9869.0
2019-01-22 14:00,{},7.35,600390,7.44,7.33,7.44,25.4762,13083.0
2019-01-22 15:00,{},7.38,600390,7.4,7.31,7.35,15.512,7966.0
2019-01-23 10:30,{},7.42,600390,7.43,7.32,7.36,19.5468,10038.0
2019-01-23 11:30,{},7.37,600390,7.43,7.37,7.42,19.4299,9978.0
2019-01-23 14:00,{},7.37,600390,7.38,7.34,7.37,9.1814,4715.0
2019-01-23 15:00,{},7.39,600390,7.4,7.33,7.37,17.0854,8774.0
2019-01-24 10:30,{},7.4,600390,7.44,7.34,7.38,25.2289,12956.0
2019-01-24 11:30,{},7.49,600390,7.53,7.38,7.4,38.9767,20016.0
2019-01-24 14:00,{},7.51,600390,7.55,7.48,7.49,29.5032,15151.0
2019-01-24 15:00,{},7.48,600390,7.53,7.48,7.51,22.602,11607.0
2019-01-24 15:00,{},7.48,600390,7.53,7.48,7.51,22.601999999999997,11607.0
2019-01-25 10:30,{},7.63,600390,7.69,7.43,7.48,72.3589,37159.0
2019-01-25 11:30,{},7.65,600390,7.67,7.61,7.63,29.9647,15388.0
2019-01-25 14:00,{},7.65,600390,7.67,7.63,7.65,28.3562,14562.0
2019-01-25 15:00,{},7.61,600390,7.65,7.57,7.65,36.4881,18738.0
2019-01-28 10:30,{},7.57,600390,7.71,7.53,7.69,50.3799,25872.0
2019-01-28 11:30,{},7.48,600390,7.58,7.47,7.57,25.9942,13349.0
2019-01-28 14:00,{},7.47,600390,7.51,7.45,7.48,16.0689,8252.0
2019-01-28 15:00,{},7.38,600390,7.47,7.37,7.46,31.91,16387.0
2019-01-29 10:30,{},7.12,600390,7.43,7.06,7.37,50.6642,26018.0
2019-01-29 11:30,{},7.17,600390,7.24,7.12,7.12,26.7011,13712.0
2019-01-29 14:00,{},7.2,600390,7.26,7.12,7.17,15.3484,7882.0
2019-01-29 15:00,{},7.18,600390,7.27,7.17,7.2,18.8633,9687.0
2019-01-30 10:30,{},7.22,600390,7.25,7.11,7.11,18.8224,9666.0
2019-01-30 11:30,{},7.25,600390,7.29,7.18,7.22,13.1753,6766.0
2019-01-30 14:00,{},7.21,600390,7.26,7.2,7.25,9.5339,4896.0
2019-01-30 15:00,{},7.14,600390,7.22,7.12,7.22,20.4016,10477.0
2019-01-31 10:30,{},7.25,600390,7.26,7.16,7.17,21.9166,11255.0
2019-01-31 11:30,{},7.22,600390,7.28,7.21,7.25,19.1495,9834.0
2019-01-31 14:00,{},7.13,600390,7.22,7.13,7.22,14.1625,7273.0
2019-01-31 15:00,{},7.17,600390,7.18,7.02,7.13,27.0126,13872.0
2019-02-01 10:30,{},7.28,600390,7.29,7.19,7.19,23.2076,11918.0
2019-02-01 11:30,{},7.27,600390,7.3,7.25,7.28,11.3779,5843.0
2019-02-01 14:00,{},7.3,600390,7.31,7.25,7.27,10.7762,5534.0
2019-02-01 15:00,{},7.34,600390,7.34,7.28,7.3,26.4421,13579.0
2019-02-11 10:30,{},7.4,600390,7.43,7.33,7.34,35.9545,18464.0
2019-02-11 11:30,{},7.46,600390,7.49,7.38,7.4,22.2437,11423.0
2019-02-11 14:00,{},7.47,600390,7.48,7.43,7.46,16.7699,8612.0
2019-02-11 15:00,{},7.48,600390,7.5,7.44,7.47,23.8814,12264.0
2019-02-12 10:30,{},7.52,600390,7.54,7.44,7.48,34.4298,17681.0
2019-02-12 11:30,{},7.61,600390,7.62,7.51,7.52,32.2722,16573.0
2019-02-12 14:00,{},7.53,600390,7.65,7.52,7.61,26.2162,13463.0
2019-02-12 15:00,{},7.55,600390,7.57,7.49,7.53,26.3739,13544.0
2019-02-13 10:30,{},7.67,600390,7.69,7.54,7.54,61.1659,31411.0
2019-02-13 11:30,{},7.75,600390,7.78,7.65,7.67,52.335,26876.0
2019-02-13 14:00,{},7.78,600390,7.8,7.72,7.75,48.7773,25049.0
2019-02-13 15:00,{},7.75,600390,7.82,7.73,7.78,61.4502,31557.0
2019-02-14 10:30,{},7.89,600390,8.02,7.71,7.71,102.0392,52401.0
2019-02-14 11:30,{},7.81,600390,7.89,7.78,7.89,31.577,16216.0
2019-02-14 11:30,{},7.81,600390,7.89,7.78,7.89,31.576999999999998,16216.0
2019-02-14 14:00,{},7.81,600390,7.83,7.79,7.81,22.8844,11752.0
2019-02-14 15:00,{},7.81,600390,7.88,7.8,7.81,37.008,19005.0
2019-02-15 10:30,{},7.79,600390,7.88,7.77,7.85,53.2736,27358.0
2019-02-15 11:30,{},7.83,600390,7.86,7.79,7.79,28.0641,14412.0
2019-02-15 14:00,{},7.84,600390,7.85,7.77,7.83,39.7595,20418.0
2019-02-15 15:00,{},7.84,600390,7.85,7.77,7.84,49.1765,25254.0
2019-02-18 10:30,{},8.31,600390,8.39,7.9,7.9,201.88,103673.0
2019-02-18 11:30,{},8.29,600390,8.34,8.24,8.31,43.508,22343.0
2019-02-18 14:00,{},8.34,600390,8.47,8.28,8.29,115.6371,59384.0
2019-02-18 15:00,{},8.28,600390,8.38,8.26,8.34,113.7015,58390.0
2019-02-19 10:30,{},8.59,600390,8.73,8.3,8.35,307.473,157899.0
2019-02-19 11:30,{},8.69,600390,8.95,8.58,8.59,170.0518,87328.0
2019-02-19 14:00,{},8.57,600390,8.7,8.54,8.69,81.9862,42103.0
2019-02-19 15:00,{},8.57,600390,8.58,8.45,8.57,98.4387,50552.0
2019-02-20 10:30,{},8.38,600390,8.65,8.36,8.65,147.7827,75892.0
2019-02-20 11:30,{},8.37,600390,8.46,8.37,8.37,56.8897,29215.0
2019-02-20 14:00,{},8.29,600390,8.36,8.23,8.36,72.1836,37069.0
2019-02-20 15:00,{},8.31,600390,8.36,8.27,8.29,75.8211,38937.0
2019-02-21 10:30,{},8.61,600390,8.65,8.3,8.38,131.8949,67733.0
2019-02-21 11:30,{},8.59,600390,8.68,8.53,8.61,75.9379,38997.0
2019-02-21 14:00,{},8.49,600390,8.74,8.49,8.59,117.0761,60123.0
2019-02-21 15:00,{},8.44,600390,8.57,8.36,8.49,78.1189,40117.0
2019-02-22 10:30,{},8.53,600390,8.68,8.47,8.49,177.9343,91376.0
2019-02-22 11:30,{},8.75,600390,8.93,8.53,8.53,175.0933,89917.0
2019-02-22 14:00,{},8.99,600390,9.04,8.75,8.75,156.6331,80437.0
2019-02-22 15:00,{},9.12,600390,9.21,8.98,8.98,156.1132,80170.0
2019-02-25 10:30,{},9.75,600390,9.82,9.33,9.49,438.9025,225393.0
2019-02-25 11:30,{},9.98,600390,10.0,9.65,9.75,179.8485,92359.0
2019-02-25 14:00,{},10.03,600390,10.03,9.98,9.98,245.1524,125895.0
2019-02-25 15:00,{},10.03,600390,10.03,10.02,10.03,44.6822,22946.0
2019-02-26 10:30,{},10.3,600390,10.8,10.05,10.45,509.7133,261757.0
2019-02-26 11:30,{},10.39,600390,10.52,10.15,10.3,118.6592,60936.0
2019-02-26 14:00,{},10.48,600390,10.61,10.31,10.39,111.9742,57503.0
2019-02-26 15:00,{},10.07,600390,10.49,10.07,10.48,170.9904,87810.0
2019-02-27 10:30,{},10.7,600390,11.08,10.55,11.08,486.8639,250023.0
2019-02-27 11:30,{},10.77,600390,10.81,10.43,10.7,96.7212,49670.0
2019-02-27 14:00,{},10.41,600390,10.9,10.37,10.77,154.0705,79121.0
2019-02-27 15:00,{},10.35,600390,10.48,9.98,10.41,213.9843,109889.0
2019-02-28 10:30,{},9.83,600390,9.99,9.33,9.91,369.1491,189572.0
2019-02-28 11:30,{},9.78,600390,9.86,9.64,9.83,83.7718,43020.0
2019-02-28 14:00,{},10.29,600390,10.33,9.71,9.78,149.9208,76990.0
2019-02-28 15:00,{},10.05,600390,10.3,10.05,10.29,115.1911,59155.0
2019-03-01 10:30,{},10.2,600390,10.43,9.83,10.04,186.0253,95531.0
2019-03-01 11:30,{},10.14,600390,10.53,10.12,10.2,189.4914,97311.0
2019-03-01 14:00,{},10.27,600390,10.34,10.11,10.14,67.1869,34503.0
2019-03-01 15:00,{},10.34,600390,10.41,10.23,10.27,103.8522,53332.0
2019-03-04 10:30,{},10.32,600390,10.45,10.2,10.38,191.9976,98598.0
2019-03-04 11:30,{},10.69,600390,10.71,10.23,10.32,161.1722,82768.0
2019-03-04 14:00,{},10.51,600390,10.8,10.47,10.69,112.1826,57610.0
2019-03-04 15:00,{},10.33,600390,10.51,10.23,10.51,117.3429,60260.0
2019-03-05 10:30,{},10.13,600390,10.16,9.95,10.16,190.3794,97767.0
2019-03-05 11:30,{},10.27,600390,10.32,10.11,10.13,74.5826,38301.0
2019-03-05 14:00,{},10.29,600390,10.3,10.13,10.27,69.8624,35877.0
2019-03-05 15:00,{},10.35,600390,10.46,10.26,10.29,111.2284,57120.0
2019-03-06 10:30,{},10.41,600390,10.6,10.21,10.25,167.3392,85935.0
2019-03-06 11:30,{},10.63,600390,10.68,10.25,10.41,142.8581,73363.0
2019-03-06 14:00,{},10.51,600390,10.7,10.4,10.63,118.3068,60755.0
2019-03-06 15:00,{},10.9,600390,10.9,10.37,10.51,174.291,89505.0
2019-03-07 10:30,{},10.76,600390,10.92,10.59,10.76,165.0726,84771.0
2019-03-07 11:30,{},10.74,600390,10.82,10.55,10.76,100.4814,51601.0
2019-03-07 14:00,{},10.7,600390,10.8,10.55,10.74,95.4555,49020.0
2019-03-07 15:00,{},10.85,600390,11.04,10.67,10.7,185.1977,95106.0
2019-03-08 10:30,{},10.36,600390,10.53,10.21,10.33,217.725,111810.0
2019-03-08 11:30,{},10.49,600390,10.65,10.34,10.36,197.9446,101652.0
2019-03-08 14:00,{},10.49,600390,10.65,10.33,10.48,123.4281,63385.0
2019-03-08 15:00,{},10.22,600390,10.61,10.22,10.49,137.9198,70827.0
2019-03-11 10:30,{},10.34,600390,10.43,10.1,10.1,122.2968,62804.0
2019-03-11 11:30,{},10.31,600390,10.39,10.25,10.34,86.9186,44636.0
2019-03-11 14:00,{},10.56,600390,10.78,10.27,10.31,120.03399999999999,61642.0
2019-03-11 14:00,{},10.56,600390,10.78,10.27,10.31,120.034,61642.0
2019-03-11 15:00,{},11.24,600390,11.24,10.49,10.56,397.11400000000003,203933.0
2019-03-11 15:00,{},11.24,600390,11.24,10.49,10.56,397.114,203933.0
2019-03-12 10:30,{},11.49,600390,11.9,11.09,11.6,468.431,240557.0
2019-03-12 11:30,{},11.51,600390,11.84,11.45,11.5,150.0727,77068.0
2019-03-12 14:00,{},11.45,600390,12.36,11.44,11.51,383.4694,196926.0
2019-03-12 15:00,{},11.47,600390,11.49,11.15,11.45,235.601,120990.0
2019-03-13 10:30,{},10.85,600390,11.28,10.78,11.17,289.0012,148413.0
2019-03-13 11:30,{},10.89,600390,11.01,10.8,10.85,104.0196,53418.0
2019-03-13 14:00,{},10.89,600390,10.99,10.8,10.89,100.8027,51766.0
2019-03-13 15:00,{},10.76,600390,10.9,10.58,10.89,124.8711,64126.0
2019-03-14 10:30,{},10.37,600390,10.66,10.3,10.47,161.5753,82975.0
2019-03-14 11:30,{},10.17,600390,10.38,10.16,10.37,102.9622,52875.0
2019-03-14 14:00,{},10.12,600390,10.2,10.02,10.17,70.1,35999.0
2019-03-14 15:00,{},10.03,600390,10.15,9.9,10.12,114.7764,58942.0
2019-03-15 10:30,{},10.07,600390,10.25,10.05,10.17,143.0937,73484.0
2019-03-15 11:30,{},10.19,600390,10.23,10.06,10.07,60.8193,31233.0
2019-03-15 14:00,{},9.99,600390,10.23,9.94,10.19,71.1652,36546.0
2019-03-15 15:00,{},10.23,600390,10.23,9.99,9.99,81.7934,42004.0
2019-03-18 10:30,{},10.13,600390,10.29,9.96,10.23,114.5388,58820.0
2019-03-18 11:30,{},10.22,600390,10.25,10.11,10.13,73.9712,37987.0
2019-03-18 14:00,{},10.2,600390,10.25,10.14,10.22,56.7982,29168.0
2019-03-18 15:00,{},10.31,600390,10.34,10.18,10.2,143.2397,73559.0
2019-03-19 10:30,{},10.39,600390,10.46,10.22,10.3,129.7724,66643.0
2019-03-19 11:30,{},10.48,600390,10.53,10.26,10.39,83.764,43016.0
2019-03-19 14:00,{},10.35,600390,10.53,10.34,10.48,87.2769,44820.0
2019-03-19 15:00,{},10.26,600390,10.38,10.22,10.35,100.0491,51379.0
2019-03-20 10:30,{},10.53,600390,10.64,10.16,10.29,280.3922,143992.0
2019-03-20 11:30,{},10.4,600390,10.6,10.36,10.53,114.3713,58734.0
2019-03-20 14:00,{},10.4,600390,10.47,10.35,10.4,64.8657,33311.0
2019-03-20 15:00,{},10.6,600390,10.61,10.39,10.4,120.5364,61900.0
2019-03-21 10:30,{},10.65,600390,10.67,10.47,10.6,146.3924,75178.0
2019-03-21 11:30,{},10.74,600390,10.85,10.62,10.65,147.4731,75733.0
2019-03-21 14:00,{},10.77,600390,10.94,10.71,10.74,166.3695,85437.0
2019-03-21 15:00,{},10.64,600390,10.85,10.63,10.77,119.1947,61211.0
2019-03-22 10:30,{},10.48,600390,10.68,10.4,10.54,129.4978,66502.0
2019-03-22 11:30,{},10.43,600390,10.49,10.35,10.46,62.862,32282.0
2019-03-22 11:30,{},10.43,600390,10.49,10.35,10.46,62.861999999999995,32282.0
2019-03-22 14:00,{},10.53,600390,10.57,10.41,10.43,49.7938,25571.0
2019-03-22 15:00,{},10.55,600390,10.6,10.48,10.53,61.4152,31539.0
2019-03-25 10:30,{},10.42,600390,10.42,10.2,10.2,113.0725,58067.0
2019-03-25 11:30,{},10.32,600390,10.45,10.31,10.42,52.1831,26798.0
2019-03-25 14:00,{},10.29,600390,10.36,10.27,10.32,50.452,25909.0
2019-03-25 15:00,{},10.16,600390,10.31,10.06,10.29,93.0993,47810.0
2019-03-26 10:30,{},10.13,600390,10.29,10.06,10.23,69.2977,35587.0
2019-03-26 11:30,{},9.98,600390,10.19,9.98,10.13,51.7489,26575.0
2019-03-26 14:00,{},9.91,600390,10.03,9.88,9.98,54.5121,27994.0
2019-03-26 15:00,{},9.81,600390,9.91,9.8,9.91,77.5834,39842.0
2019-03-27 10:30,{},9.78,600390,9.95,9.66,9.84,86.35,44344.0
2019-03-27 11:30,{},9.51,600390,9.81,9.47,9.78,109.1312,56043.0
2019-03-27 14:00,{},9.43,600390,9.63,9.37,9.51,95.4127,48998.0
2019-03-27 15:00,{},9.59,600390,9.59,9.4,9.43,80.3057,41240.0
2019-03-28 10:30,{},9.7,600390,9.73,9.4,9.57,109.9588,56468.0
2019-03-28 11:30,{},9.61,600390,9.7,9.6,9.7,35.9662,18470.0
2019-03-28 14:00,{},9.58,600390,9.65,9.53,9.61,34.0715,17497.0
2019-03-28 15:00,{},9.45,600390,9.6,9.43,9.58,42.0884,21614.0
2019-03-29 10:30,{},9.71,600390,9.72,9.45,9.49,70.6258,36269.0
2019-03-29 11:30,{},9.92,600390,9.96,9.66,9.71,126.1426,64779.0
2019-03-29 14:00,{},9.92,600390,9.95,9.81,9.92,56.3678,28947.0
2019-03-29 15:00,{},10.13,600390,10.4,9.86,9.92,211.5463,108637.0
2019-04-01 10:30,{},10.32,600390,10.36,10.13,10.15,150.8146,77449.0
2019-04-01 11:30,{},10.4,600390,10.45,10.31,10.32,71.8078,36876.0
2019-04-01 14:00,{},11.14,600390,11.14,10.38,10.4,365.4279,187661.0
2019-04-01 15:00,{},11.14,600390,11.14,11.14,11.14,21.3188,10948.0
2019-04-02 10:30,{},11.05,600390,11.5,11.0,11.48,414.6239,212925.0
2019-04-02 11:30,{},11.25,600390,11.28,10.82,11.05,193.5904,99416.0
2019-04-02 14:00,{},10.98,600390,11.33,10.9,11.25,177.5566,91182.0
2019-04-02 15:00,{},10.8,600390,10.98,10.68,10.98,268.5178,137894.0
2019-04-03 10:30,{},10.61,600390,10.7,10.42,10.5,256.5128,131729.0
2019-04-03 11:30,{},10.74,600390,10.74,10.52,10.61,86.7103,44529.0
2019-04-03 14:00,{},10.79,600390,10.95,10.6,10.74,266.9989,137114.0
2019-04-03 15:00,{},11.02,600390,11.08,10.73,10.79,320.3309,164502.0
2019-04-04 10:30,{},11.11,600390,11.28,10.82,10.99,335.0348,172053.0
2019-04-04 11:30,{},11.05,600390,11.19,10.9,11.11,106.2785,54578.0
2019-04-04 14:00,{},10.97,600390,11.14,10.85,11.05,101.4239,52085.0
2019-04-04 15:00,{},10.91,600390,11.05,10.9,10.97,103.6457,53226.0
2019-04-08 10:30,{},10.73,600390,10.98,10.69,10.94,193.4561,99347.0
2019-04-08 11:30,{},10.63,600390,10.79,10.63,10.73,85.3005,43805.0
2019-04-08 14:00,{},10.55,600390,10.65,10.48,10.63,118.3263,60765.0
2019-04-08 15:00,{},10.64,600390,10.73,10.53,10.54,121.0193,62148.0
2019-04-09 10:30,{},10.64,600390,10.82,10.56,10.64,121.5451,62418.0
2019-04-09 11:30,{},10.72,600390,10.77,10.59,10.64,45.5487,23391.0
2019-04-09 14:00,{},10.56,600390,10.76,10.5,10.72,87.053,44705.0
2019-04-09 15:00,{},10.57,600390,10.57,10.42,10.56,96.1312,49367.0
2019-04-10 10:30,{},10.59,600390,10.67,10.22,10.67,194.566,99917.0
2019-04-10 10:30,{},10.59,600390,10.67,10.22,10.67,194.56599999999997,99917.0
2019-04-10 11:30,{},10.67,600390,10.77,10.57,10.59,177.8428,91329.0
2019-04-10 14:00,{},10.69,600390,10.73,10.55,10.67,50.9661,26173.0
2019-04-10 15:00,{},10.58,600390,10.77,10.55,10.69,98.8749,50776.0
2019-04-11 10:30,{},10.64,600390,10.72,10.51,10.53,95.2569,48918.0
2019-04-11 11:30,{},10.58,600390,10.65,10.49,10.64,60.0345,30830.0
2019-04-11 14:00,{},10.88,600390,11.0,10.58,10.58,260.8435,133953.0
2019-04-11 15:00,{},10.67,600390,10.97,10.66,10.88,132.4674,68027.0
2019-04-12 10:30,{},11.0,600390,11.05,10.42,10.6,312.8495,160660.0
2019-04-12 11:30,{},10.93,600390,11.0,10.83,11.0,90.1531,46297.0
2019-04-12 14:00,{},10.97,600390,11.06,10.87,10.93,127.5739,65514.0
2019-04-12 15:00,{},11.09,600390,11.19,10.9,10.97,214.1712,109985.0
2019-04-15 10:30,{},11.27,600390,11.65,11.12,11.52,393.6984,202179.0
2019-04-15 11:30,{},11.25,600390,11.5,11.25,11.27,161.8537,83118.0
2019-04-15 14:00,{},11.09,600390,11.33,11.04,11.25,132.6329,68112.0
2019-04-15 15:00,{},10.75,600390,11.17,10.72,11.09,127.6635,65560.0
2019-04-16 10:30,{},10.41,600390,10.58,10.24,10.58,263.4996,135317.0
2019-04-16 11:30,{},10.61,600390,10.63,10.32,10.41,98.5848,50627.0
2019-04-16 14:00,{},10.77,600390,10.85,10.61,10.61,104.9816,53912.0
2019-04-16 15:00,{},11.13,600390,11.2,10.77,10.77,190.0854,97616.0
2019-04-17 10:30,{},10.9,600390,11.0,10.83,11.0,187.6863,96384.0
2019-04-17 11:30,{},10.85,600390,10.95,10.76,10.9,88.5388,45468.0
2019-04-17 14:00,{},10.97,600390,11.13,10.85,10.85,78.298,40209.0
2019-04-17 15:00,{},10.89,600390,11.01,10.8,10.97,94.8927,48731.0
2019-04-18 10:30,{},10.78,600390,10.95,10.66,10.95,100.4035,51561.0
2019-04-18 11:30,{},10.72,600390,10.88,10.69,10.78,51.6788,26539.0
2019-04-18 14:00,{},10.7,600390,10.74,10.64,10.72,53.6066,27529.0
2019-04-18 15:00,{},10.66,600390,10.75,10.61,10.7,73.0638,37521.0
2019-04-19 10:30,{},10.66,600390,10.92,10.66,10.73,112.9927,58026.0
2019-04-19 11:30,{},10.72,600390,10.76,10.65,10.66,32.7882,16838.0
2019-04-19 14:00,{},10.79,600390,10.88,10.71,10.72,88.5446,45471.0
2019-04-19 15:00,{},10.83,600390,10.84,10.76,10.79,59.9196,30771.0
2019-04-22 10:30,{},11.03,600390,11.35,10.93,11.2,387.6697,199083.0
2019-04-22 11:30,{},10.96,600390,11.13,10.93,11.03,70.0026,35949.0
2019-04-22 14:00,{},11.0,600390,11.03,10.88,10.96,58.6052,30096.0
2019-04-22 15:00,{},10.92,600390,11.14,10.91,11.0,122.4311,62873.0
2019-04-23 10:30,{},10.7,600390,10.84,10.63,10.7,113.4405,58256.0
2019-04-23 11:30,{},10.65,600390,10.71,10.49,10.7,101.2486,51995.0
2019-04-23 14:00,{},11.1,600390,11.1,10.6,10.65,131.0225,67285.0
2019-04-23 15:00,{},10.82,600390,11.1,10.82,11.1,87.9663,45174.0
2019-04-24 10:30,{},10.99,600390,11.05,10.75,10.85,131.9027,67737.0
2019-04-24 11:30,{},10.99,600390,11.2,10.91,10.99,185.5365,95280.0
2019-04-24 14:00,{},11.06,600390,11.16,10.99,10.99,92.7819,47647.0
2019-04-24 15:00,{},11.1,600390,11.12,11.0,11.06,88.3265,45359.0
2019-04-25 10:30,{},10.95,600390,11.12,10.75,10.98,144.5444,74229.0
2019-04-25 11:30,{},11.22,600390,11.3,10.95,10.95,144.8034,74362.0
2019-04-25 14:00,{},11.22,600390,11.48,11.19,11.22,215.9997,110924.0
2019-04-25 15:00,{},10.87,600390,11.28,10.87,11.22,165.7561,85122.0
2019-04-26 10:30,{},10.68,600390,10.76,10.46,10.64,172.1237,88392.0
2019-04-26 11:30,{},10.57,600390,10.77,10.57,10.68,56.2062,28864.0
2019-04-26 14:00,{},10.7,600390,10.83,10.57,10.57,73.8894,37945.0
2019-04-26 15:00,{},10.64,600390,10.78,10.61,10.7,62.9496,32327.0
2019-04-29 10:30,{},10.45,600390,10.91,10.44,10.81,169.084,86831.0
2019-04-29 11:30,{},10.52,600390,10.57,10.2,10.45,100.7424,51735.0
2019-04-29 14:00,{},10.4,600390,10.55,10.38,10.52,48.5787,24947.0
2019-04-29 15:00,{},10.08,600390,10.46,10.04,10.4,117.0664,60118.0
2019-04-30 10:30,{},10.37,600390,10.46,10.12,10.12,137.8652,70799.0
2019-04-30 11:30,{},10.36,600390,10.48,10.26,10.39,66.4372,34118.0
2019-04-30 14:00,{},10.25,600390,10.39,10.22,10.35,46.9118,24091.0
2019-04-30 15:00,{},10.42,600390,10.42,10.16,10.25,76.3956,39232.0
2019-05-06 10:30,{},9.69,600390,9.99,9.65,9.88,170.2153,87412.0
2019-05-06 11:30,{},9.52,600390,9.76,9.41,9.69,107.9823,55453.0
2019-05-06 14:00,{},9.38,600390,9.52,9.38,9.52,85.8768,44101.0
2019-05-06 15:00,{},9.38,600390,9.44,9.38,9.38,49.3206,25328.0
2019-05-07 10:30,{},9.5,600390,9.55,9.25,9.45,103.9067,53360.0
2019-05-07 11:30,{},9.37,600390,9.52,9.36,9.5,45.9635,23604.0
2019-05-07 14:00,{},9.36,600390,9.44,9.19,9.37,62.6614,32179.0
2019-05-07 15:00,{},9.36,600390,9.5,9.25,9.36,61.3684,31515.0
2019-05-08 10:30,{},9.22,600390,9.25,9.03,9.08,94.4994,48529.0
2019-05-08 11:30,{},9.26,600390,9.32,9.19,9.22,40.6981,20900.0
2019-05-08 14:00,{},9.21,600390,9.33,9.2,9.26,29.9589,15385.0
2019-05-08 15:00,{},9.11,600390,9.24,9.08,9.21,56.4301,28979.0
2019-05-09 10:30,{},9.09,600390,9.18,9.02,9.1,55.6785,28593.0
2019-05-09 11:30,{},9.07,600390,9.14,9.03,9.09,26.5511,13635.0
2019-05-09 14:00,{},9.13,600390,9.18,9.03,9.07,56.4652,28997.0
2019-05-09 15:00,{},9.12,600390,9.15,9.09,9.13,40.5929,20846.0
2019-05-10 10:30,{},9.33,600390,9.46,9.13,9.17,112.4085,57726.0
2019-05-10 11:30,{},9.27,600390,9.34,9.25,9.33,39.1227,20091.0
2019-05-10 14:00,{},9.42,600390,9.46,9.05,9.27,95.808,49201.0
2019-05-10 15:00,{},9.51,600390,9.55,9.38,9.42,65.2357,33501.0
2019-05-13 10:30,{},9.3,600390,9.4,9.25,9.37,76.7597,39419.0
2019-05-13 11:30,{},9.25,600390,9.32,9.24,9.29,34.3694,17650.0
2019-05-13 14:00,{},9.25,600390,9.29,9.24,9.25,23.9671,12308.0
2019-05-13 15:00,{},9.23,600390,9.28,9.2,9.25,38.4159,19728.0
2019-05-14 10:30,{},9.32,600390,9.33,9.05,9.09,54.3835,27928.0
2019-05-14 11:30,{},9.27,600390,9.33,9.22,9.32,18.9528,9733.0
2019-05-14 14:00,{},9.28,600390,9.31,9.25,9.27,18.1077,9299.0
2019-05-14 15:00,{},9.26,600390,9.31,9.22,9.28,38.7683,19909.0
2019-05-15 10:30,{},9.33,600390,9.44,9.31,9.34,43.4846,22331.0
2019-05-15 11:30,{},9.32,600390,9.34,9.29,9.33,19.4533,9990.0
2019-05-15 14:00,{},9.41,600390,9.43,9.32,9.32,31.8905,16377.0
2019-05-15 15:00,{},9.42,600390,9.48,9.39,9.41,55.8206,28666.0
2019-05-16 10:30,{},9.75,600390,9.85,9.38,9.41,202.7602,104125.0
2019-05-16 11:30,{},9.8,600390,9.84,9.68,9.75,70.0591,35978.0
2019-05-16 14:00,{},9.74,600390,9.85,9.72,9.8,41.6484,21388.0
2019-05-16 15:00,{},9.75,600390,9.8,9.63,9.74,60.4551,31046.0
2019-05-17 10:30,{},9.47,600390,9.65,9.44,9.61,126.2361,64827.0
2019-05-17 11:30,{},9.33,600390,9.47,9.28,9.47,74.5086,38263.0
2019-05-17 14:00,{},9.23,600390,9.37,9.2,9.33,54.3465,27909.0
2019-05-17 15:00,{},9.11,600390,9.29,9.03,9.23,75.4453,38744.0
2019-05-20 10:30,{},8.99,600390,9.1,8.83,9.07,92.9221,47719.0
2019-05-20 11:30,{},9.01,600390,9.12,8.97,8.99,28.8002,14790.0
2019-05-20 14:00,{},9.02,600390,9.05,8.97,9.01,12.0089,6167.0
2019-05-20 15:00,{},9.24,600390,9.26,9.0,9.02,65.5142,33644.0
2019-05-21 10:30,{},9.31,600390,9.34,9.1,9.19,68.4799,35167.0
2019-05-21 11:30,{},9.42,600390,9.48,9.29,9.31,74.7852,38405.0
2019-05-21 14:00,{},9.83,600390,9.83,9.42,9.42,208.1327,106884.0
2019-05-21 15:00,{},9.69,600390,9.83,9.62,9.83,70.5674,36239.0
2019-05-22 10:30,{},9.41,600390,9.59,9.4,9.59,144.6982,74308.0
2019-05-22 11:30,{},9.41,600390,9.44,9.36,9.41,40.5267,20812.0
2019-05-22 14:00,{},9.35,600390,9.42,9.28,9.41,56.4827,29006.0
2019-05-22 15:00,{},9.33,600390,9.36,9.26,9.35,63.8707,32800.0
2019-05-23 10:30,{},9.2,600390,9.28,9.12,9.28,77.5522,39826.0
2019-05-23 11:30,{},9.27,600390,9.37,9.19,9.2,41.6328,21380.0
2019-05-23 14:00,{},9.23,600390,9.32,9.18,9.27,21.1708,10872.0
2019-05-23 15:00,{},9.17,600390,9.24,9.15,9.23,55.4584,28480.0
2019-05-24 10:30,{},9.18,600390,9.3,9.1,9.13,50.4656,25916.0
2019-05-24 11:30,{},9.13,600390,9.25,9.12,9.18,13.8821,7129.0
2019-05-24 14:00,{},9.14,600390,9.15,9.05,9.13,25.6924,13194.0
2019-05-24 15:00,{},9.13,600390,9.21,9.11,9.14,28.8917,14837.0
2019-05-27 10:30,{},9.13,600390,9.22,9.08,9.16,33.9449,17432.0
2019-05-27 11:30,{},9.27,600390,9.28,9.12,9.13,30.0737,15444.0
2019-05-27 14:00,{},9.34,600390,9.4,9.27,9.27,76.008,39033.0
2019-05-27 15:00,{},9.39,600390,9.44,9.3,9.34,50.9836,26182.0
2019-05-28 10:30,{},9.35,600390,9.42,9.31,9.39,61.6138,31641.0
2019-05-28 11:30,{},9.32,600390,9.36,9.3,9.35,43.6599,22421.0
2019-05-28 14:00,{},9.34,600390,9.42,9.32,9.32,35.6352,18300.0
2019-05-28 15:00,{},9.3,600390,9.37,9.26,9.34,48.2944,24801.0
2019-05-29 10:30,{},9.53,600390,9.65,9.36,9.43,178.8671,91855.0
2019-05-29 11:30,{},9.46,600390,9.53,9.43,9.53,32.2333,16553.0
2019-05-29 14:00,{},9.58,600390,9.65,9.44,9.46,106.886,54890.0
2019-05-29 15:00,{},9.56,600390,9.66,9.53,9.58,79.3379,40743.0
2019-05-30 10:30,{},9.27,600390,9.48,9.23,9.45,121.919,62610.0
2019-05-30 11:30,{},9.28,600390,9.31,9.23,9.27,27.2755,14007.0
2019-05-30 14:00,{},9.2,600390,9.3,9.16,9.28,56.6794,29107.0
2019-05-30 15:00,{},9.27,600390,9.32,9.2,9.2,43.6034,22392.0
2019-05-31 10:30,{},9.23,600390,9.32,9.18,9.25,61.7306,31701.0
2019-05-31 11:30,{},9.27,600390,9.29,9.22,9.23,29.176,14983.0
2019-05-31 14:00,{},9.21,600390,9.3,9.2,9.27,28.8937,14838.0
2019-05-31 15:00,{},9.19,600390,9.25,9.19,9.21,33.277,17089.0
2019-06-03 10:30,{},9.13,600390,9.29,9.12,9.21,61.0763,31365.0
2019-06-03 11:30,{},9.09,600390,9.13,9.06,9.13,37.7694,19396.0
2019-06-03 14:00,{},9.12,600390,9.19,9.07,9.09,21.5018,11042.0
2019-06-03 15:00,{},9.1,600390,9.17,9.08,9.12,29.6609,15232.0
2019-06-04 10:30,{},9.0,600390,9.13,8.97,9.11,63.5844,32653.0
2019-06-04 11:30,{},8.94,600390,9.0,8.9,9.0,41.6133,21370.0
2019-06-04 14:00,{},8.92,600390,8.95,8.9,8.94,20.9138,10740.0
2019-06-04 15:00,{},8.84,600390,8.93,8.83,8.92,59.2284,30416.0
2019-06-05 10:30,{},8.93,600390,9.01,8.92,8.93,60.6927,31168.0
2019-06-05 11:30,{},8.95,600390,8.96,8.9,8.93,21.422,11001.0
2019-06-05 14:00,{},8.98,600390,9.02,8.94,8.95,29.4896,15144.0
2019-06-05 15:00,{},8.89,600390,9.0,8.89,8.98,27.3437,14042.0
2019-06-06 10:30,{},8.98,600390,9.02,8.84,8.92,48.0899,24696.0
2019-06-06 11:30,{},8.94,600390,8.99,8.86,8.98,30.101,15458.0
2019-06-06 14:00,{},8.92,600390,8.94,8.85,8.94,25.8851,13293.0
2019-06-06 15:00,{},8.88,600390,8.93,8.86,8.92,47.9517,24625.0
2019-06-10 10:30,{},8.83,600390,8.94,8.69,8.88,65.0975,33430.0
2019-06-10 11:30,{},9.09,600390,9.13,8.82,8.83,67.7516,34793.0
2019-06-10 14:00,{},9.07,600390,9.13,9.01,9.09,38.2328,19634.0
2019-06-10 15:00,{},9.05,600390,9.07,8.98,9.07,22.9272,11774.0
2019-06-11 10:30,{},9.23,600390,9.26,9.0,9.01,83.7757,43022.0
2019-06-11 11:30,{},9.29,600390,9.32,9.23,9.24,59.6178,30616.0
2019-06-11 14:00,{},9.42,600390,9.42,9.29,9.29,79.4197,40785.0
2019-06-11 15:00,{},9.38,600390,9.43,9.37,9.42,63.8278,32778.0
2019-06-12 10:30,{},9.49,600390,9.57,9.3,9.37,153.5759,78867.0
2019-06-12 11:30,{},9.61,600390,9.85,9.44,9.48,174.7739,89753.0
2019-06-12 14:00,{},9.55,600390,9.61,9.48,9.61,33.3121,17107.0
2019-06-12 15:00,{},9.38,600390,9.62,9.33,9.56,64.1628,32950.0
2019-06-13 10:30,{},9.29,600390,9.37,9.19,9.31,102.3605,52566.0
2019-06-13 11:30,{},9.4,600390,9.5,9.27,9.29,49.5816,25462.0
2019-06-13 14:00,{},9.45,600390,9.5,9.34,9.4,43.0893,22128.0
2019-06-13 15:00,{},9.43,600390,9.48,9.36,9.45,46.5711,23916.0
2019-06-14 10:30,{},9.39,600390,9.5,9.31,9.38,61.4522,31558.0
2019-06-14 11:30,{},9.29,600390,9.41,9.27,9.39,28.3173,14542.0
2019-06-14 14:00,{},9.15,600390,9.32,9.15,9.29,48.6254,24971.0
2019-06-14 15:00,{},9.11,600390,9.21,9.1,9.15,51.3808,26386.0
2019-06-17 10:30,{},9.15,600390,9.29,9.14,9.16,50.8784,26128.0
2019-06-17 11:30,{},9.19,600390,9.24,9.13,9.15,24.5415,12603.0
2019-06-17 14:00,{},9.28,600390,9.29,9.18,9.19,28.2939,14530.0
2019-06-17 15:00,{},9.21,600390,9.3,9.18,9.28,32.9246,16908.0
2019-06-18 10:30,{},9.23,600390,9.27,9.15,9.19,31.9178,16391.0
2019-06-18 11:30,{},9.23,600390,9.27,9.19,9.23,17.4281,8950.0
2019-06-18 14:00,{},9.2,600390,9.25,9.16,9.23,19.6889,10111.0
2019-06-18 15:00,{},9.18,600390,9.22,9.17,9.2,21.4882,11035.0
2019-06-19 10:30,{},9.41,600390,9.68,9.4,9.59,130.3079,66918.0
2019-06-19 11:30,{},9.38,600390,9.45,9.35,9.41,31.9568,16411.0
2019-06-19 14:00,{},9.37,600390,9.43,9.36,9.38,24.0995,12376.0
2019-06-19 15:00,{},9.3,600390,9.38,9.3,9.37,32.759,16823.0
2019-06-20 10:30,{},9.49,600390,9.51,9.28,9.3,104.2708,53547.0
2019-06-20 11:30,{},9.88,600390,9.9,9.45,9.49,192.7901,99005.0
2019-06-20 14:00,{},9.72,600390,10.0,9.72,9.88,120.7097,61989.0
2019-06-20 15:00,{},9.75,600390,9.76,9.7,9.72,63.3916,32554.0
2019-06-21 10:30,{},9.82,600390,9.95,9.71,9.72,165.7308,85109.0
2019-06-21 11:30,{},9.83,600390,9.88,9.79,9.82,49.823,25586.0
2019-06-21 14:00,{},9.85,600390,9.92,9.7,9.83,108.6094,55775.0
2019-06-21 15:00,{},9.9,600390,9.92,9.82,9.85,82.0349,42128.0
2019-06-24 10:30,{},9.84,600390,9.94,9.76,9.86,84.7104,43502.0
2019-06-24 11:30,{},9.71,600390,9.86,9.7,9.84,56.1088,28814.0
2019-06-24 14:00,{},9.71,600390,9.77,9.7,9.71,30.3503,15586.0
2019-06-24 15:00,{},9.75,600390,9.77,9.71,9.71,37.8882,19457.0
2019-06-25 10:30,{},9.64,600390,9.78,9.62,9.7,59.9469,30785.0
2019-06-25 11:30,{},9.48,600390,9.67,9.41,9.64,67.2336,34527.0
2019-06-25 14:00,{},9.59,600390,9.61,9.48,9.48,34.2429,17585.0
2019-06-25 15:00,{},9.62,600390,9.66,9.54,9.59,37.2378,19123.0
2019-06-26 10:30,{},9.62,600390,9.65,9.48,9.61,40.9707,21040.0
2019-06-26 11:30,{},9.57,600390,9.7,9.55,9.62,28.3991,14584.0
2019-06-26 14:00,{},9.52,600390,9.6,9.5,9.57,32.9401,16916.0
2019-06-26 15:00,{},9.53,600390,9.58,9.51,9.52,23.8872,12267.0
2019-06-27 10:30,{},9.67,600390,9.8,9.53,9.53,93.333,47930.0
2019-06-27 11:30,{},9.64,600390,9.69,9.6,9.67,21.7394,11164.0
2019-06-27 14:00,{},9.57,600390,9.65,9.55,9.64,42.694,21925.0
2019-06-27 15:00,{},9.53,600390,9.58,9.52,9.57,52.3603,26889.0
2019-06-28 10:30,{},9.42,600390,9.53,9.37,9.5,65.1578,33461.0
2019-06-28 11:30,{},9.43,600390,9.44,9.37,9.42,24.3857,12523.0
2019-06-28 14:00,{},9.34,600390,9.43,9.32,9.43,36.0616,18519.0
2019-06-28 15:00,{},9.43,600390,9.46,9.33,9.34,46.978,24125.0
2019-07-01 10:30,{},9.74,600390,9.82,9.57,9.68,127.7336,65596.0
2019-07-01 11:30,{},9.77,600390,9.82,9.74,9.74,72.0278,36989.0
2019-07-01 14:00,{},9.79,600390,9.81,9.73,9.77,43.3483,22261.0
2019-07-01 15:00,{},9.8,600390,9.82,9.78,9.79,61.8221,31748.0
2019-07-02 10:30,{},9.78,600390,9.86,9.71,9.79,69.2432,35559.0
2019-07-02 11:30,{},9.75,600390,9.81,9.73,9.78,27.5501,14148.0
2019-07-02 14:00,{},9.75,600390,9.81,9.73,9.75,32.5877,16735.0
2019-07-02 15:00,{},9.8,600390,9.82,9.73,9.75,34.0423,17482.0
2019-07-03 10:30,{},9.66,600390,9.83,9.64,9.72,54.4536,27964.0
2019-07-03 11:30,{},9.66,600390,9.69,9.63,9.66,30.4457,15635.0
2019-07-03 14:00,{},9.64,600390,9.68,9.61,9.66,25.1257,12903.0
2019-07-03 15:00,{},9.65,600390,9.67,9.52,9.64,49.1103,25220.0
2019-07-04 10:30,{},9.59,600390,9.73,9.53,9.69,71.6793,36810.0
2019-07-04 11:30,{},9.52,600390,9.6,9.52,9.59,44.7017,22956.0
2019-07-04 14:00,{},9.55,600390,9.57,9.52,9.52,11.2338,5769.0
2019-07-04 15:00,{},9.55,600390,9.55,9.48,9.55,36.6166,18804.0
2019-07-05 10:30,{},9.54,600390,9.59,9.48,9.56,32.9323,16912.0
2019-07-05 11:30,{},9.49,600390,9.55,9.48,9.54,18.0006,9244.0
2019-07-05 14:00,{},9.58,600390,9.59,9.49,9.49,20.8514,10708.0
2019-07-05 15:00,{},9.56,600390,9.59,9.55,9.58,24.5961,12631.0
