date,amount,close,code,high,low,open,turnoverratio,volume
2018-01-29 14:30,,9.08,829,9.12,9.05,9.09,,3081.0
2018-01-29 15:00,,9.07,829,9.08,9.06,9.08,,3498.0
2018-01-30 10:00,,9.12,829,9.16,9.03,9.03,,2849.0
2018-01-30 10:30,,9.11,829,9.15,9.07,9.12,,3155.0
2018-01-30 11:00,,9.26,829,9.28,9.08,9.11,,9425.0
2018-01-30 11:30,,9.21,829,9.26,9.16,9.26,,1976.0
2018-01-30 13:30,,9.18,829,9.21,9.16,9.21,,1042.0
2018-01-30 14:00,,9.2,829,9.2,9.17,9.18,,1568.0
2018-01-30 14:30,,9.27,829,9.27,9.17,9.2,,5791.0
2018-01-30 15:00,,9.21,829,9.28,9.19,9.28,,7488.0
2018-01-31 10:00,,9.05,829,9.22,9.04,9.22,,8263.0
2018-01-31 10:30,,9.05,829,9.08,8.99,9.06,,6761.0
2018-01-31 11:00,,9.05,829,9.06,9.03,9.05,,2809.0
2018-01-31 11:30,,9.09,829,9.09,9.03,9.05,,1367.0
2018-01-31 13:30,,9.03,829,9.1,9.0,9.09,,4284.0
2018-01-31 14:00,,9.04,829,9.06,9.01,9.03,,4467.0
2018-01-31 14:30,,9.01,829,9.07,9.0,9.04,,4145.0
2018-01-31 15:00,,8.91,829,9.05,8.9,9.01,,7580.0
2018-02-01 10:00,,8.94,829,9.02,8.88,8.9,,2734.0
2018-02-01 10:30,,8.55,829,8.94,8.52,8.94,,14386.0
2018-02-01 11:00,,8.4,829,8.63,8.33,8.55,,8804.0
2018-02-01 11:30,,8.3,829,8.4,8.2,8.4,,11542.0
2018-02-01 13:30,,8.3,829,8.3,8.21,8.3,,5049.0
2018-02-01 14:00,,8.3,829,8.34,8.29,8.29,,2875.0
2018-02-01 14:30,,8.27,829,8.32,8.26,8.3,,4313.0
2018-02-01 15:00,,8.26,829,8.36,8.25,8.27,,6939.0
2018-02-02 10:00,,8.28,829,8.39,8.09,8.39,,13370.0
2018-02-02 10:30,,8.35,829,8.36,8.2,8.28,,4253.0
2018-02-02 11:00,,8.36,829,8.38,8.31,8.35,,2070.0
2018-02-02 11:30,,8.32,829,8.36,8.3,8.36,,1545.0
2018-02-02 13:30,,8.32,829,8.36,8.31,8.32,,3226.0
2018-02-02 14:00,,8.27,829,8.34,8.17,8.32,,5903.0
2018-02-02 14:30,,8.29,829,8.33,8.25,8.27,,2907.0
2018-02-02 15:00,,8.28,829,8.33,8.24,8.29,,4021.0
2018-02-05 10:00,,8.26,829,8.26,8.11,8.2,,5963.0
2018-02-05 10:30,,8.27,829,8.31,8.26,8.26,,2809.0
2018-02-05 11:00,,8.21,829,8.28,8.2,8.28,,2196.0
2018-02-05 11:30,,8.24,829,8.29,8.19,8.21,,2766.0
2018-02-05 13:30,,8.23,829,8.27,8.18,8.24,,3895.0
2018-02-05 14:00,,8.52,829,8.72,8.23,8.23,,11106.0
2018-02-05 14:30,,8.45,829,8.52,8.42,8.52,,2674.0
2018-02-05 15:00,,8.32,829,8.48,8.3,8.45,,2844.0
2018-02-06 10:00,,8.19,829,8.2,8.05,8.2,,9980.0
2018-02-06 10:30,,8.19,829,8.25,8.15,8.19,,2739.0
2018-02-06 11:00,,8.06,829,8.2,8.06,8.19,,6150.0
2018-02-06 11:30,,8.09,829,8.17,8.05,8.06,,2883.0
2018-02-06 13:30,,7.92,829,8.09,7.87,8.09,,8644.0
2018-02-06 14:00,,8.06,829,8.09,7.92,7.92,,3269.0
2018-02-06 14:30,,8.05,829,8.09,7.98,8.06,,1797.0
2018-02-06 15:00,,8.0,829,8.05,7.96,8.05,,6889.0
2018-02-07 10:00,,8.62,829,8.8,8.48,8.5,,56670.0
2018-02-07 10:30,,8.52,829,8.64,8.48,8.62,,9740.0
2018-02-07 11:00,,8.33,829,8.53,8.25,8.52,,7686.0
2018-02-07 11:30,,8.79,829,8.79,8.23,8.31,,21558.0
2018-02-07 13:30,,8.61,829,8.79,8.59,8.79,,14941.0
2018-02-07 14:00,,8.67,829,8.78,8.58,8.61,,4728.0
2018-02-07 14:30,,8.78,829,8.8,8.63,8.65,,29179.0
2018-02-07 15:00,,8.8,829,8.8,8.77,8.78,,14463.0
2018-02-08 10:00,,8.62,829,8.77,8.54,8.77,,30270.0
2018-02-08 10:30,,8.62,829,8.7,8.58,8.62,,7445.0
2018-02-08 11:00,,8.63,829,8.65,8.55,8.62,,8984.0
2018-02-08 11:30,,8.53,829,8.63,8.49,8.63,,9203.0
2018-02-08 13:30,,8.48,829,8.54,8.44,8.53,,8669.0
2018-02-08 14:00,,8.46,829,8.54,8.38,8.48,,16676.0
2018-02-08 14:30,,8.35,829,8.46,8.29,8.46,,15508.0
2018-02-08 15:00,,8.35,829,8.45,8.34,8.35,,19276.0
2018-02-09 10:00,,8.08,829,8.17,7.9,8.01,,18495.0
2018-02-09 10:30,,8.11,829,8.18,8.02,8.08,,5988.0
2018-02-09 11:00,,8.04,829,8.11,7.99,8.11,,8830.0
2018-02-09 11:30,,8.09,829,8.13,8.03,8.07,,5752.0
2018-02-09 13:30,,8.1,829,8.12,8.08,8.09,,3988.0
2018-02-09 14:00,,8.03,829,8.11,8.01,8.1,,5755.0
2018-02-09 14:30,,7.99,829,8.06,7.95,8.03,,8827.0
2018-02-09 15:00,,8.13,829,8.14,7.99,7.99,,10396.0
2018-02-12 10:00,,8.1,829,8.18,8.03,8.1,,9875.0
2018-02-12 10:30,,8.15,829,8.16,8.09,8.1,,6926.0
2018-02-12 11:00,,8.25,829,8.28,8.13,8.14,,8075.0
2018-02-12 11:30,,8.28,829,8.32,8.24,8.25,,6759.0
2018-02-12 13:30,,8.24,829,8.3,8.22,8.28,,3005.0
2018-02-12 14:00,,8.29,829,8.3,8.2,8.24,,4189.0
2018-02-12 14:30,,8.27,829,8.29,8.23,8.29,,3578.0
2018-02-12 15:00,,8.23,829,8.27,8.2,8.26,,8683.0
2018-02-13 10:00,,8.2,829,8.24,8.15,8.15,,8499.0
2018-02-13 10:30,,8.25,829,8.28,8.2,8.2,,4221.0
2018-02-13 11:00,,8.3,829,8.3,8.22,8.24,,4010.0
2018-02-13 11:30,,8.29,829,8.31,8.25,8.29,,2673.0
2018-02-13 13:30,,8.24,829,8.29,8.24,8.29,,2752.0
2018-02-13 14:00,,8.21,829,8.24,8.19,8.24,,3752.0
2018-02-13 14:30,,8.21,829,8.23,8.2,8.21,,2475.0
2018-02-13 15:00,,8.1,829,8.21,8.08,8.21,,12411.0
2018-02-14 10:00,,8.11,829,8.22,8.08,8.16,,5254.0
2018-02-14 10:30,,8.14,829,8.15,8.09,8.11,,1586.0
2018-02-14 11:00,,8.1,829,8.16,8.1,8.14,,1961.0
2018-02-14 11:30,,8.11,829,8.13,8.08,8.1,,2353.0
2018-02-14 13:30,,8.12,829,8.15,8.11,8.11,,1328.0
2018-02-14 14:00,,8.15,829,8.16,8.12,8.12,,2018.0
2018-02-14 14:30,,8.14,829,8.17,8.11,8.15,,3573.0
2018-02-14 15:00,,8.25,829,8.31,8.13,8.14,,15260.0
2018-02-22 10:00,,8.52,829,8.69,8.36,8.48,,23026.0
2018-02-22 10:30,,8.44,829,8.54,8.42,8.52,,4654.0
2018-02-22 11:00,,8.47,829,8.54,8.43,8.44,,2969.0
2018-02-22 11:30,,8.49,829,8.5,8.44,8.47,,1925.0
2018-02-22 13:30,,8.44,829,8.49,8.41,8.49,,2726.0
2018-02-22 14:00,,8.48,829,8.49,8.43,8.44,,3558.0
2018-02-22 14:30,,8.44,829,8.48,8.43,8.48,,1810.0
2018-02-22 15:00,,8.39,829,8.46,8.36,8.44,,6262.0
2018-02-23 10:00,,8.5,829,8.55,8.36,8.42,,11129.0
2018-02-23 10:30,,8.43,829,8.53,8.43,8.5,,5551.0
2018-02-23 11:00,,8.45,829,8.48,8.43,8.43,,2419.0
2018-02-23 11:30,,8.34,829,8.45,8.32,8.45,,4561.0
2018-02-23 13:30,,8.38,829,8.4,8.34,8.34,,1549.0
2018-02-23 14:00,,8.37,829,8.39,8.34,8.38,,1656.0
2018-02-23 14:30,,8.41,829,8.42,8.37,8.37,,1885.0
2018-02-23 15:00,,8.43,829,8.43,8.39,8.41,,3425.0
2018-02-26 10:00,,8.41,829,8.47,8.33,8.42,,8439.0
2018-02-26 10:30,,8.49,829,8.49,8.39,8.41,,5316.0
2018-02-26 11:00,,8.45,829,8.51,8.44,8.49,,4582.0
2018-02-26 11:30,,8.5,829,8.5,8.45,8.45,,4164.0
2018-02-26 13:30,,8.49,829,8.51,8.48,8.5,,3304.0
2018-02-26 14:00,,8.51,829,8.54,8.49,8.49,,4154.0
2018-02-26 14:30,,8.49,829,8.54,8.48,8.51,,5300.0
2018-02-26 15:00,,8.53,829,8.65,8.49,8.49,,12877.0
2018-02-27 10:00,,8.63,829,8.7,8.46,8.49,,11856.0
2018-02-27 10:30,,8.6,829,8.66,8.59,8.63,,9260.0
2018-02-27 11:00,,8.59,829,8.63,8.56,8.6,,5374.0
2018-02-27 11:30,,8.63,829,8.65,8.55,8.59,,5098.0
2018-02-27 13:30,,8.59,829,8.63,8.57,8.63,,4630.0
2018-02-27 14:00,,8.53,829,8.6,8.5,8.59,,3885.0
2018-02-27 14:30,,8.56,829,8.59,8.53,8.53,,2505.0
2018-02-27 15:00,,8.56,829,8.57,8.53,8.56,,4062.0
2018-02-28 10:00,,8.41,829,8.51,8.36,8.51,,11041.0
2018-02-28 10:30,,8.44,829,8.5,8.4,8.41,,4476.0
2018-02-28 11:00,,8.45,829,8.47,8.42,8.44,,3821.0
2018-02-28 11:30,,8.45,829,8.49,8.43,8.45,,3313.0
2018-02-28 13:30,,8.42,829,8.48,8.41,8.45,,4628.0
2018-02-28 14:00,,8.45,829,8.45,8.41,8.42,,2925.0
2018-02-28 14:30,,8.45,829,8.48,8.42,8.45,,3362.0
2018-02-28 15:00,,8.43,829,8.45,8.41,8.45,,5613.0
2018-03-01 10:00,,8.57,829,8.6,8.36,8.39,,13242.0
2018-03-01 10:30,,8.61,829,8.66,8.5,8.57,,12892.0
2018-03-01 11:00,,8.59,829,8.64,8.59,8.61,,3104.0
2018-03-01 11:30,,8.62,829,8.63,8.58,8.59,,2452.0
2018-03-01 13:30,,8.62,829,8.63,8.58,8.62,,3627.0
2018-03-01 14:00,,8.6,829,8.63,8.59,8.62,,5813.0
2018-03-01 14:30,,8.6,829,8.61,8.56,8.6,,3347.0
2018-03-01 15:00,,8.63,829,8.63,8.59,8.6,,8156.0
2018-03-02 10:00,,8.6,829,8.65,8.52,8.58,,8363.0
2018-03-02 10:30,,8.64,829,8.71,8.57,8.6,,11582.0
2018-03-02 11:00,,8.63,829,8.66,8.6,8.64,,6586.0
2018-03-02 11:30,,8.71,829,8.74,8.58,8.64,,10379.0
2018-03-02 13:30,,8.64,829,8.72,8.64,8.71,,7952.0
2018-03-02 14:00,,8.63,829,8.68,8.62,8.64,,1768.0
2018-03-02 14:30,,8.78,829,8.85,8.63,8.63,,25956.0
2018-03-02 15:00,,8.79,829,8.79,8.71,8.78,,14046.0
2018-03-05 10:00,,8.89,829,9.06,8.76,9.0,,27083.0
2018-03-05 10:30,,9.64,829,9.67,8.84,8.89,,132786.0
2018-03-05 11:00,,9.54,829,9.65,9.5,9.64,,25868.0
2018-03-05 11:30,,9.53,829,9.58,9.46,9.53,,11618.0
2018-03-05 13:30,,9.57,829,9.6,9.53,9.53,,9360.0
2018-03-05 14:00,,9.54,829,9.6,9.51,9.58,,8083.0
2018-03-05 14:30,,9.48,829,9.55,9.48,9.54,,6895.0
2018-03-05 15:00,,9.47,829,9.55,9.46,9.48,,12315.0
2018-03-06 10:00,,9.3,829,9.47,9.22,9.47,,55549.0
2018-03-06 10:30,,9.26,829,9.32,9.2,9.3,,26787.0
2018-03-06 11:00,,9.26,829,9.28,9.2,9.26,,6121.0
2018-03-06 11:30,,9.33,829,9.35,9.26,9.26,,11345.0
2018-03-06 13:30,,9.38,829,9.4,9.3,9.33,,4705.0
2018-03-06 14:00,,9.27,829,9.38,9.26,9.38,,6929.0
2018-03-06 14:30,,9.28,829,9.31,9.26,9.27,,5693.0
2018-03-06 15:00,,9.32,829,9.36,9.27,9.28,,9214.0
2018-03-07 10:00,,9.3,829,9.38,9.27,9.38,,18508.0
2018-03-07 10:30,,9.24,829,9.3,9.18,9.3,,11677.0
2018-03-07 11:00,,9.26,829,9.27,9.2,9.24,,5115.0
2018-03-07 11:30,,9.28,829,9.28,9.22,9.26,,2460.0
2018-03-07 13:30,,9.24,829,9.3,9.19,9.28,,5185.0
2018-03-07 14:00,,9.3,829,9.32,9.22,9.24,,8057.0
2018-03-07 14:30,,9.32,829,9.37,9.29,9.3,,8745.0
2018-03-07 15:00,,9.2,829,9.33,9.2,9.32,,10414.0
2018-03-08 10:00,,9.12,829,9.24,9.1,9.15,,12664.0
2018-03-08 10:30,,9.15,829,9.21,9.11,9.11,,5066.0
2018-03-08 11:00,,9.2,829,9.21,9.15,9.15,,3631.0
2018-03-08 11:30,,9.18,829,9.21,9.16,9.2,,2909.0
2018-03-08 13:30,,9.13,829,9.19,9.13,9.18,,4602.0
2018-03-08 14:00,,9.1,829,9.13,9.07,9.13,,8586.0
2018-03-08 14:30,,9.12,829,9.15,9.1,9.1,,3802.0
2018-03-08 15:00,,9.18,829,9.18,9.11,9.12,,6923.0
2018-03-09 10:00,,9.19,829,9.23,9.12,9.16,,6482.0
2018-03-09 10:30,,9.23,829,9.27,9.19,9.19,,5342.0
2018-03-09 11:00,,9.29,829,9.36,9.23,9.23,,10572.0
2018-03-09 11:30,,9.3,829,9.32,9.28,9.29,,4896.0
2018-03-09 13:30,,9.31,829,9.32,9.27,9.3,,8011.0
2018-03-09 14:00,,9.3,829,9.32,9.29,9.31,,5353.0
2018-03-09 14:30,,9.29,829,9.32,9.26,9.3,,5189.0
2018-03-09 15:00,,9.31,829,9.32,9.26,9.29,,10000.0
2018-03-12 10:00,,9.53,829,9.64,9.37,9.37,,35481.0
2018-03-12 10:30,,9.58,829,9.59,9.49,9.53,,14026.0
2018-03-12 11:00,,9.56,829,9.65,9.54,9.58,,16165.0
2018-03-12 11:30,,9.6,829,9.61,9.51,9.56,,8128.0
2018-03-12 13:30,,9.67,829,9.73,9.6,9.6,,21679.0
2018-03-12 14:00,,9.67,829,9.71,9.59,9.66,,15713.0
2018-03-12 14:30,,9.79,829,9.95,9.66,9.66,,37030.0
2018-03-12 15:00,,9.72,829,9.82,9.72,9.78,,14752.0
2018-03-13 10:00,,9.55,829,9.7,9.53,9.7,,25563.0
2018-03-13 10:30,,9.55,829,9.57,9.5,9.55,,11535.0
2018-03-13 11:00,,9.55,829,9.6,9.52,9.55,,4684.0
2018-03-13 11:30,,9.54,829,9.55,9.51,9.55,,4093.0
2018-03-13 13:30,,9.63,829,9.66,9.54,9.54,,8916.0
2018-03-13 14:00,,9.58,829,9.64,9.58,9.64,,3839.0
2018-03-13 14:30,,9.53,829,9.58,9.52,9.58,,5117.0
2018-03-13 15:00,,9.97,829,10.1,9.49,9.53,,70219.0
2018-03-14 10:00,,9.63,829,9.87,9.6,9.85,,26106.0
2018-03-14 10:30,,9.68,829,9.7,9.63,9.63,,9657.0
2018-03-14 11:00,,9.69,829,9.75,9.65,9.68,,6670.0
2018-03-14 11:30,,9.69,829,9.7,9.63,9.69,,5832.0
2018-03-14 13:30,,9.65,829,9.7,9.62,9.69,,5313.0
2018-03-14 14:00,,9.68,829,9.76,9.63,9.65,,7252.0
2018-03-14 14:30,,9.88,829,10.05,9.68,9.68,,26561.0
2018-03-14 15:00,,9.69,829,9.92,9.68,9.89,,13135.0
2018-03-15 10:00,,9.67,829,9.7,9.45,9.5,,10789.0
2018-03-15 10:30,,9.66,829,9.75,9.65,9.69,,7815.0
2018-03-15 11:00,,9.72,829,9.75,9.64,9.66,,4798.0
2018-03-15 11:30,,9.62,829,9.72,9.6,9.7,,3818.0
2018-03-15 13:30,,9.55,829,9.62,9.54,9.62,,7514.0
2018-03-15 14:00,,9.53,829,9.57,9.48,9.55,,9615.0
2018-03-15 14:30,,9.55,829,9.62,9.48,9.53,,9081.0
2018-03-15 15:00,,9.53,829,9.6,9.52,9.55,,10553.0
2018-03-16 10:00,,9.7,829,9.83,9.47,9.47,,24652.0
2018-03-16 10:30,,9.84,829,9.95,9.69,9.7,,23308.0
2018-03-16 11:00,,9.83,829,9.85,9.76,9.84,,8227.0
2018-03-16 11:30,,9.94,829,9.97,9.84,9.84,,14867.0
2018-03-16 13:30,,9.89,829,9.96,9.89,9.94,,13209.0
2018-03-16 14:00,,9.87,829,9.97,9.86,9.89,,12969.0
2018-03-16 14:30,,10.07,829,10.09,9.82,9.87,,33397.0
2018-03-16 15:00,,9.93,829,10.07,9.92,10.07,,45360.0
2018-03-19 10:00,,9.73,829,9.95,9.67,9.94,,23759.0
2018-03-19 10:30,,9.73,829,9.8,9.72,9.73,,9659.0
2018-03-19 11:00,,9.72,829,9.78,9.71,9.73,,6782.0
2018-03-19 11:30,,9.75,829,9.76,9.68,9.72,,8678.0
2018-03-19 13:30,,9.67,829,9.75,9.62,9.75,,15706.0
2018-03-19 14:00,,9.6,829,9.67,9.6,9.67,,11018.0
2018-03-19 14:30,,9.69,829,9.73,9.57,9.6,,11643.0
2018-03-19 15:00,,9.66,829,9.73,9.65,9.69,,10655.0
2018-03-20 10:00,,9.38,829,9.52,9.28,9.48,,27382.0
2018-03-20 10:30,,9.34,829,9.38,9.28,9.38,,12216.0
2018-03-20 11:00,,9.29,829,9.35,9.25,9.34,,10790.0
2018-03-20 11:30,,9.35,829,9.36,9.27,9.29,,4990.0
2018-03-20 13:30,,9.38,829,9.39,9.3,9.35,,3290.0
2018-03-20 14:00,,9.4,829,9.44,9.34,9.38,,7302.0
2018-03-20 14:30,,9.39,829,9.43,9.36,9.4,,4339.0
2018-03-20 15:00,,9.42,829,9.43,9.35,9.39,,11818.0
2018-03-21 10:00,,9.42,829,9.46,9.34,9.35,,10964.0
2018-03-21 10:30,,9.46,829,9.46,9.39,9.42,,8483.0
2018-03-21 11:00,,9.4,829,9.46,9.39,9.46,,9224.0
2018-03-21 11:30,,9.38,829,9.4,9.33,9.4,,6231.0
2018-03-21 13:30,,9.43,829,9.44,9.37,9.38,,3322.0
2018-03-21 14:00,,9.36,829,9.43,9.36,9.43,,5375.0
2018-03-21 14:30,,9.35,829,9.41,9.33,9.37,,7773.0
2018-03-21 15:00,,9.26,829,9.35,9.22,9.35,,15506.0
2018-03-22 10:00,,9.39,829,9.5,9.24,9.24,,16877.0
2018-03-22 10:30,,9.32,829,9.39,9.3,9.39,,5091.0
2018-03-22 11:00,,9.37,829,9.37,9.28,9.32,,6056.0
2018-03-22 11:30,,9.36,829,9.4,9.32,9.37,,3217.0
2018-03-22 13:30,,9.34,829,9.38,9.33,9.36,,3743.0
2018-03-22 14:00,,9.34,829,9.38,9.33,9.34,,4868.0
2018-03-22 14:30,,9.31,829,9.34,9.29,9.34,,5392.0
2018-03-22 15:00,,9.27,829,9.33,9.25,9.31,,7416.0
2018-03-23 10:00,,8.86,829,8.95,8.7,8.8,,20774.0
2018-03-23 10:30,,8.9,829,8.97,8.83,8.86,,6949.0
2018-03-23 11:00,,8.99,829,9.26,8.9,8.93,,8744.0
2018-03-23 11:30,,8.89,829,9.01,8.89,8.99,,4007.0
2018-03-23 13:30,,8.89,829,8.94,8.76,8.89,,10398.0
2018-03-23 14:00,,8.89,829,9.02,8.7,8.89,,11959.0
2018-03-23 14:30,,9.17,829,9.34,8.92,8.92,,51937.0
2018-03-23 15:00,,9.06,829,9.23,9.06,9.18,,18064.0
2018-03-26 10:00,,9.01,829,9.1,8.74,9.02,,10467.0
2018-03-26 10:30,,9.01,829,9.05,8.93,9.01,,4086.0
2018-03-26 11:00,,9.0,829,9.05,8.99,9.01,,3374.0
2018-03-26 11:30,,9.02,829,9.05,8.99,9.0,,1770.0
2018-03-26 13:30,,9.03,829,9.03,8.99,9.02,,1929.0
2018-03-26 14:00,,9.12,829,9.2,9.01,9.03,,4806.0
2018-03-26 14:30,,9.25,829,9.3,9.11,9.12,,8204.0
2018-03-26 15:00,,9.21,829,9.25,9.15,9.22,,8437.0
2018-03-27 10:00,,9.35,829,9.42,9.24,9.29,,15171.0
2018-03-27 10:30,,9.38,829,9.42,9.32,9.33,,8491.0
2018-03-27 11:00,,9.46,829,9.48,9.36,9.38,,10086.0
2018-03-27 11:30,,9.46,829,9.49,9.42,9.46,,4498.0
2018-03-27 13:30,,9.43,829,9.47,9.42,9.46,,2562.0
2018-03-27 14:00,,9.39,829,9.46,9.37,9.43,,5275.0
2018-03-27 14:30,,9.37,829,9.41,9.34,9.39,,4030.0
2018-03-27 15:00,,9.37,829,9.4,9.33,9.37,,9053.0
2018-03-28 10:00,,9.43,829,9.44,9.21,9.3,,9449.0
2018-03-28 10:30,,9.3,829,9.43,9.29,9.43,,5153.0
2018-03-28 11:00,,9.36,829,9.4,9.3,9.3,,2823.0
2018-03-28 11:30,,9.34,829,9.4,9.33,9.36,,2777.0
2018-03-28 13:30,,9.37,829,9.4,9.33,9.34,,2305.0
2018-03-28 14:00,,9.35,829,9.38,9.32,9.37,,2818.0
2018-03-28 14:30,,9.25,829,9.37,9.25,9.35,,5215.0
2018-03-28 15:00,,9.27,829,9.35,9.23,9.25,,4815.0
2018-03-29 10:00,,9.32,829,9.37,9.25,9.25,,5232.0
2018-03-29 10:30,,9.27,829,9.32,9.21,9.32,,5624.0
2018-03-29 11:00,,9.28,829,9.29,9.24,9.27,,3042.0
2018-03-29 11:30,,9.26,829,9.29,9.24,9.28,,2525.0
2018-03-29 13:30,,9.26,829,9.3,9.24,9.26,,2116.0
2018-03-29 14:00,,9.26,829,9.27,9.25,9.25,,5018.0
2018-03-29 14:30,,9.29,829,9.29,9.25,9.26,,3929.0
2018-03-29 15:00,,9.29,829,9.3,9.27,9.29,,5922.0
2018-03-30 10:00,,9.26,829,9.37,9.25,9.34,,8630.0
2018-03-30 10:30,,9.23,829,9.28,9.19,9.26,,6906.0
2018-03-30 11:00,,9.31,829,9.34,9.23,9.23,,5371.0
2018-03-30 11:30,,9.28,829,9.33,9.26,9.31,,2209.0
2018-03-30 13:30,,9.39,829,9.44,9.28,9.28,,9420.0
2018-03-30 14:00,,9.36,829,9.39,9.36,9.39,,2948.0
2018-03-30 14:30,,9.35,829,9.37,9.32,9.36,,4595.0
2018-03-30 15:00,,9.4,829,9.41,9.33,9.35,,10859.0
2018-04-02 10:00,,9.53,829,9.63,9.41,9.42,,22435.0
2018-04-02 10:30,,9.47,829,9.54,9.45,9.53,,6021.0
2018-04-02 11:00,,9.43,829,9.48,9.41,9.47,,6862.0
2018-04-02 11:30,,9.45,829,9.46,9.43,9.43,,3222.0
2018-04-02 13:30,,9.48,829,9.48,9.42,9.45,,4741.0
2018-04-02 14:00,,9.47,829,9.48,9.42,9.48,,4492.0
2018-04-02 14:30,,9.41,829,9.5,9.41,9.47,,5239.0
2018-04-02 15:00,,9.37,829,9.43,9.37,9.41,,7957.0
2018-04-03 10:00,,9.2,829,9.27,9.15,9.27,,12307.0
2018-04-03 10:30,,9.16,829,9.2,9.14,9.19,,6362.0
2018-04-03 11:00,,9.21,829,9.23,9.15,9.16,,4131.0
2018-04-03 11:30,,9.16,829,9.23,9.16,9.21,,2959.0
2018-04-03 13:30,,9.13,829,9.17,9.13,9.16,,4359.0
2018-04-03 14:00,,9.09,829,9.15,9.08,9.12,,6077.0
2018-04-03 14:30,,9.08,829,9.11,9.03,9.09,,9587.0
2018-04-03 15:00,,9.09,829,9.11,9.05,9.08,,5639.0
2018-04-04 10:00,,9.13,829,9.22,9.03,9.05,,5809.0
2018-04-04 10:30,,9.1,829,9.17,9.09,9.13,,2822.0
2018-04-04 11:00,,9.08,829,9.1,9.07,9.1,,3323.0
2018-04-04 11:30,,9.11,829,9.13,9.07,9.08,,1783.0
2018-04-04 13:30,,9.1,829,9.13,9.09,9.11,,2222.0
2018-04-04 14:00,,9.1,829,9.11,9.07,9.1,,3170.0
2018-04-04 14:30,,9.08,829,9.1,9.08,9.1,,2822.0
2018-04-04 15:00,,8.97,829,9.09,8.94,9.08,,10706.0
2018-04-09 10:00,,8.96,829,9.07,8.9,8.94,,8434.0
2018-04-09 10:30,,8.91,829,8.99,8.88,8.96,,5854.0
2018-04-09 11:00,,8.9,829,8.93,8.81,8.91,,7499.0
2018-04-09 11:30,,8.94,829,8.94,8.89,8.9,,1318.0
2018-04-09 13:30,,8.97,829,8.98,8.93,8.94,,1613.0
2018-04-09 14:00,,8.95,829,8.99,8.94,8.97,,1749.0
2018-04-09 14:30,,8.94,829,8.98,8.94,8.97,,1815.0
2018-04-09 15:00,,8.89,829,8.95,8.89,8.94,,5577.0
2018-04-10 10:00,,8.86,829,8.99,8.86,8.89,,5988.0
2018-04-10 10:30,,8.82,829,8.87,8.81,8.86,,7649.0
2018-04-10 11:00,,8.93,829,8.94,8.84,8.84,,3054.0
2018-04-10 11:30,,8.86,829,8.93,8.84,8.93,,2539.0
2018-04-10 13:30,,8.84,829,8.87,8.83,8.86,,1491.0
2018-04-10 14:00,,8.86,829,8.87,8.84,8.84,,1027.0
2018-04-10 14:30,,8.87,829,8.87,8.83,8.86,,3032.0
2018-04-10 15:00,,8.95,829,8.95,8.86,8.87,,6253.0
2018-04-11 10:00,,8.97,829,9.03,8.96,9.02,,5420.0
2018-04-11 10:30,,9.01,829,9.03,8.97,8.97,,4079.0
2018-04-11 11:00,,8.98,829,9.02,8.97,9.01,,3107.0
2018-04-11 11:30,,8.99,829,8.99,8.96,8.98,,2933.0
2018-04-11 13:30,,9.0,829,9.02,8.97,8.99,,3230.0
2018-04-11 14:00,,8.97,829,9.02,8.96,9.0,,3367.0
2018-04-11 14:30,,8.92,829,8.97,8.9,8.96,,3758.0
2018-04-11 15:00,,8.9,829,8.92,8.88,8.92,,5133.0
2018-04-12 10:00,,8.86,829,8.92,8.85,8.89,,3916.0
2018-04-12 10:30,,8.93,829,8.97,8.84,8.86,,4715.0
2018-04-12 11:00,,8.89,829,8.95,8.88,8.93,,2125.0
2018-04-12 11:30,,8.89,829,8.93,8.87,8.89,,2084.0
2018-04-12 13:30,,8.91,829,8.96,8.8,8.89,,6115.0
2018-04-12 14:00,,8.87,829,8.95,8.87,8.91,,3617.0
2018-04-12 14:30,,8.89,829,8.91,8.86,8.87,,1956.0
2018-04-12 15:00,,8.87,829,8.89,8.85,8.89,,3825.0
2018-04-13 10:00,,8.89,829,8.94,8.84,8.94,,3106.0
2018-04-13 10:30,,8.9,829,8.93,8.88,8.89,,2260.0
2018-04-13 11:00,,8.89,829,8.92,8.87,8.9,,1136.0
2018-04-13 11:30,,8.92,829,8.92,8.88,8.89,,1887.0
2018-04-13 13:30,,8.91,829,8.96,8.9,8.92,,3152.0
2018-04-13 14:00,,8.91,829,8.94,8.91,8.91,,1037.0
2018-04-13 14:30,,8.88,829,8.92,8.86,8.91,,1991.0
2018-04-13 15:00,,8.88,829,8.9,8.86,8.88,,3014.0
2018-04-16 10:00,,9.68,829,9.77,9.36,9.4,,140875.0
2018-04-16 10:30,,9.75,829,9.77,9.67,9.69,,63840.0
2018-04-16 11:00,,9.77,829,9.77,9.73,9.76,,56542.0
2018-04-16 11:30,,9.77,829,9.77,9.74,9.77,,27095.0
2018-04-16 13:30,,9.77,829,9.77,9.75,9.76,,15323.0
2018-04-16 14:00,,9.77,829,9.77,9.74,9.77,,42474.0
2018-04-16 14:30,,9.77,829,9.77,9.76,9.77,,3712.0
2018-04-16 15:00,,9.77,829,9.77,9.77,9.77,,4526.0
2018-04-17 10:00,,9.42,829,9.88,9.38,9.78,,118473.0
2018-04-17 10:30,,9.3,829,9.47,9.26,9.42,,46736.0
2018-04-17 11:00,,9.26,829,9.33,9.24,9.3,,25397.0
2018-04-17 11:30,,9.18,829,9.28,9.16,9.26,,19721.0
2018-04-17 13:30,,9.1,829,9.23,9.01,9.18,,23186.0
2018-04-17 14:00,,9.12,829,9.16,9.05,9.1,,14322.0
2018-04-17 14:30,,9.14,829,9.17,9.09,9.12,,8697.0
2018-04-17 15:00,,8.98,829,9.15,8.96,9.14,,26286.0
2018-04-18 10:00,,8.58,829,8.91,8.48,8.9,,72136.0
2018-04-18 10:30,,8.65,829,8.68,8.56,8.58,,11347.0
2018-04-18 11:00,,8.66,829,8.66,8.56,8.65,,7595.0
2018-04-18 11:30,,8.7,829,8.75,8.61,8.66,,8470.0
2018-04-18 13:30,,8.76,829,8.76,8.62,8.7,,9366.0
2018-04-18 14:00,,8.75,829,8.78,8.72,8.76,,7614.0
2018-04-18 14:30,,8.77,829,8.84,8.73,8.75,,8881.0
2018-04-18 15:00,,8.75,829,8.81,8.71,8.77,,19411.0
2018-04-19 10:00,,8.67,829,8.74,8.55,8.67,,23362.0
2018-04-19 10:30,,8.68,829,8.72,8.62,8.67,,10847.0
2018-04-19 11:00,,8.73,829,8.78,8.67,8.69,,11128.0
2018-04-19 11:30,,8.7,829,8.73,8.68,8.73,,3481.0
2018-04-19 13:30,,8.67,829,8.72,8.66,8.7,,6121.0
2018-04-19 14:00,,8.62,829,8.69,8.59,8.67,,12967.0
2018-04-19 14:30,,8.6,829,8.64,8.57,8.62,,10953.0
2018-04-19 15:00,,8.65,829,8.68,8.58,8.6,,9662.0
2018-04-20 10:00,,8.52,829,8.59,8.5,8.51,,12930.0
2018-04-20 10:30,,8.6,829,8.65,8.52,8.52,,5430.0
2018-04-20 11:00,,8.56,829,8.6,8.55,8.6,,5138.0
2018-04-20 11:30,,8.5,829,8.56,8.5,8.56,,8467.0
2018-04-20 13:30,,8.5,829,8.53,8.48,8.5,,4833.0
2018-04-20 14:00,,8.47,829,8.51,8.46,8.5,,4971.0
2018-04-20 14:30,,8.38,829,8.48,8.37,8.47,,10604.0
2018-04-20 15:00,,8.37,829,8.46,8.37,8.38,,8647.0
2018-04-23 10:00,,8.39,829,8.46,8.28,8.28,,9057.0
2018-04-23 10:30,,8.37,829,8.41,8.35,8.39,,2932.0
2018-04-23 11:00,,8.4,829,8.41,8.34,8.37,,2818.0
2018-04-23 11:30,,8.36,829,8.4,8.35,8.4,,1684.0
2018-04-23 13:30,,8.34,829,8.39,8.29,8.36,,3396.0
2018-04-23 14:00,,8.22,829,8.34,8.22,8.3,,4551.0
2018-04-23 14:30,,8.23,829,8.27,8.2,8.22,,5331.0
2018-04-23 15:00,,8.3,829,8.31,8.23,8.23,,4820.0
2018-04-24 10:00,,8.36,829,8.4,8.27,8.31,,6604.0
2018-04-24 10:30,,8.41,829,8.43,8.35,8.36,,3867.0
2018-04-24 11:00,,8.42,829,8.43,8.38,8.38,,3046.0
2018-04-24 11:30,,8.42,829,8.45,8.41,8.42,,2987.0
2018-04-24 13:30,,8.46,829,8.46,8.42,8.42,,2427.0
2018-04-24 14:00,,8.42,829,8.46,8.4,8.46,,3718.0
2018-04-24 14:30,,8.44,829,8.46,8.38,8.42,,5091.0
2018-04-24 15:00,,8.43,829,8.44,8.4,8.44,,3961.0
2018-04-25 10:00,,8.46,829,8.51,8.33,8.37,,11069.0
2018-04-25 10:30,,8.5,829,8.52,8.46,8.46,,6191.0
2018-04-25 11:00,,8.42,829,8.52,8.42,8.5,,4777.0
2018-04-25 11:30,,8.45,829,8.45,8.42,8.42,,2124.0
2018-04-25 13:30,,8.48,829,8.51,8.45,8.45,,3389.0
2018-04-25 14:00,,8.46,829,8.5,8.46,8.48,,2930.0
2018-04-25 14:30,,8.47,829,8.49,8.46,8.46,,2811.0
2018-04-25 15:00,,8.48,829,8.49,8.44,8.47,,8140.0
2018-04-26 10:00,,8.58,829,8.63,8.45,8.52,,16804.0
2018-04-26 10:30,,8.53,829,8.61,8.53,8.58,,5125.0
2018-04-26 11:00,,8.53,829,8.56,8.51,8.53,,3192.0
2018-04-26 11:30,,8.54,829,8.54,8.51,8.53,,2482.0
2018-04-26 13:30,,8.5,829,8.55,8.49,8.54,,2399.0
2018-04-26 14:00,,8.5,829,8.51,8.45,8.5,,3494.0
2018-04-26 14:30,,8.45,829,8.5,8.44,8.5,,3655.0
2018-04-26 15:00,,8.35,829,8.45,8.33,8.45,,7786.0
2018-04-27 10:00,,8.55,829,8.58,8.36,8.36,,9728.0
2018-04-27 10:30,,8.56,829,8.58,8.5,8.55,,4207.0
2018-04-27 11:00,,8.53,829,8.56,8.52,8.56,,2892.0
2018-04-27 11:30,,8.48,829,8.53,8.47,8.53,,1467.0
2018-04-27 13:30,,8.5,829,8.5,8.47,8.48,,1889.0
2018-04-27 14:00,,8.48,829,8.5,8.46,8.5,,2592.0
2018-04-27 14:30,,8.49,829,8.5,8.48,8.48,,1219.0
2018-04-27 15:00,,8.5,829,8.52,8.47,8.49,,4080.0
2018-05-02 10:00,,8.54,829,8.65,8.49,8.6,,6441.0
2018-05-02 10:30,,8.52,829,8.56,8.45,8.55,,5595.0
2018-05-02 11:00,,8.5,829,8.54,8.48,8.52,,2000.0
2018-05-02 11:30,,8.5,829,8.54,8.49,8.5,,1118.0
2018-05-02 13:30,,8.55,829,8.55,8.5,8.5,,1585.0
2018-05-02 14:00,,8.5,829,8.56,8.5,8.55,,2405.0
2018-05-02 14:30,,8.48,829,8.5,8.46,8.5,,3047.0
2018-05-02 15:00,,8.52,829,8.54,8.47,8.48,,3414.0
2018-05-03 10:00,,8.38,829,8.52,8.33,8.52,,5837.0
2018-05-03 10:30,,8.39,829,8.4,8.36,8.38,,2974.0
2018-05-03 11:00,,8.4,829,8.45,8.37,8.39,,1538.0
2018-05-03 11:30,,8.43,829,8.47,8.39,8.4,,1893.0
2018-05-03 13:30,,8.49,829,8.52,8.43,8.43,,2418.0
2018-05-03 14:00,,8.51,829,8.53,8.47,8.49,,4319.0
2018-05-03 14:30,,8.51,829,8.54,8.49,8.51,,3506.0
2018-05-03 15:00,,8.53,829,8.53,8.5,8.51,,3259.0
2018-05-04 10:00,,8.58,829,8.63,8.48,8.53,,4521.0
2018-05-04 10:30,,8.67,829,8.68,8.57,8.58,,7712.0
2018-05-04 11:00,,8.62,829,8.69,8.62,8.67,,4429.0
2018-05-04 11:30,,8.63,829,8.65,8.59,8.62,,1633.0
2018-05-04 13:30,,8.63,829,8.65,8.62,8.63,,1824.0
2018-05-04 14:00,,8.61,829,8.65,8.59,8.63,,3334.0
2018-05-04 14:30,,8.6,829,8.62,8.58,8.61,,3391.0
2018-05-04 15:00,,8.56,829,8.6,8.56,8.6,,4552.0
2018-05-07 10:00,,8.54,829,8.62,8.51,8.6,,4917.0
2018-05-07 10:30,,8.53,829,8.55,8.5,8.54,,5880.0
2018-05-07 11:00,,8.56,829,8.56,8.51,8.53,,2535.0
2018-05-07 11:30,,8.59,829,8.6,8.56,8.56,,3118.0
2018-05-07 13:30,,8.59,829,8.62,8.58,8.59,,3907.0
2018-05-07 14:00,,8.58,829,8.62,8.58,8.59,,3467.0
2018-05-07 14:30,,8.62,829,8.62,8.58,8.58,,4793.0
2018-05-07 15:00,,8.66,829,8.73,8.6,8.62,,10700.0
2018-05-08 10:00,,8.62,829,8.65,8.56,8.62,,8215.0
2018-05-08 10:30,,8.8,829,8.8,8.58,8.62,,7089.0
2018-05-08 11:00,,8.76,829,8.85,8.74,8.8,,15148.0
2018-05-08 11:30,,8.77,829,8.8,8.75,8.76,,3194.0
2018-05-08 13:30,,8.78,829,8.83,8.75,8.77,,6361.0
2018-05-08 14:00,,8.81,829,8.83,8.77,8.78,,4157.0
2018-05-08 14:30,,8.84,829,8.86,8.78,8.81,,7847.0
2018-05-08 15:00,,8.78,829,8.84,8.78,8.84,,5191.0
2018-05-09 10:00,,8.94,829,8.96,8.75,8.81,,21264.0
2018-05-09 10:30,,8.99,829,9.07,8.93,8.94,,14430.0
2018-05-09 11:00,,8.97,829,9.0,8.96,8.99,,4349.0
2018-05-09 11:30,,8.96,829,8.97,8.94,8.97,,2453.0
2018-05-09 13:30,,8.9,829,8.97,8.83,8.96,,5314.0
2018-05-09 14:00,,8.88,829,8.92,8.86,8.9,,3475.0
2018-05-09 14:30,,8.85,829,8.93,8.84,8.88,,5029.0
2018-05-09 15:00,,8.85,829,8.88,8.82,8.85,,7028.0
2018-05-10 10:00,,8.96,829,8.99,8.76,8.78,,11384.0
2018-05-10 10:30,,8.92,829,9.02,8.86,8.97,,9776.0
2018-05-10 11:00,,8.94,829,8.95,8.88,8.92,,3305.0
2018-05-10 11:30,,9.02,829,9.04,8.93,8.94,,7738.0
2018-05-10 13:30,,8.98,829,9.02,8.96,9.02,,3557.0
2018-05-10 14:00,,8.98,829,9.0,8.94,8.98,,5109.0
2018-05-10 14:30,,8.96,829,8.98,8.9,8.97,,5555.0
2018-05-10 15:00,,8.96,829,8.98,8.94,8.96,,8051.0
2018-05-11 10:00,,8.8,829,8.97,8.78,8.96,,11833.0
2018-05-11 10:30,,8.81,829,8.82,8.78,8.8,,4174.0
2018-05-11 11:00,,8.76,829,8.82,8.73,8.81,,5096.0
2018-05-11 11:30,,8.75,829,8.8,8.69,8.76,,5046.0
2018-05-11 13:30,,8.73,829,8.77,8.72,8.75,,2513.0
2018-05-11 14:00,,8.77,829,8.8,8.73,8.73,,2264.0
2018-05-11 14:30,,8.76,829,8.78,8.76,8.77,,1536.0
2018-05-11 15:00,,8.75,829,8.77,8.72,8.77,,5909.0
2018-05-14 10:00,,8.99,829,9.0,8.71,8.71,,20163.0
2018-05-14 10:30,,8.93,829,8.99,8.9,8.99,,4211.0
2018-05-14 11:00,,8.91,829,8.95,8.91,8.93,,1918.0
2018-05-14 11:30,,8.93,829,8.99,8.91,8.91,,3091.0
2018-05-14 13:30,,8.86,829,8.93,8.81,8.93,,3666.0
2018-05-14 14:00,,8.83,829,8.88,8.8,8.86,,3694.0
2018-05-14 14:30,,8.8,829,8.84,8.74,8.83,,4487.0
2018-05-14 15:00,,8.84,829,8.84,8.76,8.8,,3640.0
2018-05-15 10:00,,8.84,829,8.89,8.77,8.87,,7999.0
2018-05-15 10:30,,8.86,829,8.86,8.8,8.84,,3495.0
2018-05-15 11:00,,8.89,829,8.93,8.86,8.86,,5244.0
2018-05-15 11:30,,8.96,829,8.99,8.89,8.89,,8758.0
2018-05-15 13:30,,8.94,829,8.98,8.93,8.96,,4108.0
2018-05-15 14:00,,8.93,829,8.95,8.9,8.94,,3754.0
2018-05-15 14:30,,8.94,829,8.96,8.92,8.93,,3210.0
2018-05-15 15:00,,8.97,829,8.97,8.93,8.94,,6354.0
2018-05-16 10:00,,9.05,829,9.1,8.9,8.97,,21846.0
2018-05-16 10:30,,9.02,829,9.08,9.0,9.05,,6667.0
2018-05-16 11:00,,9.0,829,9.03,8.97,9.02,,4367.0
2018-05-16 11:30,,9.15,829,9.19,8.99,9.0,,19178.0
2018-05-16 13:30,,9.18,829,9.21,9.12,9.15,,9984.0
2018-05-16 14:00,,9.18,829,9.2,9.13,9.18,,7456.0
2018-05-16 14:30,,9.17,829,9.18,9.13,9.18,,6098.0
2018-05-16 15:00,,9.08,829,9.17,9.05,9.17,,9785.0
2018-05-17 10:00,,9.03,829,9.1,8.98,9.1,,12421.0
2018-05-17 10:30,,9.0,829,9.06,9.0,9.03,,4990.0
2018-05-17 11:00,,8.96,829,9.01,8.95,9.0,,7264.0
2018-05-17 11:30,,8.98,829,8.99,8.94,8.96,,3162.0
2018-05-17 13:30,,8.97,829,8.99,8.97,8.98,,2058.0
2018-05-17 14:00,,8.95,829,9.01,8.94,8.97,,4623.0
2018-05-17 14:30,,8.94,829,8.98,8.94,8.95,,2883.0
2018-05-17 15:00,,8.92,829,8.97,8.91,8.94,,6319.0
2018-05-18 10:00,,8.98,829,9.02,8.82,8.84,,8402.0
2018-05-18 10:30,,9.0,829,9.07,8.94,8.98,,7417.0
2018-05-18 11:00,,8.94,829,9.03,8.94,9.0,,3251.0
2018-05-18 11:30,,8.93,829,8.99,8.91,8.95,,4049.0
2018-05-18 13:30,,9.01,829,9.03,8.91,8.93,,3068.0
2018-05-18 14:00,,8.98,829,9.01,8.95,9.01,,1948.0
2018-05-18 14:30,,9.01,829,9.01,8.97,8.98,,4094.0
2018-05-18 15:00,,8.99,829,9.02,8.94,9.01,,11003.0
2018-05-21 10:00,,9.08,829,9.11,9.0,9.08,,13214.0
2018-05-21 10:30,,9.06,829,9.09,9.04,9.09,,4902.0
2018-05-21 11:00,,9.12,829,9.12,9.05,9.05,,6844.0
2018-05-21 11:30,,9.11,829,9.17,9.1,9.12,,6593.0
2018-05-21 13:30,,9.06,829,9.14,9.05,9.11,,6970.0
2018-05-21 14:00,,9.03,829,9.08,9.03,9.06,,6634.0
2018-05-21 14:30,,9.03,829,9.05,9.01,9.04,,4871.0
2018-05-21 15:00,,9.03,829,9.04,9.0,9.03,,8076.0
2018-05-22 10:00,,9.02,829,9.05,8.95,8.95,,8655.0
2018-05-22 10:30,,9.01,829,9.02,8.96,9.02,,5129.0
2018-05-22 11:00,,9.0,829,9.02,8.97,9.01,,4652.0
2018-05-22 11:30,,9.32,829,9.35,8.98,9.0,,28268.0
2018-05-22 13:30,,9.19,829,9.32,9.16,9.32,,7996.0
2018-05-22 14:00,,9.23,829,9.24,9.17,9.19,,4947.0
2018-05-22 14:30,,9.2,829,9.24,9.18,9.23,,4765.0
2018-05-22 15:00,,9.19,829,9.21,9.16,9.2,,8689.0
2018-05-23 10:00,,9.19,829,9.26,9.1,9.1,,8741.0
2018-05-23 10:30,,9.14,829,9.2,9.14,9.19,,4170.0
2018-05-23 11:00,,9.17,829,9.18,9.13,9.14,,3624.0
2018-05-23 11:30,,9.17,829,9.18,9.13,9.16,,3224.0
2018-05-23 13:30,,9.18,829,9.2,9.17,9.17,,2371.0
2018-05-23 14:00,,9.19,829,9.24,9.17,9.18,,6985.0
2018-05-23 14:30,,9.17,829,9.2,9.13,9.19,,4676.0
2018-05-23 15:00,,9.1,829,9.18,9.09,9.17,,10263.0
2018-05-24 10:00,,9.18,829,9.21,9.11,9.11,,8771.0
2018-05-24 10:30,,9.25,829,9.26,9.17,9.18,,11435.0
2018-05-24 11:00,,9.24,829,9.32,9.22,9.25,,11263.0
2018-05-24 11:30,,9.19,829,9.25,9.18,9.24,,3981.0
2018-05-24 13:30,,9.18,829,9.22,9.16,9.19,,3388.0
2018-05-24 14:00,,9.16,829,9.19,9.13,9.18,,4246.0
2018-05-24 14:30,,9.15,829,9.17,9.1,9.15,,4733.0
2018-05-24 15:00,,9.14,829,9.17,9.09,9.15,,7209.0
2018-05-25 10:00,,9.09,829,9.16,9.05,9.12,,8779.0
2018-05-25 10:30,,9.09,829,9.15,9.09,9.09,,4024.0
2018-05-25 11:00,,9.02,829,9.09,9.0,9.09,,7112.0
2018-05-25 11:30,,9.15,829,9.15,9.01,9.02,,5386.0
2018-05-25 13:30,,9.09,829,9.18,9.08,9.15,,2716.0
2018-05-25 14:00,,9.05,829,9.1,9.05,9.09,,2173.0
2018-05-25 14:30,,9.04,829,9.07,9.01,9.05,,4324.0
2018-05-25 15:00,,8.99,829,9.08,8.98,9.05,,8020.0
2018-05-28 10:00,,9.12,829,9.14,8.9,8.95,,14779.0
2018-05-28 10:30,,9.1,829,9.15,9.05,9.12,,9643.0
2018-05-28 11:00,,9.21,829,9.24,9.09,9.1,,12120.0
2018-05-28 11:30,,9.18,829,9.24,9.18,9.21,,5325.0
2018-05-28 13:30,,9.18,829,9.2,9.16,9.18,,3260.0
2018-05-28 14:00,,9.2,829,9.25,9.18,9.18,,8670.0
2018-05-28 14:30,,9.16,829,9.22,9.12,9.2,,6321.0
2018-05-28 15:00,,9.18,829,9.19,9.14,9.16,,8999.0
2018-05-29 10:00,,9.15,829,9.22,9.12,9.16,,13117.0
2018-05-29 10:30,,9.11,829,9.16,9.1,9.15,,8475.0
2018-05-29 11:00,,9.07,829,9.16,9.07,9.11,,7446.0
2018-05-29 11:30,,9.07,829,9.15,9.06,9.07,,4460.0
2018-05-29 13:30,,9.05,829,9.08,9.04,9.07,,5900.0
2018-05-29 14:00,,8.96,829,9.06,8.96,9.04,,8340.0
2018-05-29 14:30,,9.0,829,9.01,8.93,8.96,,7893.0
2018-05-29 15:00,,8.82,829,9.0,8.82,9.0,,15957.0
2018-05-30 10:00,,8.52,829,8.68,8.48,8.68,,21033.0
2018-05-30 10:30,,8.41,829,8.58,8.39,8.52,,9856.0
2018-05-30 11:00,,8.4,829,8.43,8.35,8.41,,9299.0
2018-05-30 11:30,,8.39,829,8.45,8.38,8.4,,3805.0
2018-05-30 13:30,,8.44,829,8.45,8.38,8.39,,4120.0
2018-05-30 14:00,,8.49,829,8.49,8.41,8.44,,3321.0
2018-05-30 14:30,,8.42,829,8.5,8.39,8.49,,4428.0
2018-05-30 15:00,,8.3,829,8.42,8.28,8.42,,11057.0
2018-05-31 10:00,,8.41,829,8.47,8.35,8.35,,11492.0
2018-05-31 10:30,,8.33,829,8.41,8.33,8.41,,7783.0
2018-05-31 11:00,,8.36,829,8.38,8.31,8.33,,3825.0
2018-05-31 11:30,,8.37,829,8.38,8.34,8.36,,2505.0
2018-05-31 13:30,,8.36,829,8.4,8.32,8.37,,4798.0
2018-05-31 14:00,,8.41,829,8.44,8.36,8.36,,3432.0
2018-05-31 14:30,,8.38,829,8.44,8.38,8.41,,3346.0
2018-05-31 15:00,,8.38,829,8.39,8.35,8.38,,7289.0
2018-06-01 10:00,,8.42,829,8.44,8.33,8.39,,7142.0
2018-06-01 10:30,,8.41,829,8.44,8.38,8.42,,2855.0
2018-06-01 11:00,,8.39,829,8.44,8.39,8.41,,2192.0
2018-06-01 11:30,,8.34,829,8.4,8.34,8.39,,3310.0
2018-06-01 13:30,,8.33,829,8.36,8.29,8.34,,3514.0
2018-06-01 14:00,,8.32,829,8.37,8.24,8.34,,3784.0
2018-06-01 14:30,,8.3,829,8.32,8.23,8.32,,3756.0
2018-06-01 15:00,,8.28,829,8.33,8.23,8.3,,5411.0
2018-06-04 10:00,,8.28,829,8.36,8.25,8.25,,8479.0
2018-06-04 10:30,,8.23,829,8.31,8.19,8.28,,10705.0
2018-06-04 11:00,,8.04,829,8.24,7.95,8.23,,17017.0
2018-06-04 11:30,,8.0,829,8.03,7.94,7.99,,18183.0
2018-06-04 13:30,,8.1,829,8.1,7.99,8.0,,6972.0
2018-06-04 14:00,,8.04,829,8.1,8.02,8.1,,3136.0
2018-06-04 14:30,,8.05,829,8.1,8.03,8.04,,4574.0
2018-06-04 15:00,,8.06,829,8.1,8.04,8.09,,4587.0
2018-06-05 10:00,,8.11,829,8.14,8.06,8.08,,7337.0
2018-06-05 10:30,,8.03,829,8.11,8.01,8.11,,6060.0
2018-06-05 11:00,,8.08,829,8.09,8.02,8.03,,3377.0
2018-06-05 11:30,,8.09,829,8.1,8.06,8.08,,2227.0
2018-06-05 13:30,,8.16,829,8.17,8.08,8.09,,4872.0
2018-06-05 14:00,,8.17,829,8.18,8.13,8.16,,6056.0
2018-06-05 14:30,,8.16,829,8.19,8.14,8.15,,5269.0
2018-06-05 15:00,,8.2,829,8.2,8.16,8.16,,5172.0
2018-06-06 10:00,,8.2,829,8.21,8.12,8.15,,7028.0
2018-06-06 10:30,,8.18,829,8.24,8.18,8.2,,6157.0
2018-06-06 11:00,,8.23,829,8.23,8.18,8.18,,3294.0
2018-06-06 11:30,,8.21,829,8.23,8.19,8.23,,2115.0
2018-06-06 13:30,,8.2,829,8.23,8.19,8.21,,2335.0
2018-06-06 14:00,,8.2,829,8.22,8.19,8.2,,2483.0
2018-06-06 14:30,,8.24,829,8.25,8.2,8.21,,5085.0
2018-06-06 15:00,,8.26,829,8.27,8.23,8.24,,5415.0
2018-06-07 10:00,,8.28,829,8.3,8.23,8.23,,4684.0
2018-06-07 10:30,,8.31,829,8.32,8.26,8.28,,4419.0
2018-06-07 11:00,,8.3,829,8.33,8.29,8.31,,4333.0
2018-06-07 11:30,,8.28,829,8.31,8.27,8.3,,2839.0
2018-06-07 13:30,,8.26,829,8.29,8.25,8.28,,2774.0
2018-06-07 14:00,,8.31,829,8.34,8.25,8.26,,4874.0
2018-06-07 14:30,,8.46,829,8.46,8.31,8.31,,13020.0
2018-06-07 15:00,,8.43,829,8.49,8.43,8.46,,12394.0
2018-06-08 10:00,,8.27,829,8.34,8.25,8.26,,10407.0
2018-06-08 10:30,,8.21,829,8.28,8.21,8.27,,4590.0
2018-06-08 11:00,,8.22,829,8.27,8.2,8.21,,3385.0
2018-06-08 11:30,,8.15,829,8.25,8.15,8.22,,4296.0
2018-06-08 13:30,,8.18,829,8.19,8.12,8.15,,3380.0
2018-06-08 14:00,,8.18,829,8.21,8.14,8.18,,3185.0
2018-06-08 14:30,,8.2,829,8.2,8.15,8.18,,2349.0
2018-06-08 15:00,,8.22,829,8.22,8.18,8.2,,3536.0
2018-06-11 10:00,,8.44,829,8.48,8.08,8.22,,12944.0
2018-06-11 10:30,,8.33,829,8.45,8.33,8.44,,5289.0
2018-06-11 11:00,,8.37,829,8.38,8.32,8.33,,3173.0
2018-06-11 11:30,,8.36,829,8.42,8.32,8.37,,4073.0
2018-06-11 13:30,,8.32,829,8.4,8.3,8.36,,3867.0
2018-06-11 14:00,,8.29,829,8.33,8.26,8.32,,3169.0
2018-06-11 14:30,,8.4,829,8.41,8.28,8.29,,7009.0
2018-06-11 15:00,,8.38,829,8.42,8.34,8.38,,7427.0
2018-06-12 10:00,,8.28,829,8.4,8.26,8.32,,6978.0
2018-06-12 10:30,,8.32,829,8.33,8.22,8.28,,7072.0
2018-06-12 11:00,,8.44,829,8.44,8.32,8.32,,6357.0
2018-06-12 11:30,,8.53,829,8.58,8.4,8.44,,11523.0
2018-06-12 13:30,,8.43,829,8.54,8.43,8.53,,4906.0
2018-06-12 14:00,,8.47,829,8.49,8.42,8.43,,4487.0
2018-06-12 14:30,,8.46,829,8.49,8.42,8.47,,2862.0
2018-06-12 15:00,,8.45,829,8.49,8.44,8.46,,4309.0
2018-06-13 10:00,,8.39,829,8.44,8.3,8.44,,4670.0
2018-06-13 10:30,,8.42,829,8.52,8.37,8.38,,4980.0
2018-06-13 11:00,,8.45,829,8.49,8.41,8.42,,2456.0
2018-06-13 11:30,,8.42,829,8.46,8.37,8.45,,1629.0
2018-06-13 13:30,,8.51,829,8.51,8.37,8.42,,3357.0
2018-06-13 14:00,,8.48,829,8.53,8.46,8.51,,4775.0
2018-06-13 14:30,,8.4,829,8.49,8.4,8.48,,4149.0
2018-06-13 15:00,,8.35,829,8.44,8.34,8.4,,6583.0
2018-06-14 10:00,,8.4,829,8.46,8.3,8.3,,3633.0
2018-06-14 10:30,,8.37,829,8.42,8.33,8.4,,2890.0
2018-06-14 11:00,,8.32,829,8.39,8.32,8.37,,1837.0
2018-06-14 11:30,,8.33,829,8.35,8.32,8.32,,1416.0
2018-06-14 13:30,,8.38,829,8.39,8.32,8.33,,2753.0
2018-06-14 14:00,,8.35,829,8.39,8.34,8.38,,3208.0
2018-06-14 14:30,,8.3,829,8.36,8.25,8.35,,4279.0
2018-06-14 15:00,,8.19,829,8.3,8.19,8.29,,8201.0
2018-06-15 10:00,,8.76,829,8.98,8.23,8.24,,44882.0
2018-06-15 10:30,,8.68,829,8.78,8.65,8.77,,12508.0
2018-06-15 11:00,,8.59,829,8.73,8.53,8.68,,9204.0
2018-06-15 11:30,,8.57,829,8.6,8.45,8.59,,6679.0
2018-06-15 13:30,,8.54,829,8.59,8.52,8.57,,3115.0
2018-06-15 14:00,,8.44,829,8.55,8.4,8.54,,4210.0
2018-06-15 14:30,,8.45,829,8.52,8.4,8.46,,5162.0
2018-06-15 15:00,,8.56,829,8.57,8.44,8.46,,17112.0
2018-06-19 10:00,,8.17,829,8.41,8.0,8.4,,26179.0
2018-06-19 10:30,,8.1,829,8.17,8.06,8.17,,6232.0
2018-06-19 11:00,,8.0,829,8.12,7.97,8.1,,9746.0
2018-06-19 11:30,,7.89,829,8.0,7.71,8.0,,13793.0
2018-06-19 13:30,,7.83,829,7.95,7.81,7.89,,3840.0
2018-06-19 14:00,,7.77,829,7.86,7.76,7.83,,8335.0
2018-06-19 14:30,,7.7,829,7.77,7.7,7.76,,17814.0
2018-06-19 15:00,,7.7,829,7.71,7.7,7.7,,5966.0
2018-06-20 10:00,,7.78,829,7.81,7.3,7.63,,19400.0
2018-06-20 10:30,,7.59,829,7.8,7.59,7.78,,5786.0
2018-06-20 11:00,,7.59,829,7.67,7.58,7.59,,1997.0
2018-06-20 11:30,,7.59,829,7.64,7.55,7.59,,3440.0
2018-06-20 13:30,,7.78,829,7.83,7.58,7.59,,5735.0
2018-06-20 14:00,,7.75,829,7.8,7.75,7.78,,2472.0
2018-06-20 14:30,,7.74,829,7.77,7.7,7.75,,3513.0
2018-06-20 15:00,,7.07,829,7.74,7.04,7.74,,44796.0
2018-06-21 10:00,,7.43,829,7.63,7.35,7.4,,37078.0
2018-06-21 10:30,,7.51,829,7.53,7.4,7.43,,5833.0
2018-06-21 11:00,,7.57,829,7.64,7.5,7.51,,7064.0
2018-06-21 11:30,,7.47,829,7.58,7.46,7.57,,5346.0
2018-06-21 13:30,,7.4,829,7.47,7.33,7.47,,6331.0
2018-06-21 14:00,,7.41,829,7.44,7.38,7.4,,2487.0
2018-06-21 14:30,,7.37,829,7.41,7.31,7.41,,5416.0
2018-06-21 15:00,,7.33,829,7.38,7.31,7.37,,8326.0
2018-06-22 10:00,,7.35,829,7.4,7.05,7.31,,12034.0
2018-06-22 10:30,,7.46,829,7.57,7.35,7.35,,11122.0
2018-06-22 11:00,,7.5,829,7.52,7.4,7.46,,2750.0
2018-06-22 11:30,,7.49,829,7.52,7.48,7.5,,2345.0
2018-06-22 13:30,,7.51,829,7.55,7.47,7.49,,3215.0
2018-06-22 14:00,,7.45,829,7.51,7.44,7.51,,2666.0
2018-06-22 14:30,,7.49,829,7.5,7.42,7.45,,3045.0
2018-06-22 15:00,,7.41,829,7.49,7.41,7.48,,6292.0
2018-06-25 10:00,,7.49,829,7.7,7.44,7.66,,11195.0
2018-06-25 10:30,,7.53,829,7.53,7.44,7.49,,5093.0
2018-06-25 11:00,,7.5,829,7.53,7.46,7.53,,1865.0
2018-06-25 11:30,,7.48,829,7.51,7.45,7.5,,2611.0
2018-06-25 13:30,,7.46,829,7.51,7.46,7.48,,2844.0
2018-06-25 14:00,,7.38,829,7.49,7.36,7.49,,4607.0
2018-06-25 14:30,,7.39,829,7.47,7.37,7.38,,2428.0
2018-06-25 15:00,,7.36,829,7.41,7.33,7.39,,4137.0
2018-06-26 10:00,,7.37,829,7.4,7.17,7.24,,6797.0
2018-06-26 10:30,,7.35,829,7.39,7.33,7.37,,2583.0
2018-06-26 11:00,,7.46,829,7.46,7.35,7.35,,3662.0
2018-06-26 11:30,,7.39,829,7.47,7.39,7.46,,6192.0
2018-06-26 13:30,,7.4,829,7.46,7.39,7.39,,1986.0
2018-06-26 14:00,,7.38,829,7.41,7.36,7.4,,2460.0
2018-06-26 14:30,,7.34,829,7.39,7.34,7.38,,4108.0
2018-06-26 15:00,,7.36,829,7.38,7.2,7.34,,8088.0
2018-06-27 10:00,,7.41,829,7.42,7.32,7.35,,5756.0
2018-06-27 10:30,,7.39,829,7.42,7.36,7.41,,2682.0
2018-06-27 11:00,,7.33,829,7.4,7.32,7.39,,3274.0
2018-06-27 11:30,,7.33,829,7.36,7.3,7.33,,1673.0
2018-06-27 13:30,,7.25,829,7.34,7.21,7.33,,4099.0
2018-06-27 14:00,,7.21,829,7.28,7.2,7.26,,3053.0
2018-06-27 14:30,,7.27,829,7.28,7.2,7.21,,3063.0
2018-06-27 15:00,,7.26,829,7.3,7.23,7.27,,4351.0
2018-06-28 10:00,,7.29,829,7.31,7.19,7.21,,5722.0
2018-06-28 10:30,,7.28,829,7.32,7.27,7.29,,4117.0
2018-06-28 11:00,,7.37,829,7.38,7.27,7.28,,8495.0
2018-06-28 11:30,,7.31,829,7.37,7.3,7.37,,3135.0
2018-06-28 13:30,,7.31,829,7.35,7.29,7.31,,1224.0
2018-06-28 14:00,,7.22,829,7.31,7.22,7.31,,3251.0
2018-06-28 14:30,,7.23,829,7.28,7.22,7.23,,2091.0
2018-06-28 15:00,,7.19,829,7.26,7.16,7.23,,7122.0
2018-06-29 10:00,,7.19,829,7.26,7.15,7.24,,4911.0
2018-06-29 10:30,,7.26,829,7.26,7.19,7.19,,4892.0
2018-06-29 11:00,,7.31,829,7.33,7.22,7.27,,4800.0
2018-06-29 11:30,,7.31,829,7.32,7.28,7.31,,1825.0
2018-06-29 13:30,,7.31,829,7.33,7.28,7.31,,3096.0
2018-06-29 14:00,,7.35,829,7.35,7.31,7.31,,3835.0
2018-06-29 14:30,,7.35,829,7.38,7.33,7.35,,4319.0
2018-06-29 15:00,,7.33,829,7.35,7.31,7.35,,4666.0
2018-07-02 10:00,,7.42,829,7.42,7.33,7.38,,4519.0
2018-07-02 10:30,,7.44,829,7.48,7.39,7.42,,7197.0
2018-07-02 11:00,,7.47,829,7.49,7.42,7.44,,5361.0
2018-07-02 11:30,,7.43,829,7.49,7.43,7.47,,3407.0
2018-07-02 13:30,,7.41,829,7.45,7.39,7.43,,1864.0
2018-07-02 14:00,,7.37,829,7.44,7.35,7.41,,3392.0
2018-07-02 14:30,,7.33,829,7.38,7.31,7.37,,4981.0
2018-07-02 15:00,,7.33,829,7.35,7.25,7.33,,5724.0
2018-07-03 10:00,,7.34,829,7.41,7.31,7.33,,3804.0
2018-07-03 10:30,,7.36,829,7.38,7.31,7.34,,2825.0
2018-07-03 11:00,,7.32,829,7.38,7.32,7.36,,2377.0
2018-07-03 11:30,,7.28,829,7.33,7.16,7.32,,5781.0
2018-07-03 13:30,,7.34,829,7.34,7.25,7.28,,2524.0
2018-07-03 14:00,,7.37,829,7.4,7.33,7.33,,4042.0
2018-07-03 14:30,,7.42,829,7.44,7.34,7.37,,4300.0
2018-07-03 15:00,,7.41,829,7.44,7.38,7.42,,4857.0
2018-07-04 10:00,,7.29,829,7.35,6.97,6.97,,12885.0
2018-07-04 10:30,,7.34,829,7.37,7.27,7.27,,3896.0
2018-07-04 11:00,,7.38,829,7.42,7.32,7.34,,3304.0
2018-07-04 11:30,,7.32,829,7.39,7.31,7.38,,1936.0
2018-07-04 13:30,,7.36,829,7.37,7.31,7.32,,1195.0
2018-07-04 14:00,,7.38,829,7.38,7.34,7.36,,987.0
2018-07-04 14:30,,7.34,829,7.38,7.3,7.38,,3298.0
2018-07-04 15:00,,7.29,829,7.35,7.26,7.34,,2923.0
2018-07-05 10:00,,7.3,829,7.37,7.24,7.28,,4422.0
2018-07-05 10:30,,7.21,829,7.3,7.06,7.3,,6623.0
2018-07-05 11:00,,7.23,829,7.3,7.2,7.21,,2421.0
2018-07-05 11:30,,7.16,829,7.27,7.16,7.23,,2576.0
2018-07-05 13:30,,7.18,829,7.23,7.16,7.16,,1854.0
2018-07-05 14:00,,7.16,829,7.2,7.15,7.18,,2323.0
2018-07-05 14:30,,7.1,829,7.2,7.1,7.16,,5294.0
2018-07-05 15:00,,7.1,829,7.14,7.03,7.1,,9919.0
2018-07-06 10:00,,7.11,829,7.19,7.0,7.1,,6569.0
2018-07-06 10:30,,7.08,829,7.13,7.06,7.11,,2948.0
2018-07-06 11:00,,7.03,829,7.1,7.02,7.08,,2481.0
2018-07-06 11:30,,7.06,829,7.07,6.92,7.03,,9072.0
2018-07-06 13:30,,7.17,829,7.18,7.06,7.06,,7085.0
2018-07-06 14:00,,7.15,829,7.17,7.12,7.17,,3750.0
2018-07-06 14:30,,7.11,829,7.17,7.1,7.15,,2216.0
2018-07-06 15:00,,7.13,829,7.15,7.0,7.11,,4324.0
2018-07-09 10:00,,7.19,829,7.25,7.11,7.2,,5444.0
2018-07-09 10:30,,7.21,829,7.22,7.18,7.19,,2437.0
2018-07-09 11:00,,7.19,829,7.21,7.16,7.21,,2527.0
2018-07-09 11:30,,7.21,829,7.22,7.17,7.19,,2462.0
2018-07-09 13:30,,7.2,829,7.24,7.19,7.21,,2159.0
2018-07-09 14:00,,7.21,829,7.23,7.19,7.2,,2175.0
2018-07-09 14:30,,7.2,829,7.23,7.2,7.21,,2430.0
2018-07-09 15:00,,7.31,829,7.34,7.2,7.2,,10377.0
2018-07-10 10:00,,7.28,829,7.35,7.24,7.35,,3720.0
2018-07-10 10:30,,7.3,829,7.32,7.27,7.28,,1357.0
2018-07-10 11:00,,7.28,829,7.31,7.26,7.3,,1376.0
2018-07-10 11:30,,7.29,829,7.31,7.26,7.28,,1670.0
2018-07-10 13:30,,7.26,829,7.31,7.25,7.29,,3007.0
2018-07-10 14:00,,7.28,829,7.31,7.17,7.26,,4800.0
2018-07-10 14:30,,7.29,829,7.3,7.24,7.28,,1198.0
2018-07-10 15:00,,7.3,829,7.3,7.27,7.29,,4666.0
2018-07-11 10:00,,7.17,829,7.23,7.15,7.21,,6801.0
2018-07-11 10:30,,7.21,829,7.21,7.17,7.17,,1913.0
2018-07-11 11:00,,7.18,829,7.22,7.18,7.21,,1228.0
2018-07-11 11:30,,7.13,829,7.19,7.12,7.18,,3832.0
2018-07-11 13:30,,7.14,829,7.15,7.08,7.13,,3786.0
2018-07-11 14:00,,7.07,829,7.14,7.07,7.14,,1918.0
2018-07-11 14:30,,7.11,829,7.13,7.05,7.07,,2901.0
2018-07-11 15:00,,7.12,829,7.15,7.08,7.11,,3868.0
2018-07-12 10:00,,7.21,829,7.21,7.08,7.08,,4204.0
2018-07-12 10:30,,7.23,829,7.24,7.2,7.2,,3328.0
2018-07-12 11:00,,7.25,829,7.25,7.21,7.23,,2019.0
2018-07-12 11:30,,7.27,829,7.29,7.24,7.25,,1807.0
2018-07-12 13:30,,7.28,829,7.3,7.27,7.27,,2094.0
2018-07-12 14:00,,7.31,829,7.32,7.26,7.28,,3360.0
2018-07-12 14:30,,7.3,829,7.32,7.29,7.31,,2095.0
2018-07-12 15:00,,7.29,829,7.32,7.29,7.3,,4176.0
2018-07-13 10:00,,7.32,829,7.33,7.27,7.28,,3045.0
2018-07-13 10:30,,7.26,829,7.32,7.26,7.32,,2748.0
2018-07-13 11:00,,7.28,829,7.29,7.24,7.26,,1450.0
2018-07-13 11:30,,7.28,829,7.29,7.26,7.28,,771.0
2018-07-13 13:30,,7.27,829,7.3,7.27,7.28,,1278.0
2018-07-13 14:00,,7.3,829,7.32,7.26,7.27,,1950.0
2018-07-13 14:30,,7.3,829,7.31,7.28,7.3,,1966.0
2018-07-13 15:00,,7.3,829,7.31,7.29,7.3,,2663.0
2018-07-16 10:00,,7.23,829,7.28,7.21,7.28,,4221.0
2018-07-16 10:30,,7.28,829,7.29,7.23,7.23,,1614.0
2018-07-16 11:00,,7.34,829,7.35,7.26,7.28,,5282.0
2018-07-16 11:30,,7.34,829,7.34,7.3,7.34,,2501.0
2018-07-16 13:30,,7.32,829,7.34,7.3,7.34,,939.0
2018-07-16 14:00,,7.32,829,7.33,7.3,7.32,,1477.0
2018-07-16 14:30,,7.31,829,7.33,7.3,7.32,,1747.0
2018-07-16 15:00,,7.3,829,7.31,7.29,7.31,,1968.0
2018-07-17 10:00,,7.39,829,7.45,7.28,7.33,,8146.0
2018-07-17 10:30,,7.38,829,7.44,7.37,7.4,,5672.0
2018-07-17 11:00,,7.4,829,7.4,7.35,7.37,,4101.0
2018-07-17 11:30,,7.4,829,7.4,7.38,7.4,,1395.0
2018-07-17 13:30,,7.39,829,7.4,7.38,7.4,,1946.0
2018-07-17 14:00,,7.41,829,7.41,7.38,7.39,,3948.0
2018-07-17 14:30,,7.4,829,7.41,7.37,7.41,,2959.0
2018-07-17 15:00,,7.39,829,7.4,7.37,7.4,,3627.0
2018-07-18 10:00,,7.36,829,7.43,7.35,7.43,,5507.0
2018-07-18 10:30,,7.39,829,7.4,7.36,7.36,,1648.0
2018-07-18 11:00,,7.43,829,7.44,7.38,7.39,,2620.0
2018-07-18 11:30,,7.4,829,7.45,7.4,7.43,,1088.0
2018-07-18 13:30,,7.42,829,7.44,7.39,7.4,,1283.0
2018-07-18 14:00,,7.39,829,7.43,7.38,7.42,,3223.0
2018-07-18 14:30,,7.41,829,7.41,7.38,7.39,,2273.0
2018-07-18 15:00,,7.38,829,7.42,7.38,7.41,,8189.0
2018-07-19 10:00,,7.39,829,7.42,7.32,7.4,,4675.0
2018-07-19 10:30,,7.39,829,7.41,7.35,7.39,,3564.0
2018-07-19 11:00,,7.36,829,7.39,7.35,7.39,,1834.0
2018-07-19 11:30,,7.38,829,7.38,7.34,7.36,,1961.0
2018-07-19 13:30,,7.36,829,7.4,7.35,7.38,,2570.0
2018-07-19 14:00,,7.44,829,7.45,7.36,7.36,,8353.0
2018-07-19 14:30,,7.39,829,7.44,7.39,7.44,,1756.0
2018-07-19 15:00,,7.39,829,7.4,7.39,7.39,,2860.0
2018-07-20 10:00,,7.34,829,7.4,7.33,7.39,,3587.0
2018-07-20 10:30,,7.38,829,7.38,7.34,7.34,,1547.0
2018-07-20 11:00,,7.43,829,7.45,7.38,7.38,,4996.0
2018-07-20 11:30,,7.4,829,7.44,7.4,7.43,,1256.0
2018-07-20 13:30,,7.43,829,7.43,7.4,7.4,,1306.0
2018-07-20 14:00,,7.47,829,7.48,7.43,7.43,,4412.0
2018-07-20 14:30,,7.46,829,7.49,7.45,7.47,,5542.0
2018-07-20 15:00,,7.44,829,7.47,7.43,7.46,,4406.0
2018-07-23 10:00,,7.56,829,7.58,7.5,7.5,,6156.0
2018-07-23 10:30,,7.63,829,7.64,7.54,7.56,,6570.0
2018-07-23 11:00,,7.58,829,7.64,7.56,7.63,,3529.0
2018-07-23 11:30,,7.61,829,7.63,7.57,7.58,,2013.0
2018-07-23 13:30,,7.59,829,7.65,7.58,7.61,,4168.0
2018-07-23 14:00,,7.62,829,7.63,7.59,7.59,,1091.0
2018-07-23 14:30,,7.74,829,7.75,7.6,7.62,,11283.0
2018-07-23 15:00,,7.7,829,7.75,7.67,7.74,,5759.0
2018-07-24 10:00,,7.91,829,8.09,7.7,7.71,,31443.0
2018-07-24 10:30,,7.91,829,7.93,7.8,7.91,,9099.0
2018-07-24 11:00,,7.91,829,7.92,7.87,7.92,,2845.0
2018-07-24 11:30,,7.88,829,7.96,7.88,7.91,,3588.0
2018-07-24 13:30,,7.94,829,7.96,7.88,7.88,,2689.0
2018-07-24 14:00,,7.94,829,7.98,7.92,7.94,,3997.0
2018-07-24 14:30,,7.97,829,7.97,7.93,7.94,,4670.0
2018-07-24 15:00,,7.95,829,7.97,7.87,7.97,,11514.0
2018-07-25 10:00,,7.91,829,7.94,7.79,7.85,,13414.0
2018-07-25 10:30,,7.84,829,7.91,7.83,7.91,,3335.0
2018-07-25 11:00,,7.82,829,7.86,7.81,7.84,,2608.0
2018-07-25 11:30,,7.85,829,7.87,7.82,7.82,,1323.0
2018-07-25 13:30,,7.82,829,7.85,7.79,7.85,,4548.0
2018-07-25 14:00,,7.78,829,7.82,7.76,7.82,,2641.0
2018-07-25 14:30,,7.8,829,7.82,7.77,7.78,,2575.0
2018-07-25 15:00,,7.8,829,7.81,7.75,7.8,,5379.0
2018-07-26 10:00,,7.87,829,7.87,7.74,7.76,,7156.0
2018-07-26 10:30,,7.92,829,7.98,7.84,7.87,,6061.0
2018-07-26 11:00,,7.88,829,7.95,7.86,7.92,,3052.0
2018-07-26 11:30,,7.87,829,7.89,7.85,7.88,,2176.0
2018-07-26 13:30,,7.82,829,7.88,7.8,7.87,,2878.0
2018-07-26 14:00,,7.82,829,7.85,7.81,7.82,,1556.0
2018-07-26 14:30,,7.81,829,7.83,7.81,7.82,,1604.0
2018-07-26 15:00,,7.84,829,7.84,7.79,7.81,,3825.0
2018-07-27 10:00,,7.88,829,7.91,7.81,7.84,,4960.0
2018-07-27 10:30,,8.09,829,8.11,7.88,7.88,,15212.0
2018-07-27 11:00,,8.03,829,8.09,8.02,8.09,,4062.0
2018-07-27 11:30,,8.18,829,8.24,8.01,8.02,,18788.0
2018-07-27 13:30,,8.19,829,8.25,8.17,8.18,,10460.0
2018-07-27 14:00,,8.24,829,8.24,8.15,8.19,,14861.0
2018-07-27 14:30,,8.24,829,8.24,8.2,8.24,,10860.0
2018-07-27 15:00,,8.12,829,8.23,8.08,8.23,,7467.0
2018-07-30 10:00,,8.34,829,8.38,8.15,8.15,,16718.0
2018-07-30 10:30,,8.35,829,8.44,8.32,8.34,,9157.0
2018-07-30 11:00,,8.34,829,8.38,8.3,8.35,,8528.0
2018-07-30 11:30,,8.42,829,8.43,8.33,8.36,,9759.0
2018-07-30 13:30,,8.45,829,8.48,8.37,8.42,,12727.0
2018-07-30 14:00,,8.43,829,8.47,8.42,8.45,,9453.0
2018-07-30 14:30,,8.38,829,8.44,8.35,8.43,,9333.0
2018-07-30 15:00,,8.36,829,8.39,8.32,8.38,,2418.0
2018-07-31 10:00,,8.57,829,8.79,8.37,8.48,,26836.0
2018-07-31 10:30,,8.57,829,8.6,8.48,8.57,,9607.0
2018-07-31 11:00,,8.56,829,8.61,8.53,8.57,,7611.0
2018-07-31 11:30,,8.55,829,8.61,8.48,8.56,,5145.0
2018-07-31 13:30,,8.56,829,8.58,8.52,8.55,,5430.0
2018-07-31 14:00,,8.54,829,8.61,8.54,8.56,,4334.0
2018-07-31 14:30,,8.6,829,8.63,8.53,8.54,,8780.0
2018-07-31 15:00,,8.57,829,8.6,8.54,8.6,,6473.0
2018-08-01 10:00,,8.57,829,8.67,8.47,8.59,,12296.0
2018-08-01 10:30,,8.55,829,8.61,8.55,8.57,,3096.0
2018-08-01 11:00,,8.52,829,8.58,8.52,8.55,,2934.0
2018-08-01 11:30,,8.63,829,8.68,8.52,8.52,,10729.0
2018-08-01 13:30,,8.63,829,8.66,8.61,8.63,,2814.0
2018-08-01 14:00,,8.73,829,8.74,8.58,8.63,,11112.0
2018-08-01 14:30,,8.65,829,8.78,8.65,8.73,,7502.0
2018-08-01 15:00,,8.56,829,8.66,8.54,8.65,,9159.0
2018-08-02 10:00,,8.42,829,8.61,8.39,8.53,,19581.0
2018-08-02 10:30,,8.43,829,8.45,8.4,8.42,,8227.0
2018-08-02 11:00,,8.49,829,8.49,8.32,8.43,,8740.0
2018-08-02 11:30,,8.38,829,8.51,8.37,8.49,,4218.0
2018-08-02 13:30,,8.38,829,8.43,8.33,8.38,,6878.0
2018-08-02 14:00,,8.39,829,8.42,8.34,8.38,,5955.0
2018-08-02 14:30,,8.39,829,8.41,8.36,8.39,,4066.0
2018-08-02 15:00,,8.42,829,8.45,8.38,8.39,,6389.0
2018-08-03 10:00,,8.48,829,8.6,8.39,8.4,,9077.0
2018-08-03 10:30,,8.44,829,8.49,8.42,8.48,,3727.0
2018-08-03 11:00,,8.51,829,8.54,8.42,8.44,,3963.0
2018-08-03 11:30,,8.49,829,8.53,8.48,8.51,,2755.0
2018-08-03 13:30,,8.44,829,8.5,8.42,8.49,,2484.0
2018-08-03 14:00,,8.58,829,8.59,8.44,8.44,,8390.0
2018-08-03 14:30,,8.54,829,8.59,8.53,8.58,,7052.0
2018-08-03 15:00,,8.54,829,8.57,8.49,8.54,,6053.0
2018-08-06 10:00,,8.57,829,8.6,8.43,8.43,,4226.0
2018-08-06 10:30,,8.51,829,8.57,8.49,8.57,,2566.0
2018-08-06 11:00,,8.45,829,8.53,8.42,8.51,,3596.0
2018-08-06 11:30,,8.46,829,8.58,8.42,8.45,,4169.0
2018-08-06 13:30,,8.49,829,8.5,8.45,8.46,,2882.0
2018-08-06 14:00,,8.4,829,8.49,8.4,8.49,,4446.0
2018-08-06 14:30,,8.38,829,8.51,8.37,8.4,,6273.0
2018-08-06 15:00,,8.31,829,8.4,8.3,8.38,,6988.0
2018-08-07 10:00,,8.46,829,8.51,8.36,8.38,,6183.0
2018-08-07 10:30,,8.55,829,8.56,8.4,8.46,,8514.0
2018-08-07 11:00,,8.58,829,8.6,8.53,8.55,,7463.0
2018-08-07 11:30,,8.67,829,8.67,8.57,8.58,,7714.0
2018-08-07 13:30,,8.7,829,8.7,8.63,8.67,,7284.0
2018-08-07 14:00,,8.68,829,8.74,8.65,8.7,,7764.0
2018-08-07 14:30,,8.69,829,8.72,8.65,8.68,,7226.0
2018-08-07 15:00,,8.67,829,8.69,8.65,8.69,,5673.0
2018-08-08 10:00,,8.8,829,8.87,8.63,8.63,,11466.0
2018-08-08 10:30,,8.84,829,8.85,8.76,8.8,,4698.0
2018-08-08 11:00,,8.8,829,8.85,8.77,8.84,,4339.0
2018-08-08 11:30,,8.79,829,8.8,8.73,8.8,,3543.0
2018-08-08 13:30,,8.8,829,8.8,8.75,8.79,,2250.0
2018-08-08 14:00,,8.71,829,8.8,8.71,8.8,,2967.0
2018-08-08 14:30,,8.73,829,8.76,8.67,8.71,,3216.0
2018-08-08 15:00,,8.69,829,8.75,8.67,8.73,,4691.0
2018-08-09 10:00,,8.83,829,8.84,8.62,8.66,,9359.0
2018-08-09 10:30,,8.92,829,8.95,8.82,8.83,,10764.0
2018-08-09 11:00,,8.98,829,8.98,8.89,8.92,,9611.0
2018-08-09 11:30,,9.04,829,9.07,8.96,8.98,,14861.0
2018-08-09 13:30,,8.98,829,9.06,8.98,9.04,,5460.0
2018-08-09 14:00,,8.97,829,9.0,8.92,8.98,,4840.0
2018-08-09 14:30,,8.9,829,8.98,8.9,8.97,,4061.0
2018-08-09 15:00,,8.95,829,8.96,8.9,8.91,,4982.0
2018-08-10 10:00,,8.93,829,9.0,8.92,8.95,,5631.0
2018-08-10 10:30,,8.95,829,8.96,8.92,8.93,,2890.0
2018-08-10 11:00,,8.88,829,8.95,8.86,8.95,,3961.0
2018-08-10 11:30,,8.87,829,8.88,8.82,8.88,,3060.0
2018-08-10 13:30,,8.82,829,8.88,8.8,8.87,,3872.0
2018-08-10 14:00,,8.85,829,8.85,8.79,8.82,,2947.0
2018-08-10 14:30,,8.8,829,8.85,8.8,8.85,,2278.0
2018-08-10 15:00,,8.78,829,8.84,8.76,8.8,,9883.0
2018-08-13 10:00,,8.88,829,8.93,8.77,8.77,,8396.0
2018-08-13 10:30,,8.84,829,8.94,8.84,8.87,,4208.0
2018-08-13 11:00,,8.79,829,8.85,8.72,8.84,,4866.0
2018-08-13 11:30,,8.76,829,8.86,8.76,8.79,,3205.0
2018-08-13 13:30,,8.84,829,8.84,8.75,8.76,,1800.0
2018-08-13 14:00,,8.84,829,8.89,8.8,8.84,,3671.0
2018-08-13 14:30,,8.85,829,8.87,8.78,8.84,,3353.0
2018-08-13 15:00,,8.83,829,8.85,8.8,8.85,,4756.0
2018-08-14 10:00,,8.77,829,8.94,8.76,8.79,,5034.0
2018-08-14 10:30,,8.82,829,8.89,8.76,8.77,,3679.0
2018-08-14 11:00,,8.76,829,8.85,8.74,8.82,,2223.0
2018-08-14 11:30,,8.78,829,8.84,8.74,8.76,,2138.0
2018-08-14 13:30,,8.66,829,8.78,8.64,8.78,,7846.0
2018-08-14 14:00,,8.67,829,8.72,8.63,8.66,,6785.0
2018-08-14 14:30,,8.75,829,8.76,8.66,8.67,,4481.0
2018-08-14 15:00,,8.74,829,8.78,8.73,8.75,,3773.0
2018-08-15 10:00,,8.81,829,8.88,8.73,8.73,,7551.0
2018-08-15 10:30,,8.76,829,8.85,8.74,8.81,,4393.0
2018-08-15 11:00,,8.7,829,8.79,8.7,8.76,,4415.0
2018-08-15 11:30,,8.7,829,8.73,8.65,8.7,,3309.0
2018-08-15 13:30,,8.72,829,8.73,8.67,8.7,,2945.0
2018-08-15 14:00,,8.75,829,8.77,8.69,8.72,,2310.0
2018-08-15 14:30,,8.73,829,8.79,8.7,8.72,,3210.0
2018-08-15 15:00,,8.69,829,8.74,8.66,8.73,,4657.0
2018-08-16 10:00,,8.68,829,8.73,8.57,8.65,,6825.0
2018-08-16 10:30,,8.68,829,8.69,8.64,8.68,,4398.0
2018-08-16 11:00,,8.67,829,8.69,8.64,8.68,,2019.0
2018-08-16 11:30,,8.62,829,8.68,8.62,8.67,,2141.0
2018-08-16 13:30,,8.66,829,8.7,8.62,8.62,,2703.0
2018-08-16 14:00,,8.63,829,8.69,8.62,8.69,,2484.0
2018-08-16 14:30,,8.55,829,8.65,8.51,8.63,,6485.0
2018-08-16 15:00,,8.48,829,8.57,8.42,8.55,,8731.0
2018-08-17 10:00,,8.79,829,8.82,8.53,8.53,,11869.0
2018-08-17 10:30,,8.72,829,8.88,8.72,8.79,,11354.0
2018-08-17 11:00,,8.81,829,8.81,8.72,8.72,,4444.0
2018-08-17 11:30,,8.81,829,8.85,8.76,8.81,,4298.0
2018-08-17 13:30,,8.78,829,8.82,8.75,8.81,,6081.0
2018-08-17 14:00,,8.76,829,8.8,8.72,8.78,,4998.0
2018-08-17 14:30,,8.7,829,8.79,8.65,8.76,,5136.0
2018-08-17 15:00,,8.62,829,8.7,8.61,8.7,,6826.0
2018-08-20 10:00,,8.59,829,8.82,8.55,8.62,,8219.0
2018-08-20 10:30,,8.56,829,8.63,8.54,8.59,,3420.0
2018-08-20 11:00,,8.44,829,8.58,8.41,8.56,,5761.0
2018-08-20 11:30,,8.4,829,8.47,8.28,8.44,,5134.0
2018-08-20 13:30,,8.57,829,8.85,8.4,8.4,,14885.0
2018-08-20 14:00,,8.57,829,8.59,8.52,8.57,,3651.0
2018-08-20 14:30,,8.7,829,8.7,8.56,8.57,,4376.0
2018-08-20 15:00,,8.55,829,8.73,8.52,8.7,,7761.0
2018-08-21 10:00,,8.45,829,8.64,8.45,8.56,,9272.0
2018-08-21 10:30,,8.57,829,8.57,8.45,8.45,,1793.0
2018-08-21 11:00,,8.59,829,8.59,8.53,8.57,,2299.0
2018-08-21 11:30,,8.57,829,8.62,8.52,8.59,,2871.0
2018-08-21 13:30,,8.57,829,8.57,8.5,8.57,,1822.0
2018-08-21 14:00,,8.52,829,8.57,8.52,8.57,,933.0
2018-08-21 14:30,,8.69,829,8.7,8.52,8.52,,8048.0
2018-08-21 15:00,,8.62,829,8.71,8.61,8.69,,3360.0
2018-08-22 10:00,,8.36,829,8.66,8.33,8.55,,10018.0
2018-08-22 10:30,,8.38,829,8.41,8.33,8.36,,4391.0
2018-08-22 11:00,,8.3,829,8.38,8.3,8.38,,6662.0
2018-08-22 11:30,,8.26,829,8.3,8.25,8.3,,6348.0
2018-08-22 13:30,,8.2,829,8.26,8.2,8.26,,4677.0
2018-08-22 14:00,,8.25,829,8.25,8.16,8.2,,4521.0
2018-08-22 14:30,,8.19,829,8.25,8.18,8.25,,2184.0
2018-08-22 15:00,,8.21,829,8.25,8.19,8.19,,3990.0
2018-08-23 10:00,,8.38,829,8.39,8.08,8.21,,6954.0
2018-08-23 10:30,,8.39,829,8.46,8.37,8.39,,4542.0
2018-08-23 11:00,,8.41,829,8.41,8.35,8.38,,1547.0
2018-08-23 11:30,,8.36,829,8.41,8.34,8.41,,1098.0
2018-08-23 13:30,,8.45,829,8.45,8.35,8.36,,3504.0
2018-08-23 14:00,,8.49,829,8.52,8.44,8.45,,9449.0
2018-08-23 14:30,,8.5,829,8.51,8.45,8.49,,4037.0
2018-08-23 15:00,,8.46,829,8.5,8.44,8.5,,4717.0
2018-08-24 10:00,,8.5,829,8.59,8.41,8.45,,6709.0
2018-08-24 10:30,,8.47,829,8.51,8.45,8.5,,1762.0
2018-08-24 11:00,,8.46,829,8.55,8.43,8.47,,2144.0
2018-08-24 11:30,,8.45,829,8.48,8.42,8.46,,1089.0
2018-08-24 13:30,,8.48,829,8.52,8.44,8.45,,2029.0
2018-08-24 14:00,,8.47,829,8.51,8.44,8.48,,3139.0
2018-08-24 14:30,,8.44,829,8.47,8.43,8.47,,1664.0
2018-08-24 15:00,,8.43,829,8.48,8.39,8.44,,7871.0
2018-08-27 10:00,,8.44,829,8.52,8.35,8.42,,3993.0
2018-08-27 10:30,,8.48,829,8.49,8.41,8.44,,2414.0
2018-08-27 11:00,,8.54,829,8.54,8.45,8.48,,7467.0
2018-08-27 11:30,,8.53,829,8.55,8.52,8.54,,3417.0
2018-08-27 13:30,,8.59,829,8.6,8.53,8.53,,3660.0
2018-08-27 14:00,,8.6,829,8.61,8.57,8.59,,2818.0
2018-08-27 14:30,,8.58,829,8.61,8.56,8.6,,3080.0
2018-08-27 15:00,,8.59,829,8.59,8.54,8.58,,3100.0
2018-08-28 10:00,,8.57,829,8.61,8.5,8.57,,4486.0
2018-08-28 10:30,,8.59,829,8.61,8.55,8.57,,1689.0
2018-08-28 11:00,,8.56,829,8.63,8.56,8.59,,1225.0
2018-08-28 11:30,,8.58,829,8.61,8.55,8.56,,764.0
2018-08-28 13:30,,8.58,829,8.6,8.56,8.58,,930.0
2018-08-28 14:00,,8.56,829,8.6,8.54,8.58,,2115.0
2018-08-28 14:30,,8.51,829,8.58,8.5,8.56,,2678.0
2018-08-28 15:00,,8.52,829,8.56,8.51,8.51,,2961.0
2018-08-29 10:00,,8.48,829,8.57,8.46,8.57,,2986.0
2018-08-29 10:30,,8.51,829,8.52,8.45,8.48,,3546.0
2018-08-29 11:00,,8.5,829,8.55,8.46,8.51,,2198.0
2018-08-29 11:30,,8.5,829,8.53,8.48,8.5,,1314.0
2018-08-29 13:30,,8.48,829,8.53,8.45,8.5,,1924.0
2018-08-29 14:00,,8.43,829,8.51,8.43,8.48,,3114.0
2018-08-29 14:30,,8.42,829,8.46,8.41,8.43,,5219.0
2018-08-29 15:00,,8.49,829,8.51,8.42,8.42,,2036.0
2018-08-30 10:00,,8.4,829,8.5,8.39,8.46,,3618.0
2018-08-30 10:30,,8.3,829,8.43,8.3,8.4,,5102.0
2018-08-30 11:00,,8.3,829,8.35,8.29,8.3,,2845.0
2018-08-30 11:30,,8.3,829,8.37,8.3,8.3,,1483.0
2018-08-30 13:30,,8.3,829,8.35,8.3,8.3,,2221.0
2018-08-30 14:00,,8.32,829,8.38,8.3,8.3,,839.0
2018-08-30 14:30,,8.29,829,8.33,8.27,8.32,,2607.0
2018-08-30 15:00,,8.25,829,8.31,8.25,8.29,,6028.0
2018-08-31 10:00,,8.47,829,8.49,8.25,8.25,,9483.0
2018-08-31 10:30,,8.28,829,8.46,8.27,8.45,,7501.0
2018-08-31 11:00,,8.31,829,8.34,8.27,8.28,,5997.0
2018-08-31 11:30,,8.34,829,8.35,8.29,8.29,,2422.0
2018-08-31 13:30,,8.36,829,8.38,8.32,8.34,,5967.0
2018-08-31 14:00,,8.36,829,8.4,8.33,8.36,,2266.0
2018-08-31 14:30,,8.33,829,8.36,8.32,8.36,,1669.0
2018-08-31 15:00,,8.33,829,8.36,8.3,8.33,,3138.0
2018-09-03 10:00,,8.74,829,9.16,8.31,8.35,,64085.0
2018-09-03 10:30,,8.5,829,8.75,8.48,8.74,,9948.0
2018-09-03 11:00,,8.53,829,8.62,8.49,8.5,,6060.0
2018-09-03 11:30,,8.58,829,8.6,8.5,8.53,,3246.0
2018-09-03 13:30,,8.44,829,8.58,8.42,8.58,,5191.0
2018-09-03 14:00,,8.36,829,8.45,8.32,8.4,,7631.0
2018-09-03 14:30,,8.41,829,8.46,8.34,8.36,,6117.0
2018-09-03 15:00,,8.46,829,8.49,8.38,8.41,,15735.0
2018-09-04 10:00,,8.3,829,8.42,8.23,8.3,,19050.0
2018-09-04 10:30,,8.21,829,8.3,8.17,8.3,,11583.0
2018-09-04 11:00,,8.22,829,8.26,8.2,8.21,,3899.0
2018-09-04 11:30,,8.19,829,8.22,8.15,8.22,,5472.0
2018-09-04 13:30,,8.23,829,8.25,8.14,8.19,,7817.0
2018-09-04 14:00,,8.23,829,8.25,8.19,8.23,,5202.0
2018-09-04 14:30,,8.2,829,8.26,8.2,8.23,,7466.0
2018-09-04 15:00,,8.2,829,8.24,8.18,8.2,,10435.0
2018-09-05 10:00,,8.04,829,8.18,8.02,8.1,,15391.0
2018-09-05 10:30,,7.95,829,8.06,7.81,8.05,,17840.0
2018-09-05 11:00,,7.87,829,7.97,7.86,7.95,,9830.0
2018-09-05 11:30,,7.85,829,7.87,7.8,7.87,,8272.0
2018-09-05 13:30,,7.91,829,7.92,7.85,7.85,,4260.0
2018-09-05 14:00,,7.8,829,7.92,7.8,7.91,,4603.0
2018-09-05 14:30,,7.85,829,7.87,7.8,7.8,,3452.0
2018-09-05 15:00,,7.78,829,7.88,7.76,7.85,,8535.0
2018-09-06 10:00,,7.67,829,7.76,7.58,7.76,,7552.0
2018-09-06 10:30,,7.79,829,7.82,7.67,7.67,,3789.0
2018-09-06 11:00,,7.73,829,7.8,7.72,7.79,,2865.0
2018-09-06 11:30,,7.76,829,7.76,7.71,7.73,,1469.0
2018-09-06 13:30,,7.74,829,7.77,7.7,7.76,,1853.0
2018-09-06 14:00,,7.69,829,7.74,7.66,7.74,,1577.0
2018-09-06 14:30,,7.62,829,7.7,7.56,7.69,,9378.0
2018-09-06 15:00,,7.63,829,7.74,7.62,7.62,,7565.0
2018-09-07 10:00,,7.79,829,7.79,7.68,7.7,,7905.0
2018-09-07 10:30,,7.72,829,7.8,7.72,7.79,,4536.0
2018-09-07 11:00,,7.73,829,7.75,7.7,7.72,,3316.0
2018-09-07 11:30,,7.62,829,7.76,7.61,7.71,,4625.0
2018-09-07 13:30,,7.67,829,7.72,7.58,7.62,,4108.0
2018-09-07 14:00,,7.6,829,7.67,7.6,7.67,,2151.0
2018-09-07 14:30,,7.57,829,7.62,7.52,7.6,,4607.0
2018-09-07 15:00,,7.6,829,7.64,7.56,7.57,,4384.0
2018-09-10 10:00,,7.42,829,7.62,7.4,7.58,,8140.0
2018-09-10 10:30,,7.42,829,7.45,7.42,7.42,,3443.0
2018-09-10 11:00,,7.44,829,7.47,7.38,7.42,,4244.0
2018-09-10 11:30,,7.4,829,7.46,7.4,7.44,,2683.0
2018-09-10 13:30,,7.37,829,7.45,7.36,7.4,,2796.0
2018-09-10 14:00,,7.34,829,7.38,7.34,7.37,,2824.0
2018-09-10 14:30,,7.33,829,7.36,7.31,7.34,,3271.0
2018-09-10 15:00,,7.33,829,7.35,7.3,7.32,,4073.0
2018-09-11 10:00,,7.26,829,7.48,7.26,7.33,,6714.0
2018-09-11 10:30,,7.31,829,7.32,7.26,7.26,,3246.0
2018-09-11 11:00,,7.26,829,7.32,7.26,7.31,,2206.0
2018-09-11 11:30,,7.35,829,7.38,7.26,7.26,,3733.0
2018-09-11 13:30,,7.33,829,7.37,7.32,7.35,,2682.0
2018-09-11 14:00,,7.28,829,7.34,7.28,7.33,,3819.0
2018-09-11 14:30,,7.29,829,7.31,7.25,7.28,,2143.0
2018-09-11 15:00,,7.33,829,7.36,7.29,7.29,,3074.0
2018-09-12 10:00,,7.37,829,7.38,7.28,7.32,,3726.0
2018-09-12 10:30,,7.41,829,7.43,7.35,7.37,,3323.0
2018-09-12 11:00,,7.39,829,7.41,7.36,7.41,,849.0
2018-09-12 11:30,,7.36,829,7.39,7.35,7.39,,809.0
2018-09-12 13:30,,7.38,829,7.39,7.36,7.36,,921.0
2018-09-12 14:00,,7.36,829,7.4,7.36,7.38,,1303.0
2018-09-12 14:30,,7.35,829,7.38,7.34,7.36,,1283.0
2018-09-12 15:00,,7.36,829,7.38,7.34,7.35,,2228.0
2018-09-13 10:00,,7.38,829,7.48,7.36,7.4,,3834.0
2018-09-13 10:30,,7.29,829,7.39,7.27,7.38,,3962.0
2018-09-13 11:00,,7.29,829,7.3,7.25,7.29,,2947.0
2018-09-13 11:30,,7.26,829,7.3,7.23,7.29,,2216.0
2018-09-13 13:30,,7.26,829,7.28,7.25,7.26,,905.0
2018-09-13 14:00,,7.32,829,7.32,7.26,7.26,,1395.0
2018-09-13 14:30,,7.33,829,7.35,7.3,7.32,,1504.0
2018-09-13 15:00,,7.33,829,7.36,7.3,7.33,,3185.0
2018-09-14 10:00,,7.27,829,7.38,7.25,7.38,,3015.0
2018-09-14 10:30,,7.22,829,7.33,7.22,7.27,,2741.0
2018-09-14 11:00,,7.24,829,7.27,7.21,7.22,,1635.0
2018-09-14 11:30,,7.26,829,7.26,7.22,7.24,,1518.0
2018-09-14 13:30,,7.22,829,7.27,7.21,7.26,,2100.0
2018-09-14 14:00,,7.14,829,7.25,7.11,7.22,,8020.0
2018-09-14 14:30,,7.12,829,7.17,7.1,7.14,,4034.0
2018-09-14 15:00,,7.08,829,7.13,7.08,7.12,,6585.0
2018-09-17 10:00,,7.12,829,7.2,7.03,7.16,,3716.0
2018-09-17 10:30,,7.1,829,7.15,7.09,7.12,,1600.0
2018-09-17 11:00,,7.07,829,7.1,7.03,7.1,,2991.0
2018-09-17 11:30,,7.08,829,7.09,7.05,7.07,,783.0
2018-09-17 13:30,,7.03,829,7.08,7.01,7.08,,2118.0
2018-09-17 14:00,,7.07,829,7.07,7.02,7.03,,1203.0
2018-09-17 14:30,,7.08,829,7.09,7.05,7.07,,1022.0
2018-09-17 15:00,,7.08,829,7.09,7.06,7.08,,2124.0
2018-09-18 10:00,,7.1,829,7.14,7.02,7.09,,4287.0
2018-09-18 10:30,,7.09,829,7.12,7.09,7.1,,3468.0
2018-09-18 11:00,,7.03,829,7.11,7.02,7.09,,3578.0
2018-09-18 11:30,,7.03,829,7.08,7.02,7.03,,2631.0
2018-09-18 13:30,,7.02,829,7.04,7.01,7.03,,3995.0
2018-09-18 14:00,,7.07,829,7.09,7.01,7.01,,3896.0
2018-09-18 14:30,,7.11,829,7.11,7.07,7.07,,7457.0
2018-09-18 15:00,,7.12,829,7.12,7.08,7.11,,6293.0
2018-09-19 10:00,,7.09,829,7.09,7.03,7.07,,5982.0
2018-09-19 10:30,,7.12,829,7.12,7.06,7.09,,7183.0
2018-09-19 11:00,,7.1,829,7.13,7.07,7.12,,4873.0
2018-09-19 11:30,,7.08,829,7.13,7.08,7.1,,3035.0
2018-09-19 13:30,,7.1,829,7.13,7.08,7.08,,10809.0
2018-09-19 14:00,,7.11,829,7.14,7.1,7.1,,8846.0
2018-09-19 14:30,,7.11,829,7.14,7.1,7.11,,6507.0
2018-09-19 15:00,,7.09,829,7.12,7.08,7.11,,11360.0
2018-09-20 10:00,,7.11,829,7.13,7.08,7.1,,8234.0
2018-09-20 10:30,,7.08,829,7.14,7.08,7.11,,6203.0
2018-09-20 11:00,,7.06,829,7.11,7.05,7.08,,5783.0
2018-09-20 11:30,,6.99,829,7.06,6.98,7.06,,9505.0
2018-09-20 13:30,,7.0,829,7.01,6.99,6.99,,4688.0
2018-09-20 14:00,,6.99,829,7.01,6.99,7.0,,5355.0
2018-09-20 14:30,,6.99,829,7.01,6.99,6.99,,6201.0
2018-09-20 15:00,,7.04,829,7.05,6.97,7.0,,12449.0
2018-09-21 10:00,,6.99,829,7.05,6.99,7.04,,7750.0
2018-09-21 10:30,,6.97,829,7.02,6.95,6.99,,7991.0
2018-09-21 11:00,,6.98,829,7.0,6.96,6.97,,6399.0
2018-09-21 11:30,,7.0,829,7.01,6.97,6.98,,5341.0
2018-09-21 13:30,,6.99,829,7.01,6.98,7.0,,10010.0
2018-09-21 14:00,,6.99,829,7.01,6.98,6.99,,12873.0
2018-09-21 14:30,,6.99,829,7.02,6.97,6.99,,19895.0
2018-09-21 15:00,,6.99,829,7.0,6.91,6.99,,33592.0
2018-09-25 10:00,,6.78,829,6.98,6.73,6.98,,21770.0
2018-09-25 10:30,,6.79,829,6.82,6.77,6.78,,10824.0
2018-09-25 11:00,,6.61,829,6.8,6.57,6.8,,29280.0
2018-09-25 11:30,,6.58,829,6.63,6.57,6.61,,16240.0
2018-09-25 13:30,,6.61,829,6.66,6.58,6.58,,11118.0
2018-09-25 14:00,,6.59,829,6.61,6.58,6.61,,12609.0
2018-09-25 14:30,,6.62,829,6.65,6.58,6.59,,10604.0
2018-09-25 15:00,,6.62,829,6.63,6.52,6.62,,31748.0
2018-09-26 10:00,,6.68,829,6.73,6.58,6.62,,21428.0
2018-09-26 10:30,,6.67,829,6.69,6.61,6.67,,11522.0
2018-09-26 11:00,,6.68,829,6.7,6.66,6.67,,9501.0
2018-09-26 11:30,,6.67,829,6.7,6.63,6.68,,9762.0
2018-09-26 13:30,,6.68,829,6.69,6.66,6.67,,9823.0
2018-09-26 14:00,,6.67,829,6.69,6.67,6.68,,9616.0
2018-09-26 14:30,,6.63,829,6.68,6.63,6.67,,12139.0
2018-09-26 15:00,,6.65,829,6.66,6.63,6.63,,13568.0
2018-09-27 10:00,,6.6,829,6.69,6.59,6.69,,11745.0
2018-09-27 10:30,,6.6,829,6.61,6.57,6.6,,5866.0
2018-09-27 11:00,,6.59,829,6.63,6.58,6.6,,3153.0
2018-09-27 11:30,,6.53,829,6.59,6.53,6.59,,7885.0
2018-09-27 13:30,,6.53,829,6.55,6.52,6.53,,5310.0
2018-09-27 14:00,,6.43,829,6.53,6.42,6.53,,15854.0
2018-09-27 14:30,,6.44,829,6.48,6.4,6.43,,13040.0
2018-09-27 15:00,,6.5,829,6.5,6.41,6.44,,16793.0
2018-09-28 10:00,,6.47,829,6.54,6.45,6.5,,8283.0
2018-09-28 10:30,,6.46,829,6.49,6.44,6.47,,6228.0
2018-09-28 11:00,,6.49,829,6.5,6.46,6.46,,3083.0
2018-09-28 11:30,,6.48,829,6.49,6.46,6.48,,3062.0
2018-09-28 13:30,,6.52,829,6.52,6.46,6.48,,4283.0
2018-09-28 14:00,,6.48,829,6.52,6.48,6.52,,2772.0
2018-09-28 14:30,{},6.47,829,6.49,6.46,6.48,4.055,3774.0
2018-09-28 14:30,,6.47,829,6.49,6.46,6.48,,3774.0
2018-09-28 15:00,{},6.5,829,6.53,6.46,6.47,10.7435,9999.0
2018-09-28 15:00,,6.5,829,6.53,6.46,6.47,,9999.0
2018-10-08 10:00,{},6.36,829,6.42,6.32,6.42,12.2359,11388.0
2018-10-08 10:00,,6.36,829,6.42,6.32,6.42,,11388.0
2018-10-08 10:30,,6.29,829,6.36,6.28,6.36,,8206.0
2018-10-08 10:30,{},6.29,829,6.36,6.28,6.36,8.817,8206.0
2018-10-08 11:00,,6.29,829,6.31,6.28,6.29,,4586.0
2018-10-08 11:00,{},6.29,829,6.31,6.28,6.29,4.9275,4586.0
2018-10-08 11:30,,6.29,829,6.32,6.25,6.29,,7789.0
2018-10-08 11:30,{},6.29,829,6.32,6.25,6.29,8.369,7789.0
2018-10-08 13:30,,6.35,829,6.37,6.3,6.3,,3919.0
2018-10-08 13:30,{},6.35,829,6.37,6.3,6.3,4.2108,3919.0
2018-10-08 14:00,,6.3,829,6.35,6.3,6.35,,2760.0
2018-10-08 14:00,{},6.3,829,6.35,6.3,6.35,2.9655,2760.0
2018-10-08 14:30,{},6.3,829,6.34,6.28,6.3,2.4917,2319.0
2018-10-08 14:30,,6.3,829,6.34,6.28,6.3,,2319.0
2018-10-08 15:00,,6.26,829,6.31,6.25,6.3,,7435.0
2018-10-08 15:00,{},6.26,829,6.31,6.25,6.3,7.9886,7435.0
2018-10-09 10:00,,6.31,829,6.32,6.26,6.3,,6983.0
2018-10-09 10:00,{},6.31,829,6.32,6.26,6.3,7.5029,6983.0
2018-10-09 10:30,{},6.27,829,6.31,6.26,6.31,3.2126,2990.0
2018-10-09 10:30,,6.27,829,6.31,6.26,6.31,,2990.0
2018-10-09 11:00,,6.24,829,6.29,6.22,6.27,,3671.0
2018-10-09 11:00,{},6.24,829,6.29,6.22,6.27,3.9443,3671.0
2018-10-09 11:30,{},6.19,829,6.27,5.96,6.24,8.24,7669.0
2018-10-09 11:30,,6.19,829,6.27,5.96,6.24,,7669.0
2018-10-09 13:30,{},6.14,829,6.2,6.14,6.19,5.4249,5049.0
2018-10-09 13:30,,6.14,829,6.2,6.14,6.19,,5049.0
2018-10-09 14:00,,6.05,829,6.15,6.03,6.14,,9228.0
2018-10-09 14:00,{},6.05,829,6.15,6.03,6.14,9.9151,9228.0
2018-10-09 14:30,{},6.08,829,6.09,6.02,6.05,7.6813,7149.0
2018-10-09 14:30,,6.08,829,6.09,6.02,6.05,,7149.0
2018-10-09 15:00,{},6.16,829,6.16,6.07,6.08,9.3134,8668.0
2018-10-09 15:00,,6.16,829,6.16,6.07,6.08,,8668.0
2018-10-10 10:00,{},6.21,829,6.21,6.12,6.13,7.9832,7430.0
2018-10-10 10:00,,6.21,829,6.21,6.12,6.13,,7430.0
2018-10-10 10:30,,6.12,829,6.21,6.06,6.21,,7948.0
2018-10-10 10:30,{},6.12,829,6.21,6.06,6.21,8.5398,7948.0
2018-10-10 11:00,{},6.07,829,6.14,6.05,6.12,6.5703,6115.0
2018-10-10 11:00,,6.07,829,6.14,6.05,6.12,,6115.0
2018-10-10 11:30,,6.15,829,6.15,6.06,6.06,,3496.0
2018-10-10 11:30,{},6.15,829,6.15,6.06,6.06,3.7563,3496.0
2018-10-10 13:30,{},6.12,829,6.15,6.11,6.15,4.4472,4139.0
2018-10-10 13:30,,6.12,829,6.15,6.11,6.15,,4139.0
2018-10-10 14:00,{},6.1,829,6.13,6.09,6.12,1.8846,1754.0
2018-10-10 14:00,,6.1,829,6.13,6.09,6.12,,1754.0
2018-10-10 14:30,,6.1,829,6.13,6.09,6.09,,4842.0
2018-10-10 14:30,{},6.1,829,6.13,6.09,6.09,5.2025,4842.0
2018-10-10 15:00,{},6.15,829,6.17,6.08,6.1,7.8511,7307.0
2018-10-10 15:00,,6.15,829,6.17,6.08,6.1,,7307.0
2018-10-11 10:00,{},5.86,829,5.99,5.84,5.99,16.0105,14901.0
2018-10-11 10:00,,5.86,829,5.99,5.84,5.99,,14901.0
2018-10-11 10:30,,5.78,829,5.87,5.68,5.86,,12063.0
2018-10-11 10:30,{},5.78,829,5.87,5.68,5.86,12.9612,12063.0
2018-10-11 11:00,{},5.6,829,5.78,5.6,5.78,11.2689,10488.0
2018-10-11 11:00,,5.6,829,5.78,5.6,5.78,,10488.0
2018-10-11 11:30,{},5.62,829,5.63,5.55,5.6,12.8645,11973.0
2018-10-11 11:30,,5.62,829,5.63,5.55,5.6,,11973.0
2018-10-11 13:30,{},5.55,829,5.62,5.54,5.62,12.9569,12059.0
2018-10-11 13:30,,5.55,829,5.62,5.54,5.62,,12059.0
2018-10-11 14:00,,5.54,829,5.59,5.54,5.55,,5437.0
2018-10-11 14:00,{},5.54,829,5.59,5.54,5.55,5.8418,5437.0
2018-10-11 14:30,{},5.54,829,5.57,5.54,5.54,4.9747,4630.0
2018-10-11 14:30,,5.54,829,5.57,5.54,5.54,,4630.0
2018-10-11 15:00,{},5.54,829,5.54,5.54,5.54,15.0349,13993.0
2018-10-11 15:00,,5.54,829,5.54,5.54,5.54,,13993.0
2018-10-12 10:00,,5.3,829,5.41,5.28,5.31,,19404.0
2018-10-12 10:00,{},5.3,829,5.41,5.28,5.31,20.8488,19404.0
2018-10-12 10:30,,5.18,829,5.3,5.15,5.3,,12417.0
2018-10-12 10:30,{},5.18,829,5.3,5.15,5.3,13.3416,12417.0
2018-10-12 11:00,,5.16,829,5.18,5.07,5.18,,11166.0
2018-10-12 11:00,{},5.16,829,5.18,5.07,5.18,11.9974,11166.0
2018-10-12 11:30,{},5.26,829,5.26,5.11,5.16,7.7898,7250.0
2018-10-12 11:30,,5.26,829,5.26,5.11,5.16,,7250.0
2018-10-12 13:30,{},5.3,829,5.36,5.26,5.26,5.815,5412.0
2018-10-12 13:30,,5.3,829,5.36,5.26,5.26,,5412.0
2018-10-12 14:00,,5.26,829,5.32,5.25,5.3,,3839.0
2018-10-12 14:00,{},5.26,829,5.32,5.25,5.3,4.1248,3839.0
2018-10-12 14:30,,5.32,829,5.34,5.25,5.26,,4251.0
2018-10-12 14:30,{},5.32,829,5.34,5.25,5.26,4.5675,4251.0
2018-10-12 15:00,,5.28,829,5.36,5.27,5.32,,12093.0
2018-10-12 15:00,{},5.28,829,5.36,5.27,5.32,12.9934,12093.0
2018-10-15 10:00,,5.34,829,5.36,5.26,5.31,,10744.0
2018-10-15 10:00,{},5.34,829,5.36,5.26,5.31,11.544,10744.0
2018-10-15 10:30,,5.35,829,5.35,5.32,5.34,,4918.0
2018-10-15 10:30,{},5.35,829,5.35,5.32,5.34,5.2842,4918.0
2018-10-15 11:00,{},5.35,829,5.37,5.33,5.35,3.8111,3547.0
2018-10-15 11:00,,5.35,829,5.37,5.33,5.35,,3547.0
2018-10-15 11:30,{},5.31,829,5.36,5.26,5.34,6.5037,6053.0
2018-10-15 11:30,,5.31,829,5.36,5.26,5.34,,6053.0
2018-10-15 13:30,,5.27,829,5.31,5.25,5.31,,3657.0
2018-10-15 13:30,{},5.27,829,5.31,5.25,5.31,3.9293,3657.0
2018-10-15 14:00,,5.15,829,5.29,5.1,5.27,,10529.0
2018-10-15 14:00,{},5.15,829,5.29,5.1,5.27,11.313,10529.0
2018-10-15 14:30,,5.1,829,5.2,5.09,5.15,,13129.0
2018-10-15 14:30,{},5.1,829,5.2,5.09,5.15,14.1066,13129.0
2018-10-15 15:00,{},5.1,829,5.12,5.06,5.1,16.4403,15301.0
2018-10-15 15:00,,5.1,829,5.12,5.06,5.1,,15301.0
2018-10-16 10:00,{},5.28,829,5.3,5.15,5.16,23.2029,21595.0
2018-10-16 10:00,,5.28,829,5.3,5.15,5.16,,21595.0
2018-10-16 10:30,{},5.39,829,5.53,5.25,5.28,27.9499,26013.0
2018-10-16 10:30,,5.39,829,5.53,5.25,5.28,,26013.0
2018-10-16 11:00,,5.29,829,5.4,5.27,5.4,,12997.0
2018-10-16 11:00,{},5.29,829,5.4,5.27,5.4,13.9647,12997.0
2018-10-16 11:30,{},5.26,829,5.32,5.25,5.29,6.2716,5837.0
2018-10-16 11:30,,5.26,829,5.32,5.25,5.29,,5837.0
2018-10-16 13:30,,5.3,829,5.31,5.26,5.26,,4817.0
2018-10-16 13:30,{},5.3,829,5.31,5.26,5.26,5.1757,4817.0
2018-10-16 14:00,,5.35,829,5.37,5.27,5.3,,8601.0
2018-10-16 14:00,{},5.35,829,5.37,5.27,5.3,9.2414,8601.0
2018-10-16 14:30,,5.3,829,5.36,5.26,5.36,,11312.0
2018-10-16 14:30,{},5.3,829,5.36,5.26,5.36,12.1543,11312.0
2018-10-16 15:00,{},5.24,829,5.3,5.21,5.3,12.0941,11256.0
2018-10-16 15:00,,5.24,829,5.3,5.21,5.3,,11256.0
2018-10-17 10:00,{},5.37,829,5.55,5.37,5.55,37.5051,34906.0
2018-10-17 10:00,,5.37,829,5.55,5.37,5.55,,34906.0
2018-10-17 10:30,,5.4,829,5.41,5.31,5.36,,12835.0
2018-10-17 10:30,{},5.4,829,5.41,5.31,5.36,13.7907,12835.0
2018-10-17 11:00,{},5.41,829,5.45,5.37,5.4,5.311,4943.0
2018-10-17 11:00,,5.41,829,5.45,5.37,5.4,,4943.0
2018-10-17 11:30,,5.39,829,5.42,5.35,5.41,,4746.0
2018-10-17 11:30,{},5.39,829,5.42,5.35,5.41,5.0994,4746.0
2018-10-17 13:30,,5.37,829,5.41,5.34,5.39,,4225.0
2018-10-17 13:30,{},5.37,829,5.41,5.34,5.39,4.5396,4225.0
2018-10-17 14:00,{},5.46,829,5.46,5.35,5.37,10.4094,9688.0
2018-10-17 14:00,,5.46,829,5.46,5.35,5.37,,9688.0
2018-10-17 14:30,,5.46,829,5.47,5.43,5.46,,5778.0
2018-10-17 14:30,{},5.46,829,5.47,5.43,5.46,6.2082,5778.0
2018-10-17 15:00,{},5.42,829,5.47,5.4,5.46,7.5749,7050.0
2018-10-17 15:00,,5.42,829,5.47,5.4,5.46,,7050.0
2018-10-18 10:00,,5.3,829,5.4,5.28,5.36,,13866.0
2018-10-18 10:00,{},5.3,829,5.4,5.28,5.36,14.8984,13866.0
2018-10-18 10:30,,5.31,829,5.34,5.26,5.3,,9440.0
2018-10-18 10:30,{},5.31,829,5.34,5.26,5.3,10.1429,9440.0
2018-10-18 11:00,,5.34,829,5.36,5.31,5.31,,5552.0
2018-10-18 11:00,{},5.34,829,5.36,5.31,5.31,5.9654,5552.0
2018-10-18 11:30,,5.32,829,5.35,5.3,5.34,,2524.0
2018-10-18 11:30,{},5.32,829,5.35,5.3,5.34,2.7119,2524.0
2018-10-18 13:30,{},5.34,829,5.36,5.3,5.32,4.9565,4613.0
2018-10-18 13:30,,5.34,829,5.36,5.3,5.32,,4613.0
2018-10-18 14:00,,5.39,829,5.42,5.34,5.34,,7363.0
2018-10-18 14:00,{},5.39,829,5.42,5.34,5.34,7.9112,7363.0
2018-10-18 14:30,{},5.34,829,5.4,5.29,5.39,10.5189,9790.0
2018-10-18 14:30,,5.34,829,5.4,5.29,5.39,,9790.0
2018-10-18 15:00,{},5.28,829,5.36,5.25,5.34,10.0516,9355.0
2018-10-18 15:00,,5.28,829,5.36,5.25,5.34,,9355.0
2018-10-19 10:00,,5.3,829,5.37,5.25,5.34,,17560.0
2018-10-19 10:00,{},5.3,829,5.37,5.25,5.34,18.8675,17560.0
2018-10-19 10:30,{},5.34,829,5.34,5.23,5.3,8.8106,8200.0
2018-10-19 10:30,,5.34,829,5.34,5.23,5.3,,8200.0
2018-10-19 11:00,,5.33,829,5.36,5.31,5.34,,6320.0
2018-10-19 11:00,{},5.33,829,5.36,5.31,5.34,6.7906,6320.0
2018-10-19 11:30,,5.28,829,5.34,5.27,5.33,,5073.0
2018-10-19 11:30,{},5.28,829,5.34,5.27,5.33,5.4507,5073.0
2018-10-19 13:30,,5.31,829,5.33,5.28,5.28,,5429.0
2018-10-19 13:30,{},5.31,829,5.33,5.28,5.28,5.8332,5429.0
2018-10-19 14:00,{},5.36,829,5.36,5.31,5.31,6.4296,5984.0
2018-10-19 14:00,,5.36,829,5.36,5.31,5.31,,5984.0
2018-10-19 14:30,{},5.4,829,5.41,5.34,5.36,9.337,8690.0
2018-10-19 14:30,,5.4,829,5.41,5.34,5.36,,8690.0
2018-10-19 15:00,,5.4,829,5.4,5.37,5.39,,7540.0
2018-10-19 15:00,{},5.4,829,5.4,5.37,5.39,8.1014,7540.0
2018-10-22 10:00,,5.5,829,5.5,5.42,5.42,,20967.0
2018-10-22 10:00,{},5.5,829,5.5,5.42,5.42,22.5282,20967.0
2018-10-22 10:30,{},5.54,829,5.62,5.49,5.49,19.0544,17734.0
2018-10-22 10:30,,5.54,829,5.62,5.49,5.49,,17734.0
2018-10-22 11:00,,5.63,829,5.65,5.53,5.54,,9195.0
2018-10-22 11:00,{},5.63,829,5.65,5.53,5.54,9.8796,9195.0
2018-10-22 11:30,{},5.64,829,5.64,5.59,5.63,8.7063,8103.0
2018-10-22 11:30,,5.64,829,5.64,5.59,5.63,,8103.0
2018-10-22 13:30,,5.67,829,5.75,5.64,5.64,,12512.0
2018-10-22 13:30,{},5.67,829,5.75,5.64,5.64,13.4436,12512.0
2018-10-22 14:00,{},5.68,829,5.69,5.65,5.67,5.1638,4806.0
2018-10-22 14:00,,5.68,829,5.69,5.65,5.67,,4806.0
2018-10-22 14:30,,5.63,829,5.68,5.62,5.68,,6369.0
2018-10-22 14:30,{},5.63,829,5.68,5.62,5.68,6.8432,6369.0
2018-10-22 15:00,{},5.63,829,5.64,5.59,5.63,10.4652,9740.0
2018-10-22 15:00,,5.63,829,5.64,5.59,5.63,,9740.0
2018-10-23 10:00,,5.61,829,5.68,5.54,5.63,,14368.0
2018-10-23 10:00,{},5.61,829,5.68,5.54,5.63,15.4378,14368.0
2018-10-23 10:30,{},5.62,829,5.65,5.59,5.61,7.7232,7188.0
2018-10-23 10:30,,5.62,829,5.65,5.59,5.61,,7188.0
2018-10-23 11:00,{},5.64,829,5.67,5.62,5.62,9.236,8596.0
2018-10-23 11:00,,5.64,829,5.67,5.62,5.62,,8596.0
2018-10-23 11:30,{},5.6,829,5.64,5.58,5.64,7.013,6527.0
2018-10-23 11:30,,5.6,829,5.64,5.58,5.64,,6527.0
2018-10-23 13:30,{},5.6,829,5.63,5.58,5.6,3.4361,3198.0
2018-10-23 13:30,,5.6,829,5.63,5.58,5.6,,3198.0
2018-10-23 14:00,,5.57,829,5.62,5.57,5.6,,3550.0
2018-10-23 14:00,{},5.57,829,5.62,5.57,5.6,3.8143,3550.0
2018-10-23 14:30,{},5.55,829,5.58,5.51,5.57,9.2876,8644.0
2018-10-23 14:30,,5.55,829,5.58,5.51,5.57,,8644.0
2018-10-23 15:00,{},5.56,829,5.57,5.54,5.56,6.5306,6078.0
2018-10-23 15:00,,5.56,829,5.57,5.54,5.56,,6078.0
2018-10-24 10:00,{},5.49,829,5.55,5.46,5.51,9.8087,9129.0
2018-10-24 10:00,,5.49,829,5.55,5.46,5.51,,9129.0
2018-10-24 10:30,{},5.52,829,5.52,5.45,5.49,5.6022,5214.0
2018-10-24 10:30,,5.52,829,5.52,5.45,5.49,,5214.0
2018-10-24 11:00,,5.5,829,5.52,5.44,5.52,,6344.0
2018-10-24 11:00,{},5.5,829,5.52,5.44,5.52,6.8164,6344.0
2018-10-24 11:30,,5.56,829,5.58,5.49,5.5,,5867.0
2018-10-24 11:30,{},5.56,829,5.58,5.49,5.5,6.3038,5867.0
2018-10-24 13:30,,5.53,829,5.57,5.53,5.56,,5332.0
2018-10-24 13:30,{},5.53,829,5.57,5.53,5.56,5.729,5332.0
2018-10-24 14:00,,5.52,829,5.54,5.5,5.52,,3606.0
2018-10-24 14:00,{},5.52,829,5.54,5.5,5.52,3.8745,3606.0
2018-10-24 14:30,{},5.52,829,5.53,5.49,5.52,2.5733,2395.0
2018-10-24 14:30,,5.52,829,5.53,5.49,5.52,,2395.0
2018-10-24 15:00,{},5.52,829,5.54,5.5,5.52,5.1069,4753.0
2018-10-24 15:00,,5.52,829,5.54,5.5,5.52,,4753.0
2018-10-25 10:00,{},5.35,829,5.38,5.21,5.3,17.489,16277.0
2018-10-25 10:00,,5.35,829,5.38,5.21,5.3,,16277.0
2018-10-25 10:30,{},5.47,829,5.49,5.35,5.35,10.9928,10231.0
2018-10-25 10:30,,5.47,829,5.49,5.35,5.35,,10231.0
2018-10-25 11:00,{},5.43,829,5.47,5.39,5.47,5.6903,5296.0
2018-10-25 11:00,,5.43,829,5.47,5.39,5.47,,5296.0
2018-10-25 11:30,{},5.43,829,5.45,5.4,5.43,2.3552,2192.0
2018-10-25 11:30,,5.43,829,5.45,5.4,5.43,,2192.0
2018-10-25 13:30,{},5.45,829,5.47,5.42,5.43,1.4097,1312.0
2018-10-25 13:30,,5.45,829,5.47,5.42,5.43,,1312.0
2018-10-25 14:00,{},5.46,829,5.46,5.42,5.45,2.3251,2164.0
2018-10-25 14:00,,5.46,829,5.46,5.42,5.45,,2164.0
2018-10-25 14:30,{},5.5,829,5.51,5.45,5.46,3.4619,3222.0
2018-10-25 14:30,,5.5,829,5.51,5.45,5.46,,3222.0
2018-10-25 15:00,,5.54,829,5.54,5.48,5.5,,8398.0
2018-10-25 15:00,{},5.54,829,5.54,5.48,5.5,9.0233,8398.0
2018-10-26 10:00,{},5.58,829,5.6,5.51,5.58,11.2646,10484.0
2018-10-26 10:00,,5.58,829,5.6,5.51,5.58,,10484.0
2018-10-26 10:30,,5.53,829,5.58,5.53,5.58,,5906.0
2018-10-26 10:30,{},5.53,829,5.58,5.53,5.58,6.3458,5906.0
2018-10-26 11:00,{},5.53,829,5.55,5.52,5.53,2.6260000000000003,2444.0
2018-10-26 11:00,,5.53,829,5.55,5.52,5.53,,2444.0
2018-10-26 11:30,{},5.5,829,5.54,5.49,5.53,5.5926,5205.0
2018-10-26 11:30,,5.5,829,5.54,5.49,5.53,,5205.0
2018-10-26 13:30,,5.49,829,5.5,5.45,5.5,,6624.0
2018-10-26 13:30,{},5.49,829,5.5,5.45,5.5,7.1172,6624.0
2018-10-26 14:00,{},5.5,829,5.5,5.46,5.49,2.612,2431.0
2018-10-26 14:00,,5.5,829,5.5,5.46,5.49,,2431.0
2018-10-26 14:30,,5.47,829,5.5,5.46,5.5,,8118.0
2018-10-26 14:30,{},5.47,829,5.5,5.46,5.5,8.7225,8118.0
2018-10-26 15:00,,5.48,829,5.48,5.45,5.47,,7589.0
2018-10-26 15:00,{},5.48,829,5.48,5.45,5.47,8.1541,7589.0
2018-10-29 10:00,{},5.5,829,5.55,5.42,5.48,6.8271,6354.0
2018-10-29 10:00,,5.5,829,5.55,5.42,5.48,,6354.0
2018-10-29 10:30,,5.5,829,5.51,5.48,5.5,,6036.0
2018-10-29 10:30,{},5.5,829,5.51,5.48,5.5,6.4854,6036.0
2018-10-29 11:00,{},5.51,829,5.52,5.49,5.5,4.878,4540.0
2018-10-29 11:00,,5.51,829,5.52,5.49,5.5,,4540.0
2018-10-29 11:30,,5.49,829,5.52,5.48,5.51,,3439.0
2018-10-29 11:30,{},5.49,829,5.52,5.48,5.51,3.6951,3439.0
2018-10-29 13:30,{},5.41,829,5.49,5.4,5.49,7.4901,6971.0
2018-10-29 13:30,,5.41,829,5.49,5.4,5.49,,6971.0
2018-10-29 14:00,,5.39,829,5.44,5.38,5.41,,6219.0
2018-10-29 14:00,{},5.39,829,5.44,5.38,5.41,6.6821,6219.0
2018-10-29 14:30,{},5.36,829,5.4,5.34,5.39,4.834,4499.0
2018-10-29 14:30,,5.36,829,5.4,5.34,5.39,,4499.0
2018-10-29 15:00,,5.36,829,5.39,5.31,5.36,,7826.0
2018-10-29 15:00,{},5.36,829,5.39,5.31,5.36,8.4087,7826.0
2018-10-30 10:00,{},5.27,829,5.43,5.27,5.36,15.7311,14641.0
2018-10-30 10:00,,5.27,829,5.43,5.27,5.36,,14641.0
2018-10-30 10:30,,5.32,829,5.34,5.25,5.27,,7391.0
2018-10-30 10:30,{},5.32,829,5.34,5.25,5.27,7.9413,7391.0
2018-10-30 11:00,,5.39,829,5.39,5.31,5.32,,7985.0
2018-10-30 11:00,{},5.39,829,5.39,5.31,5.32,8.5796,7985.0
2018-10-30 11:30,,5.34,829,5.4,5.34,5.39,,4860.0
2018-10-30 11:30,{},5.34,829,5.4,5.34,5.39,5.2219,4860.0
2018-10-30 13:30,,5.41,829,5.42,5.34,5.34,,9485.0
2018-10-30 13:30,{},5.41,829,5.42,5.34,5.34,10.1912,9485.0
2018-10-30 14:00,{},5.35,829,5.41,5.35,5.41,6.8164,6344.0
2018-10-30 14:00,,5.35,829,5.41,5.35,5.41,,6344.0
2018-10-30 14:30,,5.35,829,5.37,5.32,5.35,,10068.0
2018-10-30 14:30,{},5.35,829,5.37,5.32,5.35,10.8176,10068.0
2018-10-30 15:00,{},5.31,829,5.36,5.3,5.35,14.2559,13268.0
2018-10-30 15:00,,5.31,829,5.36,5.3,5.35,,13268.0
2018-10-31 10:00,{},5.4,829,5.44,5.35,5.38,18.9545,17641.0
2018-10-31 10:00,,5.4,829,5.44,5.35,5.38,,17641.0
2018-10-31 10:30,{},5.43,829,5.44,5.39,5.4,12.2241,11377.0
2018-10-31 10:30,,5.43,829,5.44,5.39,5.4,,11377.0
2018-10-31 11:00,{},5.41,829,5.46,5.41,5.43,12.6883,11809.0
2018-10-31 11:00,,5.41,829,5.46,5.41,5.43,,11809.0
2018-10-31 11:30,,5.36,829,5.44,5.34,5.41,,15302.0
2018-10-31 11:30,{},5.36,829,5.44,5.34,5.41,16.4414,15302.0
2018-10-31 13:30,{},5.38,829,5.43,5.36,5.36,11.7997,10982.0
2018-10-31 13:30,,5.38,829,5.43,5.36,5.36,,10982.0
2018-10-31 14:00,{},5.37,829,5.41,5.34,5.38,21.0067,19551.0
2018-10-31 14:00,,5.37,829,5.41,5.34,5.38,,19551.0
2018-10-31 14:30,,5.35,829,5.38,5.32,5.37,,10593.0
2018-10-31 14:30,{},5.35,829,5.38,5.32,5.37,11.3817,10593.0
2018-10-31 15:00,{},5.36,829,5.38,5.33,5.35,9.3553,8707.0
2018-10-31 15:00,,5.36,829,5.38,5.33,5.35,,8707.0
2018-11-01 10:00,{},5.47,829,5.49,5.37,5.4,22.1822,20645.0
2018-11-01 10:00,,5.47,829,5.49,5.37,5.4,,20645.0
2018-11-01 10:30,{},5.53,829,5.53,5.46,5.47,21.1088,19646.0
2018-11-01 10:30,,5.53,829,5.53,5.46,5.47,,19646.0
2018-11-01 11:00,{},5.5,829,5.54,5.49,5.53,10.924000000000001,10167.0
2018-11-01 11:00,{},5.5,829,5.54,5.49,5.53,10.924,10167.0
2018-11-01 11:00,,5.5,829,5.54,5.49,5.53,,10167.0
2018-11-01 11:30,,5.56,829,5.57,5.49,5.5,,12965.0
2018-11-01 11:30,{},5.56,829,5.57,5.49,5.5,13.9304,12965.0
2018-11-01 13:30,{},5.59,829,5.62,5.55,5.56,16.0567,14944.0
2018-11-01 13:30,,5.59,829,5.62,5.55,5.56,,14944.0
2018-11-01 14:00,,5.56,829,5.59,5.51,5.58,,13383.0
2018-11-01 14:00,{},5.56,829,5.59,5.51,5.58,14.3795,13383.0
2018-11-01 14:30,,5.5,829,5.56,5.48,5.55,,12108.0
2018-11-01 14:30,{},5.5,829,5.56,5.48,5.55,13.0095,12108.0
2018-11-01 15:00,{},5.55,829,5.56,5.48,5.5,12.4046,11545.0
2018-11-01 15:00,,5.55,829,5.56,5.48,5.5,,11545.0
2018-11-02 10:00,{},5.57,829,5.67,5.55,5.59,25.1531,23410.0
2018-11-02 10:00,,5.57,829,5.67,5.55,5.59,,23410.0
2018-11-02 10:30,{},5.55,829,5.58,5.51,5.57,15.4453,14375.0
2018-11-02 10:30,,5.55,829,5.58,5.51,5.57,,14375.0
2018-11-02 11:00,{},5.56,829,5.58,5.53,5.55,8.8192,8208.0
2018-11-02 11:00,,5.56,829,5.58,5.53,5.55,,8208.0
2018-11-02 11:30,,5.59,829,5.6,5.54,5.56,,6645.0
2018-11-02 11:30,{},5.59,829,5.6,5.54,5.56,7.1398,6645.0
2018-11-02 13:30,,5.61,829,5.61,5.58,5.59,,9226.0
2018-11-02 13:30,{},5.61,829,5.61,5.58,5.59,9.913,9226.0
2018-11-02 14:00,,5.62,829,5.65,5.59,5.61,,12402.0
2018-11-02 14:00,{},5.62,829,5.65,5.59,5.61,13.3254,12402.0
2018-11-02 14:30,,5.66,829,5.68,5.6,5.62,,17572.0
2018-11-02 14:30,{},5.66,829,5.68,5.6,5.62,18.8804,17572.0
2018-11-02 15:00,{},5.64,829,5.66,5.61,5.66,20.6328,19203.0
2018-11-02 15:00,,5.64,829,5.66,5.61,5.66,,19203.0
2018-11-05 10:00,,5.72,829,5.74,5.62,5.63,,24618.0
2018-11-05 10:00,{},5.72,829,5.74,5.62,5.63,26.451,24618.0
2018-11-05 10:30,,5.71,829,5.75,5.7,5.71,,10430.0
2018-11-05 10:30,{},5.71,829,5.75,5.7,5.71,11.2066,10430.0
2018-11-05 11:00,{},5.67,829,5.73,5.67,5.71,9.3768,8727.0
2018-11-05 11:00,,5.67,829,5.73,5.67,5.71,,8727.0
2018-11-05 11:30,,5.64,829,5.68,5.63,5.67,,6575.0
2018-11-05 11:30,{},5.64,829,5.68,5.63,5.67,7.0646,6575.0
2018-11-05 13:30,{},5.63,829,5.64,5.58,5.64,10.8714,10118.0
2018-11-05 13:30,,5.63,829,5.64,5.58,5.64,,10118.0
2018-11-05 14:00,,5.62,829,5.64,5.6,5.63,,3965.0
2018-11-05 14:00,{},5.62,829,5.64,5.6,5.63,4.2602,3965.0
2018-11-05 14:30,,5.66,829,5.68,5.61,5.62,,7613.0
2018-11-05 14:30,{},5.66,829,5.68,5.61,5.62,8.1799,7613.0
2018-11-05 15:00,{},5.69,829,5.71,5.66,5.66,11.8459,11025.0
2018-11-05 15:00,,5.69,829,5.71,5.66,5.66,,11025.0
2018-11-06 10:00,,5.62,829,5.68,5.61,5.63,,12027.0
2018-11-06 10:00,{},5.62,829,5.68,5.61,5.63,12.9225,12027.0
2018-11-06 10:30,,5.64,829,5.66,5.61,5.62,,7126.0
2018-11-06 10:30,{},5.64,829,5.66,5.61,5.62,7.6566,7126.0
2018-11-06 11:00,,5.64,829,5.66,5.62,5.64,,4375.0
2018-11-06 11:00,{},5.64,829,5.66,5.62,5.64,4.7008,4375.0
2018-11-06 11:30,{},5.62,829,5.65,5.6,5.64,7.5244,7003.0
2018-11-06 11:30,,5.62,829,5.65,5.6,5.64,,7003.0
2018-11-06 13:30,{},5.62,829,5.63,5.6,5.62,3.9218,3650.0
2018-11-06 13:30,,5.62,829,5.63,5.6,5.62,,3650.0
2018-11-06 14:00,{},5.77,829,5.85,5.58,5.62,43.2953,40295.0
2018-11-06 14:00,,5.77,829,5.85,5.58,5.62,,40295.0
2018-11-06 14:30,,5.76,829,5.78,5.73,5.76,,13743.0
2018-11-06 14:30,{},5.76,829,5.78,5.73,5.76,14.7663,13743.0
2018-11-06 15:00,,5.77,829,5.79,5.73,5.76,,14717.0
2018-11-06 15:00,{},5.77,829,5.79,5.73,5.76,15.8128,14717.0
2018-11-07 10:00,,5.74,829,5.81,5.64,5.81,,26047.0
2018-11-07 10:00,{},5.74,829,5.81,5.64,5.81,27.9864,26047.0
2018-11-07 10:30,{},5.69,829,5.74,5.68,5.74,10.3234,9608.0
2018-11-07 10:30,,5.69,829,5.74,5.68,5.74,,9608.0
2018-11-07 11:00,{},5.71,829,5.73,5.67,5.69,6.3522,5912.0
2018-11-07 11:00,,5.71,829,5.73,5.67,5.69,,5912.0
2018-11-07 11:30,{},5.72,829,5.74,5.7,5.71,4.7051,4379.0
2018-11-07 11:30,,5.72,829,5.74,5.7,5.71,,4379.0
2018-11-07 13:30,,5.78,829,5.81,5.72,5.72,,14926.0
2018-11-07 13:30,{},5.78,829,5.81,5.72,5.72,16.0374,14926.0
2018-11-07 14:00,{},5.75,829,5.79,5.72,5.78,10.4233,9701.0
2018-11-07 14:00,,5.75,829,5.79,5.72,5.78,,9701.0
2018-11-07 14:30,{},5.74,829,5.77,5.72,5.75,7.6716,7140.0
2018-11-07 14:30,,5.74,829,5.77,5.72,5.75,,7140.0
2018-11-07 15:00,,5.71,829,5.75,5.7,5.74,,9538.0
2018-11-07 15:00,{},5.71,829,5.75,5.7,5.74,10.2482,9538.0
2018-11-08 10:00,,5.73,829,5.79,5.69,5.75,,15926.0
2018-11-08 10:00,{},5.73,829,5.79,5.69,5.75,17.1118,15926.0
2018-11-08 10:30,,5.69,829,5.74,5.68,5.73,,13343.0
2018-11-08 10:30,{},5.69,829,5.74,5.68,5.73,14.3365,13343.0
2018-11-08 11:00,,5.69,829,5.7,5.64,5.69,,12469.0
2018-11-08 11:00,{},5.69,829,5.7,5.64,5.69,13.3974,12469.0
2018-11-08 11:30,,5.69,829,5.71,5.67,5.69,,5204.0
2018-11-08 11:30,{},5.69,829,5.71,5.67,5.69,5.5915,5204.0
2018-11-08 13:30,,5.69,829,5.71,5.68,5.69,,3538.0
2018-11-08 13:30,{},5.69,829,5.71,5.68,5.69,3.8014,3538.0
2018-11-08 14:00,{},5.69,829,5.71,5.65,5.69,7.2977,6792.0
2018-11-08 14:00,,5.69,829,5.71,5.65,5.69,,6792.0
2018-11-08 14:30,,5.6,829,5.69,5.6,5.68,,10177.0
2018-11-08 14:30,{},5.6,829,5.69,5.6,5.68,10.9348,10177.0
2018-11-08 15:00,,5.6,829,5.62,5.55,5.6,,17050.0
2018-11-08 15:00,{},5.6,829,5.62,5.55,5.6,18.3195,17050.0
2018-11-09 10:00,{},5.7,829,5.73,5.56,5.58,30.1407,28052.0
2018-11-09 10:00,,5.7,829,5.73,5.56,5.58,,28052.0
2018-11-09 10:30,,5.76,829,5.84,5.7,5.7,,26369.0
2018-11-09 10:30,{},5.76,829,5.84,5.7,5.7,28.3324,26369.0
2018-11-09 11:00,,5.8,829,5.8,5.76,5.76,,10076.0
2018-11-09 11:00,{},5.8,829,5.8,5.76,5.76,10.8262,10076.0
2018-11-09 11:30,{},5.72,829,5.8,5.7,5.79,9.1157,8484.0
2018-11-09 11:30,,5.72,829,5.8,5.7,5.79,,8484.0
2018-11-09 13:30,{},5.79,829,5.79,5.71,5.72,6.3296,5891.0
2018-11-09 13:30,,5.79,829,5.79,5.71,5.72,,5891.0
2018-11-09 14:00,{},5.75,829,5.8,5.75,5.79,8.6193,8022.0
2018-11-09 14:00,,5.75,829,5.8,5.75,5.79,,8022.0
2018-11-09 14:30,,5.78,829,5.78,5.72,5.76,,8992.0
2018-11-09 14:30,{},5.78,829,5.78,5.72,5.76,9.6615,8992.0
2018-11-09 15:00,,5.83,829,5.84,5.77,5.78,,30317.0
2018-11-09 15:00,{},5.83,829,5.84,5.77,5.78,32.5744,30317.0
2018-11-12 10:00,{},5.76,829,5.83,5.72,5.81,32.1929,29962.0
2018-11-12 10:00,,5.76,829,5.83,5.72,5.81,,29962.0
2018-11-12 10:30,{},5.81,829,5.82,5.75,5.76,11.2904,10508.0
2018-11-12 10:30,,5.81,829,5.82,5.75,5.76,,10508.0
2018-11-12 11:00,{},5.85,829,5.87,5.81,5.81,19.0072,17690.0
2018-11-12 11:00,,5.85,829,5.87,5.81,5.81,,17690.0
2018-11-12 11:30,,5.88,829,5.88,5.82,5.85,,13008.0
2018-11-12 11:30,{},5.88,829,5.88,5.82,5.85,13.9766,13008.0
2018-11-12 13:30,{},5.87,829,5.88,5.83,5.88,13.4082,12479.0
2018-11-12 13:30,,5.87,829,5.88,5.83,5.88,,12479.0
2018-11-12 14:00,{},5.87,829,5.88,5.83,5.87,14.7201,13700.0
2018-11-12 14:00,,5.87,829,5.88,5.83,5.87,,13700.0
2018-11-12 14:30,{},5.89,829,5.91,5.85,5.87,14.8995,13867.0
2018-11-12 14:30,,5.89,829,5.91,5.85,5.87,,13867.0
2018-11-12 15:00,{},5.92,829,5.93,5.85,5.89,25.4367,23674.0
2018-11-12 15:00,,5.92,829,5.93,5.85,5.89,,23674.0
2018-11-13 10:00,,5.89,829,5.93,5.83,5.86,,23788.0
2018-11-13 10:00,{},5.89,829,5.93,5.83,5.86,25.5592,23788.0
2018-11-13 10:30,,5.93,829,5.98,5.89,5.89,,17286.0
2018-11-13 10:30,{},5.93,829,5.98,5.89,5.89,18.5731,17286.0
2018-11-13 11:00,,5.92,829,6.02,5.92,5.93,,19195.0
2018-11-13 11:00,{},5.92,829,6.02,5.92,5.93,20.6242,19195.0
2018-11-13 11:30,{},5.94,829,5.97,5.9,5.92,7.0721,6582.0
2018-11-13 11:30,,5.94,829,5.97,5.9,5.92,,6582.0
2018-11-13 13:30,{},6.04,829,6.06,5.94,5.94,18.1637,16905.0
2018-11-13 13:30,,6.04,829,6.06,5.94,5.94,,16905.0
2018-11-13 14:00,,6.07,829,6.09,6.0,6.04,,18573.0
2018-11-13 14:00,{},6.07,829,6.09,6.0,6.04,19.9559,18573.0
2018-11-13 14:30,{},6.04,829,6.08,6.01,6.07,20.7585,19320.0
2018-11-13 14:30,,6.04,829,6.08,6.01,6.07,,19320.0
2018-11-13 15:00,{},6.04,829,6.06,6.01,6.04,15.8386,14741.0
2018-11-13 15:00,,6.04,829,6.06,6.01,6.04,,14741.0
2018-11-14 10:00,{},6.0,829,6.07,5.99,6.05,17.9682,16723.0
2018-11-14 10:00,,6.0,829,6.07,5.99,6.05,,16723.0
2018-11-14 10:30,,6.04,829,6.04,5.98,6.0,,11266.0
2018-11-14 10:30,{},6.04,829,6.04,5.98,6.0,12.1049,11266.0
2018-11-14 11:00,{},6.06,829,6.07,6.01,6.04,9.5208,8861.0
2018-11-14 11:00,,6.06,829,6.07,6.01,6.04,,8861.0
2018-11-14 11:30,{},6.06,829,6.07,6.03,6.06,4.9919,4646.0
2018-11-14 11:30,,6.06,829,6.07,6.03,6.06,,4646.0
2018-11-14 13:30,{},6.06,829,6.09,6.05,6.06,10.8832,10129.0
2018-11-14 13:30,,6.06,829,6.09,6.05,6.06,,10129.0
2018-11-14 14:00,{},5.99,829,6.07,5.99,6.06,16.5252,15380.0
2018-11-14 14:00,,5.99,829,6.07,5.99,6.06,,15380.0
2018-11-14 14:30,,5.96,829,6.0,5.92,5.99,,19651.0
2018-11-14 14:30,{},5.96,829,6.0,5.92,5.99,21.1142,19651.0
2018-11-14 15:00,{},5.96,829,6.02,5.94,5.96,11.4698,10675.0
2018-11-14 15:00,,5.96,829,6.02,5.94,5.96,,10675.0
2018-11-15 10:00,{},6.07,829,6.1,5.94,5.97,24.6298,22923.0
2018-11-15 10:00,,6.07,829,6.1,5.94,5.97,,22923.0
2018-11-15 10:30,,6.14,829,6.14,6.05,6.07,,20184.0
2018-11-15 10:30,{},6.14,829,6.14,6.05,6.07,21.6869,20184.0
2018-11-15 11:00,{},6.09,829,6.14,6.07,6.14,10.0,9307.0
2018-11-15 11:00,,6.09,829,6.14,6.07,6.14,,9307.0
2018-11-15 11:30,{},6.14,829,6.14,6.07,6.09,10.5093,9781.0
2018-11-15 11:30,,6.14,829,6.14,6.07,6.09,,9781.0
2018-11-15 13:30,,6.22,829,6.28,6.14,6.14,,29254.0
2018-11-15 13:30,{},6.22,829,6.28,6.14,6.14,31.4322,29254.0
2018-11-15 14:00,{},6.2,829,6.25,6.18,6.22,8.9298,8311.0
2018-11-15 14:00,,6.2,829,6.25,6.18,6.22,,8311.0
2018-11-15 14:30,{},6.28,829,6.3,6.19,6.2,20.1397,18744.0
2018-11-15 14:30,,6.28,829,6.3,6.19,6.2,,18744.0
2018-11-15 15:00,,6.24,829,6.33,6.22,6.28,,21248.0
2018-11-15 15:00,{},6.24,829,6.33,6.22,6.28,22.8301,21248.0
2018-11-16 10:00,{},6.23,829,6.32,6.19,6.24,27.6071,25694.0
2018-11-16 10:00,,6.23,829,6.32,6.19,6.24,,25694.0
2018-11-16 10:30,{},6.12,829,6.23,6.11,6.23,18.0197,16771.0
2018-11-16 10:30,,6.12,829,6.23,6.11,6.23,,16771.0
2018-11-16 11:00,{},6.17,829,6.22,6.12,6.12,10.6242,9888.0
2018-11-16 11:00,,6.17,829,6.22,6.12,6.12,,9888.0
2018-11-16 11:30,,6.26,829,6.27,6.17,6.17,,9581.0
2018-11-16 11:30,{},6.26,829,6.27,6.17,6.17,10.2944,9581.0
2018-11-16 13:30,{},6.2,829,6.28,6.2,6.26,15.8021,14707.0
2018-11-16 13:30,,6.2,829,6.28,6.2,6.26,,14707.0
2018-11-16 14:00,{},6.27,829,6.29,6.2,6.2,10.0043,9311.0
2018-11-16 14:00,,6.27,829,6.29,6.2,6.2,,9311.0
2018-11-16 14:30,{},6.22,829,6.27,6.21,6.27,10.5168,9788.0
2018-11-16 14:30,,6.22,829,6.27,6.21,6.27,,9788.0
2018-11-16 15:00,,6.34,829,6.34,6.22,6.22,,23997.0
2018-11-16 15:00,{},6.34,829,6.34,6.22,6.22,25.7838,23997.0
2018-11-19 10:00,,6.23,829,6.32,6.19,6.31,,27616.0
2018-11-19 10:00,{},6.23,829,6.32,6.19,6.31,29.6722,27616.0
2018-11-19 10:30,{},6.18,829,6.23,6.16,6.23,20.3116,18904.0
2018-11-19 10:30,,6.18,829,6.23,6.16,6.23,,18904.0
2018-11-19 11:00,,6.16,829,6.19,6.14,6.18,,13321.0
2018-11-19 11:00,{},6.16,829,6.19,6.14,6.18,14.3129,13321.0
2018-11-19 11:30,,6.17,829,6.21,6.16,6.16,,5936.0
2018-11-19 11:30,{},6.17,829,6.21,6.16,6.16,6.377999999999999,5936.0
2018-11-19 13:30,{},6.25,829,6.31,6.17,6.17,16.5069,15363.0
2018-11-19 13:30,,6.25,829,6.31,6.17,6.17,,15363.0
2018-11-19 14:00,{},6.22,829,6.28,6.2,6.24,6.7917,6321.0
2018-11-19 14:00,,6.22,829,6.28,6.2,6.24,,6321.0
2018-11-19 14:30,,6.24,829,6.25,6.21,6.22,,5787.0
2018-11-19 14:30,{},6.24,829,6.25,6.21,6.22,6.2179,5787.0
2018-11-19 15:00,,6.23,829,6.26,6.2,6.24,,12332.0
2018-11-19 15:00,{},6.23,829,6.26,6.2,6.24,13.2502,12332.0
2018-11-20 10:00,,6.1,829,6.19,6.1,6.19,,23984.0
2018-11-20 10:00,{},6.1,829,6.19,6.1,6.19,25.7698,23984.0
2018-11-20 10:30,,6.1,829,6.14,6.09,6.1,,12085.0
2018-11-20 10:30,{},6.1,829,6.14,6.09,6.1,12.9848,12085.0
2018-11-20 11:00,,6.06,829,6.13,6.06,6.1,,10345.0
2018-11-20 11:00,{},6.06,829,6.13,6.06,6.1,11.1153,10345.0
2018-11-20 11:30,{},6.03,829,6.1,6.01,6.07,10.6028,9868.0
2018-11-20 11:30,,6.03,829,6.1,6.01,6.07,,9868.0
2018-11-20 13:30,,6.04,829,6.08,6.02,6.03,,8438.0
2018-11-20 13:30,{},6.04,829,6.08,6.02,6.03,9.0663,8438.0
2018-11-20 14:00,,6.06,829,6.1,6.03,6.04,,7418.0
2018-11-20 14:00,{},6.06,829,6.1,6.03,6.04,7.9703,7418.0
2018-11-20 14:30,,6.18,829,6.34,6.05,6.07,,43553.0
2018-11-20 14:30,{},6.18,829,6.34,6.05,6.07,46.7959,43553.0
2018-11-20 15:00,,6.19,829,6.22,6.16,6.22,,16939.0
2018-11-20 15:00,{},6.19,829,6.22,6.16,6.22,18.2003,16939.0
2018-11-21 10:00,{},6.2,829,6.33,6.04,6.09,56.8636,52923.0
2018-11-21 10:00,,6.2,829,6.33,6.04,6.09,,52923.0
2018-11-21 10:30,,6.24,829,6.31,6.2,6.2,,22728.0
2018-11-21 10:30,{},6.24,829,6.31,6.2,6.2,24.4203,22728.0
2018-11-21 11:00,{},6.21,829,6.25,6.15,6.24,10.7478,10003.0
2018-11-21 11:00,,6.21,829,6.25,6.15,6.24,,10003.0
2018-11-21 11:30,,6.26,829,6.26,6.2,6.21,,6979.0
2018-11-21 11:30,{},6.26,829,6.26,6.2,6.21,7.4986,6979.0
2018-11-21 13:30,{},6.67,829,6.79,6.26,6.26,132.3421,123171.0
2018-11-21 13:30,,6.67,829,6.79,6.26,6.26,,123171.0
2018-11-21 14:00,,6.64,829,6.7,6.62,6.67,,28875.0
2018-11-21 14:00,{},6.64,829,6.7,6.62,6.67,31.025,28875.0
2018-11-21 14:30,{},6.68,829,6.72,6.64,6.64,25.3669,23609.0
2018-11-21 14:30,,6.68,829,6.72,6.64,6.64,,23609.0
2018-11-21 15:00,,6.68,829,6.7,6.66,6.68,,21510.0
2018-11-21 15:00,{},6.68,829,6.7,6.66,6.68,23.1116,21510.0
2018-11-22 10:00,,6.49,829,6.61,6.46,6.57,,51248.0
2018-11-22 10:00,{},6.49,829,6.61,6.46,6.57,55.0639,51248.0
2018-11-22 10:30,,6.51,829,6.56,6.48,6.49,,11458.0
2018-11-22 10:30,{},6.51,829,6.56,6.48,6.49,12.3111,11458.0
2018-11-22 11:00,{},6.53,829,6.54,6.5,6.51,6.1695,5742.0
2018-11-22 11:00,,6.53,829,6.54,6.5,6.51,,5742.0
2018-11-22 11:30,,6.51,829,6.55,6.49,6.54,,6662.0
2018-11-22 11:30,{},6.51,829,6.55,6.49,6.54,7.1579999999999995,6662.0
2018-11-22 11:30,{},6.51,829,6.55,6.49,6.54,7.158,6662.0
2018-11-22 13:30,,6.47,829,6.55,6.44,6.51,,9930.0
2018-11-22 13:30,{},6.47,829,6.55,6.44,6.51,10.6694,9930.0
2018-11-22 14:00,{},6.5,829,6.54,6.44,6.47,10.217,9509.0
2018-11-22 14:00,,6.5,829,6.54,6.44,6.47,,9509.0
2018-11-22 14:30,,6.53,829,6.53,6.45,6.5,,9937.0
2018-11-22 14:30,{},6.53,829,6.53,6.45,6.5,10.6769,9937.0
2018-11-22 15:00,,6.49,829,6.53,6.48,6.53,,13976.0
2018-11-22 15:00,{},6.49,829,6.53,6.48,6.53,15.0166,13976.0
2018-11-23 10:00,,6.31,829,6.52,6.3,6.52,,23085.0
2018-11-23 10:00,{},6.31,829,6.52,6.3,6.52,24.8039,23085.0
2018-11-23 10:30,{},6.28,829,6.35,6.23,6.31,16.0965,14981.0
2018-11-23 10:30,,6.28,829,6.35,6.23,6.31,,14981.0
2018-11-23 11:00,{},6.25,829,6.32,6.23,6.28,8.0703,7511.0
2018-11-23 11:00,,6.25,829,6.32,6.23,6.28,,7511.0
2018-11-23 11:30,{},6.16,829,6.26,6.1,6.25,13.722999999999999,12772.0
2018-11-23 11:30,{},6.16,829,6.26,6.1,6.25,13.723,12772.0
2018-11-23 11:30,,6.16,829,6.26,6.1,6.25,,12772.0
2018-11-23 13:30,,6.03,829,6.19,5.98,6.16,,19930.0
2018-11-23 13:30,{},6.03,829,6.19,5.98,6.16,21.414,19930.0
2018-11-23 14:00,,6.03,829,6.09,5.97,6.02,,14116.0
2018-11-23 14:00,{},6.03,829,6.09,5.97,6.02,15.1671,14116.0
2018-11-23 14:30,{},6.1,829,6.12,6.03,6.03,7.6115,7084.0
2018-11-23 14:30,,6.1,829,6.12,6.03,6.03,,7084.0
2018-11-23 15:00,{},6.32,829,6.5,6.1,6.1,46.5402,43315.0
2018-11-23 15:00,,6.32,829,6.5,6.1,6.1,,43315.0
2018-11-26 10:00,,6.29,829,6.34,6.2,6.28,,13574.0
2018-11-26 10:00,{},6.29,829,6.34,6.2,6.28,14.5847,13574.0
2018-11-26 10:30,,6.25,829,6.3,6.23,6.29,,7222.0
2018-11-26 10:30,{},6.25,829,6.3,6.23,6.29,7.7597,7222.0
2018-11-26 11:00,{},6.15,829,6.26,6.11,6.25,12.9934,12093.0
2018-11-26 11:00,,6.15,829,6.26,6.11,6.25,,12093.0
2018-11-26 11:30,,6.18,829,6.22,6.14,6.15,,3501.0
2018-11-26 11:30,{},6.18,829,6.22,6.14,6.15,3.7617,3501.0
2018-11-26 13:30,{},6.16,829,6.22,6.16,6.18,4.1001,3816.0
2018-11-26 13:30,,6.16,829,6.22,6.16,6.18,,3816.0
2018-11-26 14:00,,6.19,829,6.2,6.16,6.16,,2921.0
2018-11-26 14:00,{},6.19,829,6.2,6.16,6.16,3.1385,2921.0
2018-11-26 14:30,{},6.16,829,6.22,6.15,6.19,4.517,4204.0
2018-11-26 14:30,{},6.16,829,6.22,6.15,6.19,4.5169999999999995,4204.0
2018-11-26 14:30,,6.16,829,6.22,6.15,6.19,,4204.0
2018-11-26 15:00,{},6.17,829,6.22,6.16,6.16,8.7203,8116.0
2018-11-26 15:00,,6.17,829,6.22,6.16,6.16,,8116.0
2018-11-27 10:00,{},6.21,829,6.27,6.18,6.27,11.862,11040.0
2018-11-27 10:00,,6.21,829,6.27,6.18,6.27,,11040.0
2018-11-27 10:30,{},6.25,829,6.25,6.19,6.21,9.0802,8451.0
2018-11-27 10:30,,6.25,829,6.25,6.19,6.21,,8451.0
2018-11-27 11:00,,6.21,829,6.26,6.19,6.25,,3740.0
2018-11-27 11:00,{},6.21,829,6.26,6.19,6.25,4.0185,3740.0
2018-11-27 11:30,{},6.2,829,6.22,6.18,6.21,2.1715,2021.0
2018-11-27 11:30,,6.2,829,6.22,6.18,6.21,,2021.0
2018-11-27 13:30,,6.2,829,6.22,6.17,6.2,,5447.0
2018-11-27 13:30,{},6.2,829,6.22,6.17,6.2,5.8526,5447.0
2018-11-27 14:00,,6.2,829,6.22,6.18,6.2,,3215.0
2018-11-27 14:00,{},6.2,829,6.22,6.18,6.2,3.4544,3215.0
2018-11-27 14:30,,6.23,829,6.23,6.14,6.2,,8373.0
2018-11-27 14:30,{},6.23,829,6.23,6.14,6.2,8.9964,8373.0
2018-11-27 15:00,,6.32,829,6.39,6.21,6.22,,27458.0
2018-11-27 15:00,{},6.32,829,6.39,6.21,6.22,29.5025,27458.0
2018-11-28 10:00,,6.16,829,6.31,6.16,6.31,,15720.0
2018-11-28 10:00,{},6.16,829,6.31,6.16,6.31,16.8905,15720.0
2018-11-28 10:30,,6.16,829,6.22,6.12,6.16,,8163.0
2018-11-28 10:30,{},6.16,829,6.22,6.12,6.16,8.7708,8163.0
2018-11-28 11:00,{},6.45,829,6.54,6.16,6.16,23.5296,21899.0
2018-11-28 11:00,,6.45,829,6.54,6.16,6.16,,21899.0
2018-11-28 11:30,{},6.42,829,6.45,6.34,6.45,14.6771,13660.0
2018-11-28 11:30,,6.42,829,6.45,6.34,6.45,,13660.0
2018-11-28 13:30,,6.39,829,6.43,6.35,6.43,,5515.0
2018-11-28 13:30,{},6.39,829,6.43,6.35,6.43,5.9256,5515.0
2018-11-28 14:00,{},6.41,829,6.42,6.38,6.39,7.5438,7021.0
2018-11-28 14:00,,6.41,829,6.42,6.38,6.39,,7021.0
2018-11-28 14:30,,6.4,829,6.43,6.35,6.41,,7757.0
2018-11-28 14:30,{},6.4,829,6.43,6.35,6.41,8.3346,7757.0
2018-11-28 15:00,,6.33,829,6.41,6.31,6.4,,12590.0
2018-11-28 15:00,{},6.33,829,6.41,6.31,6.4,13.5274,12590.0
2018-11-29 10:00,{},6.29,829,6.4,6.25,6.4,16.0234,14913.0
2018-11-29 10:00,,6.29,829,6.4,6.25,6.4,,14913.0
2018-11-29 10:30,,6.26,829,6.33,6.26,6.29,,5618.0
2018-11-29 10:30,{},6.26,829,6.33,6.26,6.29,6.0363,5618.0
2018-11-29 11:00,,6.27,829,6.28,6.25,6.26,,3543.0
2018-11-29 11:00,{},6.27,829,6.28,6.25,6.26,3.8068,3543.0
2018-11-29 11:30,{},6.32,829,6.34,6.27,6.27,3.03,2820.0
2018-11-29 11:30,,6.32,829,6.34,6.27,6.27,,2820.0
2018-11-29 13:30,{},6.22,829,6.33,6.21,6.32,7.5481,7025.0
2018-11-29 13:30,,6.22,829,6.33,6.21,6.32,,7025.0
2018-11-29 14:00,,6.2,829,6.23,6.18,6.22,,6302.0
2018-11-29 14:00,{},6.2,829,6.23,6.18,6.22,6.7712,6302.0
2018-11-29 14:30,{},6.0,829,6.2,5.82,6.19,54.6255,50840.0
2018-11-29 14:30,,6.0,829,6.2,5.82,6.19,,50840.0
2018-11-29 15:00,,5.7,829,6.0,5.7,6.0,,65355.0
2018-11-29 15:00,{},5.7,829,6.0,5.7,6.0,70.2212,65355.0
2018-11-30 10:00,,5.73,829,5.78,5.64,5.75,,26908.0
2018-11-30 10:00,{},5.73,829,5.78,5.64,5.75,28.9115,26908.0
2018-11-30 10:30,,5.74,829,5.76,5.7,5.73,,15075.0
2018-11-30 10:30,{},5.74,829,5.76,5.7,5.73,16.1975,15075.0
2018-11-30 11:00,,5.72,829,5.74,5.65,5.74,,7989.0
2018-11-30 11:00,{},5.72,829,5.74,5.65,5.74,8.5838,7989.0
2018-11-30 11:30,{},5.69,829,5.73,5.68,5.72,5.1133,4759.0
2018-11-30 11:30,,5.69,829,5.73,5.68,5.72,,4759.0
2018-11-30 13:30,{},5.5,829,5.69,5.45,5.69,27.9853,26046.0
2018-11-30 13:30,,5.5,829,5.69,5.45,5.69,,26046.0
2018-11-30 14:00,{},5.59,829,5.62,5.5,5.5,9.3596,8711.0
2018-11-30 14:00,,5.59,829,5.62,5.5,5.5,,8711.0
2018-11-30 14:30,,5.7,829,5.7,5.58,5.59,,6077.0
2018-11-30 14:30,{},5.7,829,5.7,5.58,5.59,6.5295,6077.0
2018-11-30 15:00,,5.67,829,5.75,5.66,5.7,,12814.0
2018-11-30 15:00,{},5.67,829,5.75,5.66,5.7,13.7681,12814.0
2018-12-03 10:00,{},5.93,829,5.95,5.78,5.87,47.5717,44275.0
2018-12-03 10:00,,5.93,829,5.95,5.78,5.87,,44275.0
2018-12-03 10:30,,5.98,829,5.99,5.92,5.93,,24301.0
2018-12-03 10:30,{},5.98,829,5.99,5.92,5.93,26.1104,24301.0
2018-12-03 11:00,{},6.01,829,6.06,5.96,5.98,17.1075,15922.0
2018-12-03 11:00,,6.01,829,6.06,5.96,5.98,,15922.0
2018-12-03 11:30,,6.03,829,6.05,5.99,6.01,,10284.0
2018-12-03 11:30,{},6.03,829,6.05,5.99,6.01,11.0497,10284.0
2018-12-03 13:30,{},6.03,829,6.06,5.99,6.04,12.8516,11961.0
2018-12-03 13:30,,6.03,829,6.06,5.99,6.04,,11961.0
2018-12-03 14:00,,6.04,829,6.05,6.01,6.02,,6971.0
2018-12-03 14:00,{},6.04,829,6.05,6.01,6.02,7.4901,6971.0
2018-12-03 14:30,,6.04,829,6.04,6.01,6.04,,8039.0
2018-12-03 14:30,{},6.04,829,6.04,6.01,6.04,8.6376,8039.0
2018-12-03 15:00,{},6.04,829,6.05,6.01,6.04,21.6955,20192.0
2018-12-03 15:00,,6.04,829,6.05,6.01,6.04,,20192.0
2018-12-04 10:00,{},6.24,829,6.24,6.05,6.05,43.4995,40485.0
2018-12-04 10:00,,6.24,829,6.24,6.05,6.05,,40485.0
2018-12-04 10:30,{},6.13,829,6.24,6.07,6.23,15.9879,14880.0
2018-12-04 10:30,,6.13,829,6.24,6.07,6.23,,14880.0
2018-12-04 11:00,{},6.17,829,6.17,6.11,6.13,7.3611,6851.0
2018-12-04 11:00,,6.17,829,6.17,6.11,6.13,,6851.0
2018-12-04 11:30,{},6.16,829,6.18,6.11,6.16,7.3869,6875.0
2018-12-04 11:30,,6.16,829,6.18,6.11,6.16,,6875.0
2018-12-04 13:30,,6.14,829,6.17,6.11,6.16,,4247.0
2018-12-04 13:30,{},6.14,829,6.17,6.11,6.16,4.5632,4247.0
2018-12-04 14:00,{},6.14,829,6.15,6.1,6.14,4.6159,4296.0
2018-12-04 14:00,,6.14,829,6.15,6.1,6.14,,4296.0
2018-12-04 14:30,,6.19,829,6.2,6.12,6.14,,9664.0
2018-12-04 14:30,{},6.19,829,6.2,6.12,6.14,10.3836,9664.0
2018-12-04 15:00,{},6.18,829,6.2,6.17,6.19,10.0193,9325.0
2018-12-04 15:00,,6.18,829,6.2,6.17,6.19,,9325.0
2018-12-05 10:00,,6.25,829,6.3,5.95,6.0,,35237.0
2018-12-05 10:00,{},6.25,829,6.3,5.95,6.0,37.8607,35237.0
2018-12-05 10:30,{},6.23,829,6.32,6.21,6.25,20.0709,18680.0
2018-12-05 10:30,,6.23,829,6.32,6.21,6.25,,18680.0
2018-12-05 11:00,{},6.27,829,6.28,6.22,6.23,7.1903,6692.0
2018-12-05 11:00,,6.27,829,6.28,6.22,6.23,,6692.0
2018-12-05 11:30,,6.28,829,6.31,6.26,6.27,,9305.0
2018-12-05 11:30,{},6.28,829,6.31,6.26,6.27,9.9978,9305.0
2018-12-05 13:30,,6.23,829,6.32,6.21,6.28,,8436.0
2018-12-05 13:30,{},6.23,829,6.32,6.21,6.28,9.0641,8436.0
2018-12-05 14:00,,6.19,829,6.27,6.19,6.23,,9058.0
2018-12-05 14:00,{},6.19,829,6.27,6.19,6.23,9.7324,9058.0
2018-12-05 14:30,,6.23,829,6.28,6.15,6.19,,10071.0
2018-12-05 14:30,{},6.23,829,6.28,6.15,6.19,10.8209,10071.0
2018-12-05 15:00,{},6.22,829,6.27,6.19,6.23,13.55,12611.0
2018-12-05 15:00,,6.22,829,6.27,6.19,6.23,,12611.0
2018-12-06 10:00,{},6.13,829,6.28,6.08,6.28,20.7693,19330.0
2018-12-06 10:00,,6.13,829,6.28,6.08,6.28,,19330.0
2018-12-06 10:30,{},6.14,829,6.18,6.11,6.13,6.4532,6006.0
2018-12-06 10:30,,6.14,829,6.18,6.11,6.13,,6006.0
2018-12-06 11:00,,6.08,829,6.14,6.06,6.14,,12462.0
2018-12-06 11:00,{},6.08,829,6.14,6.06,6.14,13.3899,12462.0
2018-12-06 11:30,,6.09,829,6.09,6.04,6.08,,8698.0
2018-12-06 11:30,{},6.09,829,6.09,6.04,6.08,9.3456,8698.0
2018-12-06 13:30,,5.99,829,6.09,5.97,6.09,,13861.0
2018-12-06 13:30,{},5.99,829,6.09,5.97,6.09,14.8931,13861.0
2018-12-06 14:00,,5.98,829,6.0,5.98,5.99,,8398.0
2018-12-06 14:00,{},5.98,829,6.0,5.98,5.99,9.0233,8398.0
2018-12-06 14:30,,5.99,829,6.04,5.96,5.98,,7976.0
2018-12-06 14:30,{},5.99,829,6.04,5.96,5.98,8.5699,7976.0
2018-12-06 15:00,,5.96,829,6.0,5.94,5.99,,17565.0
2018-12-06 15:00,{},5.96,829,6.0,5.94,5.99,18.8729,17565.0
2018-12-07 10:00,,6.14,829,6.19,5.97,6.0,,25288.0
2018-12-07 10:00,{},6.14,829,6.19,5.97,6.0,27.1709,25288.0
2018-12-07 10:30,,6.11,829,6.24,6.09,6.14,,20928.0
2018-12-07 10:30,{},6.11,829,6.24,6.09,6.14,22.4863,20928.0
2018-12-07 11:00,,6.08,829,6.11,6.06,6.11,,5459.0
2018-12-07 11:00,{},6.08,829,6.11,6.06,6.11,5.8655,5459.0
2018-12-07 11:30,,6.1,829,6.13,6.07,6.08,,3627.0
2018-12-07 11:30,{},6.1,829,6.13,6.07,6.08,3.8971,3627.0
2018-12-07 13:30,,6.09,829,6.11,6.06,6.1,,3124.0
2018-12-07 13:30,{},6.09,829,6.11,6.06,6.1,3.3566,3124.0
2018-12-07 14:00,,6.05,829,6.1,6.05,6.09,,3675.0
2018-12-07 14:00,{},6.05,829,6.1,6.05,6.09,3.9486,3675.0
2018-12-07 14:30,{},6.04,829,6.08,6.03,6.05,4.2172,3925.0
2018-12-07 14:30,,6.04,829,6.08,6.03,6.05,,3925.0
2018-12-07 15:00,,6.03,829,6.09,6.02,6.04,,8742.0
2018-12-07 15:00,{},6.03,829,6.09,6.02,6.04,9.3929,8742.0
2018-12-10 10:00,{},5.99,829,6.1,5.9,6.1,15.4948,14421.0
2018-12-10 10:00,,5.99,829,6.1,5.9,6.1,,14421.0
2018-12-10 10:30,,5.99,829,6.04,5.9,5.99,,9530.0
2018-12-10 10:30,{},5.99,829,6.04,5.9,5.99,10.2396,9530.0
2018-12-10 11:00,,6.03,829,6.04,5.96,5.99,,4684.0
2018-12-10 11:00,{},6.03,829,6.04,5.96,5.99,5.0328,4684.0
2018-12-10 11:30,,5.98,829,6.03,5.96,6.03,,3447.0
2018-12-10 11:30,{},5.98,829,6.03,5.96,6.03,3.7037,3447.0
2018-12-10 13:30,{},5.94,829,6.0,5.93,5.98,2.9967,2789.0
2018-12-10 13:30,,5.94,829,6.0,5.93,5.98,,2789.0
2018-12-10 14:00,,5.92,829,5.97,5.9,5.94,,8214.0
2018-12-10 14:00,{},5.92,829,5.97,5.9,5.94,8.8256,8214.0
2018-12-10 14:30,{},5.93,829,5.97,5.9,5.92,5.0478,4698.0
2018-12-10 14:30,,5.93,829,5.97,5.9,5.92,,4698.0
2018-12-10 15:00,,5.85,829,5.94,5.84,5.93,,20602.0
2018-12-10 15:00,{},5.85,829,5.94,5.84,5.93,22.136,20602.0
2018-12-11 10:00,,6.25,829,6.28,5.92,5.92,,58392.0
2018-12-11 10:00,{},6.25,829,6.28,5.92,5.92,62.7398,58392.0
2018-12-11 10:30,{},6.05,829,6.29,6.05,6.25,27.3697,25473.0
2018-12-11 10:30,,6.05,829,6.29,6.05,6.25,,25473.0
2018-12-11 11:00,,6.05,829,6.08,6.04,6.05,,6213.0
2018-12-11 11:00,{},6.05,829,6.08,6.04,6.05,6.6756,6213.0
2018-12-11 11:30,,6.07,829,6.1,6.04,6.05,,4180.0
2018-12-11 11:30,{},6.07,829,6.1,6.04,6.05,4.4912,4180.0
2018-12-11 13:30,{},6.07,829,6.09,6.06,6.07,3.8949,3625.0
2018-12-11 13:30,,6.07,829,6.09,6.06,6.07,,3625.0
2018-12-11 14:00,{},6.01,829,6.08,6.01,6.07,7.3181,6811.0
2018-12-11 14:00,,6.01,829,6.08,6.01,6.07,,6811.0
2018-12-11 14:30,{},6.05,829,6.05,6.0,6.01,6.6767,6214.0
2018-12-11 14:30,,6.05,829,6.05,6.0,6.01,,6214.0
2018-12-11 15:00,,6.08,829,6.08,6.03,6.05,,11476.0
2018-12-11 15:00,{},6.08,829,6.08,6.03,6.05,12.3305,11476.0
2018-12-12 10:00,,6.02,829,6.2,6.01,6.17,,29424.0
2018-12-12 10:00,{},6.02,829,6.2,6.01,6.17,31.6149,29424.0
2018-12-12 10:30,{},5.99,829,6.04,5.97,6.02,14.4386,13438.0
2018-12-12 10:30,,5.99,829,6.04,5.97,6.02,,13438.0
2018-12-12 11:00,{},6.0,829,6.02,5.97,5.99,4.7792,4448.0
2018-12-12 11:00,,6.0,829,6.02,5.97,5.99,,4448.0
2018-12-12 11:30,{},6.01,829,6.01,5.98,6.0,2.5540000000000003,2377.0
2018-12-12 11:30,,6.01,829,6.01,5.98,6.0,,2377.0
2018-12-12 13:30,,6.01,829,6.04,5.98,6.01,,2833.0
2018-12-12 13:30,{},6.01,829,6.04,5.98,6.01,3.0439,2833.0
2018-12-12 14:00,,5.99,829,6.01,5.99,6.01,,4502.0
2018-12-12 14:00,{},5.99,829,6.01,5.99,6.01,4.8372,4502.0
2018-12-12 14:30,,6.02,829,6.05,5.96,5.99,,7921.0
2018-12-12 14:30,{},6.02,829,6.05,5.96,5.99,8.5108,7921.0
2018-12-12 15:00,,6.0,829,6.03,5.99,6.02,,7033.0
2018-12-12 15:00,{},6.0,829,6.03,5.99,6.02,7.5567,7033.0
2018-12-13 10:00,{},5.89,829,6.05,5.87,6.0,22.1016,20570.0
2018-12-13 10:00,,5.89,829,6.05,5.87,6.0,,20570.0
2018-12-13 10:30,{},5.98,829,5.99,5.88,5.89,11.1314,10360.0
2018-12-13 10:30,,5.98,829,5.99,5.88,5.89,,10360.0
2018-12-13 11:00,,6.01,829,6.04,5.93,5.98,,8688.0
2018-12-13 11:00,{},6.01,829,6.04,5.93,5.98,9.3349,8688.0
2018-12-13 11:30,{},6.04,829,6.1,5.98,6.01,11.1239,10353.0
2018-12-13 11:30,,6.04,829,6.1,5.98,6.01,,10353.0
2018-12-13 13:30,{},6.01,829,6.05,6.01,6.04,5.6345,5244.0
2018-12-13 13:30,,6.01,829,6.05,6.01,6.04,,5244.0
2018-12-13 14:00,{},6.02,829,6.07,6.01,6.01,7.7748,7236.0
2018-12-13 14:00,,6.02,829,6.07,6.01,6.01,,7236.0
2018-12-13 14:30,,6.02,829,6.03,6.0,6.02,,6169.0
2018-12-13 14:30,{},6.02,829,6.03,6.0,6.02,6.6283,6169.0
2018-12-13 15:00,,5.98,829,6.02,5.95,6.01,,15029.0
2018-12-13 15:00,{},5.98,829,6.02,5.95,6.01,16.148,15029.0
2018-12-14 10:00,{},5.96,829,5.99,5.88,5.98,10.7252,9982.0
2018-12-14 10:30,{},5.93,829,5.97,5.92,5.96,4.0034,3726.0
2018-12-14 11:00,{},5.91,829,5.94,5.89,5.93,7.1871,6689.0
2018-12-14 11:30,{},5.92,829,5.93,5.9,5.91,3.3212,3091.0
2018-12-14 13:30,{},5.9,829,5.94,5.89,5.92,3.6918,3436.0
2018-12-14 14:00,{},5.84,829,5.91,5.82,5.9,10.7145,9972.0
2018-12-14 14:30,{},5.77,829,5.85,5.69,5.84,20.4147,19000.0
2018-12-14 15:00,{},5.79,829,5.8,5.74,5.77,14.0561,13082.0
2018-12-17 10:00,{},5.72,829,5.84,5.72,5.79,11.9845,11154.0
2018-12-17 10:30,{},5.73,829,5.74,5.66,5.73,10.3642,9646.0
2018-12-17 11:00,{},5.75,829,5.77,5.71,5.73,3.8487,3582.0
2018-12-17 11:30,{},5.76,829,5.78,5.72,5.75,2.5357,2360.0
2018-12-17 13:30,{},5.75,829,5.77,5.72,5.76,3.8777,3609.0
2018-12-17 14:00,{},5.74,829,5.76,5.73,5.75,3.8208,3556.0
2018-12-17 14:30,{},5.71,829,5.76,5.71,5.74,4.5589,4243.0
2018-12-17 15:00,{},5.74,829,5.76,5.7,5.71,7.4331,6918.0
2018-12-18 10:00,{},5.7,829,5.73,5.66,5.72,11.0304,10266.0
2018-12-18 10:30,{},5.64,829,5.7,5.6,5.7,10.2267,9518.0
2018-12-18 11:00,{},5.57,829,5.64,5.57,5.64,8.2733,7700.0
2018-12-18 11:30,{},5.57,829,5.61,5.54,5.57,10.6092,9874.0
2018-12-18 13:30,{},5.58,829,5.63,5.55,5.57,5.4733,5094.0
2018-12-18 14:00,{},5.55,829,5.6,5.55,5.58,7.5169,6996.0
2018-12-18 14:30,{},5.62,829,5.62,5.54,5.55,7.6985,7165.0
2018-12-18 15:00,{},5.59,829,5.64,5.58,5.62,7.6888,7156.0
2018-12-19 10:00,{},5.61,829,5.66,5.57,5.63,8.3432,7765.0
2018-12-19 10:30,{},5.61,829,5.64,5.6,5.61,4.8329,4498.0
2018-12-19 11:00,{},5.6,829,5.63,5.6,5.61,3.8176,3553.0
2018-12-19 11:30,{},5.62,829,5.63,5.6,5.6,1.5687,1460.0
2018-12-19 13:30,{},5.61,829,5.63,5.61,5.62,2.4369,2268.0
2018-12-19 14:00,{},5.58,829,5.61,5.55,5.61,5.584,5197.0
2018-12-19 14:30,{},5.56,829,5.58,5.55,5.58,4.0131,3735.0
2018-12-19 15:00,{},5.54,829,5.57,5.53,5.56,5.4249,5049.0
2018-12-20 10:00,{},5.55,829,5.61,5.53,5.55,8.6451,8046.0
2018-12-20 10:30,{},5.58,829,5.62,5.55,5.55,4.8415,4506.0
2018-12-20 11:00,{},5.58,829,5.6,5.55,5.58,3.2696,3043.0
2018-12-20 11:30,{},5.53,829,5.59,5.52,5.58,6.1319,5707.0
2018-12-20 13:30,{},5.51,829,5.55,5.51,5.53,3.4641,3224.0
2018-12-20 14:00,{},5.58,829,5.59,5.51,5.51,3.4028,3167.0
2018-12-20 14:30,{},5.57,829,5.58,5.53,5.58,3.9433,3670.0
2018-12-20 15:00,{},5.58,829,5.59,5.56,5.57,4.4429,4135.0
2018-12-21 10:00,{},5.51,829,5.56,5.42,5.54,9.6153,8949.0
2018-12-21 10:30,{},5.51,829,5.52,5.49,5.51,3.7359,3477.0
2018-12-21 11:00,{},5.53,829,5.56,5.51,5.51,3.0461,2835.0
2018-12-21 11:30,{},5.52,829,5.54,5.5,5.54,2.5121,2338.0
2018-12-21 13:30,{},5.5,829,5.54,5.5,5.52,1.6536,1539.0
2018-12-21 14:00,{},5.51,829,5.51,5.48,5.5,3.2416,3017.0
2018-12-21 14:30,{},5.49,829,5.5,5.48,5.5,3.6886,3433.0
2018-12-21 15:00,{},5.51,829,5.51,5.48,5.49,5.1886,4829.0
2018-12-24 10:00,{},5.56,829,5.56,5.44,5.5,6.7218,6256.0
2018-12-24 10:30,{},5.55,829,5.57,5.53,5.56,7.9983,7444.0
2018-12-24 11:00,{},5.55,829,5.57,5.52,5.55,4.011,3733.0
2018-12-24 11:30,{},5.55,829,5.57,5.53,5.55,2.8581,2660.0
2018-12-24 13:30,{},5.55,829,5.57,5.54,5.55,2.467,2296.0
2018-12-24 14:00,{},5.54,829,5.55,5.53,5.55,2.5132,2339.0
2018-12-24 14:30,{},5.55,829,5.55,5.53,5.54,1.4956,1392.0
2018-12-24 15:00,{},5.57,829,5.57,5.54,5.55,9.9806,9289.0
2018-12-25 10:00,{},5.4,829,5.52,5.38,5.51,14.3967,13399.0
2018-12-25 10:30,{},5.27,829,5.42,5.25,5.4,10.8993,10144.0
2018-12-25 11:00,{},5.26,829,5.28,5.19,5.27,12.7216,11840.0
2018-12-25 11:30,{},5.27,829,5.28,5.24,5.26,3.2567,3031.0
2018-12-25 13:30,{},5.33,829,5.33,5.26,5.27,2.6507,2467.0
2018-12-25 14:00,{},5.44,829,5.45,5.33,5.33,5.729,5332.0
2018-12-25 14:30,{},5.47,829,5.49,5.44,5.44,7.8027,7262.0
2018-12-25 15:00,{},5.44,829,5.49,5.43,5.48,5.2219,4860.0
2018-12-26 10:00,{},5.52,829,5.57,5.45,5.46,15.0481,13993.0
2018-12-26 10:30,{},5.55,829,5.55,5.5,5.52,4.3704,4064.0
2018-12-26 11:00,{},5.55,829,5.55,5.51,5.54,3.2617,3033.0
2018-12-26 11:30,{},5.56,829,5.58,5.54,5.55,5.3652,4989.0
2018-12-26 13:30,{},5.53,829,5.57,5.5,5.56,5.791,5385.0
2018-12-26 14:00,{},5.53,829,5.54,5.5,5.53,2.5132,2337.0
2018-12-26 14:30,{},5.54,829,5.56,5.53,5.53,2.2325,2076.0
2018-12-26 15:00,{},5.53,829,5.57,5.52,5.54,7.2375,6730.0
2018-12-27 10:00,{},5.56,829,5.67,5.54,5.67,7.9945,7434.0
2018-12-27 10:30,{},5.59,829,5.62,5.56,5.57,5.0673,4712.0
2018-12-27 11:00,{},5.57,829,5.59,5.56,5.59,3.38,3143.0
2018-12-27 11:30,{},5.57,829,5.57,5.55,5.57,3.3682,3132.0
2018-12-27 13:30,{},5.49,829,5.57,5.48,5.57,4.7769,4442.0
2018-12-27 14:00,{},5.44,829,5.53,5.43,5.49,5.9459,5529.0
2018-12-27 14:30,{},5.45,829,5.49,5.43,5.44,3.8553,3585.0
2018-12-27 15:00,{},5.38,829,5.45,5.38,5.45,9.7958,9109.0
2018-12-28 10:00,{},5.42,829,5.45,5.37,5.39,6.9428,6456.0
2018-12-28 10:30,{},5.44,829,5.46,5.38,5.42,3.9865,3707.0
2018-12-28 11:00,{},5.44,829,5.47,5.43,5.46,2.7821,2587.0
2018-12-28 11:30,{},5.42,829,5.45,5.41,5.44,1.4109,1312.0
2018-12-28 13:30,{},5.7,829,5.92,5.39,5.42,56.135,52199.0
2018-12-28 14:00,{},5.64,829,5.72,5.63,5.7,19.5207,18152.0
2018-12-28 14:30,{},5.61,829,5.66,5.56,5.64,8.8904,8267.0
2018-12-28 15:00,{},5.61,829,5.62,5.55,5.61,16.1655,15032.0
2019-01-02 10:00,{},5.5,829,5.6,5.47,5.6,32.0793,29830.0
2019-01-02 10:30,{},5.5,829,5.54,5.49,5.5,8.8807,8258.0
2019-01-02 11:00,{},5.5,829,5.52,5.48,5.5,5.3168,4944.0
2019-01-02 11:30,{},5.53,829,5.54,5.47,5.5,8.4441,7852.0
2019-01-02 13:30,{},5.45,829,5.53,5.43,5.53,8.3473,7762.0
2019-01-02 14:00,{},5.47,829,5.49,5.44,5.45,7.9773,7418.0
2019-01-02 14:30,{},5.48,829,5.51,5.44,5.48,7.3074,6795.0
2019-01-02 15:00,{},5.44,829,5.49,5.44,5.47,10.2378,9520.0
2019-01-03 10:00,{},5.51,829,5.53,5.4,5.42,12.237,11379.0
2019-01-03 10:30,{},5.45,829,5.54,5.43,5.51,10.8035,10046.0
2019-01-03 11:00,{},5.37,829,5.47,5.37,5.45,8.5957,7993.0
2019-01-03 11:30,{},5.42,829,5.42,5.36,5.38,5.1458,4785.0
2019-01-03 13:30,{},5.41,829,5.43,5.38,5.42,3.3778,3141.0
2019-01-03 14:00,{},5.42,829,5.42,5.39,5.41,3.5133,3267.0
2019-01-03 14:30,{},5.37,829,5.42,5.36,5.42,5.7609,5357.0
2019-01-03 15:00,{},5.36,829,5.39,5.34,5.37,8.6333,8028.0
2019-01-04 10:00,{},5.33,829,5.35,5.22,5.27,11.8112,10983.0
2019-01-04 10:30,{},5.39,829,5.39,5.31,5.33,5.5663,5176.0
2019-01-04 11:00,{},5.41,829,5.41,5.37,5.39,8.2204,7644.0
2019-01-04 11:30,{},5.48,829,5.48,5.41,5.41,8.1784,7605.0
2019-01-04 13:30,{},5.44,829,5.5,5.44,5.48,7.002999999999999,6512.0
2019-01-04 14:00,{},5.46,829,5.46,5.43,5.44,5.6469,5251.0
2019-01-04 14:30,{},5.45,829,5.48,5.43,5.46,3.765,3501.0
2019-01-04 15:00,{},5.48,829,5.49,5.45,5.45,8.7086,8098.0
2019-01-07 10:00,{},5.6,829,5.62,5.48,5.51,19.0712,17734.0
2019-01-07 10:30,{},5.57,829,5.61,5.56,5.6,8.3408,7756.0
2019-01-07 11:00,{},5.59,829,5.61,5.57,5.57,9.8238,9135.0
2019-01-07 11:30,{},5.59,829,5.6,5.57,5.59,5.3405,4966.0
2019-01-07 13:30,{},5.6,829,5.63,5.59,5.59,8.2548,7676.0
2019-01-07 14:00,{},5.6,829,5.63,5.59,5.6,4.4489,4137.0
2019-01-07 14:30,{},5.64,829,5.65,5.59,5.6,7.1256,6626.0
2019-01-07 15:00,{},5.6,829,5.66,5.6,5.64,7.9429,7386.0
2019-01-08 10:00,{},5.68,829,5.73,5.58,5.6,22.6921,21101.0
2019-01-08 10:30,{},5.61,829,5.69,5.6,5.68,13.7135,12752.0
2019-01-08 11:00,{},5.62,829,5.64,5.57,5.61,6.2814,5841.0
2019-01-08 11:30,{},5.62,829,5.64,5.6,5.62,2.4541,2282.0
2019-01-08 13:30,{},5.64,829,5.64,5.61,5.62,2.1121,1964.0
2019-01-08 14:00,{},5.61,829,5.64,5.59,5.64,3.2606,3032.0
2019-01-08 14:30,{},5.63,829,5.63,5.6,5.61,4.079,3793.0
2019-01-08 15:00,{},5.62,829,5.63,5.57,5.63,8.927999999999997,8302.0
2019-01-09 10:00,{},5.66,829,5.66,5.57,5.58,12.3919,11523.0
2019-01-09 10:30,{},5.67,829,5.68,5.64,5.66,10.5916,9849.0
2019-01-09 11:00,{},5.66,829,5.67,5.65,5.67,7.9752,7416.0
2019-01-09 11:30,{},5.65,829,5.66,5.61,5.66,7.459,6936.0
2019-01-09 13:30,{},5.75,829,5.85,5.65,5.65,39.1748,36428.0
2019-01-09 14:00,{},5.72,829,5.76,5.71,5.75,6.8589,6378.0
2019-01-09 14:30,{},5.69,829,5.74,5.69,5.72,7.487999999999999,6963.0
2019-01-09 15:00,{},5.66,829,5.7,5.65,5.69,10.6723,9924.0
2019-01-10 10:00,{},5.67,829,5.67,5.59,5.6,13.2016,12276.0
2019-01-10 10:30,{},5.63,829,5.68,5.62,5.67,5.5964,5204.0
2019-01-10 11:00,{},5.61,829,5.63,5.59,5.63,8.1806,7607.0
2019-01-10 11:30,{},5.7,829,5.7,5.6,5.61,6.8654,6384.0
2019-01-10 13:30,{},5.65,829,5.71,5.65,5.7,6.617000000000001,6153.0
2019-01-10 14:00,{},5.66,829,5.67,5.61,5.65,4.5834,4262.0
2019-01-10 14:30,{},5.61,829,5.66,5.6,5.66,5.2039,4839.0
2019-01-10 15:00,{},5.57,829,5.61,5.57,5.61,10.1819,9468.0
2019-01-11 10:00,{},5.7,829,5.76,5.67,5.68,34.7828,32344.0
2019-01-11 10:30,{},5.68,829,5.72,5.66,5.7,9.6915,9012.0
2019-01-11 11:00,{},5.66,829,5.69,5.64,5.68,5.3512,4976.0
2019-01-11 11:30,{},5.68,829,5.68,5.65,5.66,2.5380000000000003,2360.0
2019-01-11 13:30,{},5.71,829,5.72,5.67,5.68,6.1298,5700.0
2019-01-11 14:00,{},5.68,829,5.71,5.66,5.71,6.176,5743.0
2019-01-11 14:30,{},5.72,829,5.72,5.66,5.68,8.5796,7978.0
2019-01-11 15:00,{},5.74,829,5.74,5.69,5.72,14.2125,13216.0
2019-01-14 10:00,{},5.64,829,5.68,5.61,5.68,18.7722,17456.0
2019-01-14 10:30,{},5.68,829,5.68,5.63,5.64,3.6263,3372.0
2019-01-14 11:00,{},5.64,829,5.68,5.63,5.68,7.5063,6980.0
2019-01-14 11:30,{},5.61,829,5.65,5.59,5.64,7.7666,7222.0
2019-01-14 13:30,{},5.63,829,5.64,5.6,5.61,4.0371,3754.0
2019-01-14 14:00,{},5.63,829,5.64,5.61,5.63,3.395,3157.0
2019-01-14 14:30,{},5.62,829,5.64,5.62,5.63,3.1724,2950.0
2019-01-14 15:00,{},5.64,829,5.66,5.62,5.62,6.0599,5635.0
2019-01-15 10:00,{},5.62,829,5.68,5.62,5.68,8.4097,7820.0
2019-01-15 10:30,{},5.63,829,5.65,5.61,5.62,4.3704,4064.0
2019-01-15 11:00,{},5.63,829,5.64,5.61,5.63,3.3929,3155.0
2019-01-15 11:30,{},5.69,829,5.7,5.61,5.63,8.0924,7525.0
2019-01-15 13:30,{},5.66,829,5.69,5.65,5.69,3.7166,3456.0
2019-01-15 14:00,{},5.7,829,5.7,5.64,5.66,6.7869,6311.0
2019-01-15 14:30,{},5.7,829,5.71,5.68,5.7,6.7815,6306.0
2019-01-15 15:00,{},5.71,829,5.71,5.69,5.7,9.7001,9020.0
2019-01-16 10:00,{},5.71,829,5.72,5.67,5.7,9.099,8461.0
2019-01-16 10:30,{},5.72,829,5.72,5.68,5.71,6.4245,5974.0
2019-01-16 11:00,{},5.69,829,5.72,5.67,5.72,3.8639,3593.0
2019-01-16 11:30,{},5.68,829,5.7,5.66,5.69,2.0809,1935.0
2019-01-16 13:30,{},5.63,829,5.68,5.62,5.68,6.6901,6221.0
2019-01-16 14:00,{},5.64,829,5.66,5.6,5.63,6.9772,6488.0
2019-01-16 14:30,{},5.64,829,5.65,5.62,5.64,2.7735,2579.0
2019-01-16 15:00,{},5.64,829,5.66,5.61,5.64,6.0663,5641.0
2019-01-17 10:00,{},5.61,829,5.67,5.6,5.62,6.0545,5630.0
2019-01-17 10:30,{},5.6,829,5.63,5.58,5.61,5.3523,4977.0
2019-01-17 11:00,{},5.63,829,5.63,5.57,5.6,6.3384,5894.0
2019-01-17 11:30,{},5.66,829,5.67,5.6,5.63,3.4875,3243.0
2019-01-17 13:30,{},5.62,829,5.66,5.62,5.66,2.0927,1946.0
2019-01-17 14:00,{},5.63,829,5.64,5.62,5.62,1.6916,1573.0
2019-01-17 14:30,{},5.59,829,5.64,5.59,5.63,4.079,3793.0
2019-01-17 15:00,{},5.57,829,5.59,5.56,5.59,10.6562,9909.0
2019-01-18 10:00,{},5.58,829,5.61,5.52,5.61,9.4259,8765.0
2019-01-18 10:30,{},5.49,829,5.61,5.47,5.58,17.6463,16409.0
2019-01-18 11:00,{},5.51,829,5.51,5.47,5.49,6.6847,6216.0
2019-01-18 11:30,{},5.52,829,5.53,5.48,5.51,2.5734,2393.0
2019-01-18 13:30,{},5.53,829,5.55,5.51,5.52,3.2897,3059.0
2019-01-18 14:00,{},5.55,829,5.57,5.5,5.53,5.9717,5553.0
2019-01-18 14:30,{},5.57,829,5.59,5.53,5.55,3.7187,3458.0
2019-01-18 15:00,{},5.59,829,5.6,5.56,5.57,6.6912,6222.0
2019-01-21 10:00,{},5.58,829,5.6,5.54,5.6,10.3723,9645.0
2019-01-21 10:30,{},5.63,829,5.63,5.57,5.58,9.6668,8989.0
2019-01-21 11:00,{},5.65,829,5.67,5.61,5.63,15.1341,14073.0
2019-01-21 11:30,{},5.63,829,5.66,5.62,5.65,3.9768,3698.0
2019-01-21 13:30,{},5.62,829,5.64,5.62,5.63,2.339,2175.0
2019-01-21 14:00,{},5.62,829,5.64,5.61,5.62,3.7392,3477.0
2019-01-21 14:30,{},5.61,829,5.62,5.6,5.62,3.3273,3094.0
2019-01-21 15:00,{},5.61,829,5.61,5.59,5.61,6.6621,6195.0
2019-01-22 10:00,{},5.57,829,5.64,5.53,5.63,10.7132,9962.0
2019-01-22 10:30,{},5.56,829,5.58,5.54,5.57,5.6405,5245.0
2019-01-22 11:00,{},5.55,829,5.57,5.54,5.56,3.5305,3283.0
2019-01-22 11:30,{},5.54,829,5.55,5.53,5.55,3.5639,3314.0
2019-01-22 13:30,{},5.52,829,5.54,5.51,5.54,5.7685,5364.0
2019-01-22 14:00,{},5.5,829,5.52,5.49,5.52,5.6986,5299.0
2019-01-22 14:30,{},5.44,829,5.51,5.43,5.5,10.9455,10178.0
2019-01-22 15:00,{},5.46,829,5.48,5.44,5.44,6.9847,6495.0
2019-01-23 10:00,{},5.46,829,5.5,5.44,5.5,8.1365,7566.0
2019-01-23 10:30,{},5.47,829,5.48,5.4,5.46,6.8492,6369.0
2019-01-23 11:00,{},5.46,829,5.48,5.45,5.47,2.5949,2413.0
2019-01-23 11:30,{},5.46,829,5.47,5.44,5.46,1.712,1592.0
2019-01-23 13:30,{},5.44,829,5.46,5.42,5.46,2.7315,2540.0
2019-01-23 14:00,{},5.46,829,5.47,5.43,5.44,3.1671,2945.0
2019-01-23 14:30,{},5.52,829,5.53,5.45,5.45,7.7321,7190.0
2019-01-23 15:00,{},5.56,829,5.58,5.51,5.52,19.0906,17752.0
2019-01-24 10:00,{},5.53,829,5.58,5.5,5.56,14.8804,13837.0
2019-01-24 10:30,{},5.53,829,5.55,5.51,5.53,8.9377,8311.0
2019-01-24 11:00,{},5.58,829,5.59,5.52,5.53,10.3981,9669.0
2019-01-24 11:30,{},5.58,829,5.61,5.57,5.58,8.1182,7549.0
2019-01-24 13:30,{},5.59,829,5.6,5.57,5.58,4.8092,4472.0
2019-01-24 14:00,{},5.56,829,5.59,5.55,5.59,5.1264,4767.0
2019-01-24 14:30,{},5.56,829,5.58,5.55,5.56,6.9202,6435.0
2019-01-24 15:00,{},5.56,829,5.58,5.54,5.56,8.6452,8039.0
2019-01-25 10:00,{},5.57,829,5.61,5.53,5.58,8.8667,8245.0
2019-01-25 10:30,{},5.59,829,5.62,5.54,5.57,8.9323,8306.0
2019-01-25 11:00,{},5.59,829,5.62,5.59,5.59,7.2439,6736.0
2019-01-25 11:30,{},5.58,829,5.59,5.57,5.59,2.2981,2137.0
2019-01-25 13:30,{},5.61,829,5.62,5.57,5.58,7.4676,6944.0
2019-01-25 14:00,{},5.6,829,5.62,5.59,5.61,5.791,5385.0
2019-01-25 14:30,{},5.57,829,5.61,5.57,5.6,5.5652,5175.0
2019-01-25 15:00,{},5.55,829,5.59,5.53,5.57,9.7044,9024.0
2019-01-28 10:00,{},5.52,829,5.61,5.45,5.56,19.2142,17867.0
2019-01-28 10:30,{},5.55,829,5.6,5.52,5.52,8.7409,8128.0
2019-01-28 11:00,{},5.49,829,5.55,5.49,5.55,5.5459,5157.0
2019-01-28 11:30,{},5.48,829,5.5,5.48,5.49,2.3842,2217.0
2019-01-28 13:30,{},5.46,829,5.49,5.43,5.48,6.3503,5905.0
2019-01-28 14:00,{},5.43,829,5.47,5.42,5.46,5.7749,5370.0
2019-01-28 14:30,{},5.4,829,5.44,5.4,5.43,7.1159,6617.0
2019-01-28 15:00,{},5.42,829,5.44,5.4,5.4,7.3676,6851.0
2019-01-29 10:00,{},5.24,829,5.42,5.24,5.42,19.1744,17830.0
2019-01-29 10:30,{},5.19,829,5.25,5.13,5.24,18.5034,17206.0
2019-01-29 11:00,{},5.21,829,5.23,5.19,5.19,5.149,4788.0
2019-01-29 11:30,{},5.23,829,5.24,5.17,5.21,4.5511,4232.0
2019-01-29 13:30,{},5.25,829,5.26,5.21,5.23,4.7221,4391.0
2019-01-29 14:00,{},5.25,829,5.29,5.24,5.25,3.3821,3145.0
2019-01-29 14:30,{},5.25,829,5.29,5.23,5.25,3.3047,3073.0
2019-01-29 15:00,{},5.2,829,5.26,5.2,5.25,5.5996,5207.0
2019-01-30 10:00,{},5.19,829,5.19,5.08,5.12,13.0167,12104.0
2019-01-30 10:30,{},5.2,829,5.24,5.18,5.19,3.2241,2998.0
2019-01-30 11:00,{},5.18,829,5.2,5.15,5.2,2.7971,2601.0
2019-01-30 11:30,{},5.19,829,5.2,5.16,5.18,2.4272,2257.0
2019-01-30 13:30,{},5.17,829,5.19,5.15,5.19,2.6756,2488.0
2019-01-30 14:00,{},5.15,829,5.17,5.13,5.17,2.6218,2438.0
2019-01-30 14:30,{},5.12,829,5.15,5.09,5.15,8.4032,7814.0
2019-01-30 15:00,{},5.04,829,5.12,5.03,5.12,15.5471,14457.0
2019-01-31 10:00,{},4.75,829,4.83,4.55,4.83,41.8633,38928.0
2019-01-31 10:30,{},4.77,829,4.82,4.73,4.75,9.8657,9174.0
2019-01-31 11:00,{},4.8,829,4.84,4.74,4.77,4.6189,4295.0
2019-01-31 11:30,{},4.75,829,4.81,4.75,4.8,3.5854,3334.0
2019-01-31 13:30,{},4.72,829,4.75,4.72,4.75,5.6685,5271.0
2019-01-31 14:00,{},4.68,829,4.75,4.67,4.72,6.8256,6347.0
2019-01-31 14:30,{},4.68,829,4.7,4.62,4.67,7.9967,7436.0
2019-01-31 15:00,{},4.64,829,4.71,4.6,4.68,15.6719,14573.0
2019-02-01 10:00,{},4.81,829,4.82,4.67,4.7,17.058,15862.0
2019-02-01 10:30,{},4.84,829,4.9,4.8,4.81,11.524000000000001,10716.0
2019-02-01 10:30,{},4.84,829,4.9,4.8,4.81,11.524,10716.0
2019-02-01 11:00,{},4.83,829,4.85,4.79,4.84,4.4801,4166.0
2019-02-01 11:30,{},4.86,829,4.87,4.82,4.83,2.9197,2715.0
2019-02-01 13:30,{},4.97,829,5.0,4.86,4.86,14.1168,13127.0
2019-02-01 14:00,{},4.99,829,4.99,4.94,4.97,6.746,6273.0
2019-02-01 14:30,{},5.02,829,5.05,4.99,4.99,10.9196,10154.0
2019-02-01 15:00,{},5.04,829,5.04,5.01,5.02,11.6864,10867.0
2019-02-11 10:00,{},5.19,829,5.22,4.98,5.03,22.3533,20786.0
2019-02-11 10:30,{},5.15,829,5.19,5.13,5.19,5.5932,5201.0
2019-02-11 11:00,{},5.18,829,5.18,5.14,5.15,4.1123,3824.0
2019-02-11 11:30,{},5.17,829,5.19,5.15,5.18,3.9973,3717.0
2019-02-11 13:30,{},5.15,829,5.19,5.15,5.17,5.9438,5527.0
2019-02-11 14:00,{},5.14,829,5.16,5.13,5.15,7.9709,7412.0
2019-02-11 14:30,{},5.15,829,5.15,5.12,5.14,7.8504,7300.0
2019-02-11 15:00,{},5.17,829,5.17,5.13,5.15,14.7814,13745.0
2019-02-12 10:00,{},5.28,829,5.32,5.14,5.14,17.7829,16536.0
2019-02-12 10:30,{},5.28,829,5.29,5.24,5.28,6.0739,5648.0
2019-02-12 11:00,{},5.28,829,5.3,5.26,5.28,4.6468,4321.0
2019-02-12 11:30,{},5.28,829,5.29,5.27,5.28,3.0649,2850.0
2019-02-12 13:30,{},5.28,829,5.3,5.27,5.28,4.9081,4564.0
2019-02-12 14:00,{},5.27,829,5.29,5.25,5.28,4.7232,4392.0
2019-02-12 14:30,{},5.26,829,5.28,5.24,5.27,4.6296,4305.0
2019-02-12 15:00,{},5.27,829,5.3,5.26,5.26,10.1324,9422.0
2019-02-13 10:00,{},5.3,829,5.34,5.26,5.34,11.7187,10897.0
2019-02-13 10:30,{},5.33,829,5.35,5.29,5.3,8.9527,8325.0
2019-02-13 11:00,{},5.35,829,5.39,5.31,5.33,12.0381,11194.0
2019-02-13 11:30,{},5.38,829,5.39,5.34,5.35,4.5199,4203.0
2019-02-13 13:30,{},5.35,829,5.39,5.34,5.38,8.571,7970.0
2019-02-13 14:00,{},5.36,829,5.37,5.33,5.35,7.8526,7302.0
2019-02-13 14:30,{},5.38,829,5.39,5.34,5.36,6.4116,5962.0
2019-02-13 15:00,{},5.38,829,5.39,5.36,5.38,11.8079,10980.0
2019-02-14 10:00,{},5.5,829,5.59,5.39,5.39,33.7913,31422.0
2019-02-14 10:30,{},5.49,829,5.51,5.46,5.5,7.6945,7155.0
2019-02-14 11:00,{},5.43,829,5.5,5.42,5.49,7.0837,6587.0
2019-02-14 11:30,{},5.42,829,5.46,5.41,5.43,4.0113,3730.0
2019-02-14 13:30,{},5.46,829,5.47,5.39,5.42,5.6846,5286.0
2019-02-14 14:00,{},5.46,829,5.47,5.42,5.46,5.3028,4931.0
2019-02-14 14:30,{},5.48,829,5.5,5.45,5.46,6.7439,6271.0
2019-02-14 15:00,{},5.44,829,5.48,5.4,5.48,8.4301,7839.0
2019-02-15 10:00,{},5.44,829,5.44,5.34,5.41,15.6482,14551.0
2019-02-15 10:30,{},5.43,829,5.47,5.41,5.43,5.7297,5328.0
2019-02-15 11:00,{},5.49,829,5.5,5.43,5.43,7.5719,7041.0
2019-02-15 11:30,{},5.5,829,5.5,5.47,5.49,5.6362,5241.0
2019-02-15 13:30,{},5.47,829,5.51,5.46,5.5,6.2072,5772.0
2019-02-15 14:00,{},5.47,829,5.49,5.46,5.47,3.8939999999999997,3621.0
2019-02-15 14:00,{},5.47,829,5.49,5.46,5.47,3.894,3621.0
2019-02-15 14:30,{},5.45,829,5.48,5.42,5.47,5.6577,5261.0
2019-02-15 15:00,{},5.43,829,5.45,5.39,5.45,7.8666,7315.0
2019-02-18 10:00,{},5.47,829,5.54,5.45,5.49,9.9636,9265.0
2019-02-18 10:30,{},5.52,829,5.53,5.46,5.47,9.7657,9081.0
2019-02-18 11:00,{},5.53,829,5.54,5.51,5.52,6.1717,5739.0
2019-02-18 11:30,{},5.54,829,5.55,5.52,5.53,5.6383,5243.0
2019-02-18 13:30,{},5.56,829,5.59,5.54,5.54,8.613999999999999,8010.0
2019-02-18 14:00,{},5.6,829,5.61,5.56,5.57,10.0582,9353.0
2019-02-18 14:30,{},5.64,829,5.65,5.59,5.6,11.9993,11158.0
2019-02-18 15:00,{},5.63,829,5.66,5.62,5.64,15.032,13978.0
2019-02-19 10:00,{},5.84,829,5.96,5.72,5.81,65.8566,61239.0
2019-02-19 10:30,{},5.76,829,5.83,5.72,5.83,17.4538,16230.0
2019-02-19 11:00,{},5.73,829,5.77,5.73,5.76,8.6817,8073.0
2019-02-19 11:30,{},5.7,829,5.76,5.7,5.73,9.2732,8623.0
2019-02-19 13:30,{},5.64,829,5.7,5.6,5.7,12.0241,11181.0
2019-02-19 14:00,{},5.61,829,5.66,5.61,5.64,9.4367,8775.0
2019-02-19 14:30,{},5.59,829,5.64,5.58,5.61,8.6484,8042.0
2019-02-19 15:00,{},5.63,829,5.65,5.59,5.6,12.95,12042.0
2019-02-20 10:00,{},5.59,829,5.7,5.55,5.66,22.8437,21242.0
2019-02-20 10:30,{},5.63,829,5.64,5.56,5.6,11.8993,11065.0
2019-02-20 11:00,{},5.6,829,5.65,5.58,5.63,7.9031,7349.0
2019-02-20 11:30,{},5.6,829,5.64,5.59,5.6,4.3328,4029.0
2019-02-20 13:30,{},5.58,829,5.61,5.57,5.6,4.9286,4583.0
2019-02-20 14:00,{},5.59,829,5.6,5.57,5.58,3.1714,2949.0
2019-02-20 14:30,{},5.62,829,5.63,5.58,5.59,6.4449,5993.0
2019-02-20 15:00,{},5.64,829,5.65,5.61,5.62,10.369000000000002,9642.0
2019-02-21 10:00,{},5.58,829,5.62,5.53,5.6,19.4616,18097.0
2019-02-21 10:30,{},5.61,829,5.66,5.56,5.58,10.1368,9426.0
2019-02-21 11:00,{},5.63,829,5.64,5.57,5.61,6.931,6445.0
2019-02-21 11:30,{},5.66,829,5.66,5.61,5.63,7.2289,6722.0
2019-02-21 13:30,{},5.69,829,5.72,5.66,5.66,18.6496,17342.0
2019-02-21 14:00,{},5.62,829,5.71,5.62,5.69,12.5596,11679.0
2019-02-21 14:30,{},5.58,829,5.66,5.58,5.62,8.6688,8061.0
2019-02-21 15:00,{},5.59,829,5.6,5.56,5.57,8.4021,7813.0
2019-02-22 10:00,{},5.6,829,5.67,5.58,5.58,13.3371,12402.0
2019-02-22 10:30,{},5.66,829,5.69,5.6,5.6,16.6752,15506.0
2019-02-22 11:00,{},5.68,829,5.68,5.65,5.66,9.5109,8844.0
2019-02-22 11:30,{},5.65,829,5.7,5.64,5.68,10.3475,9622.0
2019-02-22 13:30,{},5.72,829,5.74,5.65,5.66,16.1859,15051.0
2019-02-22 14:00,{},5.73,829,5.73,5.67,5.72,9.9658,9267.0
2019-02-22 14:30,{},5.73,829,5.74,5.7,5.72,9.7851,9099.0
2019-02-22 15:00,{},5.74,829,5.75,5.72,5.73,16.188,15053.0
2019-02-25 10:00,{},5.86,829,5.92,5.78,5.8,51.0214,47444.0
2019-02-25 10:30,{},5.97,829,5.97,5.85,5.86,30.2339,28114.0
2019-02-25 11:00,{},5.94,829,5.97,5.91,5.97,12.422,11551.0
2019-02-25 11:30,{},6.03,829,6.05,5.94,5.94,23.5126,21864.0
2019-02-25 13:30,{},6.07,829,6.14,6.03,6.03,24.4719,22756.0
2019-02-25 14:00,{},6.05,829,6.07,6.01,6.07,11.838,11008.0
2019-02-25 14:30,{},6.06,829,6.08,6.04,6.05,10.4045,9675.0
2019-02-25 15:00,{},6.13,829,6.13,6.05,6.06,28.5939,26589.0
2019-02-26 10:00,{},6.24,829,6.4,6.14,6.28,78.5958,73085.0
2019-02-26 10:30,{},6.14,829,6.25,6.12,6.24,24.4396,22726.0
2019-02-26 11:00,{},6.15,829,6.15,6.08,6.14,21.0962,19617.0
2019-02-26 11:30,{},6.15,829,6.18,6.11,6.15,11.0562,10281.0
2019-02-26 13:30,{},6.19,829,6.24,6.14,6.15,16.3128,15169.0
2019-02-26 14:00,{},6.31,829,6.34,6.18,6.2,23.2276,21599.0
2019-02-26 14:30,{},6.36,829,6.57,6.31,6.31,68.7806,63958.0
2019-02-26 15:00,{},6.23,829,6.4,6.2,6.36,27.1152,25214.0
2019-02-27 10:00,{},6.21,829,6.26,6.11,6.16,35.9088,33391.0
2019-02-27 10:30,{},6.15,829,6.21,6.11,6.21,23.8761,22202.0
2019-02-27 11:00,{},6.17,829,6.19,6.14,6.15,10.5562,9816.0
2019-02-27 11:30,{},6.16,829,6.21,6.14,6.17,12.6661,11778.0
2019-02-27 13:30,{},6.32,829,6.43,6.16,6.16,84.6407,78706.0
2019-02-27 14:00,{},6.25,829,6.34,6.21,6.33,28.8907,26865.0
2019-02-27 14:30,{},6.24,829,6.27,6.19,6.25,13.2361,12308.0
2019-02-27 15:00,{},6.27,829,6.27,6.19,6.23,18.2313,16953.0
2019-02-28 10:00,{},6.21,829,6.25,6.14,6.19,32.603,30317.0
2019-02-28 10:30,{},6.25,829,6.28,6.18,6.21,14.1426,13151.0
2019-02-28 11:00,{},6.2,829,6.26,6.19,6.25,8.7678,8153.0
2019-02-28 11:30,{},6.16,829,6.2,6.14,6.2,14.0372,13053.0
2019-02-28 13:30,{},6.18,829,6.21,6.13,6.16,7.7698,7225.0
2019-02-28 14:00,{},6.11,829,6.18,6.1,6.18,15.432,14350.0
2019-02-28 14:30,{},6.09,829,6.13,6.03,6.11,19.6842,18304.0
2019-02-28 15:00,{},6.1,829,6.13,6.08,6.09,16.1805,15046.0
2019-03-01 10:00,{},6.02,829,6.15,6.01,6.1,21.8447,20313.0
2019-03-01 10:30,{},6.05,829,6.09,6.02,6.02,10.7605,10006.0
2019-03-01 11:00,{},6.1,829,6.13,6.04,6.05,9.7152,9034.0
2019-03-01 11:30,{},6.02,829,6.11,6.02,6.1,11.5434,10734.0
2019-03-01 13:30,{},6.04,829,6.06,6.01,6.02,8.7667,8152.0
2019-03-01 14:00,{},6.06,829,6.06,6.02,6.04,5.7018,5302.0
2019-03-01 14:30,{},6.1,829,6.1,6.04,6.06,5.4867,5102.0
2019-03-01 15:00,{},6.09,829,6.12,6.08,6.1,11.0562,10281.0
2019-03-04 10:00,{},6.21,829,6.24,6.14,6.18,31.3415,29144.0
2019-03-04 10:30,{},6.22,829,6.25,6.2,6.21,28.0648,26097.0
2019-03-04 11:00,{},6.23,829,6.25,6.17,6.22,13.8136,12845.0
2019-03-04 11:30,{},6.27,829,6.3,6.22,6.23,17.9463,16688.0
2019-03-04 13:30,{},6.23,829,6.33,6.22,6.27,30.976999999999997,28805.0
2019-03-04 13:30,{},6.23,829,6.33,6.22,6.27,30.977,28805.0
2019-03-04 14:00,{},6.24,829,6.27,6.23,6.23,11.9456,11108.0
2019-03-04 14:30,{},6.18,829,6.24,6.16,6.24,18.5561,17255.0
2019-03-04 15:00,{},6.16,829,6.19,6.11,6.18,16.4988,15342.0
2019-03-05 10:00,{},6.21,829,6.26,6.17,6.17,22.4566,20882.0
2019-03-05 10:30,{},6.23,829,6.27,6.2,6.21,16.8871,15703.0
2019-03-05 11:00,{},6.33,829,6.34,6.22,6.23,29.6489,27570.0
2019-03-05 11:30,{},6.3,829,6.34,6.25,6.33,14.0039,13022.0
2019-03-05 13:30,{},6.37,829,6.4,6.27,6.3,33.3461,31008.0
2019-03-05 14:00,{},6.36,829,6.39,6.33,6.37,17.5011,16274.0
2019-03-05 14:30,{},6.35,829,6.38,6.34,6.36,13.4533,12510.0
2019-03-05 15:00,{},6.41,829,6.42,6.33,6.35,37.2573,34645.0
2019-03-06 10:00,{},6.34,829,6.53,6.34,6.48,55.6199,51720.0
2019-03-06 10:30,{},6.35,829,6.39,6.31,6.34,22.4576,20883.0
2019-03-06 11:00,{},6.38,829,6.42,6.34,6.35,16.2332,15095.0
2019-03-06 11:30,{},6.46,829,6.47,6.37,6.39,16.1429,15011.0
2019-03-06 13:30,{},6.44,829,6.49,6.41,6.46,15.8912,14777.0
2019-03-06 14:00,{},6.49,829,6.53,6.42,6.44,18.4883,17192.0
2019-03-06 14:30,{},6.47,829,6.49,6.4,6.49,16.9344,15747.0
2019-03-06 15:00,{},6.54,829,6.54,6.47,6.47,29.8059,27716.0
2019-03-07 10:00,{},6.75,829,6.77,6.43,6.5,66.347,61695.0
2019-03-07 10:30,{},6.7,829,6.85,6.7,6.75,44.7389,41602.0
2019-03-07 11:00,{},6.68,829,6.71,6.6,6.7,22.5813,20998.0
2019-03-07 11:30,{},6.74,829,6.74,6.63,6.68,10.1411,9430.0
2019-03-07 13:30,{},6.75,829,6.8,6.71,6.74,22.6555,21067.0
2019-03-07 14:00,{},6.81,829,6.88,6.72,6.75,36.1884,33651.0
2019-03-07 14:30,{},6.84,829,6.87,6.77,6.81,20.8564,19394.0
2019-03-07 15:00,{},6.77,829,6.94,6.77,6.84,31.4469,29242.0
2019-03-08 10:00,{},6.69,829,6.75,6.5,6.6,56.2038,52263.0
2019-03-08 10:30,{},6.9,829,6.93,6.66,6.69,45.6734,42471.0
2019-03-08 11:00,{},6.77,829,6.94,6.77,6.89,25.929,24111.0
2019-03-08 11:00,{},6.77,829,6.94,6.77,6.89,25.929000000000002,24111.0
2019-03-08 11:30,{},6.68,829,6.81,6.67,6.77,15.4299,14348.0
2019-03-08 13:30,{},6.84,829,6.95,6.67,6.93,42.344,39375.0
2019-03-08 13:30,{},6.84,829,6.95,6.67,6.93,42.343999999999994,39375.0
2019-03-08 14:00,{},7.19,829,7.19,6.77,6.84,51.4494,47842.0
2019-03-08 14:30,{},7.02,829,7.2,6.98,7.19,54.353,50542.0
2019-03-08 15:00,{},6.85,829,7.02,6.78,7.02,55.522,51629.0
2019-03-11 10:00,{},7.1,829,7.23,6.69,6.89,148.2379,137844.0
2019-03-11 10:30,{},7.0,829,7.12,6.89,7.1,41.9601,39018.0
2019-03-11 11:00,{},7.01,829,7.09,6.97,7.0,26.6678,24798.0
2019-03-11 11:30,{},7.05,829,7.1,7.0,7.01,17.4366,16214.0
2019-03-11 13:30,{},7.09,829,7.15,7.05,7.05,20.9897,19518.0
2019-03-11 14:00,{},7.03,829,7.09,7.02,7.09,16.8193,15640.0
2019-03-11 14:30,{},7.0,829,7.07,6.95,7.03,25.8936,24078.0
2019-03-11 15:00,{},7.15,829,7.15,7.0,7.0,48.1652,44788.0
2019-03-12 10:00,{},7.06,829,7.12,6.98,7.08,75.061,69798.0
2019-03-12 10:30,{},7.06,829,7.15,7.04,7.06,28.5154,26516.0
2019-03-12 11:00,{},7.1,829,7.13,7.06,7.06,20.1703,18756.0
2019-03-12 11:30,{},7.16,829,7.2,7.09,7.1,27.9003,25944.0
2019-03-12 13:30,{},7.21,829,7.31,7.16,7.16,45.9584,42736.0
2019-03-12 14:00,{},7.09,829,7.21,7.06,7.21,34.1408,31747.0
2019-03-12 14:30,{},7.05,829,7.09,7.01,7.09,23.4244,21782.0
2019-03-12 15:00,{},7.19,829,7.2,7.02,7.05,30.8383,28676.0
2019-03-13 10:00,{},7.05,829,7.22,7.01,7.2,54.9198,51069.0
2019-03-13 10:30,{},6.94,829,7.06,6.92,7.05,42.8462,39842.0
2019-03-13 11:00,{},6.98,829,7.05,6.9,6.94,26.171,24336.0
2019-03-13 11:30,{},7.02,829,7.08,6.98,6.98,13.6834,12724.0
2019-03-13 13:30,{},6.98,829,7.05,6.94,7.02,17.3602,16143.0
2019-03-13 14:00,{},6.99,829,7.01,6.96,6.98,10.0389,9335.0
2019-03-13 14:30,{},6.87,829,7.01,6.78,6.99,30.535,28394.0
2019-03-13 15:00,{},6.84,829,6.88,6.8,6.87,28.681,26670.0
2019-03-13 15:00,{},6.84,829,6.88,6.8,6.87,28.680999999999997,26670.0
2019-03-14 10:00,{},6.63,829,6.88,6.61,6.83,55.5284,51635.0
2019-03-14 10:30,{},6.55,829,6.64,6.47,6.63,39.9265,37127.0
2019-03-14 11:00,{},6.52,829,6.55,6.36,6.55,28.1325,26160.0
2019-03-14 11:30,{},6.45,829,6.54,6.44,6.52,9.2958,8644.0
2019-03-14 13:30,{},6.49,829,6.49,6.41,6.45,8.7377,8125.0
2019-03-14 14:00,{},6.5,829,6.53,6.42,6.49,8.3795,7792.0
2019-03-14 14:30,{},6.44,829,6.52,6.4,6.52,10.3916,9663.0
2019-03-14 15:00,{},6.45,829,6.48,6.38,6.44,18.5851,17282.0
2019-03-15 10:00,{},6.56,829,6.63,6.46,6.46,22.8179,21218.0
2019-03-15 10:30,{},6.52,829,6.6,6.5,6.57,14.7685,13733.0
2019-03-15 11:00,{},6.58,829,6.58,6.51,6.52,9.1065,8468.0
2019-03-15 11:30,{},6.58,829,6.6,6.56,6.58,8.0956,7528.0
2019-03-15 13:30,{},6.48,829,6.58,6.47,6.58,8.9957,8365.0
2019-03-15 14:00,{},6.4,829,6.48,6.38,6.47,12.5919,11709.0
2019-03-15 14:30,{},6.47,829,6.48,6.39,6.4,10.34,9615.0
2019-03-15 15:00,{},6.5,829,6.52,6.46,6.47,14.005,13023.0
2019-03-18 10:00,{},6.58,829,6.61,6.45,6.49,28.2046,26227.0
2019-03-18 10:30,{},6.53,829,6.61,6.53,6.58,12.1424,11291.0
2019-03-18 11:00,{},6.55,829,6.59,6.52,6.53,11.0175,10245.0
2019-03-18 11:30,{},6.53,829,6.58,6.51,6.55,5.4211,5041.0
2019-03-18 13:30,{},6.51,829,6.56,6.51,6.53,10.3647,9638.0
2019-03-18 14:00,{},6.52,829,6.55,6.46,6.51,16.4397,15287.0
2019-03-18 14:30,{},6.56,829,6.58,6.5,6.52,24.7751,23038.0
2019-03-18 15:00,{},6.65,829,6.71,6.56,6.56,34.3376,31930.0
2019-03-19 10:00,{},6.66,829,6.73,6.6,6.62,35.0538,32596.0
2019-03-19 10:30,{},6.7,829,6.71,6.64,6.66,16.5924,15429.0
2019-03-19 11:00,{},6.64,829,6.75,6.6,6.71,17.6764,16437.0
2019-03-19 11:30,{},6.63,829,6.68,6.63,6.64,7.1342,6634.0
2019-03-19 13:30,{},6.68,829,6.72,6.63,6.63,7.8902,7337.0
2019-03-19 14:00,{},6.63,829,6.67,6.6,6.67,9.9174,9222.0
2019-03-19 14:30,{},6.59,829,6.66,6.58,6.63,9.955,9257.0
2019-03-19 15:00,{},6.61,829,6.66,6.58,6.59,9.9206,9225.0
2019-03-20 10:00,{},6.64,829,6.71,6.6,6.67,23.6094,21954.0
2019-03-20 10:30,{},6.63,829,6.67,6.58,6.65,16.5365,15377.0
2019-03-20 11:00,{},6.62,829,6.66,6.6,6.63,7.6827,7144.0
2019-03-20 11:30,{},6.47,829,6.64,6.43,6.62,20.5972,19153.0
2019-03-20 13:30,{},6.46,829,6.49,6.4,6.47,16.4279,15276.0
2019-03-20 14:00,{},6.47,829,6.53,6.44,6.46,9.4786,8814.0
2019-03-20 14:30,{},6.56,829,6.58,6.46,6.47,8.3677,7781.0
2019-03-20 15:00,{},6.6,829,6.61,6.51,6.56,14.190999999999999,13196.0
2019-03-20 15:00,{},6.6,829,6.61,6.51,6.56,14.191,13196.0
2019-03-21 10:00,{},6.67,829,6.67,6.57,6.63,19.3099,17956.0
2019-03-21 10:30,{},6.67,829,6.78,6.66,6.67,33.4805,31133.0
2019-03-21 11:00,{},6.67,829,6.72,6.65,6.67,12.6414,11755.0
2019-03-21 11:30,{},6.71,829,6.71,6.6,6.67,13.5404,12591.0
2019-03-21 13:30,{},6.74,829,6.75,6.7,6.71,16.7214,15549.0
2019-03-21 14:00,{},6.65,829,6.75,6.64,6.74,26.1398,24307.0
2019-03-21 14:30,{},6.69,829,6.72,6.64,6.65,12.5973,11714.0
2019-03-21 15:00,{},6.69,829,6.74,6.67,6.69,22.2824,20720.0
2019-03-22 10:00,{},6.6,829,6.7,6.58,6.64,22.0017,20459.0
2019-03-22 10:30,{},6.6,829,6.65,6.54,6.6,18.9389,17611.0
2019-03-22 11:00,{},6.59,829,6.68,6.57,6.6,16.9,15715.0
2019-03-22 11:30,{},6.75,829,6.77,6.57,6.59,17.9646,16705.0
2019-03-22 13:30,{},6.77,829,6.83,6.72,6.75,26.8259,24945.0
2019-03-22 14:00,{},6.79,829,6.82,6.77,6.78,13.8598,12888.0
2019-03-22 14:30,{},6.76,829,6.82,6.76,6.79,14.89,13846.0
2019-03-22 15:00,{},6.82,829,6.82,6.76,6.77,27.7486,25803.0
2019-03-25 10:00,{},6.74,829,6.79,6.68,6.7,32.8525,30549.0
2019-03-25 10:30,{},6.81,829,6.81,6.73,6.74,16.6505,15483.0
2019-03-25 11:00,{},6.83,829,6.87,6.78,6.81,14.9287,13882.0
2019-03-25 11:30,{},6.77,829,6.84,6.77,6.83,11.4939,10688.0
2019-03-25 13:30,{},6.83,829,6.85,6.76,6.77,12.4671,11593.0
2019-03-25 14:00,{},6.82,829,6.85,6.8,6.83,7.6569,7120.0
2019-03-25 14:30,{},6.8,829,6.84,6.77,6.82,9.7539,9070.0
2019-03-25 15:00,{},6.78,829,6.82,6.76,6.8,13.3027,12370.0
2019-03-26 10:00,{},6.73,829,6.88,6.71,6.85,32.2363,29976.0
2019-03-26 10:30,{},6.66,829,6.75,6.66,6.73,20.5467,19106.0
2019-03-26 11:00,{},6.62,829,6.72,6.62,6.66,13.0618,12146.0
2019-03-26 11:30,{},6.44,829,6.64,6.41,6.62,32.4471,30172.0
2019-03-26 13:30,{},6.4,829,6.48,6.16,6.44,46.9489,43657.0
2019-03-26 14:00,{},6.3,829,6.42,6.28,6.4,18.47,17175.0
2019-03-26 14:30,{},6.32,829,6.36,6.26,6.3,17.227999999999998,16020.0
2019-03-26 15:00,{},6.29,829,6.33,6.21,6.32,24.2503,22550.0
2019-03-27 10:00,{},6.3,829,6.63,6.25,6.35,27.7239,25780.0
2019-03-27 10:30,{},6.25,829,6.3,6.11,6.29,18.3475,17061.0
2019-03-27 11:00,{},6.32,829,6.33,6.21,6.25,9.0398,8406.0
2019-03-27 11:30,{},6.31,829,6.34,6.28,6.32,7.6386,7103.0
2019-03-27 13:30,{},6.31,829,6.36,6.29,6.31,7.0912,6594.0
2019-03-27 14:00,{},6.34,829,6.36,6.29,6.31,5.6319,5237.0
2019-03-27 14:30,{},6.36,829,6.41,6.33,6.34,13.0758,12159.0
2019-03-27 15:00,{},6.38,829,6.39,6.34,6.36,11.3444,10549.0
2019-03-28 10:00,{},6.49,829,6.53,6.28,6.35,33.4612,31115.0
2019-03-28 10:30,{},6.59,829,6.68,6.47,6.49,35.0915,32631.0
2019-03-28 11:00,{},6.62,829,6.63,6.52,6.59,11.0906,10313.0
2019-03-28 11:30,{},6.5,829,6.62,6.47,6.62,10.097999999999999,9390.0
2019-03-28 11:30,{},6.5,829,6.62,6.47,6.62,10.098,9390.0
2019-03-28 13:30,{},6.47,829,6.54,6.44,6.5,6.0965,5669.0
2019-03-28 14:00,{},6.44,829,6.49,6.42,6.47,4.335,4031.0
2019-03-28 14:30,{},6.43,829,6.46,6.38,6.44,9.6883,9009.0
2019-03-28 15:00,{},6.36,829,6.45,6.36,6.43,13.2511,12322.0
2019-03-29 10:00,{},6.33,829,6.48,6.27,6.36,25.1375,23375.0
2019-03-29 10:30,{},6.42,829,6.43,6.29,6.33,11.9682,11129.0
2019-03-29 11:00,{},6.44,829,6.46,6.36,6.42,8.8452,8225.0
2019-03-29 11:30,{},6.54,829,6.55,6.44,6.44,19.6713,18292.0
2019-03-29 13:30,{},6.54,829,6.56,6.5,6.54,7.5698,7039.0
2019-03-29 14:00,{},6.56,829,6.6,6.5,6.54,15.2621,14192.0
2019-03-29 14:30,{},6.57,829,6.59,6.5,6.56,18.441,17148.0
2019-03-29 15:00,{},6.57,829,6.62,6.56,6.57,16.3149,15171.0
2019-04-01 10:00,{},6.82,829,6.84,6.62,6.65,35.4915,33003.0
2019-04-01 10:30,{},6.8,829,6.82,6.74,6.81,17.6882,16448.0
2019-04-01 11:00,{},6.82,829,6.84,6.76,6.8,18.9077,17582.0
2019-04-01 11:30,{},6.84,829,6.85,6.8,6.82,14.9621,13913.0
2019-04-01 13:30,{},6.88,829,6.9,6.82,6.84,23.4685,21823.0
2019-04-01 14:00,{},6.86,829,6.89,6.82,6.88,12.3639,11497.0
2019-04-01 14:30,{},6.87,829,6.88,6.81,6.86,14.2534,13254.0
2019-04-01 15:00,{},6.86,829,6.87,6.84,6.87,18.7174,17405.0
2019-04-02 10:00,{},6.89,829,7.0,6.88,6.9,32.1761,29920.0
2019-04-02 10:30,{},6.87,829,6.91,6.84,6.89,18.5002,17203.0
2019-04-02 11:00,{},6.82,829,6.9,6.82,6.87,15.66,14562.0
2019-04-02 11:30,{},6.91,829,6.91,6.82,6.84,9.0377,8404.0
2019-04-02 13:30,{},6.87,829,6.92,6.87,6.91,11.5531,10743.0
2019-04-02 14:00,{},6.81,829,6.88,6.8,6.87,16.7387,15565.0
2019-04-02 14:30,{},6.82,829,6.86,6.79,6.81,10.4594,9726.0
2019-04-02 15:00,{},6.8,829,6.86,6.77,6.82,16.1171,14987.0
2019-04-03 10:00,{},6.85,829,6.87,6.75,6.83,18.2862,17004.0
2019-04-03 10:30,{},6.91,829,6.96,6.83,6.85,29.8435,27751.0
2019-04-03 11:00,{},6.89,829,6.91,6.85,6.91,13.7555,12791.0
2019-04-03 11:30,{},6.87,829,6.89,6.81,6.89,9.8916,9198.0
2019-04-03 13:30,{},6.84,829,6.88,6.82,6.87,12.1144,11265.0
2019-04-03 14:00,{},6.86,829,6.88,6.83,6.84,12.1004,11252.0
2019-04-03 14:30,{},6.9,829,6.92,6.85,6.86,17.8936,16639.0
2019-04-03 15:00,{},6.91,829,6.93,6.88,6.9,21.4371,19934.0
2019-04-04 10:00,{},6.89,829,6.96,6.86,6.91,33.5827,31228.0
2019-04-04 10:30,{},6.96,829,6.98,6.88,6.89,25.2365,23467.0
2019-04-04 11:00,{},6.91,829,6.97,6.87,6.96,16.2364,15098.0
2019-04-04 11:30,{},6.9,829,6.92,6.85,6.91,10.7293,9977.0
2019-04-04 13:30,{},6.92,829,6.92,6.87,6.9,7.1944,6690.0
2019-04-04 14:00,{},6.9,829,6.92,6.86,6.92,9.4485,8786.0
2019-04-04 14:30,{},6.89,829,6.93,6.87,6.9,11.624,10809.0
2019-04-04 15:00,{},6.92,829,6.92,6.86,6.89,19.4379,18075.0
2019-04-08 10:00,{},6.87,829,6.98,6.85,6.93,28.3928,26402.0
2019-04-08 10:30,{},6.84,829,6.9,6.83,6.87,14.3394,13334.0
2019-04-08 11:00,{},6.82,829,6.87,6.8,6.84,12.9479,12040.0
2019-04-08 11:30,{},6.74,829,6.83,6.74,6.82,11.338,10543.0
2019-04-08 13:30,{},6.65,829,6.77,6.59,6.74,27.1561,25252.0
2019-04-08 14:00,{},6.68,829,6.73,6.63,6.65,17.8162,16567.0
2019-04-08 14:30,{},6.71,829,6.75,6.66,6.68,7.9558,7398.0
2019-04-08 15:00,{},6.76,829,6.8,6.7,6.71,11.8133,10985.0
2019-04-09 10:00,{},6.9,829,6.96,6.71,6.82,36.5347,33973.0
2019-04-09 10:30,{},6.88,829,6.95,6.88,6.9,20.7521,19297.0
2019-04-09 11:00,{},6.99,829,7.0,6.88,6.88,27.2668,25355.0
2019-04-09 11:30,{},7.01,829,7.03,6.96,6.99,23.2223,21594.0
2019-04-09 13:30,{},6.95,829,7.01,6.93,7.01,12.4618,11588.0
2019-04-09 14:00,{},6.92,829,6.96,6.9,6.95,12.1488,11297.0
2019-04-09 14:30,{},6.88,829,6.94,6.83,6.92,25.8473,24035.0
2019-04-09 15:00,{},6.92,829,6.92,6.84,6.88,24.4224,22710.0
2019-04-10 10:00,{},6.8,829,6.9,6.75,6.9,25.9538,24134.0
2019-04-10 10:30,{},6.79,829,6.85,6.77,6.8,8.5849,7983.0
2019-04-10 11:00,{},6.83,829,6.86,6.76,6.79,9.6722,8994.0
2019-04-10 11:30,{},6.81,829,6.88,6.8,6.84,8.9183,8293.0
2019-04-10 13:30,{},6.85,829,6.87,6.81,6.81,7.4977,6972.0
2019-04-10 14:00,{},6.84,829,6.85,6.82,6.85,7.4547,6932.0
2019-04-10 14:30,{},6.88,829,6.92,6.83,6.84,16.0138,14891.0
2019-04-10 15:00,{},6.84,829,6.89,6.83,6.88,14.7276,13695.0
2019-04-11 10:00,{},6.84,829,6.92,6.82,6.9,14.833,13793.0
2019-04-11 10:30,{},6.9,829,6.96,6.83,6.84,23.361,21723.0
2019-04-11 11:00,{},6.94,829,7.04,6.89,6.91,26.6646,24795.0
2019-04-11 11:30,{},6.89,829,6.94,6.82,6.94,18.313,17029.0
2019-04-11 13:30,{},6.85,829,6.89,6.83,6.89,11.8886,11055.0
2019-04-11 14:00,{},6.82,829,6.85,6.76,6.85,16.1891,15054.0
2019-04-11 14:30,{},6.8,829,6.87,6.78,6.82,7.9483,7391.0
2019-04-11 15:00,{},6.76,829,6.82,6.7,6.8,20.3864,18957.0
2019-04-12 10:00,{},6.71,829,6.81,6.63,6.8,21.25,19760.0
2019-04-12 10:30,{},6.71,829,6.75,6.68,6.71,6.9202,6435.0
2019-04-12 11:00,{},6.64,829,6.71,6.6,6.71,16.9903,15799.0
2019-04-12 11:30,{},6.63,829,6.68,6.61,6.64,6.8697,6388.0
2019-04-12 13:30,{},6.63,829,6.66,6.61,6.63,8.6183,8014.0
2019-04-12 14:00,{},6.56,829,6.64,6.53,6.63,16.573,15411.0
2019-04-12 14:30,{},6.55,829,6.58,6.5,6.56,11.5939,10781.0
2019-04-12 15:00,{},6.6,829,6.63,6.54,6.55,16.3891,15240.0
2019-04-15 10:00,{},6.85,829,6.86,6.66,6.66,37.3767,34756.0
2019-04-15 10:30,{},6.88,829,6.95,6.84,6.85,33.4149,31072.0
2019-04-15 11:00,{},7.07,829,7.08,6.88,6.88,73.1683,68038.0
2019-04-15 11:30,{},7.26,829,7.26,7.01,7.07,149.8886,139379.0
2019-04-15 13:30,{},7.26,829,7.26,7.26,7.26,23.8352,22164.0
2019-04-15 14:00,{},7.26,829,7.26,7.26,7.26,33.3956,31054.0
2019-04-15 14:30,{},7.26,829,7.26,7.26,7.26,6.6019,6139.0
2019-04-15 15:00,{},7.26,829,7.26,7.26,7.26,17.5957,16362.0
2019-04-16 10:00,{},7.21,829,7.54,7.12,7.41,298.4244,277500.0
2019-04-16 10:30,{},7.31,829,7.33,7.15,7.22,62.1325,57776.0
2019-04-16 11:00,{},7.22,829,7.45,7.15,7.31,80.0584,74445.0
2019-04-16 11:30,{},7.33,829,7.35,7.23,7.23,28.6315,26624.0
2019-04-16 13:30,{},7.32,829,7.39,7.2,7.33,34.2634,31861.0
2019-04-16 14:00,{},7.78,829,7.9,7.26,7.32,95.1484,88477.0
2019-04-16 14:30,{},7.62,829,7.78,7.6,7.78,45.7745,42565.0
2019-04-16 15:00,{},7.63,829,7.7,7.53,7.62,54.7144,50878.0
2019-04-17 10:00,{},7.38,829,7.46,7.31,7.43,159.1629,148003.0
2019-04-17 10:30,{},7.37,829,7.38,7.25,7.38,62.8272,58422.0
2019-04-17 11:00,{},7.37,829,7.44,7.34,7.35,27.2131,25305.0
2019-04-17 11:30,{},7.36,829,7.4,7.32,7.37,20.6391,19192.0
2019-04-17 13:30,{},7.4,829,7.45,7.36,7.36,32.5675,30284.0
2019-04-17 14:00,{},7.53,829,7.6,7.4,7.4,53.5045,49753.0
2019-04-17 14:30,{},7.43,829,7.54,7.4,7.53,32.0277,29782.0
2019-04-17 15:00,{},7.41,829,7.43,7.32,7.43,55.9038,51984.0
2019-04-18 10:00,{},7.28,829,7.38,7.23,7.26,68.4397,63641.0
2019-04-18 10:30,{},7.32,829,7.32,7.24,7.28,27.4174,25495.0
2019-04-18 11:00,{},7.29,829,7.34,7.28,7.32,17.9022,16647.0
2019-04-18 11:30,{},7.26,829,7.31,7.24,7.29,19.04,17705.0
2019-04-18 13:30,{},7.31,829,7.34,7.26,7.26,19.3605,18003.0
2019-04-18 14:00,{},7.31,829,7.36,7.3,7.31,14.1061,13117.0
2019-04-18 14:30,{},7.26,829,7.33,7.26,7.31,19.6293,18253.0
2019-04-18 15:00,{},7.24,829,7.28,7.11,7.26,63.5391,59084.0
2019-04-19 10:00,{},7.26,829,7.35,7.17,7.24,50.7537,47195.0
2019-04-19 10:30,{},7.24,829,7.28,7.2,7.26,19.069000000000003,17732.0
2019-04-19 10:30,{},7.24,829,7.28,7.2,7.26,19.069,17732.0
2019-04-19 11:00,{},7.18,829,7.25,7.16,7.24,22.6727,21083.0
2019-04-19 11:30,{},7.24,829,7.24,7.17,7.18,11.0143,10242.0
2019-04-19 13:30,{},7.25,829,7.28,7.22,7.24,14.9847,13934.0
2019-04-19 14:00,{},7.24,829,7.27,7.22,7.25,11.5294,10721.0
2019-04-19 14:30,{},7.28,829,7.32,7.24,7.24,19.4347,18072.0
2019-04-19 15:00,{},7.29,829,7.31,7.24,7.28,31.8879,29652.0
2019-04-22 10:00,{},7.11,829,7.25,7.03,7.23,59.4666,55297.0
2019-04-22 10:30,{},7.11,829,7.15,7.07,7.11,19.211,17864.0
2019-04-22 11:00,{},7.09,829,7.14,7.08,7.1,15.4998,14413.0
2019-04-22 11:30,{},7.05,829,7.1,7.03,7.09,20.908,19442.0
2019-04-22 13:30,{},7.04,829,7.08,7.0,7.05,16.5537,15393.0
2019-04-22 14:00,{},7.04,829,7.05,6.98,7.04,22.5351,20955.0
2019-04-22 14:30,{},6.98,829,7.04,6.98,7.03,15.9504,14832.0
2019-04-22 15:00,{},6.94,829,7.0,6.92,6.98,38.5403,35838.0
2019-04-23 10:00,{},6.87,829,6.99,6.78,6.94,41.958999999999996,39017.0
2019-04-23 10:00,{},6.87,829,6.99,6.78,6.94,41.959,39017.0
2019-04-23 10:30,{},6.99,829,7.04,6.86,6.87,25.2376,23468.0
2019-04-23 11:00,{},6.91,829,6.99,6.85,6.99,19.7734,18387.0
2019-04-23 11:30,{},6.93,829,6.96,6.89,6.91,6.0631,5638.0
2019-04-23 13:30,{},6.95,829,6.97,6.92,6.93,6.5815,6120.0
2019-04-23 14:00,{},6.96,829,7.01,6.94,6.95,13.3877,12449.0
2019-04-23 14:30,{},6.94,829,6.99,6.91,6.96,7.5741,7043.0
2019-04-23 15:00,{},6.87,829,6.94,6.85,6.94,20.7918,19334.0
2019-04-24 10:00,{},6.77,829,6.92,6.75,6.84,33.2751,30942.0
2019-04-24 10:30,{},6.79,829,6.84,6.75,6.77,21.2736,19782.0
2019-04-24 11:00,{},6.68,829,6.79,6.65,6.79,31.5556,29343.0
2019-04-24 11:30,{},6.7,829,6.7,6.62,6.68,18.9905,17659.0
2019-04-24 13:30,{},6.7,829,6.74,6.67,6.7,13.378,12440.0
2019-04-24 14:00,{},6.74,829,6.78,6.68,6.7,13.3995,12460.0
2019-04-24 14:30,{},6.72,829,6.76,6.71,6.74,11.4907,10685.0
2019-04-24 15:00,{},6.76,829,6.78,6.71,6.72,12.265999999999998,11406.0
2019-04-24 15:00,{},6.76,829,6.78,6.71,6.72,12.266,11406.0
2019-04-25 10:00,{},6.74,829,6.83,6.72,6.83,20.6692,19220.0
2019-04-25 10:30,{},6.75,829,6.78,6.7,6.74,17.4904,16264.0
2019-04-25 11:00,{},6.67,829,6.75,6.67,6.75,14.1061,13117.0
2019-04-25 11:30,{},6.65,829,6.71,6.64,6.67,11.6423,10826.0
2019-04-25 13:30,{},6.6,829,6.67,6.56,6.65,16.6978,15527.0
2019-04-25 14:00,{},6.53,829,6.6,6.49,6.6,21.7242,20201.0
2019-04-25 14:30,{},6.43,829,6.53,6.33,6.53,34.9818,32529.0
2019-04-25 15:00,{},6.39,829,6.44,6.36,6.43,25.1601,23396.0
2019-04-26 10:00,{},6.45,829,6.49,6.32,6.4,33.8039,31424.0
2019-04-26 10:30,{},6.5,829,6.59,6.43,6.45,22.329,20757.0
2019-04-26 11:00,{},6.56,829,6.62,6.49,6.5,18.068,16796.0
2019-04-26 11:00,{},6.56,829,6.62,6.49,6.5,18.067999999999998,16796.0
2019-04-26 11:30,{},6.55,829,6.58,6.5,6.56,10.2378,9517.0
2019-04-26 13:30,{},6.59,829,6.61,6.53,6.55,9.5966,8921.0
2019-04-26 14:00,{},6.5,829,6.59,6.48,6.59,9.0932,8453.0
2019-04-26 14:30,{},6.52,829,6.52,6.45,6.5,10.0258,9320.0
2019-04-26 15:00,{},6.5,829,6.55,6.47,6.52,19.1212,17775.0
2019-04-29 10:00,{},6.23,829,6.52,6.0,6.47,38.3768,35675.0
2019-04-29 10:30,{},6.21,829,6.29,6.15,6.23,13.0508,12132.0
2019-04-29 11:00,{},6.15,829,6.22,6.0,6.21,27.1375,25227.0
2019-04-29 11:30,{},6.19,829,6.23,6.12,6.15,9.5773,8903.0
2019-04-29 13:30,{},6.27,829,6.33,6.18,6.19,8.5779,7974.0
2019-04-29 14:00,{},6.21,829,6.31,6.21,6.27,7.9174,7360.0
2019-04-29 14:30,{},6.09,829,6.24,6.06,6.21,14.0652,13075.0
2019-04-29 15:00,{},6.08,829,6.12,6.02,6.09,21.7911,20257.0
2019-04-30 10:00,{},6.21,829,6.22,6.08,6.08,19.3772,18013.0
2019-04-30 10:30,{},6.21,829,6.24,6.19,6.21,8.8436,8221.0
2019-04-30 11:00,{},6.21,829,6.23,6.19,6.21,9.7612,9074.0
2019-04-30 11:30,{},6.17,829,6.22,6.17,6.21,4.0695,3783.0
2019-04-30 13:30,{},6.15,829,6.2,6.12,6.17,11.3759,10575.0
2019-04-30 14:00,{},6.07,829,6.16,6.05,6.15,13.7317,12765.0
2019-04-30 14:30,{},6.08,829,6.08,6.01,6.07,13.4488,12502.0
2019-04-30 15:00,{},6.1,829,6.12,6.04,6.08,9.716,9032.0
2019-04-30 15:00,{},6.1,829,6.12,6.04,6.08,9.716000000000001,9032.0
2019-05-06 10:00,{},5.84,829,5.98,5.7,5.98,36.3308,33773.0
2019-05-06 10:30,{},5.77,829,5.89,5.77,5.85,9.5428,8871.0
2019-05-06 11:00,{},5.69,829,5.79,5.67,5.77,17.1149,15910.0
2019-05-06 11:30,{},5.67,829,5.76,5.67,5.69,9.0211,8386.0
2019-05-06 13:30,{},5.58,829,5.67,5.49,5.67,21.136,19648.0
2019-05-06 14:00,{},5.5,829,5.59,5.49,5.58,8.6381,8030.0
2019-05-06 14:30,{},5.51,829,5.54,5.49,5.5,14.1706,13173.0
2019-05-06 15:00,{},5.57,829,5.59,5.49,5.51,11.9858,11142.0
2019-05-07 10:00,{},5.71,829,5.76,5.55,5.6,24.0491,22356.0
2019-05-07 10:30,{},5.69,829,5.72,5.67,5.7,7.7324,7188.0
2019-05-07 11:00,{},5.66,829,5.69,5.59,5.69,11.5448,10732.0
2019-05-07 11:30,{},5.6,829,5.66,5.6,5.66,6.9094,6423.0
2019-05-07 13:30,{},5.54,829,5.62,5.49,5.6,10.44,9705.0
2019-05-07 14:00,{},5.56,829,5.63,5.53,5.54,8.0766,7508.0
2019-05-07 14:30,{},5.59,829,5.6,5.49,5.56,11.2952,10500.0
2019-05-07 15:00,{},5.64,829,5.65,5.59,5.59,9.6375,8959.0
2019-05-08 10:00,{},5.59,829,5.62,5.44,5.49,16.7158,15539.0
2019-05-08 10:30,{},5.65,829,5.66,5.56,5.59,10.5798,9835.0
2019-05-08 11:00,{},5.68,829,5.71,5.64,5.65,8.7823,8164.0
2019-05-08 11:30,{},5.7,829,5.73,5.66,5.68,5.9036,5488.0
2019-05-08 13:30,{},5.74,829,5.74,5.66,5.7,7.9325,7374.0
2019-05-08 14:00,{},5.7,829,5.75,5.67,5.74,6.122,5691.0
2019-05-08 14:30,{},5.67,829,5.71,5.64,5.7,6.2748,5833.0
2019-05-08 15:00,{},5.68,829,5.7,5.61,5.67,8.025,7460.0
2019-05-09 10:00,{},5.73,829,5.75,5.5,5.59,12.8421,11938.0
2019-05-09 10:30,{},5.68,829,5.73,5.67,5.73,3.5467,3297.0
2019-05-09 11:00,{},5.66,829,5.72,5.64,5.68,9.0738,8435.0
2019-05-09 11:30,{},5.67,829,5.69,5.65,5.66,1.9482,1811.0
2019-05-09 13:30,{},5.69,829,5.72,5.66,5.67,4.2309,3933.0
2019-05-09 14:00,{},5.7,829,5.71,5.68,5.69,3.0056,2794.0
2019-05-09 14:30,{},5.68,829,5.7,5.67,5.7,5.5669,5175.0
2019-05-09 15:00,{},5.63,829,5.69,5.59,5.68,8.153,7579.0
2019-05-10 10:00,{},5.84,829,5.87,5.68,5.71,21.9955,20447.0
2019-05-10 10:30,{},5.78,829,5.87,5.78,5.84,10.7014,9948.0
2019-05-10 11:00,{},5.76,829,5.8,5.73,5.78,7.0224,6528.0
2019-05-10 11:30,{},5.75,829,5.76,5.72,5.76,3.9598,3681.0
2019-05-10 13:30,{},5.74,829,5.78,5.52,5.75,13.2907,12355.0
2019-05-10 14:00,{},5.8,829,5.81,5.74,5.74,6.2145,5777.0
2019-05-10 14:30,{},5.88,829,5.88,5.77,5.8,12.6453,11755.0
2019-05-10 15:00,{},5.87,829,5.88,5.82,5.88,13.3337,12395.0
2019-05-13 10:00,{},5.82,829,5.85,5.78,5.81,11.8707,11035.0
2019-05-13 10:30,{},5.81,829,5.86,5.79,5.82,6.4533,5999.0
2019-05-13 11:00,{},5.81,829,5.83,5.79,5.81,2.9852,2775.0
2019-05-13 11:30,{},5.77,829,5.82,5.76,5.81,3.7565,3492.0
2019-05-13 13:30,{},5.76,829,5.79,5.75,5.77,3.0648,2849.0
2019-05-13 14:00,{},5.78,829,5.79,5.74,5.76,3.6855,3426.0
2019-05-13 14:30,{},5.73,829,5.79,5.7,5.77,10.4023,9670.0
2019-05-13 15:00,{},5.75,829,5.76,5.7,5.73,9.6278,8950.0
2019-05-14 10:00,{},5.74,829,5.76,5.65,5.68,9.9807,9278.0
2019-05-14 10:30,{},5.75,829,5.77,5.7,5.74,6.6642,6195.0
2019-05-14 11:00,{},5.86,829,6.0,5.73,5.75,37.726,35070.0
2019-05-14 11:30,{},5.81,829,5.88,5.81,5.86,7.187,6681.0
2019-05-14 13:30,{},5.81,829,5.84,5.8,5.81,6.2532,5813.0
2019-05-14 14:00,{},5.81,829,5.84,5.8,5.81,6.4921,6035.0
2019-05-14 14:30,{},5.79,829,5.85,5.79,5.81,5.6315,5235.0
2019-05-14 15:00,{},5.72,829,5.8,5.72,5.79,14.2137,13213.0
2019-05-15 10:00,{},5.75,829,5.84,5.74,5.74,21.7051,20177.0
2019-05-15 10:30,{},5.75,829,5.79,5.73,5.75,18.1369,16860.0
2019-05-15 11:00,{},5.73,829,5.76,5.72,5.75,10.3163,9590.0
2019-05-15 11:30,{},5.75,829,5.76,5.72,5.73,6.3565,5909.0
2019-05-15 13:30,{},5.75,829,5.76,5.73,5.75,12.3118,11445.0
2019-05-15 14:00,{},5.76,829,5.77,5.74,5.75,11.1338,10350.0
2019-05-15 14:30,{},5.79,829,5.8,5.76,5.76,10.5659,9822.0
2019-05-15 15:00,{},5.79,829,5.8,5.76,5.79,11.7986,10968.0
2019-05-16 10:00,{},5.76,829,5.8,5.73,5.78,11.7223,10897.0
2019-05-16 10:30,{},5.77,829,5.78,5.74,5.76,6.9159,6429.0
2019-05-16 11:00,{},5.76,829,5.8,5.76,5.77,7.656,7117.0
2019-05-16 11:30,{},5.76,829,5.78,5.74,5.76,3.9781,3698.0
2019-05-16 13:30,{},5.81,829,5.81,5.76,5.76,4.1642,3871.0
2019-05-16 14:00,{},5.8,829,5.82,5.79,5.81,6.9191,6432.0
2019-05-16 14:30,{},5.77,829,5.81,5.75,5.8,7.7001,7158.0
2019-05-16 15:00,{},5.77,829,5.79,5.76,5.77,8.0583,7491.0
2019-05-17 10:00,{},5.83,829,5.9,5.78,5.79,26.462,24599.0
2019-05-17 10:30,{},5.87,829,5.92,5.82,5.84,22.0353,20484.0
2019-05-17 11:00,{},5.82,829,5.88,5.81,5.88,9.6407,8962.0
2019-05-17 11:30,{},5.78,829,5.81,5.75,5.81,8.565,7962.0
2019-05-17 13:30,{},6.3,829,6.35,5.85,5.88,166.2385,154535.0
2019-05-17 14:00,{},6.26,829,6.31,6.19,6.3,46.4416,43172.0
2019-05-17 14:30,{},6.17,829,6.27,6.15,6.26,22.5474,20960.0
2019-05-17 15:00,{},6.12,829,6.18,6.01,6.17,38.9889,36244.0
2019-05-20 10:00,{},6.2,829,6.33,6.01,6.1,124.031,115299.0
2019-05-20 10:30,{},6.25,829,6.29,6.16,6.2,36.9278,34328.0
2019-05-20 11:00,{},6.32,829,6.45,6.23,6.25,63.2843,58829.0
2019-05-20 11:30,{},6.34,829,6.36,6.25,6.32,11.7836,10954.0
2019-05-20 13:30,{},6.34,829,6.37,6.29,6.34,13.4166,12472.0
2019-05-20 14:00,{},6.34,829,6.36,6.31,6.34,14.4632,13445.0
2019-05-20 14:30,{},6.44,829,6.46,6.33,6.34,38.2628,35569.0
2019-05-20 15:00,{},6.37,829,6.44,6.33,6.44,37.1956,34577.0
2019-05-21 10:00,{},6.08,829,6.2,5.91,6.2,81.8859,76121.0
2019-05-21 10:30,{},6.14,829,6.14,6.02,6.08,19.8204,18425.0
2019-05-21 11:00,{},6.16,829,6.18,6.1,6.14,24.9495,23193.0
2019-05-21 11:30,{},6.18,829,6.22,6.14,6.16,19.9721,18566.0
2019-05-21 13:30,{},6.13,829,6.22,6.12,6.18,21.761,20229.0
2019-05-21 14:00,{},6.14,829,6.16,6.1,6.13,23.6973,22029.0
2019-05-21 14:30,{},6.12,829,6.17,6.1,6.15,18.494,17192.0
2019-05-21 15:00,{},6.15,829,6.16,6.12,6.12,24.218,22513.0
2019-05-22 10:00,{},6.18,829,6.21,6.03,6.15,46.9622,43656.0
2019-05-22 10:30,{},6.18,829,6.26,6.16,6.18,31.3619,29154.0
2019-05-22 11:00,{},6.16,829,6.18,6.1,6.18,11.4544,10648.0
2019-05-22 11:30,{},6.18,829,6.19,6.15,6.16,5.9456,5527.0
2019-05-22 13:30,{},6.11,829,6.18,6.11,6.18,8.4768,7880.0
2019-05-22 14:00,{},6.12,829,6.13,6.07,6.11,11.0155,10240.0
2019-05-22 14:30,{},6.22,829,6.28,6.08,6.12,33.2768,30934.0
2019-05-22 15:00,{},6.24,829,6.24,6.17,6.22,28.5629,26552.0
2019-05-23 10:00,{},6.02,829,6.18,6.01,6.15,44.047,40946.0
2019-05-23 10:30,{},6.04,829,6.06,5.98,6.02,19.3051,17946.0
2019-05-23 11:00,{},6.07,829,6.14,6.03,6.04,12.0869,11236.0
2019-05-23 11:30,{},5.99,829,6.1,5.97,6.07,13.8006,12829.0
2019-05-23 13:30,{},5.94,829,6.01,5.91,5.99,15.4938,14403.0
2019-05-23 14:00,{},5.74,829,5.96,5.74,5.94,36.235,33684.0
2019-05-23 14:30,{},5.83,829,5.89,5.74,5.74,16.5792,15412.0
2019-05-23 15:00,{},5.79,829,5.83,5.7,5.82,27.0902,25183.0
2019-05-24 10:00,{},5.82,829,5.86,5.69,5.69,26.4824,24618.0
2019-05-24 10:30,{},5.74,829,5.83,5.72,5.83,10.1097,9398.0
2019-05-24 11:00,{},5.75,829,5.78,5.7,5.74,8.0626,7495.0
2019-05-24 11:30,{},5.7,829,5.77,5.7,5.75,7.3709,6852.0
2019-05-24 13:30,{},5.65,829,5.71,5.57,5.7,13.3746,12433.0
2019-05-24 14:00,{},5.7,829,5.71,5.64,5.65,4.5988,4275.0
2019-05-24 14:30,{},5.67,829,5.72,5.61,5.7,12.202,11343.0
2019-05-24 15:00,{},5.62,829,5.68,5.62,5.67,14.1491,13153.0
2019-05-27 10:00,{},5.67,829,5.72,5.49,5.49,22.1601,20600.0
2019-05-27 10:30,{},5.64,829,5.7,5.64,5.67,5.5131,5125.0
2019-05-27 11:00,{},5.66,829,5.69,5.63,5.64,5.1635,4800.0
2019-05-27 11:30,{},5.69,829,5.69,5.59,5.66,6.6394,6172.0
2019-05-27 13:30,{},5.78,829,5.8,5.68,5.69,14.1298,13135.0
2019-05-27 14:00,{},5.77,829,5.79,5.76,5.78,10.1097,9398.0
2019-05-27 14:30,{},5.79,829,5.8,5.75,5.76,9.3492,8691.0
2019-05-27 15:00,{},5.8,829,5.84,5.77,5.79,16.8202,15636.0
2019-05-28 10:00,{},5.79,829,5.87,5.76,5.84,18.3144,17025.0
2019-05-28 10:30,{},5.8,829,5.81,5.73,5.79,14.6074,13579.0
2019-05-28 11:00,{},5.83,829,5.84,5.77,5.8,6.6082,6143.0
2019-05-28 11:30,{},5.78,829,5.83,5.78,5.83,5.0409,4686.0
2019-05-28 13:30,{},5.85,829,5.86,5.78,5.78,7.0514,6555.0
2019-05-28 14:00,{},5.79,829,5.85,5.78,5.85,5.2797,4908.0
2019-05-28 14:30,{},5.77,829,5.79,5.75,5.79,7.3731,6854.0
2019-05-28 15:00,{},5.74,829,5.77,5.72,5.77,10.9779,10205.0
2019-05-29 10:00,{},5.8,829,5.85,5.73,5.75,16.2242,15082.0
2019-05-29 10:30,{},5.79,829,5.82,5.78,5.8,3.5133,3266.0
2019-05-29 11:00,{},5.78,829,5.81,5.77,5.79,6.2629,5822.0
2019-05-29 11:30,{},5.84,829,5.84,5.77,5.78,8.2218,7643.0
2019-05-29 13:30,{},5.84,829,5.87,5.81,5.84,6.733,6259.0
2019-05-29 14:00,{},5.81,829,5.87,5.81,5.84,9.574,8900.0
2019-05-29 14:30,{},5.82,829,5.83,5.8,5.81,4.2642,3964.0
2019-05-29 15:00,{},5.78,829,5.82,5.76,5.82,9.2212,8572.0
2019-05-30 10:00,{},5.83,829,5.9,5.7,5.75,27.8109,25853.0
2019-05-30 10:30,{},5.85,829,5.86,5.78,5.82,9.7354,9050.0
2019-05-30 11:00,{},5.79,829,5.86,5.78,5.85,4.7773,4441.0
2019-05-30 11:30,{},5.82,829,5.84,5.78,5.79,4.1997,3904.0
2019-05-30 13:30,{},5.77,829,5.83,5.76,5.82,4.2126,3916.0
2019-05-30 14:00,{},5.8,829,5.82,5.73,5.77,6.5781,6115.0
2019-05-30 14:30,{},5.82,829,5.84,5.75,5.8,5.5303,5141.0
2019-05-30 15:00,{},5.82,829,5.85,5.8,5.81,12.6947,11801.0
2019-05-31 10:00,{},5.84,829,5.86,5.75,5.82,16.0392,14910.0
2019-05-31 10:30,{},5.81,829,5.87,5.81,5.84,9.8537,9160.0
2019-05-31 11:00,{},5.81,829,5.85,5.8,5.81,5.6917,5291.0
2019-05-31 11:30,{},5.78,829,5.82,5.77,5.81,8.3692,7780.0
2019-05-31 13:30,{},5.79,829,5.8,5.78,5.78,4.4008,4091.0
2019-05-31 14:00,{},5.77,829,5.81,5.77,5.79,5.7229,5320.0
2019-05-31 14:30,{},5.76,829,5.78,5.75,5.77,6.3866,5937.0
2019-05-31 15:00,{},5.76,829,5.8,5.74,5.76,6.8223,6342.0
2019-06-03 10:00,{},5.61,829,5.79,5.6,5.73,21.8417,20304.0
2019-06-03 10:30,{},5.58,829,5.67,5.55,5.61,20.1915,18770.0
2019-06-03 11:00,{},5.58,829,5.62,5.55,5.58,8.8866,8261.0
2019-06-03 11:30,{},5.58,829,5.59,5.54,5.58,8.2154,7637.0
2019-06-03 13:30,{},5.64,829,5.65,5.57,5.58,6.3554,5908.0
2019-06-03 14:00,{},5.69,829,5.74,5.63,5.64,7.6936,7152.0
2019-06-03 14:30,{},5.67,829,5.7,5.64,5.69,5.2528,4883.0
2019-06-03 15:00,{},5.6,829,5.7,5.6,5.67,8.5026,7904.0
2019-06-04 10:00,{},5.73,829,5.78,5.6,5.61,30.7326,28569.0
2019-06-04 10:30,{},5.72,829,5.76,5.7,5.73,8.2401,7660.0
2019-06-04 11:00,{},5.71,829,5.73,5.68,5.72,6.2403,5801.0
2019-06-04 11:30,{},5.71,829,5.72,5.66,5.71,3.7995,3532.0
2019-06-04 13:30,{},5.68,829,5.73,5.68,5.71,4.5891,4266.0
2019-06-04 14:00,{},5.68,829,5.69,5.64,5.68,4.4987,4182.0
2019-06-04 14:30,{},5.64,829,5.68,5.6,5.68,5.6562,5258.0
2019-06-04 15:00,{},5.65,829,5.66,5.55,5.64,9.8322,9140.0
2019-06-05 10:00,{},5.68,829,5.73,5.62,5.72,11.4264,10622.0
2019-06-05 10:30,{},5.67,829,5.69,5.66,5.68,4.7537,4419.0
2019-06-05 11:00,{},5.69,829,5.69,5.64,5.67,5.3733,4995.0
2019-06-05 11:30,{},5.72,829,5.72,5.67,5.69,3.7586,3494.0
2019-06-05 13:30,{},5.71,829,5.74,5.68,5.72,6.2812,5839.0
2019-06-05 14:00,{},5.74,829,5.78,5.69,5.71,12.6076,11720.0
2019-06-05 14:30,{},5.73,829,5.75,5.72,5.74,7.6119,7076.0
2019-06-05 15:00,{},5.77,829,5.78,5.7,5.73,15.4647,14376.0
2019-06-06 10:00,{},5.53,829,5.76,5.49,5.76,27.67,25722.0
2019-06-06 10:30,{},5.5,829,5.6,5.46,5.54,16.5373,15373.0
2019-06-06 11:00,{},5.46,829,5.53,5.43,5.5,11.9363,11096.0
2019-06-06 11:30,{},5.5,829,5.52,5.41,5.46,13.2584,12325.0
2019-06-06 13:30,{},5.44,829,5.5,5.41,5.5,5.8606,5448.0
2019-06-06 14:00,{},5.47,829,5.49,5.41,5.44,3.9684,3689.0
2019-06-06 14:30,{},5.43,829,5.49,5.42,5.47,5.9983,5576.0
2019-06-06 15:00,{},5.46,829,5.48,5.42,5.43,10.454,9718.0
2019-06-10 10:00,{},5.51,829,5.56,5.46,5.46,13.5252,12573.0
2019-06-10 10:30,{},5.63,829,5.7,5.52,5.52,21.5663,20048.0
2019-06-10 11:00,{},5.64,829,5.64,5.58,5.63,6.7362,6262.0
2019-06-10 11:30,{},5.62,829,5.67,5.62,5.64,4.1566,3864.0
2019-06-10 13:30,{},5.62,829,5.66,5.62,5.62,4.7408,4407.0
2019-06-10 14:00,{},5.59,829,5.63,5.58,5.62,4.4966,4180.0
2019-06-10 14:30,{},5.58,829,5.61,5.56,5.58,5.7659,5360.0
2019-06-10 15:00,{},5.62,829,5.64,5.57,5.58,9.1437,8500.0
2019-06-11 10:00,{},5.59,829,5.69,5.52,5.62,16.051,14921.0
2019-06-11 10:30,{},5.67,829,5.67,5.59,5.59,7.8292,7278.0
2019-06-11 11:00,{},5.7,829,5.73,5.64,5.67,9.3374,8680.0
2019-06-11 11:30,{},5.71,829,5.73,5.68,5.7,5.8326,5422.0
2019-06-11 13:30,{},5.71,829,5.75,5.69,5.71,12.3236,11456.0
2019-06-11 14:00,{},5.76,829,5.76,5.69,5.71,10.7509,9994.0
2019-06-11 14:30,{},5.76,829,5.77,5.72,5.76,10.4196,9686.0
2019-06-11 15:00,{},5.8,829,5.8,5.73,5.76,22.4559,20875.0
2019-06-12 10:00,{},5.81,829,5.84,5.74,5.79,14.4224,13407.0
2019-06-12 10:30,{},5.82,829,5.84,5.79,5.82,9.4966,8828.0
2019-06-12 11:00,{},5.75,829,5.82,5.73,5.82,11.1812,10394.0
2019-06-12 11:30,{},5.73,829,5.78,5.73,5.75,5.2195,4852.0
2019-06-12 13:30,{},5.72,829,5.75,5.71,5.73,5.5723,5180.0
2019-06-12 14:00,{},5.74,829,5.75,5.72,5.72,2.8184,2620.0
2019-06-12 14:30,{},5.74,829,5.76,5.72,5.74,5.881,5467.0
2019-06-12 15:00,{},5.72,829,5.75,5.71,5.74,7.5742,7041.0
2019-06-13 10:00,{},5.72,829,5.78,5.68,5.71,17.5926,16354.0
2019-06-13 10:30,{},5.67,829,5.72,5.64,5.72,11.1543,10369.0
2019-06-13 11:00,{},5.69,829,5.7,5.65,5.67,5.9671,5547.0
2019-06-13 11:30,{},5.75,829,5.75,5.67,5.69,4.7279,4395.0
2019-06-13 13:30,{},5.72,829,5.75,5.7,5.75,4.3944,4085.0
2019-06-13 14:00,{},5.76,829,5.76,5.71,5.72,3.7963,3529.0
2019-06-13 14:30,{},5.72,829,5.76,5.72,5.76,5.525,5136.0
2019-06-13 15:00,{},5.77,829,5.82,5.72,5.72,18.0003,16733.0
2019-06-14 10:00,{},5.74,829,5.86,5.74,5.74,21.1328,19645.0
2019-06-14 10:30,{},5.76,829,5.76,5.72,5.74,9.3202,8664.0
2019-06-14 11:00,{},5.74,829,5.76,5.7,5.76,5.1388,4777.0
2019-06-14 11:30,{},5.69,829,5.74,5.67,5.74,5.4583,5074.0
2019-06-14 13:30,{},5.71,829,5.74,5.68,5.69,3.8705,3598.0
2019-06-14 14:00,{},5.69,829,5.71,5.68,5.71,5.9553,5536.0
2019-06-14 14:30,{},5.66,829,5.71,5.65,5.7,6.1618,5728.0
2019-06-14 15:00,{},5.66,829,5.69,5.62,5.66,8.8974,8271.0
2019-06-17 10:00,{},5.67,829,5.71,5.61,5.64,9.1577,8513.0
2019-06-17 10:30,{},5.64,829,5.68,5.63,5.67,3.1594,2937.0
2019-06-17 11:00,{},5.64,829,5.66,5.6,5.64,4.8742,4531.0
2019-06-17 11:30,{},5.6,829,5.67,5.6,5.64,1.9632,1825.0
2019-06-17 13:30,{},5.62,829,5.63,5.6,5.6,3.5833,3331.0
2019-06-17 14:00,{},5.61,829,5.63,5.58,5.62,6.9514,6462.0
2019-06-17 14:30,{},5.58,829,5.63,5.58,5.61,3.9436,3666.0
2019-06-17 15:00,{},5.61,829,5.61,5.56,5.58,10.2776,9554.0
2019-06-18 10:00,{},5.56,829,5.65,5.56,5.64,7.8217,7271.0
2019-06-18 10:30,{},5.6,829,5.62,5.56,5.56,5.526,5137.0
2019-06-18 11:00,{},5.64,829,5.65,5.57,5.6,7.1569,6653.0
2019-06-18 11:30,{},5.64,829,5.65,5.61,5.64,1.9643,1826.0
2019-06-18 13:30,{},5.63,829,5.65,5.62,5.64,2.401,2232.0
2019-06-18 14:00,{},5.63,829,5.65,5.6,5.63,4.6676,4339.0
2019-06-18 14:30,{},5.65,829,5.68,5.61,5.63,6.2834,5841.0
2019-06-18 15:00,{},5.64,829,5.68,5.63,5.65,4.2739,3973.0
2019-06-19 10:00,{},5.75,829,5.8,5.7,5.79,19.517,18143.0
2019-06-19 10:30,{},5.75,829,5.76,5.7,5.75,6.3296,5884.0
2019-06-19 11:00,{},5.73,829,5.75,5.71,5.75,4.9581,4609.0
2019-06-19 11:30,{},5.77,829,5.8,5.73,5.73,11.2984,10503.0
2019-06-19 13:30,{},5.8,829,5.84,5.77,5.77,17.0429,15843.0
2019-06-19 14:00,{},5.79,829,5.81,5.76,5.8,7.0891,6590.0
2019-06-19 14:30,{},5.77,829,5.81,5.77,5.79,6.8158,6336.0
2019-06-19 15:00,{},5.73,829,5.79,5.73,5.77,9.218,8569.0
2019-06-20 10:00,{},5.77,829,5.77,5.68,5.72,13.664,12702.0
2019-06-20 10:30,{},5.8,829,5.81,5.75,5.77,8.6833,8072.0
2019-06-20 11:00,{},5.81,829,5.81,5.77,5.8,7.8647,7311.0
2019-06-20 11:30,{},5.84,829,5.85,5.79,5.81,14.4331,13417.0
2019-06-20 13:30,{},5.8,829,5.86,5.79,5.84,15.8466,14731.0
2019-06-20 14:00,{},5.81,829,5.82,5.79,5.8,7.3171,6802.0
2019-06-20 14:30,{},5.84,829,5.84,5.8,5.81,10.8875,10121.0
2019-06-20 15:00,{},5.81,829,5.84,5.8,5.84,11.1446,10360.0
2019-06-21 10:00,{},5.91,829,5.96,5.81,5.81,29.1137,27064.0
2019-06-21 10:30,{},5.94,829,5.95,5.89,5.91,10.8434,10080.0
2019-06-21 11:00,{},5.93,829,5.95,5.9,5.94,5.7315,5328.0
2019-06-21 11:30,{},5.94,829,5.96,5.89,5.93,12.2838,11419.0
2019-06-21 13:30,{},5.95,829,6.0,5.91,5.94,14.8742,13827.0
2019-06-21 14:00,{},5.92,829,5.96,5.9,5.95,7.826,7275.0
2019-06-21 14:30,{},5.91,829,5.94,5.89,5.92,4.631,4305.0
2019-06-21 15:00,{},5.94,829,5.95,5.9,5.91,9.7505,9064.0
2019-06-24 10:00,{},5.88,829,5.97,5.84,5.94,25.5992,23797.0
2019-06-24 10:30,{},5.92,829,5.94,5.86,5.88,10.9413,10171.0
2019-06-24 11:00,{},5.89,829,5.95,5.88,5.92,8.6672,8057.0
2019-06-24 11:30,{},5.88,829,5.94,5.86,5.89,10.4443,9709.0
2019-06-24 13:30,{},6.02,829,6.11,5.87,5.88,37.6356,34986.0
2019-06-24 14:00,{},5.98,829,6.02,5.96,6.02,6.2081,5771.0
2019-06-24 14:30,{},5.96,829,6.0,5.96,5.98,8.2788,7696.0
2019-06-24 15:00,{},5.98,829,5.99,5.94,5.96,10.3141,9588.0
2019-06-25 10:00,{},5.87,829,5.97,5.81,5.95,21.3985,19892.0
2019-06-25 10:30,{},5.84,829,5.89,5.83,5.87,8.8189,8198.0
2019-06-25 11:00,{},5.77,829,5.84,5.75,5.84,14.9054,13856.0
2019-06-25 11:30,{},5.77,829,5.8,5.75,5.77,5.4561,5072.0
2019-06-25 13:30,{},5.77,829,5.79,5.75,5.77,5.7584,5353.0
2019-06-25 14:00,{},5.8,829,5.8,5.75,5.77,8.1229,7551.0
2019-06-25 14:30,{},5.91,829,6.0,5.77,5.8,31.7524,29517.0
2019-06-25 15:00,{},5.9,829,5.96,5.88,5.91,8.7436,8128.0
2019-06-26 10:00,{},5.86,829,5.88,5.79,5.8,14.588,13561.0
2019-06-26 10:30,{},5.87,829,5.87,5.83,5.86,2.9325,2726.0
2019-06-26 11:00,{},5.87,829,5.87,5.84,5.87,7.5699,7037.0
2019-06-26 11:30,{},5.87,829,5.87,5.83,5.87,4.7881,4451.0
2019-06-26 13:30,{},5.81,829,5.88,5.81,5.87,4.6461,4319.0
2019-06-26 14:00,{},5.8,829,5.82,5.78,5.81,7.0299,6535.0
2019-06-26 14:30,{},5.81,829,5.84,5.8,5.8,4.3062,4003.0
2019-06-26 15:00,{},5.81,829,5.83,5.79,5.81,7.1031,6603.0
2019-06-27 10:00,{},5.91,829,5.92,5.81,5.81,12.7431,11846.0
2019-06-27 10:30,{},5.87,829,5.92,5.84,5.91,11.5663,10752.0
2019-06-27 11:00,{},5.9,829,5.91,5.84,5.87,9.2814,8628.0
2019-06-27 11:30,{},5.96,829,6.0,5.89,5.91,18.4897,17188.0
2019-06-27 13:30,{},5.98,829,6.01,5.94,5.96,14.5375,13514.0
2019-06-27 14:00,{},5.99,829,6.05,5.96,5.99,16.7782,15597.0
2019-06-27 14:30,{},5.98,829,5.99,5.95,5.99,7.3053,6791.0
2019-06-27 15:00,{},5.98,829,6.04,5.96,5.98,28.8673,26835.0
2019-06-28 10:00,{},5.88,829,5.97,5.87,5.94,13.1853,12257.0
2019-06-28 10:30,{},5.83,829,5.9,5.76,5.88,16.8955,15706.0
2019-06-28 11:00,{},5.79,829,5.85,5.77,5.83,11.3533,10554.0
2019-06-28 11:30,{},5.82,829,5.83,5.76,5.79,6.3759,5927.0
2019-06-28 13:30,{},5.79,829,5.83,5.77,5.82,4.5665,4245.0
2019-06-28 14:00,{},5.76,829,5.8,5.73,5.79,8.4908,7893.0
2019-06-28 14:30,{},5.81,829,5.82,5.75,5.76,6.2672,5826.0
2019-06-28 15:00,{},5.82,829,5.83,5.77,5.8,9.9226,9224.0
2019-07-01 10:00,{},6.04,829,6.12,5.89,5.95,41.5825,38655.0
2019-07-01 10:30,{},6.03,829,6.08,6.01,6.04,13.6769,12714.0
2019-07-01 11:00,{},6.06,829,6.06,6.01,6.03,6.6857,6215.0
2019-07-01 11:30,{},6.01,829,6.07,6.0,6.06,6.7739,6297.0
2019-07-01 13:30,{},6.01,829,6.02,5.99,6.01,6.8546,6372.0
2019-07-01 14:00,{},5.98,829,6.02,5.98,6.01,7.0052,6512.0
2019-07-01 14:30,{},6.0,829,6.04,5.98,5.98,6.6211,6155.0
2019-07-01 15:00,{},6.06,829,6.06,5.99,6.0,18.1078,16833.0
2019-07-02 10:00,{},5.98,829,6.07,5.98,6.03,28.2262,26239.0
2019-07-02 10:30,{},5.97,829,5.99,5.96,5.99,9.4159,8753.0
2019-07-02 11:00,{},5.95,829,6.0,5.94,5.97,9.9796,9277.0
2019-07-02 11:30,{},5.96,829,5.98,5.93,5.95,4.8311,4491.0
2019-07-02 13:30,{},5.92,829,5.97,5.92,5.96,10.0387,9332.0
2019-07-02 14:00,{},5.92,829,5.95,5.92,5.92,4.7956,4458.0
2019-07-02 14:30,{},5.95,829,5.95,5.92,5.92,4.6396,4313.0
2019-07-02 15:00,{},5.94,829,5.98,5.94,5.95,9.8215,9130.0
2019-07-03 10:00,{},5.84,829,5.94,5.83,5.93,17.8034,16550.0
2019-07-03 10:30,{},5.88,829,5.89,5.82,5.84,11.6771,10855.0
2019-07-03 11:00,{},5.87,829,5.88,5.84,5.88,3.7694,3504.0
2019-07-03 11:30,{},5.93,829,5.96,5.85,5.87,10.1904,9473.0
2019-07-03 13:30,{},5.95,829,5.97,5.92,5.93,6.3726,5924.0
2019-07-03 14:00,{},5.92,829,5.95,5.9,5.95,5.8853,5471.0
2019-07-03 14:30,{},5.88,829,5.93,5.87,5.92,4.4439,4131.0
2019-07-03 15:00,{},5.9,829,5.91,5.85,5.88,10.6186,9871.0
2019-07-04 10:00,{},5.96,829,6.04,5.9,5.91,33.3994,31048.0
2019-07-04 10:30,{},5.95,829,5.96,5.93,5.96,5.3776,4999.0
2019-07-04 11:00,{},5.92,829,5.95,5.89,5.95,7.4161,6894.0
2019-07-04 11:30,{},5.92,829,5.94,5.9,5.92,2.8356,2636.0
2019-07-04 13:30,{},5.91,829,5.92,5.89,5.92,5.2969,4924.0
2019-07-04 14:00,{},5.9,829,5.91,5.89,5.91,3.1218,2902.0
2019-07-04 14:30,{},5.88,829,5.91,5.85,5.9,6.7535,6278.0
2019-07-04 15:00,{},5.85,829,5.88,5.83,5.88,8.0755,7507.0
2019-07-05 10:00,{},5.87,829,5.89,5.82,5.88,12.358,11488.0
2019-07-05 10:30,{},5.87,829,5.92,5.85,5.87,5.4895,5103.0
2019-07-05 11:00,{},5.85,829,5.88,5.84,5.87,3.7242,3462.0
2019-07-05 11:30,{},5.86,829,5.86,5.83,5.85,1.9815,1842.0
2019-07-05 13:30,{},5.87,829,5.87,5.85,5.86,2.1095,1961.0
2019-07-05 14:00,{},5.89,829,5.89,5.86,5.87,2.5075,2331.0
2019-07-05 14:30,{},5.89,829,5.89,5.87,5.89,3.0895,2872.0
2019-07-05 15:00,{},5.86,829,5.89,5.85,5.89,6.5663,6104.0
