date,amount,close,code,high,low,open,turnoverratio,volume
2018-01-29 14:30,,17.56,2030,17.58,17.49,17.56,,3549.0
2018-01-29 15:00,,17.47,2030,17.56,17.45,17.54,,4829.0
2018-01-30 10:00,,17.47,2030,17.54,17.38,17.4,,3006.0
2018-01-30 10:30,,17.44,2030,17.47,17.4,17.47,,3765.0
2018-01-30 11:00,,17.44,2030,17.44,17.39,17.44,,3024.0
2018-01-30 11:30,,17.37,2030,17.44,17.36,17.44,,3186.0
2018-01-30 13:30,,17.38,2030,17.38,17.35,17.37,,2195.0
2018-01-30 14:00,,17.36,2030,17.4,17.36,17.38,,2139.0
2018-01-30 14:30,,17.29,2030,17.37,17.29,17.36,,5376.0
2018-01-30 15:00,,17.29,2030,17.32,17.26,17.29,,5195.0
2018-01-31 10:00,,16.62,2030,17.29,16.52,17.29,,19816.0
2018-01-31 10:30,,16.45,2030,16.7,16.45,16.61,,17817.0
2018-01-31 11:00,,16.26,2030,16.45,16.0,16.45,,18269.0
2018-01-31 11:30,,16.3,2030,16.38,16.25,16.26,,5029.0
2018-01-31 13:30,,16.18,2030,16.35,16.15,16.3,,6734.0
2018-01-31 14:00,,16.12,2030,16.18,16.03,16.18,,9634.0
2018-01-31 14:30,,16.05,2030,16.17,15.96,16.12,,12933.0
2018-01-31 15:00,,16.09,2030,16.18,16.0,16.05,,12709.0
2018-02-01 10:00,,15.36,2030,16.13,15.29,16.08,,17172.0
2018-02-01 10:30,,15.33,2030,15.5,15.06,15.36,,19304.0
2018-02-01 11:00,,15.16,2030,15.35,15.15,15.31,,8365.0
2018-02-01 11:30,,14.84,2030,15.18,14.84,15.16,,12669.0
2018-02-01 13:30,,14.89,2030,14.95,14.6,14.84,,14658.0
2018-02-01 14:00,,14.95,2030,15.03,14.87,14.89,,4153.0
2018-02-01 14:30,,14.79,2030,14.96,14.79,14.95,,5549.0
2018-02-01 15:00,,14.61,2030,14.8,14.56,14.8,,13862.0
2018-02-02 10:00,,14.06,2030,14.6,13.21,14.6,,28990.0
2018-02-02 10:30,,14.16,2030,14.29,13.98,14.04,,9870.0
2018-02-02 11:00,,14.19,2030,14.28,14.09,14.16,,3960.0
2018-02-02 11:30,,14.05,2030,14.26,14.04,14.19,,3056.0
2018-02-02 13:30,,14.13,2030,14.15,14.02,14.05,,4435.0
2018-02-02 14:00,,13.86,2030,14.13,13.82,14.13,,7220.0
2018-02-02 14:30,,14.0,2030,14.03,13.84,13.86,,6744.0
2018-02-02 15:00,,13.98,2030,14.08,13.98,14.0,,8169.0
2018-02-05 10:00,,13.83,2030,13.92,13.42,13.42,,9218.0
2018-02-05 10:30,,13.84,2030,13.97,13.76,13.83,,6168.0
2018-02-05 11:00,,13.82,2030,13.9,13.79,13.83,,2276.0
2018-02-05 11:30,,13.7,2030,13.85,13.68,13.82,,5593.0
2018-02-05 13:30,,13.73,2030,13.77,13.7,13.7,,3815.0
2018-02-05 14:00,,13.69,2030,13.75,13.63,13.73,,5904.0
2018-02-05 14:30,,13.7,2030,13.71,13.62,13.69,,4677.0
2018-02-05 15:00,,13.67,2030,13.78,13.66,13.7,,5827.0
2018-02-06 10:00,,13.85,2030,14.08,13.36,13.62,,21526.0
2018-02-06 10:30,,13.79,2030,13.89,13.74,13.85,,4569.0
2018-02-06 11:00,,13.65,2030,13.8,13.65,13.79,,4009.0
2018-02-06 11:30,,13.63,2030,13.7,13.61,13.64,,2827.0
2018-02-06 13:30,,13.36,2030,13.65,13.27,13.63,,9739.0
2018-02-06 14:00,,13.5,2030,13.53,13.35,13.36,,3897.0
2018-02-06 14:30,,13.4,2030,13.51,13.37,13.5,,2797.0
2018-02-06 15:00,,12.82,2030,13.42,12.82,13.4,,17029.0
2018-02-07 10:00,,13.12,2030,13.29,13.07,13.2,,14204.0
2018-02-07 10:30,,13.11,2030,13.16,13.1,13.12,,4661.0
2018-02-07 11:00,,12.73,2030,13.1,12.65,13.1,,12639.0
2018-02-07 11:30,,12.9,2030,12.93,12.59,12.73,,9748.0
2018-02-07 13:30,,12.98,2030,13.08,12.9,12.9,,4009.0
2018-02-07 14:00,,12.93,2030,13.04,12.91,12.98,,3712.0
2018-02-07 14:30,,12.98,2030,13.0,12.92,12.93,,2833.0
2018-02-07 15:00,,12.95,2030,12.98,12.92,12.98,,3999.0
2018-02-08 10:00,,13.24,2030,13.25,12.91,12.94,,11180.0
2018-02-08 10:30,,13.23,2030,13.34,13.23,13.25,,5064.0
2018-02-08 11:00,,13.24,2030,13.3,13.22,13.24,,2754.0
2018-02-08 11:30,,13.34,2030,13.41,13.24,13.24,,6397.0
2018-02-08 13:30,,13.42,2030,13.45,13.28,13.34,,6332.0
2018-02-08 14:00,,13.48,2030,13.52,13.38,13.42,,5325.0
2018-02-08 14:30,,13.48,2030,13.52,13.39,13.48,,6851.0
2018-02-08 15:00,,13.55,2030,13.62,13.45,13.48,,9726.0
2018-02-09 10:00,,13.26,2030,13.3,13.1,13.21,,11993.0
2018-02-09 10:30,,13.39,2030,13.5,13.23,13.26,,6298.0
2018-02-09 11:00,,13.17,2030,13.43,13.16,13.39,,7198.0
2018-02-09 11:30,,13.17,2030,13.28,13.12,13.17,,3566.0
2018-02-09 13:30,,13.1,2030,13.23,13.08,13.17,,3994.0
2018-02-09 14:00,,13.08,2030,13.24,13.0,13.1,,5654.0
2018-02-09 14:30,,13.0,2030,13.08,12.79,13.08,,6809.0
2018-02-09 15:00,,13.05,2030,13.12,13.0,13.0,,5965.0
2018-02-12 10:00,,13.28,2030,13.38,13.06,13.06,,8262.0
2018-02-12 10:30,,13.29,2030,13.33,13.26,13.28,,2906.0
2018-02-12 11:00,,13.35,2030,13.38,13.28,13.29,,3463.0
2018-02-12 11:30,,13.4,2030,13.41,13.32,13.35,,3381.0
2018-02-12 13:30,,13.37,2030,13.41,13.34,13.4,,2790.0
2018-02-12 14:00,,13.37,2030,13.43,13.34,13.37,,3630.0
2018-02-12 14:30,,13.43,2030,13.45,13.37,13.37,,4285.0
2018-02-12 15:00,,13.41,2030,13.45,13.4,13.43,,5414.0
2018-02-13 10:00,,13.59,2030,13.64,13.34,13.39,,7334.0
2018-02-13 10:30,,13.56,2030,13.61,13.51,13.58,,3970.0
2018-02-13 11:00,,13.54,2030,13.6,13.54,13.56,,2340.0
2018-02-13 11:30,,13.46,2030,13.54,13.43,13.54,,4057.0
2018-02-13 13:30,,13.4,2030,13.52,13.4,13.46,,2566.0
2018-02-13 14:00,,13.35,2030,13.45,13.35,13.4,,2988.0
2018-02-13 14:30,,13.39,2030,13.45,13.35,13.35,,2425.0
2018-02-13 15:00,,13.31,2030,13.41,13.31,13.4,,6411.0
2018-02-14 10:00,,13.25,2030,13.43,13.25,13.32,,3374.0
2018-02-14 10:30,,13.31,2030,13.31,13.24,13.25,,1874.0
2018-02-14 11:00,,13.33,2030,13.35,13.3,13.31,,897.0
2018-02-14 11:30,,13.28,2030,13.33,13.26,13.33,,1221.0
2018-02-14 13:30,,13.36,2030,13.36,13.28,13.28,,1478.0
2018-02-14 14:00,,13.34,2030,13.37,13.33,13.36,,1050.0
2018-02-14 14:30,,13.28,2030,13.35,13.24,13.34,,4014.0
2018-02-14 15:00,,13.29,2030,13.33,13.28,13.28,,4098.0
2018-02-22 10:00,,13.46,2030,13.56,13.33,13.56,,4861.0
2018-02-22 10:30,,13.47,2030,13.49,13.43,13.46,,2292.0
2018-02-22 11:00,,13.45,2030,13.48,13.39,13.48,,2881.0
2018-02-22 11:30,,13.5,2030,13.52,13.44,13.45,,2435.0
2018-02-22 13:30,,13.52,2030,13.52,13.48,13.5,,1886.0
2018-02-22 14:00,,13.53,2030,13.55,13.49,13.52,,2275.0
2018-02-22 14:30,,13.5,2030,13.53,13.48,13.53,,1634.0
2018-02-22 15:00,,13.54,2030,13.55,13.5,13.5,,5247.0
2018-02-23 10:00,,14.07,2030,14.15,13.51,13.55,,19078.0
2018-02-23 10:30,,14.0,2030,14.1,13.98,14.06,,9077.0
2018-02-23 11:00,,13.9,2030,14.04,13.86,14.0,,4320.0
2018-02-23 11:30,,13.83,2030,13.92,13.8,13.9,,2885.0
2018-02-23 13:30,,13.82,2030,13.85,13.78,13.83,,3974.0
2018-02-23 14:00,,13.93,2030,13.97,13.81,13.82,,3754.0
2018-02-23 14:30,,13.92,2030,13.94,13.84,13.93,,2789.0
2018-02-23 15:00,,13.84,2030,13.92,13.84,13.92,,4922.0
2018-02-26 10:00,,13.9,2030,14.07,13.84,13.84,,8588.0
2018-02-26 10:30,,14.07,2030,14.09,13.9,13.9,,8353.0
2018-02-26 11:00,,14.07,2030,14.1,14.02,14.07,,4602.0
2018-02-26 11:30,,14.11,2030,14.17,14.07,14.07,,5557.0
2018-02-26 13:30,,14.27,2030,14.34,14.1,14.11,,9318.0
2018-02-26 14:00,,14.44,2030,14.44,14.23,14.27,,11388.0
2018-02-26 14:30,,14.44,2030,14.58,14.39,14.39,,11001.0
2018-02-26 15:00,,14.5,2030,14.5,14.42,14.45,,9857.0
2018-02-27 10:00,,14.43,2030,14.63,14.36,14.6,,18669.0
2018-02-27 10:30,,14.44,2030,14.5,14.4,14.43,,6075.0
2018-02-27 11:00,,14.42,2030,14.47,14.38,14.44,,4833.0
2018-02-27 11:30,,14.34,2030,14.43,14.33,14.41,,6550.0
2018-02-27 13:30,,14.41,2030,14.42,14.34,14.34,,2642.0
2018-02-27 14:00,,14.42,2030,14.44,14.34,14.41,,3484.0
2018-02-27 14:30,,14.42,2030,14.43,14.39,14.42,,3280.0
2018-02-27 15:00,,14.37,2030,14.42,14.35,14.42,,6565.0
2018-02-28 10:00,,14.22,2030,14.29,14.04,14.2,,11653.0
2018-02-28 10:30,,14.31,2030,14.34,14.21,14.22,,4175.0
2018-02-28 11:00,,14.37,2030,14.37,14.22,14.31,,4845.0
2018-02-28 11:30,,14.35,2030,14.5,14.29,14.37,,3572.0
2018-02-28 13:30,,14.4,2030,14.44,14.34,14.35,,2819.0
2018-02-28 14:00,,14.38,2030,14.41,14.34,14.4,,1408.0
2018-02-28 14:30,,14.32,2030,14.39,14.3,14.38,,3145.0
2018-02-28 15:00,,14.3,2030,14.39,14.3,14.32,,4292.0
2018-03-01 10:00,,14.46,2030,14.55,14.18,14.29,,9389.0
2018-03-01 10:30,,14.44,2030,14.52,14.4,14.46,,4984.0
2018-03-01 11:00,,14.45,2030,14.5,14.43,14.45,,3102.0
2018-03-01 11:30,,14.46,2030,14.47,14.4,14.45,,4233.0
2018-03-01 13:30,,14.56,2030,14.63,14.43,14.46,,10125.0
2018-03-01 14:00,,14.56,2030,14.57,14.46,14.56,,7439.0
2018-03-01 14:30,,14.55,2030,14.6,14.5,14.56,,7354.0
2018-03-01 15:00,,14.67,2030,14.72,14.55,14.55,,16772.0
2018-03-02 10:00,,14.76,2030,14.86,14.5,14.64,,21928.0
2018-03-02 10:30,,14.63,2030,14.8,14.62,14.76,,8494.0
2018-03-02 11:00,,14.61,2030,14.67,14.6,14.63,,4983.0
2018-03-02 11:30,,14.56,2030,14.71,14.55,14.61,,3664.0
2018-03-02 13:30,,14.63,2030,14.65,14.56,14.56,,2058.0
2018-03-02 14:00,,14.56,2030,14.63,14.55,14.63,,3559.0
2018-03-02 14:30,,14.62,2030,14.63,14.52,14.56,,3569.0
2018-03-02 15:00,,14.57,2030,14.62,14.55,14.62,,5992.0
2018-03-05 10:00,,14.43,2030,14.58,14.39,14.5,,8951.0
2018-03-05 10:30,,14.41,2030,14.43,14.37,14.43,,4673.0
2018-03-05 11:00,,14.38,2030,14.41,14.35,14.41,,2895.0
2018-03-05 11:30,,14.44,2030,14.48,14.37,14.39,,2281.0
2018-03-05 13:30,,14.58,2030,14.68,14.36,14.44,,6637.0
2018-03-05 14:00,,14.58,2030,14.71,14.54,14.58,,6134.0
2018-03-05 14:30,,14.53,2030,14.59,14.47,14.58,,5670.0
2018-03-05 15:00,,14.55,2030,14.57,14.47,14.53,,5703.0
2018-03-06 10:00,,14.7,2030,14.75,14.51,14.56,,13202.0
2018-03-06 10:30,,14.69,2030,14.8,14.66,14.7,,10302.0
2018-03-06 11:00,,14.69,2030,14.74,14.67,14.69,,4084.0
2018-03-06 11:30,,14.74,2030,14.75,14.69,14.69,,2754.0
2018-03-06 13:30,,14.75,2030,14.75,14.71,14.74,,3853.0
2018-03-06 14:00,,14.65,2030,14.75,14.61,14.75,,6898.0
2018-03-06 14:30,,14.62,2030,14.68,14.6,14.65,,3837.0
2018-03-06 15:00,,14.69,2030,14.71,14.59,14.62,,9434.0
2018-03-07 10:00,,15.1,2030,15.12,14.56,14.58,,27460.0
2018-03-07 10:30,,14.88,2030,15.15,14.83,15.1,,17458.0
2018-03-07 11:00,,15.01,2030,15.01,14.88,14.88,,5043.0
2018-03-07 11:30,,14.9,2030,15.04,14.88,15.01,,6151.0
2018-03-07 13:30,,14.9,2030,14.96,14.87,14.9,,3857.0
2018-03-07 14:00,,14.88,2030,14.91,14.81,14.89,,5800.0
2018-03-07 14:30,,14.86,2030,14.9,14.82,14.89,,3412.0
2018-03-07 15:00,,14.78,2030,14.88,14.76,14.86,,8665.0
2018-03-08 10:00,,14.68,2030,14.85,14.6,14.67,,8909.0
2018-03-08 10:30,,14.83,2030,14.85,14.61,14.68,,7947.0
2018-03-08 11:00,,14.76,2030,14.93,14.76,14.83,,5193.0
2018-03-08 11:30,,14.77,2030,14.8,14.72,14.76,,2531.0
2018-03-08 13:30,,14.84,2030,14.98,14.76,14.76,,6260.0
2018-03-08 14:00,,14.83,2030,14.86,14.75,14.84,,4805.0
2018-03-08 14:30,,14.9,2030,14.9,14.8,14.83,,5008.0
2018-03-08 15:00,,14.84,2030,14.94,14.83,14.9,,7190.0
2018-03-09 10:00,,14.79,2030,14.93,14.73,14.8,,7170.0
2018-03-09 10:30,,14.8,2030,14.84,14.77,14.79,,3729.0
2018-03-09 11:00,,14.9,2030,14.92,14.79,14.8,,5429.0
2018-03-09 11:30,,14.98,2030,14.99,14.87,14.9,,9529.0
2018-03-09 13:30,,14.98,2030,15.04,14.96,14.98,,10077.0
2018-03-09 14:00,,15.09,2030,15.14,14.96,14.97,,11672.0
2018-03-09 14:30,,15.1,2030,15.12,15.05,15.09,,7991.0
2018-03-09 15:00,,15.28,2030,15.37,15.09,15.1,,25200.0
2018-03-12 10:00,,15.54,2030,15.54,15.16,15.3,,18354.0
2018-03-12 10:30,,15.45,2030,15.55,15.42,15.53,,11156.0
2018-03-12 11:00,,15.31,2030,15.45,15.3,15.45,,8842.0
2018-03-12 11:30,,15.31,2030,15.38,15.3,15.31,,6610.0
2018-03-12 13:30,,15.32,2030,15.36,15.3,15.31,,6430.0
2018-03-12 14:00,,15.31,2030,15.35,15.22,15.33,,11265.0
2018-03-12 14:30,,15.27,2030,15.32,15.22,15.31,,8649.0
2018-03-12 15:00,,15.35,2030,15.36,15.25,15.27,,11363.0
2018-03-13 10:00,,15.25,2030,15.35,15.23,15.35,,9330.0
2018-03-13 10:30,,15.17,2030,15.25,15.15,15.24,,10620.0
2018-03-13 11:00,,15.15,2030,15.23,15.13,15.17,,7560.0
2018-03-13 11:30,,15.2,2030,15.21,15.14,15.15,,3876.0
2018-03-13 13:30,,15.24,2030,15.24,15.16,15.2,,4410.0
2018-03-13 14:00,,15.24,2030,15.27,15.18,15.23,,5631.0
2018-03-13 14:30,,15.18,2030,15.24,15.14,15.24,,4790.0
2018-03-13 15:00,,15.11,2030,15.18,15.11,15.18,,12072.0
2018-03-14 10:00,,14.94,2030,15.11,14.9,15.08,,13168.0
2018-03-14 10:30,,15.0,2030,15.02,14.91,14.94,,7396.0
2018-03-14 11:00,,14.93,2030,15.01,14.93,15.0,,2997.0
2018-03-14 11:30,,14.85,2030,14.95,14.81,14.93,,8385.0
2018-03-14 13:30,,14.75,2030,14.85,14.72,14.85,,7097.0
2018-03-14 14:00,,14.8,2030,14.85,14.73,14.75,,3860.0
2018-03-14 14:30,,14.82,2030,14.87,14.75,14.8,,3546.0
2018-03-14 15:00,,14.69,2030,14.82,14.67,14.82,,9916.0
2018-03-15 10:00,,14.86,2030,14.91,14.69,14.75,,10236.0
2018-03-15 10:30,,14.73,2030,14.88,14.73,14.86,,3909.0
2018-03-15 11:00,,14.74,2030,14.74,14.66,14.73,,3363.0
2018-03-15 11:30,,14.71,2030,14.75,14.7,14.74,,872.0
2018-03-15 13:30,,14.53,2030,14.71,14.53,14.71,,7212.0
2018-03-15 14:00,,14.51,2030,14.55,14.44,14.52,,6066.0
2018-03-15 14:30,,14.52,2030,14.56,14.5,14.51,,3926.0
2018-03-15 15:00,,14.64,2030,14.66,14.51,14.52,,4683.0
2018-03-16 10:00,,14.73,2030,14.77,14.66,14.67,,5166.0
2018-03-16 10:30,,14.81,2030,14.85,14.67,14.73,,5208.0
2018-03-16 11:00,,14.8,2030,14.89,14.78,14.81,,5055.0
2018-03-16 11:30,,14.76,2030,14.86,14.75,14.8,,2680.0
2018-03-16 13:30,,14.74,2030,14.79,14.72,14.76,,1728.0
2018-03-16 14:00,,14.77,2030,14.83,14.74,14.74,,3111.0
2018-03-16 14:30,,14.76,2030,14.78,14.71,14.77,,2772.0
2018-03-16 15:00,,14.65,2030,14.76,14.65,14.76,,5263.0
2018-03-19 10:00,,14.79,2030,14.79,14.61,14.61,,4746.0
2018-03-19 10:30,,14.79,2030,14.84,14.76,14.79,,4243.0
2018-03-19 11:00,,14.78,2030,14.83,14.77,14.79,,3274.0
2018-03-19 11:30,,14.86,2030,14.87,14.76,14.78,,4480.0
2018-03-19 13:30,,14.81,2030,14.86,14.78,14.86,,2561.0
2018-03-19 14:00,,14.74,2030,14.81,14.73,14.81,,2776.0
2018-03-19 14:30,,14.76,2030,14.84,14.71,14.74,,5519.0
2018-03-19 15:00,,14.71,2030,14.76,14.69,14.76,,5503.0
2018-03-20 10:00,,15.19,2030,15.45,14.4,14.59,,32242.0
2018-03-20 10:30,,14.96,2030,15.19,14.93,15.19,,14473.0
2018-03-20 11:00,,14.99,2030,15.06,14.95,14.96,,9112.0
2018-03-20 11:30,,15.03,2030,15.06,14.98,14.99,,4450.0
2018-03-20 13:30,,15.25,2030,15.26,14.99,15.03,,12301.0
2018-03-20 14:00,,15.17,2030,15.25,15.12,15.24,,6566.0
2018-03-20 14:30,,15.18,2030,15.21,15.12,15.17,,7352.0
2018-03-20 15:00,,15.3,2030,15.3,15.17,15.2,,23646.0
2018-03-21 10:00,,15.26,2030,15.36,15.15,15.3,,16344.0
2018-03-21 10:30,,15.26,2030,15.36,15.21,15.26,,9952.0
2018-03-21 11:00,,15.29,2030,15.36,15.25,15.26,,7749.0
2018-03-21 11:30,,15.26,2030,15.3,15.21,15.3,,4366.0
2018-03-21 13:30,,15.23,2030,15.29,15.21,15.26,,3092.0
2018-03-21 14:00,,15.21,2030,15.3,15.21,15.23,,5388.0
2018-03-21 14:30,,15.15,2030,15.25,15.14,15.21,,8810.0
2018-03-21 15:00,,15.02,2030,15.15,15.02,15.15,,14310.0
2018-03-22 10:00,,15.0,2030,15.15,14.94,15.04,,11722.0
2018-03-22 10:30,,14.92,2030,15.01,14.9,15.0,,4287.0
2018-03-22 11:00,,14.94,2030,14.94,14.85,14.92,,4697.0
2018-03-22 11:30,,14.94,2030,15.0,14.88,14.94,,2309.0
2018-03-22 13:30,,15.03,2030,15.05,14.91,14.94,,3301.0
2018-03-22 14:00,,15.05,2030,15.13,15.03,15.03,,3717.0
2018-03-22 14:30,,15.01,2030,15.06,15.0,15.04,,3131.0
2018-03-22 15:00,,14.9,2030,15.02,14.9,15.01,,5725.0
2018-03-23 10:00,,14.44,2030,14.55,14.17,14.55,,16887.0
2018-03-23 10:30,,14.5,2030,14.53,14.42,14.44,,6059.0
2018-03-23 11:00,,14.37,2030,14.52,14.35,14.51,,5331.0
2018-03-23 11:30,,14.13,2030,14.37,14.12,14.37,,10400.0
2018-03-23 13:30,,14.08,2030,14.13,13.81,14.13,,12862.0
2018-03-23 14:00,,13.78,2030,14.13,13.72,14.08,,11561.0
2018-03-23 14:30,,13.73,2030,13.81,13.57,13.77,,10536.0
2018-03-23 15:00,,13.73,2030,13.81,13.71,13.73,,9028.0
2018-03-26 10:00,,13.51,2030,13.63,13.11,13.61,,20112.0
2018-03-26 10:30,,13.84,2030,13.84,13.45,13.51,,6112.0
2018-03-26 11:00,,13.71,2030,13.93,13.61,13.84,,6218.0
2018-03-26 11:30,,13.64,2030,13.81,13.63,13.71,,2477.0
2018-03-26 13:30,,13.73,2030,13.74,13.63,13.64,,1980.0
2018-03-26 14:00,,13.78,2030,13.8,13.7,13.73,,2310.0
2018-03-26 14:30,,13.97,2030,14.05,13.73,13.78,,7801.0
2018-03-26 15:00,,13.9,2030,13.98,13.9,13.97,,5364.0
2018-03-27 10:00,,14.17,2030,14.27,14.06,14.11,,10657.0
2018-03-27 10:30,,14.21,2030,14.31,14.15,14.17,,5428.0
2018-03-27 11:00,,14.36,2030,14.4,14.2,14.21,,7002.0
2018-03-27 11:30,,14.35,2030,14.45,14.3,14.36,,5269.0
2018-03-27 13:30,,14.4,2030,14.46,14.31,14.35,,4575.0
2018-03-27 14:00,,14.19,2030,14.4,14.16,14.4,,6469.0
2018-03-27 14:30,,14.19,2030,14.27,14.14,14.19,,4827.0
2018-03-27 15:00,,14.3,2030,14.33,14.19,14.2,,5844.0
2018-03-28 10:00,,15.73,2030,15.73,14.08,14.1,,56171.0
2018-03-28 10:30,,15.73,2030,15.73,15.73,15.73,,5059.0
2018-03-28 11:00,,15.73,2030,15.73,15.73,15.73,,4443.0
2018-03-28 11:30,,15.73,2030,15.73,15.73,15.73,,2845.0
2018-03-28 13:30,,15.73,2030,15.73,15.73,15.73,,3450.0
2018-03-28 14:00,,15.73,2030,15.73,15.73,15.73,,3044.0
2018-03-28 14:30,,15.73,2030,15.73,15.73,15.73,,2239.0
2018-03-28 15:00,,15.73,2030,15.73,15.73,15.73,,9412.0
2018-03-29 10:00,,16.04,2030,16.42,15.89,16.41,,139815.0
2018-03-29 10:30,,16.05,2030,16.19,15.98,16.03,,36256.0
2018-03-29 11:00,,15.95,2030,16.15,15.92,16.05,,18479.0
2018-03-29 11:30,,15.81,2030,15.99,15.81,15.95,,11052.0
2018-03-29 13:30,,15.95,2030,15.97,15.81,15.81,,8785.0
2018-03-29 14:00,,16.0,2030,16.0,15.89,15.96,,9067.0
2018-03-29 14:30,,16.05,2030,16.15,15.92,16.0,,19870.0
2018-03-29 15:00,,15.81,2030,16.05,15.8,16.05,,21132.0
2018-03-30 10:00,,16.05,2030,16.19,15.62,15.64,,43987.0
2018-03-30 10:30,,16.03,2030,16.12,16.0,16.06,,13658.0
2018-03-30 11:00,,15.98,2030,16.04,15.91,16.03,,15646.0
2018-03-30 11:30,,16.34,2030,16.35,15.92,15.98,,44058.0
2018-03-30 13:30,,16.23,2030,16.37,16.11,16.34,,23509.0
2018-03-30 14:00,,16.16,2030,16.3,16.14,16.23,,17533.0
2018-03-30 14:30,,16.26,2030,16.3,16.14,16.16,,16610.0
2018-03-30 15:00,,16.17,2030,16.29,16.14,16.27,,18424.0
2018-04-02 10:00,,16.03,2030,16.2,15.9,16.1,,23598.0
2018-04-02 10:30,,16.14,2030,16.16,16.0,16.03,,9133.0
2018-04-02 11:00,,16.27,2030,16.31,16.05,16.14,,15949.0
2018-04-02 11:30,,16.18,2030,16.27,16.14,16.27,,6079.0
2018-04-02 13:30,,16.21,2030,16.28,16.18,16.18,,8898.0
2018-04-02 14:00,,16.1,2030,16.22,16.08,16.21,,9562.0
2018-04-02 14:30,,16.09,2030,16.13,15.99,16.1,,10466.0
2018-04-02 15:00,,16.02,2030,16.17,16.0,16.08,,13915.0
2018-04-03 10:00,,15.94,2030,15.97,15.63,15.71,,21474.0
2018-04-03 10:30,,16.4,2030,16.66,15.94,15.94,,67731.0
2018-04-03 11:00,,16.41,2030,16.5,16.36,16.4,,14740.0
2018-04-03 11:30,,16.34,2030,16.41,16.31,16.41,,9059.0
2018-04-03 13:30,,16.22,2030,16.34,16.13,16.34,,11860.0
2018-04-03 14:00,,16.27,2030,16.4,16.22,16.22,,11659.0
2018-04-03 14:30,,16.27,2030,16.31,16.14,16.27,,10072.0
2018-04-03 15:00,,16.19,2030,16.28,16.17,16.26,,14785.0
2018-04-04 10:00,,16.42,2030,16.76,16.21,16.21,,50800.0
2018-04-04 10:30,,16.28,2030,16.45,16.25,16.42,,16103.0
2018-04-04 11:00,,16.34,2030,16.39,16.28,16.28,,5173.0
2018-04-04 11:30,,16.23,2030,16.35,16.22,16.34,,6258.0
2018-04-04 13:30,,16.18,2030,16.32,16.15,16.23,,8290.0
2018-04-04 14:00,,16.06,2030,16.18,15.92,16.18,,16480.0
2018-04-04 14:30,,15.96,2030,16.06,15.9,16.06,,10475.0
2018-04-04 15:00,,15.85,2030,15.96,15.79,15.96,,17500.0
2018-04-09 10:00,,15.98,2030,16.08,15.63,15.75,,28283.0
2018-04-09 10:30,,16.05,2030,16.17,15.91,15.98,,11801.0
2018-04-09 11:00,,16.16,2030,16.25,16.01,16.05,,9963.0
2018-04-09 11:30,,16.19,2030,16.29,16.16,16.16,,9716.0
2018-04-09 13:30,,16.04,2030,16.22,16.01,16.17,,6977.0
2018-04-09 14:00,,16.0,2030,16.1,15.96,16.04,,6108.0
2018-04-09 14:30,,16.02,2030,16.11,15.97,16.0,,5120.0
2018-04-09 15:00,,16.21,2030,16.23,16.01,16.01,,24186.0
2018-04-10 10:00,,16.05,2030,16.35,16.02,16.27,,22529.0
2018-04-10 10:30,,16.14,2030,16.16,16.04,16.05,,9358.0
2018-04-10 11:00,,16.12,2030,16.14,16.09,16.14,,6976.0
2018-04-10 11:30,,16.1,2030,16.12,16.07,16.12,,8329.0
2018-04-10 13:30,,16.0,2030,16.12,15.97,16.1,,12761.0
2018-04-10 14:00,,16.04,2030,16.06,15.99,16.01,,5076.0
2018-04-10 14:30,,16.19,2030,16.19,16.02,16.04,,6576.0
2018-04-10 15:00,,16.2,2030,16.23,16.13,16.19,,14050.0
2018-04-11 10:00,,16.2,2030,16.32,16.11,16.21,,13244.0
2018-04-11 10:30,,16.37,2030,16.47,16.2,16.2,,18748.0
2018-04-11 11:00,,16.26,2030,16.38,16.22,16.37,,7664.0
2018-04-11 11:30,,16.25,2030,16.29,16.2,16.27,,3842.0
2018-04-11 13:30,,16.34,2030,16.37,16.23,16.25,,4457.0
2018-04-11 14:00,,16.3,2030,16.42,16.27,16.34,,9994.0
2018-04-11 14:30,,16.24,2030,16.33,16.2,16.3,,10341.0
2018-04-11 15:00,,16.27,2030,16.29,16.23,16.24,,9664.0
2018-04-12 10:00,,16.26,2030,16.36,16.13,16.27,,9904.0
2018-04-12 10:30,,16.53,2030,16.55,16.22,16.26,,18750.0
2018-04-12 11:00,,16.39,2030,16.51,16.33,16.51,,10524.0
2018-04-12 11:30,,16.31,2030,16.4,16.29,16.38,,4694.0
2018-04-12 13:30,,16.31,2030,16.37,16.3,16.31,,3162.0
2018-04-12 14:00,,16.35,2030,16.37,16.28,16.32,,7608.0
2018-04-12 14:30,,16.4,2030,16.48,16.32,16.35,,17828.0
2018-04-12 15:00,,16.46,2030,16.48,16.35,16.4,,19120.0
2018-04-13 10:00,,16.61,2030,16.93,16.52,16.52,,32850.0
2018-04-13 10:30,,16.45,2030,16.62,16.37,16.61,,14722.0
2018-04-13 11:00,,16.31,2030,16.45,16.24,16.45,,10782.0
2018-04-13 11:30,,16.31,2030,16.33,16.21,16.31,,7519.0
2018-04-13 13:30,,16.35,2030,16.46,16.29,16.31,,4843.0
2018-04-13 14:00,,16.31,2030,16.4,16.3,16.35,,4414.0
2018-04-13 14:30,,16.25,2030,16.33,16.21,16.31,,8914.0
2018-04-13 15:00,,16.29,2030,16.4,16.25,16.25,,9225.0
2018-04-16 10:00,,16.2,2030,16.35,15.9,16.1,,19663.0
2018-04-16 10:30,,16.32,2030,16.41,16.2,16.2,,6721.0
2018-04-16 11:00,,16.29,2030,16.35,16.2,16.34,,6015.0
2018-04-16 11:30,,16.17,2030,16.31,16.16,16.29,,5856.0
2018-04-16 13:30,,16.3,2030,16.3,16.16,16.18,,3306.0
2018-04-16 14:00,,16.25,2030,16.31,16.17,16.3,,7580.0
2018-04-16 14:30,,16.24,2030,16.3,16.23,16.25,,5231.0
2018-04-16 15:00,,16.29,2030,16.3,16.22,16.24,,7730.0
2018-04-17 10:00,,16.14,2030,16.32,16.1,16.29,,8722.0
2018-04-17 10:30,,16.16,2030,16.25,16.14,16.14,,5137.0
2018-04-17 11:00,,16.21,2030,16.26,16.16,16.16,,2994.0
2018-04-17 11:30,,16.11,2030,16.24,16.06,16.21,,4728.0
2018-04-17 13:30,,16.15,2030,16.19,16.08,16.11,,6025.0
2018-04-17 14:00,,16.19,2030,16.19,16.1,16.15,,7467.0
2018-04-17 14:30,,16.26,2030,16.31,16.14,16.19,,6347.0
2018-04-17 15:00,,16.1,2030,16.27,16.09,16.26,,14397.0
2018-04-18 10:00,,15.95,2030,16.25,15.78,16.18,,17616.0
2018-04-18 10:30,,15.94,2030,16.05,15.91,15.95,,6378.0
2018-04-18 11:00,,16.1,2030,16.1,15.93,15.94,,5969.0
2018-04-18 11:30,,16.15,2030,16.18,16.09,16.1,,3519.0
2018-04-18 13:30,,16.3,2030,16.33,16.15,16.15,,6725.0
2018-04-18 14:00,,16.33,2030,16.4,16.26,16.3,,7384.0
2018-04-18 14:30,,16.31,2030,16.36,16.27,16.33,,4696.0
2018-04-18 15:00,,16.49,2030,16.49,16.31,16.31,,19052.0
2018-04-19 10:00,,16.4,2030,16.55,16.31,16.5,,8887.0
2018-04-19 10:30,,16.3,2030,16.4,16.28,16.4,,6466.0
2018-04-19 11:00,,16.4,2030,16.52,16.29,16.3,,5647.0
2018-04-19 11:30,,16.4,2030,16.45,16.36,16.4,,2063.0
2018-04-19 13:30,,16.45,2030,16.49,16.4,16.4,,4215.0
2018-04-19 14:00,,16.51,2030,16.54,16.44,16.45,,7923.0
2018-04-19 14:30,,16.47,2030,16.64,16.46,16.51,,17746.0
2018-04-19 15:00,,16.62,2030,16.63,16.47,16.47,,15269.0
2018-04-20 10:00,,16.65,2030,16.84,16.48,16.69,,21200.0
2018-04-20 10:30,,16.54,2030,16.68,16.54,16.66,,6952.0
2018-04-20 11:00,,16.47,2030,16.55,16.4,16.54,,6482.0
2018-04-20 11:30,,16.45,2030,16.49,16.42,16.48,,4695.0
2018-04-20 13:30,,16.45,2030,16.52,16.44,16.45,,4009.0
2018-04-20 14:00,,16.45,2030,16.51,16.43,16.45,,3363.0
2018-04-20 14:30,,16.29,2030,16.48,16.24,16.45,,8498.0
2018-04-20 15:00,,15.98,2030,16.37,15.95,16.28,,24798.0
2018-04-23 10:00,,15.91,2030,16.15,15.75,15.81,,12201.0
2018-04-23 10:30,,15.99,2030,16.03,15.88,15.91,,3590.0
2018-04-23 11:00,,16.05,2030,16.06,15.92,15.99,,3600.0
2018-04-23 11:30,,16.11,2030,16.12,16.0,16.05,,3759.0
2018-04-23 13:30,,16.1,2030,16.12,16.05,16.11,,4671.0
2018-04-23 14:00,,16.05,2030,16.23,16.05,16.1,,8011.0
2018-04-23 14:30,,16.1,2030,16.12,16.03,16.03,,6620.0
2018-04-23 15:00,,16.22,2030,16.22,16.09,16.1,,9829.0
2018-04-24 10:00,,16.25,2030,16.31,16.06,16.21,,6483.0
2018-04-24 10:30,,16.36,2030,16.4,16.2,16.25,,5672.0
2018-04-24 11:00,,16.34,2030,16.41,16.29,16.37,,5112.0
2018-04-24 11:30,,16.38,2030,16.38,16.29,16.34,,3718.0
2018-04-24 13:30,,16.36,2030,16.39,16.33,16.38,,5201.0
2018-04-24 14:00,,16.37,2030,16.38,16.34,16.36,,4769.0
2018-04-24 14:30,,16.46,2030,16.54,16.35,16.37,,9840.0
2018-04-24 15:00,,16.46,2030,16.5,16.39,16.46,,7769.0
2018-04-25 10:00,,16.3,2030,16.43,16.26,16.34,,7435.0
2018-04-25 10:30,,16.92,2030,17.29,16.29,16.31,,31857.0
2018-04-25 11:00,,16.68,2030,16.98,16.6,16.92,,9742.0
2018-04-25 11:30,,16.96,2030,17.03,16.68,16.68,,10422.0
2018-04-25 13:30,,16.88,2030,16.96,16.79,16.96,,4030.0
2018-04-25 14:00,,16.85,2030,16.95,16.84,16.88,,4800.0
2018-04-25 14:30,,16.97,2030,17.02,16.75,16.85,,13812.0
2018-04-25 15:00,,16.9,2030,17.0,16.84,16.97,,12282.0
2018-04-26 10:00,,16.68,2030,16.84,16.64,16.84,,13525.0
2018-04-26 10:30,,16.54,2030,16.69,16.52,16.66,,12132.0
2018-04-26 11:00,,16.52,2030,16.64,16.49,16.54,,7295.0
2018-04-26 11:30,,16.44,2030,16.56,16.41,16.52,,5763.0
2018-04-26 13:30,,16.45,2030,16.5,16.38,16.44,,4644.0
2018-04-26 14:00,,16.47,2030,16.55,16.42,16.45,,2998.0
2018-04-26 14:30,,16.45,2030,16.49,16.42,16.47,,4443.0
2018-04-26 15:00,,16.33,2030,16.46,16.33,16.45,,12004.0
2018-04-27 10:00,,16.36,2030,16.47,16.31,16.39,,8168.0
2018-04-27 10:30,,16.7,2030,16.83,16.35,16.36,,14816.0
2018-04-27 11:00,,16.7,2030,16.77,16.64,16.7,,3925.0
2018-04-27 11:30,,16.52,2030,16.72,16.52,16.7,,4363.0
2018-04-27 13:30,,16.48,2030,16.57,16.41,16.52,,3359.0
2018-04-27 14:00,,16.76,2030,16.76,16.48,16.48,,5188.0
2018-04-27 14:30,,16.69,2030,16.76,16.65,16.75,,4602.0
2018-04-27 15:00,,16.71,2030,16.75,16.64,16.69,,12158.0
2018-05-02 10:00,,16.65,2030,16.87,16.6,16.79,,8318.0
2018-05-02 10:30,,16.83,2030,16.83,16.55,16.65,,8246.0
2018-05-02 11:00,,17.05,2030,17.27,16.83,16.83,,29886.0
2018-05-02 11:30,,17.04,2030,17.1,17.0,17.02,,5979.0
2018-05-02 13:30,,17.09,2030,17.1,17.02,17.04,,5623.0
2018-05-02 14:00,,17.0,2030,17.09,16.91,17.09,,6658.0
2018-05-02 14:30,,17.01,2030,17.05,16.87,17.0,,9159.0
2018-05-02 15:00,,17.11,2030,17.12,17.0,17.01,,20677.0
2018-05-03 10:00,,16.95,2030,17.12,16.7,16.87,,19970.0
2018-05-03 10:30,,16.89,2030,17.06,16.87,16.97,,6981.0
2018-05-03 11:00,,16.98,2030,17.02,16.8,16.89,,4824.0
2018-05-03 11:30,,17.01,2030,17.06,16.95,16.98,,3782.0
2018-05-03 13:30,,17.08,2030,17.08,16.92,17.01,,4274.0
2018-05-03 14:00,,17.11,2030,17.13,17.0,17.08,,6866.0
2018-05-03 14:30,,17.13,2030,17.19,17.07,17.11,,10593.0
2018-05-03 15:00,,17.18,2030,17.18,17.08,17.13,,18119.0
2018-05-04 10:00,,17.19,2030,17.24,17.05,17.24,,8536.0
2018-05-04 10:30,,16.92,2030,17.2,16.91,17.19,,9631.0
2018-05-04 11:00,,17.0,2030,17.05,16.91,16.92,,6062.0
2018-05-04 11:30,,17.07,2030,17.07,16.98,17.0,,2969.0
2018-05-04 13:30,,17.05,2030,17.09,17.03,17.07,,1427.0
2018-05-04 14:00,,17.08,2030,17.16,17.02,17.05,,4936.0
2018-05-04 14:30,,17.01,2030,17.11,17.0,17.08,,6787.0
2018-05-04 15:00,,17.1,2030,17.17,17.0,17.0,,11458.0
2018-05-07 10:00,,17.27,2030,17.35,17.1,17.1,,14545.0
2018-05-07 10:30,,17.36,2030,17.45,17.26,17.27,,14771.0
2018-05-07 11:00,,17.38,2030,17.4,17.29,17.38,,8061.0
2018-05-07 11:30,,17.38,2030,17.44,17.35,17.38,,4940.0
2018-05-07 13:30,,17.4,2030,17.4,17.36,17.38,,5774.0
2018-05-07 14:00,,17.37,2030,17.45,17.35,17.4,,6221.0
2018-05-07 14:30,,17.38,2030,17.4,17.26,17.36,,9140.0
2018-05-07 15:00,,17.4,2030,17.4,17.35,17.36,,12130.0
2018-05-08 10:00,,17.33,2030,17.45,17.22,17.4,,9255.0
2018-05-08 10:30,,17.39,2030,17.55,17.33,17.33,,15173.0
2018-05-08 11:00,,17.44,2030,17.46,17.31,17.39,,5875.0
2018-05-08 11:30,,17.42,2030,17.45,17.4,17.44,,2793.0
2018-05-08 13:30,,17.34,2030,17.44,17.31,17.42,,4879.0
2018-05-08 14:00,,17.36,2030,17.38,17.34,17.34,,3389.0
2018-05-08 14:30,,17.31,2030,17.37,17.29,17.36,,6463.0
2018-05-08 15:00,,17.38,2030,17.44,17.3,17.31,,8604.0
2018-05-09 10:00,,17.3,2030,17.37,17.24,17.28,,7637.0
2018-05-09 10:30,,17.1,2030,17.33,17.07,17.3,,12692.0
2018-05-09 11:00,,17.13,2030,17.17,17.03,17.11,,13370.0
2018-05-09 11:30,,17.15,2030,17.18,17.12,17.14,,3151.0
2018-05-09 13:30,,17.08,2030,17.15,17.07,17.15,,6178.0
2018-05-09 14:00,,17.08,2030,17.08,16.97,17.07,,10617.0
2018-05-09 14:30,,17.02,2030,17.08,16.94,17.08,,7630.0
2018-05-09 15:00,,17.1,2030,17.13,17.0,17.02,,7739.0
2018-05-10 10:00,,17.07,2030,17.17,17.03,17.03,,7501.0
2018-05-10 10:30,,17.1,2030,17.11,17.04,17.06,,4009.0
2018-05-10 11:00,,17.2,2030,17.22,17.09,17.1,,7711.0
2018-05-10 11:30,,17.21,2030,17.23,17.15,17.2,,5659.0
2018-05-10 13:30,,17.2,2030,17.22,17.16,17.21,,4191.0
2018-05-10 14:00,,17.14,2030,17.2,17.1,17.2,,7573.0
2018-05-10 14:30,,17.22,2030,17.23,17.1,17.14,,7524.0
2018-05-10 15:00,,17.34,2030,17.34,17.22,17.23,,13239.0
2018-05-11 10:00,,17.58,2030,17.77,17.21,17.32,,24945.0
2018-05-11 10:30,,17.51,2030,17.66,17.42,17.58,,11344.0
2018-05-11 11:00,,17.41,2030,17.51,17.36,17.51,,6034.0
2018-05-11 11:30,,17.4,2030,17.44,17.35,17.41,,5184.0
2018-05-11 13:30,,17.38,2030,17.4,17.33,17.4,,4990.0
2018-05-11 14:00,,17.39,2030,17.42,17.38,17.38,,3962.0
2018-05-11 14:30,,17.19,2030,17.39,17.17,17.39,,8064.0
2018-05-11 15:00,,17.2,2030,17.28,17.15,17.19,,9855.0
2018-05-14 10:00,,17.22,2030,17.25,16.96,17.0,,10528.0
2018-05-14 10:30,,17.14,2030,17.22,17.09,17.22,,3951.0
2018-05-14 11:00,,17.15,2030,17.24,17.07,17.14,,4944.0
2018-05-14 11:30,,17.13,2030,17.16,17.11,17.15,,1768.0
2018-05-14 13:30,,17.1,2030,17.16,17.05,17.13,,4426.0
2018-05-14 14:00,,17.08,2030,17.12,17.05,17.1,,3713.0
2018-05-14 14:30,,17.08,2030,17.12,17.07,17.08,,3154.0
2018-05-14 15:00,,17.0,2030,17.09,16.87,17.08,,11180.0
2018-05-15 10:00,,17.01,2030,17.08,16.88,16.95,,6176.0
2018-05-15 10:30,,16.97,2030,17.07,16.96,17.02,,6028.0
2018-05-15 11:00,,16.98,2030,17.0,16.84,16.96,,8604.0
2018-05-15 11:30,,17.0,2030,17.03,16.93,16.98,,2752.0
2018-05-15 13:30,,16.92,2030,17.04,16.92,17.0,,5789.0
2018-05-15 14:00,,16.91,2030,16.99,16.89,16.92,,7492.0
2018-05-15 14:30,,16.89,2030,16.93,16.8,16.91,,13166.0
2018-05-15 15:00,,16.98,2030,17.01,16.88,16.89,,7692.0
2018-05-16 10:00,,17.23,2030,17.37,16.87,16.93,,14095.0
2018-05-16 10:30,,17.39,2030,17.5,17.23,17.23,,15262.0
2018-05-16 11:00,,17.52,2030,17.55,17.38,17.39,,16175.0
2018-05-16 11:30,,17.6,2030,17.63,17.5,17.52,,14615.0
2018-05-16 13:30,,17.58,2030,17.65,17.5,17.6,,8396.0
2018-05-16 14:00,,17.5,2030,17.7,17.47,17.58,,14631.0
2018-05-16 14:30,,17.58,2030,17.73,17.47,17.5,,22393.0
2018-05-16 15:00,,17.5,2030,17.6,17.46,17.58,,12752.0
2018-05-17 10:00,,17.37,2030,17.52,17.31,17.42,,12232.0
2018-05-17 10:30,,17.33,2030,17.42,17.28,17.37,,8649.0
2018-05-17 11:00,,17.37,2030,17.44,17.3,17.33,,5343.0
2018-05-17 11:30,,17.32,2030,17.39,17.31,17.37,,3202.0
2018-05-17 13:30,,17.33,2030,17.35,17.28,17.32,,5429.0
2018-05-17 14:00,,17.3,2030,17.35,17.26,17.33,,5413.0
2018-05-17 14:30,,17.24,2030,17.36,17.23,17.3,,9342.0
2018-05-17 15:00,,17.35,2030,17.35,17.23,17.24,,6682.0
2018-05-18 10:00,,17.24,2030,17.45,17.16,17.36,,6696.0
2018-05-18 10:30,,17.27,2030,17.3,17.21,17.21,,2221.0
2018-05-18 11:00,,17.11,2030,17.28,17.08,17.27,,8232.0
2018-05-18 11:30,,17.09,2030,17.23,17.07,17.11,,7174.0
2018-05-18 13:30,,17.08,2030,17.1,17.03,17.09,,5788.0
2018-05-18 14:00,,17.07,2030,17.15,17.01,17.08,,7463.0
2018-05-18 14:30,,17.17,2030,17.19,17.08,17.08,,3496.0
2018-05-18 15:00,,17.11,2030,17.16,17.03,17.16,,8840.0
2018-05-21 10:00,,17.25,2030,17.29,17.1,17.19,,6869.0
2018-05-21 10:30,,17.25,2030,17.26,17.17,17.25,,2986.0
2018-05-21 11:00,,17.26,2030,17.28,17.22,17.25,,2436.0
2018-05-21 11:30,,17.25,2030,17.28,17.22,17.26,,1859.0
2018-05-21 13:30,,17.28,2030,17.28,17.24,17.25,,1826.0
2018-05-21 14:00,,17.24,2030,17.28,17.24,17.28,,2996.0
2018-05-21 14:30,,17.13,2030,17.23,17.12,17.23,,7169.0
2018-05-21 15:00,,17.16,2030,17.16,17.13,17.13,,6282.0
2018-05-22 10:00,,17.28,2030,17.43,17.1,17.1,,9246.0
2018-05-22 10:30,,17.25,2030,17.31,17.23,17.28,,3779.0
2018-05-22 11:00,,17.29,2030,17.33,17.23,17.25,,3051.0
2018-05-22 11:30,,17.28,2030,17.3,17.26,17.29,,2289.0
2018-05-22 13:30,,17.3,2030,17.33,17.27,17.28,,3471.0
2018-05-22 14:00,,17.38,2030,17.39,17.29,17.3,,4933.0
2018-05-22 14:30,,17.36,2030,17.42,17.34,17.38,,9770.0
2018-05-22 15:00,,17.42,2030,17.42,17.35,17.36,,9946.0
2018-05-23 10:00,,17.34,2030,17.51,17.28,17.32,,7946.0
2018-05-23 10:30,,17.06,2030,17.34,17.01,17.34,,13467.0
2018-05-23 11:00,,17.1,2030,17.16,17.01,17.03,,9064.0
2018-05-23 11:30,,17.09,2030,17.12,17.06,17.09,,4270.0
2018-05-23 13:30,,17.1,2030,17.13,17.06,17.09,,2941.0
2018-05-23 14:00,,17.11,2030,17.18,17.07,17.1,,4163.0
2018-05-23 14:30,,17.27,2030,17.32,17.08,17.11,,8039.0
2018-05-23 15:00,,17.17,2030,17.32,17.17,17.27,,7340.0
2018-05-24 10:00,,17.25,2030,17.33,17.09,17.15,,4729.0
2018-05-24 10:30,,17.22,2030,17.27,17.17,17.25,,4182.0
2018-05-24 11:00,,17.23,2030,17.24,17.18,17.22,,2100.0
2018-05-24 11:30,,17.26,2030,17.27,17.22,17.23,,2450.0
2018-05-24 13:30,,17.28,2030,17.32,17.24,17.26,,3180.0
2018-05-24 14:00,,17.25,2030,17.28,17.19,17.28,,3968.0
2018-05-24 14:30,,17.26,2030,17.3,17.22,17.25,,4633.0
2018-05-24 15:00,,17.25,2030,17.27,17.22,17.26,,5432.0
2018-05-25 10:00,,17.22,2030,17.28,17.12,17.25,,5061.0
2018-05-25 10:30,,17.27,2030,17.32,17.22,17.22,,2785.0
2018-05-25 11:00,,17.23,2030,17.28,17.16,17.28,,4400.0
2018-05-25 11:30,,17.26,2030,17.26,17.2,17.23,,2383.0
2018-05-25 13:30,,17.24,2030,17.26,17.2,17.26,,3591.0
2018-05-25 14:00,,17.25,2030,17.27,17.23,17.24,,2365.0
2018-05-25 14:30,,17.17,2030,17.27,17.15,17.25,,4563.0
2018-05-25 15:00,,17.2,2030,17.22,17.16,17.16,,4846.0
2018-05-28 10:00,,16.66,2030,17.08,16.55,17.08,,19783.0
2018-05-28 10:30,,16.74,2030,16.82,16.68,16.68,,7438.0
2018-05-28 11:00,,16.68,2030,16.78,16.63,16.74,,4082.0
2018-05-28 11:30,,16.82,2030,16.84,16.68,16.68,,3699.0
2018-05-28 13:30,,16.67,2030,16.82,16.61,16.82,,4138.0
2018-05-28 14:00,,16.72,2030,16.76,16.64,16.67,,4829.0
2018-05-28 14:30,,16.76,2030,16.84,16.72,16.74,,6597.0
2018-05-28 15:00,,16.58,2030,16.79,16.58,16.76,,11980.0
2018-05-29 10:00,,16.89,2030,16.99,16.53,16.54,,9090.0
2018-05-29 10:30,,17.09,2030,17.1,16.88,16.89,,11668.0
2018-05-29 11:00,,17.41,2030,17.49,17.08,17.1,,20846.0
2018-05-29 11:30,,17.35,2030,17.53,17.31,17.41,,16658.0
2018-05-29 13:30,,17.4,2030,17.43,17.32,17.38,,11134.0
2018-05-29 14:00,,17.44,2030,17.5,17.39,17.41,,17858.0
2018-05-29 14:30,,17.35,2030,17.44,17.35,17.44,,9192.0
2018-05-29 15:00,,17.1,2030,17.37,17.1,17.35,,13872.0
2018-05-30 10:00,,17.02,2030,17.17,16.5,16.53,,18493.0
2018-05-30 10:30,,16.9,2030,17.02,16.8,17.02,,8975.0
2018-05-30 11:00,,16.86,2030,16.95,16.73,16.9,,5490.0
2018-05-30 11:30,,16.85,2030,16.88,16.8,16.86,,3947.0
2018-05-30 13:30,,16.92,2030,16.92,16.79,16.85,,5989.0
2018-05-30 14:00,,16.85,2030,16.92,16.77,16.92,,5620.0
2018-05-30 14:30,,16.64,2030,16.86,16.55,16.85,,11778.0
2018-05-30 15:00,,16.37,2030,16.67,16.36,16.64,,15606.0
2018-05-31 10:00,,16.71,2030,16.9,16.46,16.46,,9379.0
2018-05-31 10:30,,16.52,2030,16.73,16.52,16.71,,4434.0
2018-05-31 11:00,,16.56,2030,16.64,16.44,16.52,,4236.0
2018-05-31 11:30,,16.53,2030,16.66,16.52,16.56,,2024.0
2018-05-31 13:30,,16.6,2030,16.66,16.51,16.53,,3192.0
2018-05-31 14:00,,16.74,2030,16.78,16.58,16.6,,3831.0
2018-05-31 14:30,,16.7,2030,16.8,16.59,16.74,,6033.0
2018-05-31 15:00,,16.66,2030,16.74,16.66,16.7,,5770.0
2018-06-01 10:00,,16.71,2030,16.83,16.6,16.62,,3744.0
2018-06-01 10:30,,16.64,2030,16.72,16.6,16.71,,2734.0
2018-06-01 11:00,,16.63,2030,16.69,16.63,16.64,,2291.0
2018-06-01 11:30,,16.42,2030,16.63,16.4,16.63,,5141.0
2018-06-01 13:30,,16.4,2030,16.42,16.26,16.42,,3788.0
2018-06-01 14:00,,16.36,2030,16.55,16.32,16.4,,2282.0
2018-06-01 14:30,,16.57,2030,16.62,16.32,16.36,,5115.0
2018-06-01 15:00,,16.67,2030,16.67,16.51,16.57,,6372.0
2018-06-04 10:00,,16.58,2030,16.74,16.53,16.53,,8019.0
2018-06-04 10:30,,16.57,2030,16.69,16.55,16.58,,4291.0
2018-06-04 11:00,,16.59,2030,16.67,16.55,16.59,,4320.0
2018-06-04 11:30,,16.65,2030,16.65,16.55,16.59,,3131.0
2018-06-04 13:30,,16.64,2030,16.69,16.59,16.65,,3444.0
2018-06-04 14:00,,16.61,2030,16.65,16.58,16.64,,2883.0
2018-06-04 14:30,,16.61,2030,16.69,16.59,16.61,,2669.0
2018-06-04 15:00,,16.65,2030,16.67,16.59,16.61,,4394.0
2018-06-05 10:00,,16.95,2030,17.0,16.66,16.69,,10289.0
2018-06-05 10:30,,16.84,2030,16.96,16.83,16.95,,2898.0
2018-06-05 11:00,,16.93,2030,16.96,16.82,16.84,,1923.0
2018-06-05 11:30,,16.9,2030,16.95,16.89,16.95,,1340.0
2018-06-05 13:30,,17.08,2030,17.13,16.89,16.9,,7170.0
2018-06-05 14:00,,17.16,2030,17.24,17.04,17.08,,9859.0
2018-06-05 14:30,,17.14,2030,17.17,17.12,17.16,,3189.0
2018-06-05 15:00,,17.21,2030,17.24,17.13,17.14,,10549.0
2018-06-06 10:00,,17.09,2030,17.3,17.07,17.07,,6825.0
2018-06-06 10:30,,17.12,2030,17.2,17.08,17.09,,3539.0
2018-06-06 11:00,,17.2,2030,17.23,17.12,17.12,,2842.0
2018-06-06 11:30,,17.2,2030,17.22,17.16,17.2,,3071.0
2018-06-06 13:30,,17.21,2030,17.26,17.18,17.2,,3067.0
2018-06-06 14:00,,17.21,2030,17.23,17.2,17.21,,3153.0
2018-06-06 14:30,,17.26,2030,17.27,17.2,17.21,,4038.0
2018-06-06 15:00,,17.31,2030,17.31,17.22,17.26,,8749.0
2018-06-07 10:00,,17.32,2030,17.4,17.16,17.32,,6624.0
2018-06-07 10:30,,17.26,2030,17.32,17.23,17.32,,3931.0
2018-06-07 11:00,,17.24,2030,17.27,17.21,17.26,,2169.0
2018-06-07 11:30,,17.22,2030,17.26,17.2,17.24,,1447.0
2018-06-07 13:30,,17.23,2030,17.26,17.19,17.22,,2931.0
2018-06-07 14:00,,17.26,2030,17.29,17.2,17.23,,1986.0
2018-06-07 14:30,,17.27,2030,17.27,17.22,17.26,,1751.0
2018-06-07 15:00,,17.2,2030,17.29,17.18,17.27,,5325.0
2018-06-08 10:00,,17.1,2030,17.32,17.03,17.3,,3563.0
2018-06-08 10:30,,17.1,2030,17.15,17.06,17.1,,1701.0
2018-06-08 11:00,,17.15,2030,17.17,17.09,17.1,,1686.0
2018-06-08 11:30,,17.25,2030,17.26,17.15,17.15,,4784.0
2018-06-08 13:30,,17.21,2030,17.25,17.1,17.25,,3674.0
2018-06-08 14:00,,17.11,2030,17.21,17.08,17.21,,2495.0
2018-06-08 14:30,,17.19,2030,17.19,16.95,17.11,,12006.0
2018-06-08 15:00,,17.2,2030,17.24,17.15,17.19,,6032.0
2018-06-11 10:00,,17.32,2030,17.34,17.16,17.28,,5192.0
2018-06-11 10:30,,17.28,2030,17.37,17.24,17.32,,3153.0
2018-06-11 11:00,,17.34,2030,17.35,17.25,17.28,,2144.0
2018-06-11 11:30,,17.29,2030,17.35,17.28,17.34,,1288.0
2018-06-11 13:30,,17.29,2030,17.35,17.29,17.29,,1606.0
2018-06-11 14:00,,17.2,2030,17.3,17.18,17.29,,3424.0
2018-06-11 14:30,,17.2,2030,17.22,17.1,17.2,,2807.0
2018-06-11 15:00,,17.1,2030,17.2,17.09,17.2,,3314.0
2018-06-12 10:00,,17.11,2030,17.24,17.01,17.01,,3091.0
2018-06-12 10:30,,17.12,2030,17.12,17.04,17.11,,3281.0
2018-06-12 11:00,,17.11,2030,17.14,17.1,17.12,,647.0
2018-06-12 11:30,,17.2,2030,17.23,17.1,17.11,,1302.0
2018-06-12 13:30,,17.18,2030,17.23,17.18,17.2,,1036.0
2018-06-12 14:00,,17.21,2030,17.21,17.13,17.18,,1097.0
2018-06-12 14:30,,17.23,2030,17.24,17.19,17.21,,2203.0
2018-06-12 15:00,,17.26,2030,17.27,17.18,17.23,,6778.0
2018-06-13 10:00,,17.18,2030,17.25,17.09,17.25,,4236.0
2018-06-13 10:30,,17.13,2030,17.16,17.11,17.16,,1385.0
2018-06-13 11:00,,17.1,2030,17.15,17.05,17.13,,3167.0
2018-06-13 11:30,,17.09,2030,17.16,17.08,17.1,,2195.0
2018-06-13 13:30,,17.18,2030,17.23,17.08,17.09,,2145.0
2018-06-13 14:00,,17.15,2030,17.19,17.1,17.18,,1439.0
2018-06-13 14:30,,17.02,2030,17.15,17.01,17.15,,5625.0
2018-06-13 15:00,,16.8,2030,17.03,16.78,17.02,,10831.0
2018-06-14 10:00,,17.28,2030,17.3,16.72,16.8,,11051.0
2018-06-14 10:30,,17.38,2030,17.47,17.24,17.29,,12533.0
2018-06-14 11:00,,17.34,2030,17.4,17.27,17.38,,4875.0
2018-06-14 11:30,,17.27,2030,17.35,17.22,17.34,,1917.0
2018-06-14 13:30,,17.26,2030,17.3,17.2,17.27,,3405.0
2018-06-14 14:00,,17.22,2030,17.26,17.09,17.26,,4227.0
2018-06-14 14:30,,17.21,2030,17.23,17.1,17.22,,3606.0
2018-06-14 15:00,,17.08,2030,17.25,17.08,17.21,,5684.0
2018-06-15 10:00,,15.39,2030,15.7,15.34,15.7,,9015.0
2018-06-15 10:30,,15.07,2030,15.49,15.05,15.4,,8085.0
2018-06-15 11:00,,15.0,2030,15.17,14.81,15.07,,7445.0
2018-06-15 11:30,,14.75,2030,15.0,14.65,15.0,,6820.0
2018-06-15 13:30,,14.93,2030,14.98,14.61,14.75,,7039.0
2018-06-15 14:00,,15.06,2030,15.08,14.88,14.93,,3831.0
2018-06-15 14:30,,15.02,2030,15.08,14.99,15.06,,2784.0
2018-06-15 15:00,,15.27,2030,15.27,15.0,15.02,,6076.0
2018-06-19 10:00,,14.86,2030,15.08,14.65,15.08,,5505.0
2018-06-19 10:30,,14.85,2030,14.97,14.85,14.86,,4463.0
2018-06-19 11:00,,14.77,2030,14.89,14.73,14.84,,4549.0
2018-06-19 11:30,,14.69,2030,14.8,14.5,14.77,,5615.0
2018-06-19 13:30,,14.18,2030,14.69,14.0,14.69,,7532.0
2018-06-19 14:00,,14.06,2030,14.2,14.0,14.18,,9725.0
2018-06-19 14:30,,14.05,2030,14.2,13.98,14.06,,7750.0
2018-06-19 15:00,,14.55,2030,14.55,13.75,14.05,,25602.0
2018-06-20 10:00,,14.44,2030,14.54,14.18,14.34,,7358.0
2018-06-20 10:30,,14.45,2030,14.56,14.4,14.44,,3758.0
2018-06-20 11:00,,14.24,2030,14.45,14.22,14.45,,2123.0
2018-06-20 11:30,,14.43,2030,14.44,14.06,14.24,,3884.0
2018-06-20 13:30,,14.8,2030,14.81,14.43,14.43,,7522.0
2018-06-20 14:00,,14.62,2030,14.81,14.62,14.79,,3201.0
2018-06-20 14:30,,14.56,2030,14.66,14.56,14.62,,3597.0
2018-06-20 15:00,,14.68,2030,14.71,14.51,14.58,,7051.0
2018-06-21 10:00,,14.78,2030,14.91,14.6,14.79,,4627.0
2018-06-21 10:30,,14.8,2030,14.82,14.73,14.78,,1904.0
2018-06-21 11:00,,14.75,2030,14.82,14.74,14.81,,970.0
2018-06-21 11:30,,14.45,2030,14.8,14.45,14.75,,2287.0
2018-06-21 13:30,,14.77,2030,14.78,14.41,14.45,,4885.0
2018-06-21 14:00,,14.67,2030,14.82,14.67,14.77,,4662.0
2018-06-21 14:30,,14.8,2030,14.85,14.56,14.67,,6111.0
2018-06-21 15:00,,14.66,2030,14.87,14.65,14.8,,8071.0
2018-06-22 10:00,,14.67,2030,14.68,14.45,14.65,,3590.0
2018-06-22 10:30,,14.7,2030,14.79,14.65,14.67,,1129.0
2018-06-22 11:00,,14.86,2030,14.86,14.65,14.7,,3039.0
2018-06-22 11:30,,14.95,2030,14.97,14.82,14.86,,4033.0
2018-06-22 13:30,,14.88,2030,14.96,14.87,14.95,,3030.0
2018-06-22 14:00,,14.86,2030,14.9,14.83,14.88,,2181.0
2018-06-22 14:30,,14.93,2030,14.94,14.85,14.86,,2343.0
2018-06-22 15:00,,14.9,2030,14.95,14.9,14.94,,5486.0
2018-06-25 10:00,,15.01,2030,15.09,14.94,15.09,,3242.0
2018-06-25 10:30,,15.15,2030,15.25,14.99,15.01,,3397.0
2018-06-25 11:00,,15.14,2030,15.16,15.1,15.15,,987.0
2018-06-25 11:30,,15.16,2030,15.16,15.12,15.14,,533.0
2018-06-25 13:30,,15.08,2030,15.18,15.03,15.16,,2919.0
2018-06-25 14:00,,15.04,2030,15.08,14.98,15.08,,2507.0
2018-06-25 14:30,,15.13,2030,15.15,15.03,15.04,,4870.0
2018-06-25 15:00,,15.07,2030,15.17,15.03,15.13,,9296.0
2018-06-26 10:00,,15.01,2030,15.16,14.81,14.94,,8441.0
2018-06-26 10:30,,15.11,2030,15.13,15.0,15.01,,5443.0
2018-06-26 11:00,,15.12,2030,15.12,15.01,15.11,,3130.0
2018-06-26 11:30,,15.09,2030,15.15,15.07,15.12,,2191.0
2018-06-26 13:30,,15.04,2030,15.13,15.01,15.09,,2089.0
2018-06-26 14:00,,15.09,2030,15.1,14.98,15.04,,3019.0
2018-06-26 14:30,,15.03,2030,15.09,15.0,15.09,,1570.0
2018-06-26 15:00,,15.12,2030,15.14,15.01,15.03,,3496.0
2018-06-27 10:00,,15.2,2030,15.22,15.01,15.12,,2336.0
2018-06-27 10:30,,15.2,2030,15.26,15.16,15.2,,3201.0
2018-06-27 11:00,,15.21,2030,15.22,15.18,15.2,,1808.0
2018-06-27 11:30,,15.2,2030,15.21,15.16,15.21,,2653.0
2018-06-27 13:30,,15.15,2030,15.21,15.1,15.2,,1820.0
2018-06-27 14:00,,15.13,2030,15.18,15.11,15.15,,2151.0
2018-06-27 14:30,,15.14,2030,15.18,15.05,15.13,,2505.0
2018-06-27 15:00,,15.16,2030,15.2,15.13,15.14,,4302.0
2018-06-28 10:00,,15.15,2030,15.23,15.1,15.16,,2967.0
2018-06-28 10:30,,15.07,2030,15.17,15.06,15.15,,4430.0
2018-06-28 11:00,,14.96,2030,15.07,14.88,15.07,,6173.0
2018-06-28 11:30,,15.11,2030,15.15,14.95,14.96,,2719.0
2018-06-28 13:30,,15.03,2030,15.13,15.01,15.11,,1068.0
2018-06-28 14:00,,15.0,2030,15.1,14.99,15.03,,1175.0
2018-06-28 14:30,,15.0,2030,15.13,14.97,14.99,,4192.0
2018-06-28 15:00,,15.17,2030,15.18,14.98,15.0,,9689.0
2018-06-29 10:00,,15.1,2030,15.24,15.07,15.12,,2534.0
2018-06-29 10:30,,15.19,2030,15.19,15.09,15.1,,3266.0
2018-06-29 11:00,,15.28,2030,15.3,15.18,15.19,,6423.0
2018-06-29 11:30,,15.34,2030,15.36,15.25,15.28,,4467.0
2018-06-29 13:30,,15.34,2030,15.36,15.29,15.34,,2981.0
2018-06-29 14:00,,15.48,2030,15.55,15.32,15.34,,6509.0
2018-06-29 14:30,,15.45,2030,15.49,15.4,15.48,,3537.0
2018-06-29 15:00,,15.42,2030,15.47,15.37,15.45,,5598.0
2018-07-02 10:00,,15.46,2030,15.58,15.36,15.39,,3435.0
2018-07-02 10:30,,15.31,2030,15.55,15.3,15.46,,3879.0
2018-07-02 11:00,,15.41,2030,15.45,15.3,15.3,,1154.0
2018-07-02 11:30,,15.4,2030,15.45,15.4,15.41,,1171.0
2018-07-02 13:30,,15.44,2030,15.49,15.3,15.4,,4460.0
2018-07-02 14:00,,15.45,2030,15.53,15.41,15.44,,4828.0
2018-07-02 14:30,,15.41,2030,15.51,15.33,15.43,,5138.0
2018-07-02 15:00,,15.66,2030,15.68,15.28,15.41,,17778.0
2018-07-03 10:00,,15.46,2030,15.69,15.46,15.52,,5211.0
2018-07-03 10:30,,15.54,2030,15.58,15.46,15.46,,2825.0
2018-07-03 11:00,,15.45,2030,15.55,15.41,15.54,,2182.0
2018-07-03 11:30,,15.45,2030,15.55,15.32,15.45,,3209.0
2018-07-03 13:30,,15.64,2030,15.64,15.44,15.45,,2629.0
2018-07-03 14:00,,15.77,2030,15.78,15.62,15.64,,8683.0
2018-07-03 14:30,,15.84,2030,15.84,15.67,15.77,,9952.0
2018-07-03 15:00,,15.9,2030,15.93,15.75,15.84,,11692.0
2018-07-04 10:00,,15.74,2030,15.89,15.68,15.71,,4435.0
2018-07-04 10:30,,15.5,2030,15.77,15.47,15.74,,8405.0
2018-07-04 11:00,,15.55,2030,15.6,15.4,15.5,,3909.0
2018-07-04 11:30,,15.75,2030,15.77,15.51,15.55,,3470.0
2018-07-04 13:30,,15.81,2030,15.84,15.66,15.75,,2865.0
2018-07-04 14:00,,15.7,2030,15.83,15.65,15.81,,1805.0
2018-07-04 14:30,,15.63,2030,15.7,15.61,15.67,,2291.0
2018-07-04 15:00,,16.04,2030,16.05,15.62,15.63,,16398.0
2018-07-05 10:00,,15.88,2030,16.04,15.85,16.04,,3596.0
2018-07-05 10:30,,16.01,2030,16.04,15.83,15.88,,3025.0
2018-07-05 11:00,,16.07,2030,16.13,15.99,16.01,,4765.0
2018-07-05 11:30,,15.92,2030,16.07,15.91,16.07,,2137.0
2018-07-05 13:30,,15.91,2030,15.96,15.86,15.92,,1932.0
2018-07-05 14:00,,15.9,2030,15.93,15.86,15.91,,1062.0
2018-07-05 14:30,,15.93,2030,15.96,15.87,15.9,,2373.0
2018-07-05 15:00,,16.1,2030,16.12,15.89,15.93,,18433.0
2018-07-06 10:00,,16.08,2030,16.2,15.98,16.03,,5567.0
2018-07-06 10:30,,15.97,2030,16.09,15.97,16.07,,3118.0
2018-07-06 11:00,,15.83,2030,15.97,15.8,15.97,,4462.0
2018-07-06 11:30,,15.97,2030,15.98,15.71,15.83,,4159.0
2018-07-06 13:30,,16.08,2030,16.13,15.93,15.97,,3500.0
2018-07-06 14:00,,16.02,2030,16.13,16.0,16.1,,3024.0
2018-07-06 14:30,,15.87,2030,16.05,15.81,16.02,,3231.0
2018-07-06 15:00,,15.73,2030,15.93,15.73,15.87,,5028.0
2018-07-09 10:00,,15.89,2030,15.92,15.76,15.8,,4622.0
2018-07-09 10:30,,15.82,2030,15.9,15.81,15.89,,2610.0
2018-07-09 11:00,,15.76,2030,15.81,15.69,15.81,,3286.0
2018-07-09 11:30,,15.77,2030,15.8,15.73,15.76,,1311.0
2018-07-09 13:30,,15.71,2030,15.77,15.71,15.77,,1882.0
2018-07-09 14:00,,15.74,2030,15.74,15.7,15.71,,2428.0
2018-07-09 14:30,,15.82,2030,15.83,15.73,15.74,,2114.0
2018-07-09 15:00,,15.81,2030,15.88,15.8,15.82,,4136.0
2018-07-10 10:00,,15.84,2030,15.88,15.72,15.8,,2807.0
2018-07-10 10:30,,15.91,2030,15.97,15.81,15.84,,3475.0
2018-07-10 11:00,,15.88,2030,15.96,15.88,15.91,,1998.0
2018-07-10 11:30,,15.91,2030,15.92,15.86,15.88,,949.0
2018-07-10 13:30,,15.82,2030,15.95,15.82,15.91,,1927.0
2018-07-10 14:00,,15.82,2030,15.88,15.8,15.82,,1543.0
2018-07-10 14:30,,15.83,2030,15.83,15.75,15.82,,2162.0
2018-07-10 15:00,,15.83,2030,15.88,15.8,15.83,,2354.0
2018-07-11 10:00,,15.59,2030,15.81,15.41,15.81,,6555.0
2018-07-11 10:30,,15.62,2030,15.62,15.51,15.59,,2747.0
2018-07-11 11:00,,15.49,2030,15.62,15.49,15.62,,1595.0
2018-07-11 11:30,,15.37,2030,15.5,15.36,15.49,,3566.0
2018-07-11 13:30,,15.45,2030,15.46,15.36,15.37,,1910.0
2018-07-11 14:00,,15.31,2030,15.46,15.3,15.45,,2830.0
2018-07-11 14:30,,15.58,2030,15.62,15.31,15.31,,3297.0
2018-07-11 15:00,,15.83,2030,15.89,15.58,15.58,,9583.0
2018-07-12 10:00,,15.94,2030,15.94,15.71,15.71,,5787.0
2018-07-12 10:30,,15.96,2030,15.98,15.92,15.94,,4213.0
2018-07-12 11:00,,15.94,2030,15.96,15.9,15.96,,3077.0
2018-07-12 11:30,,15.94,2030,15.95,15.9,15.94,,2182.0
2018-07-12 13:30,,16.02,2030,16.08,15.94,15.94,,7684.0
2018-07-12 14:00,,15.96,2030,16.05,15.96,16.02,,3818.0
2018-07-12 14:30,,16.02,2030,16.05,15.94,15.96,,2419.0
2018-07-12 15:00,,15.95,2030,16.03,15.95,16.02,,4444.0
2018-07-13 10:00,,16.33,2030,16.34,15.9,15.95,,11909.0
2018-07-13 10:30,,16.42,2030,16.65,16.28,16.33,,25658.0
2018-07-13 11:00,,16.45,2030,16.49,16.4,16.42,,6402.0
2018-07-13 11:30,,16.48,2030,16.48,16.41,16.45,,3495.0
2018-07-13 13:30,,16.33,2030,16.48,16.31,16.48,,4280.0
2018-07-13 14:00,,16.34,2030,16.39,16.31,16.33,,2630.0
2018-07-13 14:30,,16.42,2030,16.47,16.33,16.34,,3570.0
2018-07-13 15:00,,16.35,2030,16.42,16.34,16.42,,7988.0
2018-07-16 10:00,,16.15,2030,16.42,16.08,16.26,,9170.0
2018-07-16 10:30,,16.17,2030,16.23,16.11,16.15,,3587.0
2018-07-16 11:00,,16.23,2030,16.25,16.14,16.17,,2888.0
2018-07-16 11:30,,16.35,2030,16.45,16.22,16.23,,4680.0
2018-07-16 13:30,,16.39,2030,16.39,16.31,16.35,,1349.0
2018-07-16 14:00,,16.43,2030,16.47,16.37,16.39,,3411.0
2018-07-16 14:30,,16.43,2030,16.46,16.38,16.43,,3619.0
2018-07-16 15:00,,16.46,2030,16.54,16.38,16.43,,9745.0
2018-07-17 10:00,,16.32,2030,16.45,16.29,16.45,,3926.0
2018-07-17 10:30,,16.2,2030,16.34,16.15,16.31,,5788.0
2018-07-17 11:00,,16.29,2030,16.3,16.19,16.19,,1778.0
2018-07-17 11:30,,16.31,2030,16.35,16.25,16.29,,1554.0
2018-07-17 13:30,,16.34,2030,16.34,16.25,16.31,,1329.0
2018-07-17 14:00,,16.35,2030,16.35,16.3,16.34,,1531.0
2018-07-17 14:30,,16.41,2030,16.41,16.26,16.35,,3023.0
2018-07-17 15:00,,16.41,2030,16.44,16.36,16.41,,4763.0
2018-07-18 10:00,,16.34,2030,16.54,16.33,16.35,,5644.0
2018-07-18 10:30,,16.34,2030,16.4,16.29,16.34,,3023.0
2018-07-18 11:00,,16.32,2030,16.36,16.3,16.34,,2196.0
2018-07-18 11:30,,16.35,2030,16.35,16.3,16.32,,1710.0
2018-07-18 13:30,,16.4,2030,16.44,16.33,16.35,,2146.0
2018-07-18 14:00,,16.29,2030,16.41,16.29,16.4,,2475.0
2018-07-18 14:30,,16.08,2030,16.32,16.08,16.29,,9323.0
2018-07-18 15:00,,16.03,2030,16.17,16.01,16.08,,9108.0
2018-07-19 10:00,,16.23,2030,16.35,16.08,16.09,,5056.0
2018-07-19 10:30,,16.25,2030,16.31,16.13,16.23,,3632.0
2018-07-19 11:00,,16.29,2030,16.29,16.19,16.25,,1304.0
2018-07-19 11:30,,16.17,2030,16.3,16.17,16.29,,2342.0
2018-07-19 13:30,,16.15,2030,16.21,16.13,16.17,,1036.0
2018-07-19 14:00,,16.25,2030,16.28,16.11,16.15,,2310.0
2018-07-19 14:30,,16.18,2030,16.25,16.14,16.25,,1600.0
2018-07-19 15:00,,16.11,2030,16.19,16.09,16.18,,3423.0
2018-07-20 10:00,,16.09,2030,16.22,16.01,16.1,,4683.0
2018-07-20 10:30,,16.19,2030,16.2,16.07,16.09,,1848.0
2018-07-20 11:00,,16.14,2030,16.22,16.14,16.19,,2096.0
2018-07-20 11:30,,16.15,2030,16.2,16.13,16.14,,809.0
2018-07-20 13:30,,16.21,2030,16.21,16.15,16.15,,1744.0
2018-07-20 14:00,,16.21,2030,16.24,16.19,16.22,,2311.0
2018-07-20 14:30,,16.19,2030,16.22,16.18,16.21,,2811.0
2018-07-20 15:00,,16.2,2030,16.21,16.17,16.19,,3762.0
2018-07-23 10:00,,15.44,2030,15.94,15.16,15.94,,21574.0
2018-07-23 10:30,,15.15,2030,15.44,15.1,15.44,,16222.0
2018-07-23 11:00,,15.03,2030,15.17,14.92,15.15,,16498.0
2018-07-23 11:30,,15.23,2030,15.23,14.94,15.03,,6250.0
2018-07-23 13:30,,15.1,2030,15.23,15.1,15.23,,3602.0
2018-07-23 14:00,,15.24,2030,15.24,15.08,15.1,,3895.0
2018-07-23 14:30,,15.29,2030,15.29,15.2,15.24,,5629.0
2018-07-23 15:00,,16.16,2030,16.23,15.28,15.29,,25450.0
2018-07-24 10:00,,16.02,2030,16.03,15.62,15.9,,11491.0
2018-07-24 10:30,,16.15,2030,16.15,15.93,16.02,,6829.0
2018-07-24 11:00,,16.15,2030,16.19,15.97,16.16,,7865.0
2018-07-24 11:30,,16.11,2030,16.17,16.05,16.14,,3877.0
2018-07-24 13:30,,16.01,2030,16.13,15.99,16.11,,2643.0
2018-07-24 14:00,,15.98,2030,16.09,15.98,16.01,,2894.0
2018-07-24 14:30,,15.99,2030,16.0,15.89,15.97,,4740.0
2018-07-24 15:00,,16.09,2030,16.16,15.96,15.99,,10893.0
2018-07-25 10:00,,16.07,2030,16.14,15.81,16.0,,6342.0
2018-07-25 10:30,,16.06,2030,16.12,16.01,16.07,,2816.0
2018-07-25 11:00,,15.95,2030,16.06,15.94,16.06,,1525.0
2018-07-25 11:30,,15.99,2030,16.02,15.93,15.95,,1645.0
2018-07-25 13:30,,16.0,2030,16.03,15.96,15.99,,1864.0
2018-07-25 14:00,,16.08,2030,16.09,15.96,16.0,,3138.0
2018-07-25 14:30,,16.08,2030,16.16,16.05,16.08,,4331.0
2018-07-25 15:00,,16.08,2030,16.12,16.06,16.08,,5130.0
2018-07-26 10:00,,15.96,2030,16.1,15.96,16.05,,3035.0
2018-07-26 10:30,,15.99,2030,16.02,15.96,15.96,,2439.0
2018-07-26 11:00,,15.98,2030,16.01,15.98,15.99,,2610.0
2018-07-26 11:30,,15.94,2030,16.0,15.93,15.98,,2491.0
2018-07-26 13:30,,16.0,2030,16.04,15.85,15.94,,6370.0
2018-07-26 14:00,,16.0,2030,16.02,15.99,16.0,,1552.0
2018-07-26 14:30,,16.02,2030,16.04,15.9,16.0,,2869.0
2018-07-26 15:00,,16.08,2030,16.09,15.97,16.02,,7824.0
2018-07-27 10:00,,16.03,2030,16.15,16.02,16.11,,3531.0
2018-07-27 10:30,,15.99,2030,16.04,15.94,16.03,,2655.0
2018-07-27 11:00,,15.93,2030,16.0,15.93,15.99,,2626.0
2018-07-27 11:30,,15.98,2030,16.01,15.93,15.93,,2559.0
2018-07-27 13:30,,15.99,2030,16.08,15.96,15.98,,3970.0
2018-07-27 14:00,,15.99,2030,16.0,15.97,15.99,,1627.0
2018-07-27 14:30,,16.02,2030,16.07,15.96,15.99,,2147.0
2018-07-27 15:00,,16.06,2030,16.08,15.98,16.02,,9238.0
2018-07-30 10:00,,15.95,2030,16.06,15.89,16.0,,4559.0
2018-07-30 10:30,,15.85,2030,15.95,15.82,15.95,,5495.0
2018-07-30 11:00,,15.78,2030,15.89,15.77,15.85,,4109.0
2018-07-30 11:30,,15.84,2030,15.89,15.78,15.78,,1454.0
2018-07-30 13:30,,15.9,2030,15.9,15.72,15.84,,2272.0
2018-07-30 14:00,,15.82,2030,15.91,15.82,15.89,,920.0
2018-07-30 14:30,,15.96,2030,15.99,15.78,15.82,,2943.0
2018-07-30 15:00,,16.11,2030,16.15,15.96,15.96,,8027.0
2018-07-31 10:00,,16.1,2030,16.11,15.99,16.07,,3440.0
2018-07-31 10:30,,16.05,2030,16.11,16.05,16.1,,1102.0
2018-07-31 11:00,,16.15,2030,16.15,16.05,16.05,,2151.0
2018-07-31 11:30,,16.09,2030,16.15,16.07,16.15,,725.0
2018-07-31 13:30,,16.09,2030,16.11,16.08,16.09,,747.0
2018-07-31 14:00,,16.1,2030,16.11,16.07,16.09,,1549.0
2018-07-31 14:30,,16.24,2030,16.25,16.08,16.1,,7090.0
2018-07-31 15:00,,16.21,2030,16.32,16.2,16.24,,10365.0
2018-08-01 10:00,,16.25,2030,16.3,16.13,16.23,,3545.0
2018-08-01 10:30,,16.15,2030,16.25,16.15,16.25,,1807.0
2018-08-01 11:00,,16.18,2030,16.21,16.15,16.15,,831.0
2018-08-01 11:30,,16.19,2030,16.21,16.14,16.18,,869.0
2018-08-01 13:30,,16.12,2030,16.19,16.11,16.19,,1462.0
2018-08-01 14:00,,16.11,2030,16.13,16.08,16.12,,2108.0
2018-08-01 14:30,,16.05,2030,16.15,16.04,16.11,,1791.0
2018-08-01 15:00,,16.25,2030,16.25,16.05,16.05,,11792.0
2018-08-02 10:00,,16.04,2030,16.2,16.01,16.2,,4723.0
2018-08-02 10:30,,16.03,2030,16.1,16.02,16.04,,2784.0
2018-08-02 11:00,,15.96,2030,16.04,15.81,16.03,,5583.0
2018-08-02 11:30,,15.86,2030,15.96,15.81,15.96,,1609.0
2018-08-02 13:30,,15.86,2030,15.9,15.81,15.86,,3221.0
2018-08-02 14:00,,16.03,2030,16.07,15.86,15.86,,3929.0
2018-08-02 14:30,,16.07,2030,16.07,15.95,16.03,,2952.0
2018-08-02 15:00,,16.46,2030,16.47,16.05,16.07,,19138.0
2018-08-03 10:00,,16.48,2030,16.75,16.33,16.35,,13518.0
2018-08-03 10:30,,16.45,2030,16.52,16.37,16.47,,3491.0
2018-08-03 11:00,,16.45,2030,16.51,16.3,16.45,,4325.0
2018-08-03 11:30,,16.5,2030,16.52,16.45,16.45,,2191.0
2018-08-03 13:30,,16.45,2030,16.53,16.44,16.5,,1791.0
2018-08-03 14:00,,16.45,2030,16.48,16.39,16.45,,1071.0
2018-08-03 14:30,,16.4,2030,16.47,16.39,16.45,,2314.0
2018-08-03 15:00,,16.54,2030,16.6,16.4,16.4,,16419.0
2018-08-06 10:00,,16.55,2030,16.7,16.46,16.69,,7154.0
2018-08-06 10:30,,16.54,2030,16.63,16.54,16.55,,2438.0
2018-08-06 11:00,,16.39,2030,16.55,16.37,16.54,,4469.0
2018-08-06 11:30,,16.4,2030,16.45,16.37,16.39,,2276.0
2018-08-06 13:30,,16.4,2030,16.4,16.21,16.4,,3456.0
2018-08-06 14:00,,16.43,2030,16.49,16.37,16.4,,1898.0
2018-08-06 14:30,,16.36,2030,16.43,16.3,16.43,,2392.0
2018-08-06 15:00,,16.6,2030,16.63,16.28,16.36,,19095.0
2018-08-07 10:00,,16.45,2030,16.6,16.41,16.58,,5125.0
2018-08-07 10:30,,16.43,2030,16.47,16.35,16.45,,4492.0
2018-08-07 11:00,,16.52,2030,16.55,16.36,16.43,,1715.0
2018-08-07 11:30,,16.48,2030,16.54,16.45,16.52,,2054.0
2018-08-07 13:30,,16.45,2030,16.5,16.44,16.48,,1837.0
2018-08-07 14:00,,16.51,2030,16.54,16.45,16.45,,2040.0
2018-08-07 14:30,,16.73,2030,16.79,16.51,16.51,,14430.0
2018-08-07 15:00,,16.81,2030,16.84,16.7,16.73,,20285.0
2018-08-08 10:00,,16.65,2030,16.79,16.65,16.79,,5267.0
2018-08-08 10:30,,16.71,2030,16.75,16.65,16.65,,1494.0
2018-08-08 11:00,,16.78,2030,16.84,16.68,16.71,,3657.0
2018-08-08 11:30,,16.73,2030,16.78,16.7,16.78,,1787.0
2018-08-08 13:30,,16.69,2030,16.73,16.68,16.73,,1537.0
2018-08-08 14:00,,16.7,2030,16.72,16.66,16.69,,1464.0
2018-08-08 14:30,,16.77,2030,16.8,16.67,16.7,,2955.0
2018-08-08 15:00,,16.85,2030,16.85,16.75,16.77,,17102.0
2018-08-09 10:00,,16.81,2030,16.84,16.71,16.8,,3849.0
2018-08-09 10:30,,16.85,2030,16.88,16.8,16.81,,3196.0
2018-08-09 11:00,,16.9,2030,16.96,16.83,16.85,,5331.0
2018-08-09 11:30,,16.78,2030,16.92,16.78,16.9,,4482.0
2018-08-09 13:30,,16.86,2030,16.91,16.78,16.78,,4177.0
2018-08-09 14:00,,16.84,2030,16.9,16.82,16.86,,3015.0
2018-08-09 14:30,,16.84,2030,16.88,16.82,16.84,,4004.0
2018-08-09 15:00,,16.57,2030,16.85,16.5,16.84,,12419.0
2018-08-10 10:00,,16.47,2030,16.56,16.38,16.45,,8173.0
2018-08-10 10:30,,16.59,2030,16.59,16.35,16.47,,9941.0
2018-08-10 11:00,,16.52,2030,16.59,16.52,16.59,,1794.0
2018-08-10 11:30,,16.47,2030,16.52,16.42,16.52,,1667.0
2018-08-10 13:30,,16.52,2030,16.57,16.45,16.47,,1467.0
2018-08-10 14:00,,16.55,2030,16.56,16.49,16.52,,1291.0
2018-08-10 14:30,,16.38,2030,16.55,16.36,16.55,,4884.0
2018-08-10 15:00,,16.3,2030,16.46,16.3,16.38,,13531.0
2018-08-13 10:00,,16.28,2030,16.38,16.17,16.2,,8031.0
2018-08-13 10:30,,16.31,2030,16.35,16.24,16.28,,2054.0
2018-08-13 11:00,,16.23,2030,16.31,16.23,16.31,,1097.0
2018-08-13 11:30,,16.21,2030,16.26,16.21,16.23,,1626.0
2018-08-13 13:30,,16.22,2030,16.26,16.19,16.21,,2123.0
2018-08-13 14:00,,16.33,2030,16.33,16.22,16.22,,1116.0
2018-08-13 14:30,,16.41,2030,16.42,16.33,16.33,,4110.0
2018-08-13 15:00,,16.29,2030,16.42,16.24,16.41,,4871.0
2018-08-14 10:00,,16.38,2030,16.48,16.24,16.24,,3489.0
2018-08-14 10:30,,16.37,2030,16.45,16.36,16.38,,1416.0
2018-08-14 11:00,,16.24,2030,16.4,16.23,16.37,,2647.0
2018-08-14 11:30,,16.26,2030,16.29,16.23,16.24,,1030.0
2018-08-14 13:30,,16.26,2030,16.29,16.24,16.26,,1024.0
2018-08-14 14:00,,16.29,2030,16.36,16.24,16.26,,1373.0
2018-08-14 14:30,,16.29,2030,16.3,16.26,16.29,,599.0
2018-08-14 15:00,,16.28,2030,16.33,16.26,16.29,,2612.0
2018-08-15 10:00,,16.21,2030,16.4,16.21,16.4,,3724.0
2018-08-15 10:30,,16.21,2030,16.27,16.2,16.21,,1495.0
2018-08-15 11:00,,16.22,2030,16.25,16.2,16.21,,1182.0
2018-08-15 11:30,,16.16,2030,16.29,16.15,16.22,,2508.0
2018-08-15 13:30,,16.05,2030,16.16,16.02,16.16,,3090.0
2018-08-15 14:00,,16.02,2030,16.07,16.01,16.06,,1891.0
2018-08-15 14:30,,16.1,2030,16.1,15.9,16.02,,5399.0
2018-08-15 15:00,,16.48,2030,16.48,16.06,16.1,,26042.0
2018-08-16 10:00,,16.38,2030,16.44,16.2,16.33,,4542.0
2018-08-16 10:30,,16.3,2030,16.42,16.3,16.38,,1813.0
2018-08-16 11:00,,16.29,2030,16.36,16.29,16.3,,1294.0
2018-08-16 11:30,,16.31,2030,16.31,16.27,16.29,,753.0
2018-08-16 13:30,,16.43,2030,16.47,16.28,16.31,,2367.0
2018-08-16 14:00,,16.4,2030,16.45,16.37,16.43,,1074.0
2018-08-16 14:30,,16.47,2030,16.48,16.35,16.4,,1549.0
2018-08-16 15:00,,16.81,2030,16.84,16.41,16.47,,42530.0
2018-08-17 10:00,,16.7,2030,16.8,16.65,16.75,,5972.0
2018-08-17 10:30,,16.68,2030,16.75,16.68,16.7,,1681.0
2018-08-17 11:00,,16.7,2030,16.7,16.67,16.68,,1185.0
2018-08-17 11:30,,16.65,2030,16.7,16.65,16.7,,804.0
2018-08-17 13:30,,16.79,2030,16.83,16.63,16.65,,3871.0
2018-08-17 14:00,,16.8,2030,16.82,16.73,16.79,,1885.0
2018-08-17 14:30,,16.77,2030,16.8,16.74,16.8,,1763.0
2018-08-17 15:00,,17.1,2030,17.1,16.75,16.77,,55786.0
2018-08-20 10:00,,16.96,2030,17.11,16.93,17.1,,7963.0
2018-08-20 10:30,,17.04,2030,17.1,16.96,16.96,,2697.0
2018-08-20 11:00,,17.0,2030,17.04,16.97,17.04,,1417.0
2018-08-20 11:30,,17.05,2030,17.05,16.95,16.99,,2407.0
2018-08-20 13:30,,17.0,2030,17.07,17.0,17.05,,1866.0
2018-08-20 14:00,,16.99,2030,17.02,16.91,17.0,,3449.0
2018-08-20 14:30,,17.16,2030,17.19,16.96,16.99,,6284.0
2018-08-20 15:00,,17.2,2030,17.24,17.13,17.16,,16285.0
2018-08-21 10:00,,17.08,2030,17.18,17.05,17.15,,4258.0
2018-08-21 10:30,,17.08,2030,17.11,17.05,17.08,,3019.0
2018-08-21 11:00,,17.17,2030,17.18,17.08,17.08,,2430.0
2018-08-21 11:30,,17.16,2030,17.23,17.15,17.17,,1876.0
2018-08-21 13:30,,17.15,2030,17.17,17.1,17.16,,2129.0
2018-08-21 14:00,,17.11,2030,17.16,17.09,17.15,,2717.0
2018-08-21 14:30,,17.04,2030,17.11,17.01,17.11,,5033.0
2018-08-21 15:00,,17.15,2030,17.17,16.96,17.04,,12530.0
2018-08-22 10:00,,16.87,2030,17.08,16.85,17.08,,6906.0
2018-08-22 10:30,,16.89,2030,16.98,16.85,16.87,,3060.0
2018-08-22 11:00,,16.88,2030,16.9,16.81,16.89,,2453.0
2018-08-22 11:30,,16.88,2030,16.97,16.84,16.88,,1171.0
2018-08-22 13:30,,16.98,2030,16.98,16.87,16.88,,2006.0
2018-08-22 14:00,,16.93,2030,16.99,16.89,16.98,,919.0
2018-08-22 14:30,,17.12,2030,17.18,16.94,16.94,,4743.0
2018-08-22 15:00,,17.19,2030,17.3,17.11,17.12,,20126.0
2018-08-23 10:00,,17.22,2030,17.25,17.02,17.02,,5632.0
2018-08-23 10:30,,17.27,2030,17.36,17.23,17.23,,6179.0
2018-08-23 11:00,,17.21,2030,17.27,17.15,17.27,,1654.0
2018-08-23 11:30,,17.13,2030,17.21,17.1,17.21,,1381.0
2018-08-23 13:30,,17.3,2030,17.33,17.13,17.13,,2224.0
2018-08-23 14:00,,17.34,2030,17.37,17.3,17.3,,6653.0
2018-08-23 14:30,,17.35,2030,17.35,17.32,17.34,,4313.0
2018-08-23 15:00,,17.17,2030,17.35,17.11,17.35,,8998.0
2018-08-24 10:00,,17.13,2030,17.24,17.1,17.11,,2990.0
2018-08-24 10:30,,17.17,2030,17.19,17.12,17.13,,1721.0
2018-08-24 11:00,,17.16,2030,17.19,17.09,17.17,,2628.0
2018-08-24 11:30,,17.12,2030,17.19,17.11,17.16,,1176.0
2018-08-24 13:30,,17.3,2030,17.32,17.12,17.12,,2598.0
2018-08-24 14:00,,17.26,2030,17.32,17.24,17.3,,2064.0
2018-08-24 14:30,,17.24,2030,17.29,17.2,17.26,,1981.0
2018-08-24 15:00,,17.27,2030,17.3,17.2,17.24,,12732.0
2018-08-27 10:00,,17.33,2030,17.45,17.12,17.17,,5465.0
2018-08-27 10:30,,17.3,2030,17.38,17.25,17.33,,1968.0
2018-08-27 11:00,,17.39,2030,17.39,17.3,17.3,,2065.0
2018-08-27 11:30,,17.38,2030,17.4,17.36,17.39,,1569.0
2018-08-27 13:30,,17.43,2030,17.45,17.37,17.38,,3500.0
2018-08-27 14:00,,17.41,2030,17.45,17.4,17.43,,2902.0
2018-08-27 14:30,,17.41,2030,17.42,17.39,17.41,,2002.0
2018-08-27 15:00,,17.35,2030,17.45,17.35,17.41,,5453.0
2018-08-28 10:00,,17.31,2030,17.47,17.3,17.35,,4459.0
2018-08-28 10:30,,17.38,2030,17.42,17.3,17.31,,2857.0
2018-08-28 11:00,,17.35,2030,17.4,17.34,17.38,,1425.0
2018-08-28 11:30,,17.37,2030,17.38,17.31,17.35,,1035.0
2018-08-28 13:30,,17.36,2030,17.38,17.26,17.37,,2202.0
2018-08-28 14:00,,17.55,2030,17.62,17.3,17.36,,9746.0
2018-08-28 14:30,,17.69,2030,17.76,17.49,17.55,,20388.0
2018-08-28 15:00,,17.63,2030,17.7,17.58,17.69,,10020.0
2018-08-29 10:00,,17.55,2030,17.68,17.5,17.5,,5199.0
2018-08-29 10:30,,17.7,2030,17.76,17.54,17.55,,4757.0
2018-08-29 11:00,,17.75,2030,17.76,17.65,17.7,,3934.0
2018-08-29 11:30,,17.6,2030,17.75,17.6,17.75,,2539.0
2018-08-29 13:30,,17.64,2030,17.65,17.58,17.6,,1610.0
2018-08-29 14:00,,17.68,2030,17.71,17.64,17.64,,2878.0
2018-08-29 14:30,,17.94,2030,17.95,17.67,17.68,,9308.0
2018-08-29 15:00,,18.22,2030,18.7,17.92,17.95,,54885.0
2018-08-30 10:00,,18.05,2030,18.29,18.01,18.22,,11905.0
2018-08-30 10:30,,18.03,2030,18.09,18.02,18.05,,4327.0
2018-08-30 11:00,,18.04,2030,18.07,18.01,18.03,,3189.0
2018-08-30 11:30,,17.91,2030,18.04,17.89,18.03,,7701.0
2018-08-30 13:30,,17.96,2030,17.96,17.84,17.91,,3721.0
2018-08-30 14:00,,17.99,2030,18.01,17.94,17.96,,3417.0
2018-08-30 14:30,,18.0,2030,18.08,17.94,17.99,,9694.0
2018-08-30 15:00,,18.22,2030,18.28,18.0,18.0,,23802.0
2018-08-31 10:00,,17.98,2030,18.18,17.94,18.18,,7017.0
2018-08-31 10:30,,17.92,2030,17.99,17.87,17.98,,6405.0
2018-08-31 11:00,,17.94,2030,17.98,17.9,17.92,,3851.0
2018-08-31 11:30,,17.99,2030,18.08,17.93,17.94,,7236.0
2018-08-31 13:30,,18.04,2030,18.04,17.99,17.99,,2711.0
2018-08-31 14:00,,17.89,2030,18.04,17.88,18.04,,3824.0
2018-08-31 14:30,,17.98,2030,18.02,17.87,17.89,,4965.0
2018-08-31 15:00,,18.08,2030,18.17,17.96,17.98,,35648.0
2018-09-03 10:00,,17.6,2030,17.99,17.55,17.99,,12225.0
2018-09-03 10:30,,17.26,2030,17.63,17.25,17.6,,15298.0
2018-09-03 11:00,,17.05,2030,17.35,17.03,17.26,,12463.0
2018-09-03 11:30,,17.32,2030,17.34,16.81,17.05,,16338.0
2018-09-03 13:30,,17.16,2030,17.32,17.14,17.32,,4154.0
2018-09-03 14:00,,17.49,2030,17.58,17.14,17.16,,7525.0
2018-09-03 14:30,,17.56,2030,17.6,17.45,17.49,,4696.0
2018-09-03 15:00,,17.99,2030,17.99,17.45,17.56,,17236.0
2018-09-04 10:00,,17.77,2030,17.85,17.66,17.7,,7066.0
2018-09-04 10:30,,17.47,2030,17.77,17.38,17.77,,7049.0
2018-09-04 11:00,,17.57,2030,17.59,17.45,17.47,,2768.0
2018-09-04 11:30,,17.62,2030,17.66,17.49,17.57,,2149.0
2018-09-04 13:30,,17.68,2030,17.68,17.58,17.62,,1912.0
2018-09-04 14:00,,17.76,2030,17.76,17.66,17.68,,3214.0
2018-09-04 14:30,,17.82,2030,17.9,17.75,17.75,,6814.0
2018-09-04 15:00,,17.73,2030,17.84,17.71,17.82,,7686.0
2018-09-05 10:00,,17.6,2030,17.71,17.53,17.6,,3318.0
2018-09-05 10:30,,17.62,2030,17.64,17.55,17.6,,2621.0
2018-09-05 11:00,,17.51,2030,17.63,17.51,17.62,,2873.0
2018-09-05 11:30,,17.44,2030,17.55,17.43,17.51,,2972.0
2018-09-05 13:30,,17.48,2030,17.55,17.44,17.44,,1755.0
2018-09-05 14:00,,17.48,2030,17.57,17.47,17.48,,1630.0
2018-09-05 14:30,,17.41,2030,17.5,17.41,17.48,,3550.0
2018-09-05 15:00,,17.7,2030,17.73,17.41,17.41,,26499.0
2018-09-06 10:00,,17.59,2030,17.64,17.45,17.63,,3310.0
2018-09-06 10:30,,17.6,2030,17.63,17.52,17.59,,2566.0
2018-09-06 11:00,,17.5,2030,17.6,17.5,17.6,,1597.0
2018-09-06 11:30,,17.54,2030,17.56,17.47,17.5,,1219.0
2018-09-06 13:30,,17.49,2030,17.54,17.44,17.54,,2204.0
2018-09-06 14:00,,17.52,2030,17.55,17.45,17.49,,1121.0
2018-09-06 14:30,,17.54,2030,17.55,17.44,17.52,,3272.0
2018-09-06 15:00,,17.7,2030,17.72,17.53,17.55,,22631.0
2018-09-07 10:00,,17.67,2030,17.74,17.62,17.62,,4568.0
2018-09-07 10:30,,17.72,2030,17.88,17.66,17.67,,4880.0
2018-09-07 11:00,,17.62,2030,17.79,17.62,17.72,,3346.0
2018-09-07 11:30,,17.4,2030,17.66,17.38,17.62,,4188.0
2018-09-07 13:30,,17.48,2030,17.5,17.35,17.4,,4266.0
2018-09-07 14:00,,17.41,2030,17.48,17.36,17.48,,4161.0
2018-09-07 14:30,,17.43,2030,17.51,17.37,17.41,,3762.0
2018-09-07 15:00,,17.7,2030,17.73,17.43,17.43,,17213.0
2018-09-10 10:00,,17.56,2030,17.65,17.47,17.65,,3658.0
2018-09-10 10:30,,17.48,2030,17.58,17.48,17.56,,1919.0
2018-09-10 11:00,,17.51,2030,17.54,17.46,17.48,,1397.0
2018-09-10 11:30,,17.5,2030,17.54,17.48,17.51,,835.0
2018-09-10 13:30,,17.6,2030,17.61,17.48,17.5,,847.0
2018-09-10 14:00,,17.6,2030,17.67,17.58,17.6,,1628.0
2018-09-10 14:30,,17.63,2030,17.66,17.52,17.6,,1685.0
2018-09-10 15:00,,17.79,2030,17.88,17.59,17.63,,24857.0
2018-09-11 10:00,,17.9,2030,17.96,17.74,17.82,,7920.0
2018-09-11 10:30,,17.83,2030,17.91,17.8,17.9,,4379.0
2018-09-11 11:00,,17.81,2030,17.87,17.76,17.83,,3095.0
2018-09-11 11:30,,17.92,2030,17.95,17.79,17.81,,3656.0
2018-09-11 13:30,,17.87,2030,17.92,17.82,17.92,,1782.0
2018-09-11 14:00,,17.88,2030,17.89,17.86,17.87,,1619.0
2018-09-11 14:30,,17.83,2030,17.95,17.77,17.88,,7350.0
2018-09-11 15:00,,17.91,2030,17.94,17.77,17.83,,13751.0
2018-09-12 10:00,,17.84,2030,18.05,17.81,17.95,,9417.0
2018-09-12 10:30,,17.89,2030,17.93,17.8,17.83,,3187.0
2018-09-12 11:00,,17.89,2030,17.92,17.85,17.89,,934.0
2018-09-12 11:30,,17.83,2030,17.89,17.82,17.89,,1653.0
2018-09-12 13:30,,17.93,2030,17.94,17.83,17.83,,1137.0
2018-09-12 14:00,,17.93,2030,17.99,17.87,17.93,,3201.0
2018-09-12 14:30,,17.98,2030,18.02,17.89,17.93,,4162.0
2018-09-12 15:00,,17.95,2030,18.0,17.84,17.98,,9639.0
2018-09-13 10:00,,17.86,2030,18.05,17.79,17.89,,6317.0
2018-09-13 10:30,,17.82,2030,17.87,17.8,17.84,,1594.0
2018-09-13 11:00,,17.76,2030,17.84,17.67,17.82,,5199.0
2018-09-13 11:30,,17.68,2030,17.76,17.68,17.76,,1972.0
2018-09-13 13:30,,17.62,2030,17.72,17.57,17.68,,5031.0
2018-09-13 14:00,,17.7,2030,17.72,17.59,17.62,,3633.0
2018-09-13 14:30,,17.78,2030,17.78,17.68,17.7,,3044.0
2018-09-13 15:00,,17.95,2030,17.96,17.77,17.78,,27197.0
2018-09-14 10:00,,17.75,2030,17.88,17.7,17.86,,5781.0
2018-09-14 10:30,,17.75,2030,17.86,17.73,17.75,,2094.0
2018-09-14 11:00,,17.81,2030,17.88,17.72,17.75,,1733.0
2018-09-14 11:30,,17.77,2030,17.81,17.72,17.81,,1576.0
2018-09-14 13:30,,17.76,2030,17.78,17.75,17.77,,877.0
2018-09-14 14:00,,17.8,2030,17.87,17.76,17.76,,2174.0
2018-09-14 14:30,,17.84,2030,17.9,17.78,17.8,,2844.0
2018-09-14 15:00,,17.9,2030,17.93,17.8,17.84,,22436.0
2018-09-17 10:00,,17.53,2030,17.83,17.48,17.83,,6782.0
2018-09-17 10:30,,17.49,2030,17.55,17.42,17.53,,6061.0
2018-09-17 11:00,,17.47,2030,17.6,17.43,17.49,,2452.0
2018-09-17 11:30,,17.5,2030,17.55,17.45,17.47,,1285.0
2018-09-17 13:30,,17.54,2030,17.56,17.47,17.5,,2260.0
2018-09-17 14:00,,17.57,2030,17.6,17.51,17.54,,1304.0
2018-09-17 14:30,,17.53,2030,17.6,17.51,17.57,,1453.0
2018-09-17 15:00,,17.89,2030,17.89,17.49,17.53,,30145.0
2018-09-18 10:00,,17.74,2030,17.84,17.71,17.75,,5146.0
2018-09-18 10:30,,17.77,2030,17.79,17.74,17.74,,1263.0
2018-09-18 11:00,,17.8,2030,17.8,17.74,17.77,,1637.0
2018-09-18 11:30,,17.76,2030,17.8,17.73,17.8,,888.0
2018-09-18 13:30,,17.78,2030,17.78,17.73,17.76,,1552.0
2018-09-18 14:00,,17.82,2030,17.83,17.77,17.78,,2670.0
2018-09-18 14:30,,17.9,2030,17.9,17.8,17.82,,5199.0
2018-09-18 15:00,,17.89,2030,17.91,17.84,17.9,,9740.0
2018-09-19 10:00,,17.8,2030,17.88,17.77,17.88,,4384.0
2018-09-19 10:30,,17.87,2030,17.87,17.78,17.79,,1809.0
2018-09-19 11:00,,17.89,2030,17.9,17.84,17.87,,2368.0
2018-09-19 11:30,,17.88,2030,17.89,17.82,17.89,,1625.0
2018-09-19 13:30,,17.93,2030,17.95,17.87,17.88,,3266.0
2018-09-19 14:00,,17.91,2030,17.95,17.89,17.93,,2701.0
2018-09-19 14:30,,17.84,2030,17.91,17.83,17.91,,3738.0
2018-09-19 15:00,,17.77,2030,17.88,17.77,17.84,,7274.0
2018-09-20 10:00,,17.57,2030,17.74,17.55,17.74,,8750.0
2018-09-20 10:30,,17.58,2030,17.6,17.52,17.57,,5041.0
2018-09-20 11:00,,17.6,2030,17.65,17.57,17.58,,2044.0
2018-09-20 11:30,,17.52,2030,17.6,17.52,17.6,,3628.0
2018-09-20 13:30,,17.55,2030,17.56,17.52,17.52,,1414.0
2018-09-20 14:00,,17.62,2030,17.69,17.56,17.56,,3915.0
2018-09-20 14:30,,17.6,2030,17.65,17.6,17.62,,2158.0
2018-09-20 15:00,,17.84,2030,17.85,17.59,17.6,,22113.0
2018-09-21 10:00,,17.71,2030,17.84,17.67,17.69,,3321.0
2018-09-21 10:30,,17.71,2030,17.74,17.68,17.71,,774.0
2018-09-21 11:00,,17.8,2030,17.8,17.7,17.71,,813.0
2018-09-21 11:30,,17.84,2030,17.85,17.75,17.8,,966.0
2018-09-21 13:30,,17.8,2030,17.84,17.77,17.84,,1058.0
2018-09-21 14:00,,17.84,2030,17.84,17.79,17.8,,2033.0
2018-09-21 14:30,,17.83,2030,17.88,17.81,17.84,,3195.0
2018-09-21 15:00,,18.02,2030,18.05,17.8,17.83,,21934.0
2018-09-25 10:00,,18.05,2030,18.1,17.88,17.96,,6862.0
2018-09-25 10:30,,17.99,2030,18.07,17.98,18.05,,2604.0
2018-09-25 11:00,,17.9,2030,18.01,17.9,18.0,,2615.0
2018-09-25 11:30,,17.93,2030,17.96,17.88,17.9,,1550.0
2018-09-25 13:30,,17.92,2030,17.95,17.91,17.93,,1300.0
2018-09-25 14:00,,17.99,2030,17.99,17.92,17.92,,2465.0
2018-09-25 14:30,,18.01,2030,18.05,17.98,17.99,,2952.0
2018-09-25 15:00,,18.22,2030,18.22,17.95,18.01,,24466.0
2018-09-26 10:00,,18.2,2030,18.32,18.15,18.24,,5096.0
2018-09-26 10:30,,18.24,2030,18.25,18.17,18.2,,2493.0
2018-09-26 11:00,,18.26,2030,18.27,18.21,18.24,,2002.0
2018-09-26 11:30,,18.2,2030,18.27,18.17,18.26,,2484.0
2018-09-26 13:30,,18.21,2030,18.25,18.2,18.2,,2722.0
2018-09-26 14:00,,18.21,2030,18.24,18.21,18.21,,2381.0
2018-09-26 14:30,,18.24,2030,18.27,18.21,18.21,,5868.0
2018-09-26 15:00,,18.3,2030,18.34,18.24,18.24,,17008.0
2018-09-27 10:00,,18.19,2030,18.3,18.19,18.3,,3933.0
2018-09-27 10:30,,18.25,2030,18.26,18.17,18.19,,2935.0
2018-09-27 11:00,,18.23,2030,18.28,18.21,18.25,,1784.0
2018-09-27 11:30,,18.2,2030,18.24,18.18,18.23,,2106.0
2018-09-27 13:30,,18.19,2030,18.24,18.18,18.2,,2282.0
2018-09-27 14:00,,18.19,2030,18.22,18.19,18.19,,1159.0
2018-09-27 14:30,,18.21,2030,18.24,18.19,18.19,,2519.0
2018-09-27 15:00,,18.3,2030,18.31,18.19,18.21,,19115.0
2018-09-28 10:00,,18.27,2030,18.33,18.22,18.28,,2204.0
2018-09-28 10:30,,18.3,2030,18.3,18.27,18.27,,987.0
2018-09-28 11:00,,18.29,2030,18.33,18.25,18.3,,2037.0
2018-09-28 11:30,,18.25,2030,18.29,18.25,18.29,,1252.0
2018-09-28 13:30,,18.29,2030,18.3,18.25,18.25,,1655.0
2018-09-28 14:00,,18.32,2030,18.32,18.27,18.29,,2530.0
2018-09-28 14:30,,18.3,2030,18.34,18.29,18.32,,2729.0
2018-09-28 14:30,{},18.3,2030,18.34,18.29,18.32,3.4223,2729.0
2018-09-28 15:00,{},18.29,2030,18.34,18.28,18.3,15.3032,12203.0
2018-09-28 15:00,,18.29,2030,18.34,18.28,18.3,,12203.0
2018-10-08 10:00,,18.08,2030,18.25,17.81,18.25,,5955.0
2018-10-08 10:00,{},18.08,2030,18.25,17.81,18.25,7.4679,5955.0
2018-10-08 10:30,{},18.08,2030,18.11,18.02,18.08,2.7878,2223.0
2018-10-08 10:30,,18.08,2030,18.11,18.02,18.08,,2223.0
2018-10-08 11:00,{},17.96,2030,18.09,17.87,18.09,6.106,4869.0
2018-10-08 11:00,,17.96,2030,18.09,17.87,18.09,,4869.0
2018-10-08 11:30,{},18.04,2030,18.04,17.91,17.96,1.4472,1154.0
2018-10-08 11:30,,18.04,2030,18.04,17.91,17.96,,1154.0
2018-10-08 13:30,{},18.08,2030,18.11,18.01,18.04,2.4103,1922.0
2018-10-08 13:30,,18.08,2030,18.11,18.01,18.04,,1922.0
2018-10-08 14:00,,18.13,2030,18.17,18.05,18.08,,2521.0
2018-10-08 14:00,{},18.13,2030,18.17,18.05,18.08,3.1615,2521.0
2018-10-08 14:30,,18.09,2030,18.15,18.05,18.13,,1284.0
2018-10-08 14:30,{},18.09,2030,18.15,18.05,18.13,1.6102,1284.0
2018-10-08 15:00,,18.32,2030,18.33,17.98,18.09,,30015.0
2018-10-08 15:00,{},18.32,2030,18.33,17.98,18.09,37.6405,30015.0
2018-10-09 10:00,{},18.25,2030,18.31,18.18,18.18,3.5653,2843.0
2018-10-09 10:00,,18.25,2030,18.31,18.18,18.18,,2843.0
2018-10-09 10:30,{},18.27,2030,18.3,18.24,18.25,1.4472,1154.0
2018-10-09 10:30,,18.27,2030,18.3,18.24,18.25,,1154.0
2018-10-09 11:00,,18.22,2030,18.29,18.21,18.27,,1965.0
2018-10-09 11:00,{},18.22,2030,18.29,18.21,18.27,2.4642,1965.0
2018-10-09 11:30,{},18.22,2030,18.23,18.17,18.22,3.0887,2463.0
2018-10-09 11:30,,18.22,2030,18.23,18.17,18.22,,2463.0
2018-10-09 13:30,{},18.3,2030,18.3,18.2,18.22,1.9162,1528.0
2018-10-09 13:30,,18.3,2030,18.3,18.2,18.22,,1528.0
2018-10-09 14:00,,18.26,2030,18.3,18.24,18.3,,820.0
2018-10-09 14:00,{},18.26,2030,18.3,18.24,18.3,1.0283,820.0
2018-10-09 14:30,{},18.28,2030,18.29,18.23,18.26,2.0441,1630.0
2018-10-09 14:30,,18.28,2030,18.29,18.23,18.26,,1630.0
2018-10-09 15:00,,18.39,2030,18.46,18.25,18.28,,17250.0
2018-10-09 15:00,{},18.39,2030,18.46,18.25,18.28,21.6325,17250.0
2018-10-10 10:00,{},18.39,2030,18.46,18.29,18.38,3.9942,3185.0
2018-10-10 10:00,,18.39,2030,18.46,18.29,18.38,,3185.0
2018-10-10 10:30,,18.41,2030,18.49,18.39,18.39,,2408.0
2018-10-10 10:30,{},18.41,2030,18.49,18.39,18.39,3.0198,2408.0
2018-10-10 11:00,,18.39,2030,18.45,18.39,18.41,,1622.0
2018-10-10 11:00,{},18.39,2030,18.45,18.39,18.41,2.0341,1622.0
2018-10-10 11:30,{},18.57,2030,18.58,18.38,18.4,6.8258,5443.0
2018-10-10 11:30,,18.57,2030,18.58,18.38,18.4,,5443.0
2018-10-10 13:30,{},18.6,2030,18.63,18.52,18.57,5.2695,4202.0
2018-10-10 13:30,,18.6,2030,18.63,18.52,18.57,,4202.0
2018-10-10 14:00,,18.57,2030,18.63,18.51,18.61,,4407.0
2018-10-10 14:00,{},18.57,2030,18.63,18.51,18.61,5.5266,4407.0
2018-10-10 14:30,{},18.62,2030,18.63,18.55,18.57,6.5838,5250.0
2018-10-10 14:30,,18.62,2030,18.63,18.55,18.57,,5250.0
2018-10-10 15:00,{},18.55,2030,18.69,18.55,18.62,12.7813,10192.0
2018-10-10 15:00,,18.55,2030,18.69,18.55,18.62,,10192.0
2018-10-11 10:00,{},18.28,2030,18.42,18.0,18.07,11.7681,9384.0
2018-10-11 10:00,,18.28,2030,18.42,18.0,18.07,,9384.0
2018-10-11 10:30,,18.19,2030,18.28,18.14,18.27,,5623.0
2018-10-11 10:30,{},18.19,2030,18.28,18.14,18.27,7.0516,5623.0
2018-10-11 11:00,{},17.96,2030,18.19,17.84,18.19,22.5517,17983.0
2018-10-11 11:00,,17.96,2030,18.19,17.84,18.19,,17983.0
2018-10-11 11:30,,17.99,2030,18.1,17.95,17.95,,6893.0
2018-10-11 11:30,{},17.99,2030,18.1,17.95,17.95,8.6442,6893.0
2018-10-11 13:30,{},17.87,2030,17.99,17.5,17.99,10.6808,8517.0
2018-10-11 13:30,,17.87,2030,17.99,17.5,17.99,,8517.0
2018-10-11 14:00,,17.83,2030,17.97,17.78,17.87,,2954.0
2018-10-11 14:00,{},17.83,2030,17.97,17.78,17.87,3.7045,2954.0
2018-10-11 14:30,{},17.6,2030,17.85,17.56,17.83,6.8296,5446.0
2018-10-11 14:30,,17.6,2030,17.85,17.56,17.83,,5446.0
2018-10-11 15:00,{},18.15,2030,18.35,17.53,17.6,27.2143,21701.0
2018-10-11 15:00,,18.15,2030,18.35,17.53,17.6,,21701.0
2018-10-12 10:00,{},17.84,2030,17.99,17.8,17.93,7.6711,6117.0
2018-10-12 10:00,,17.84,2030,17.99,17.8,17.93,,6117.0
2018-10-12 10:30,,17.62,2030,17.85,17.58,17.84,,7731.0
2018-10-12 10:30,{},17.62,2030,17.85,17.58,17.84,9.6951,7731.0
2018-10-12 11:00,,17.18,2030,17.63,16.35,17.63,,16114.0
2018-10-12 11:00,{},17.18,2030,17.63,16.35,17.63,20.2079,16114.0
2018-10-12 11:30,,17.18,2030,17.35,17.0,17.16,,5372.0
2018-10-12 11:30,{},17.18,2030,17.35,17.0,17.16,6.7368,5372.0
2018-10-12 13:30,{},17.43,2030,17.48,17.16,17.18,8.0887,6450.0
2018-10-12 13:30,,17.43,2030,17.48,17.16,17.18,,6450.0
2018-10-12 14:00,,17.22,2030,17.44,17.2,17.43,,4969.0
2018-10-12 14:00,{},17.22,2030,17.44,17.2,17.43,6.2314,4969.0
2018-10-12 14:30,,17.46,2030,17.49,17.01,17.22,,6590.0
2018-10-12 14:30,{},17.46,2030,17.49,17.01,17.22,8.2642,6590.0
2018-10-12 15:00,{},16.8,2030,17.46,16.8,17.46,10.6996,8532.0
2018-10-12 15:00,,16.8,2030,17.46,16.8,17.46,,8532.0
2018-10-15 10:00,{},16.69,2030,16.8,16.4,16.46,10.657,8498.0
2018-10-15 10:00,,16.69,2030,16.8,16.4,16.46,,8498.0
2018-10-15 10:30,,16.58,2030,16.73,16.53,16.69,,5490.0
2018-10-15 10:30,{},16.58,2030,16.73,16.53,16.69,6.8848,5490.0
2018-10-15 11:00,{},16.42,2030,16.6,16.42,16.58,5.02,4003.0
2018-10-15 11:00,,16.42,2030,16.6,16.42,16.58,,4003.0
2018-10-15 11:30,,16.21,2030,16.44,16.1,16.43,,9115.0
2018-10-15 11:30,{},16.21,2030,16.44,16.1,16.43,11.4307,9115.0
2018-10-15 13:30,{},15.96,2030,16.27,15.88,16.21,14.3138,11414.0
2018-10-15 13:30,,15.96,2030,16.27,15.88,16.21,,11414.0
2018-10-15 14:00,,16.08,2030,16.12,15.95,15.96,,5563.0
2018-10-15 14:00,{},16.08,2030,16.12,15.95,15.96,6.9763,5563.0
2018-10-15 14:30,{},16.16,2030,16.2,16.06,16.08,4.2212,3366.0
2018-10-15 14:30,,16.16,2030,16.2,16.06,16.08,,3366.0
2018-10-15 15:00,{},15.78,2030,16.18,15.78,16.16,18.1512,14474.0
2018-10-15 15:00,,15.78,2030,16.18,15.78,16.16,,14474.0
2018-10-16 10:00,,15.18,2030,15.75,14.89,15.5,,19499.0
2018-10-16 10:00,{},15.18,2030,15.75,14.89,15.5,24.4528,19499.0
2018-10-16 10:30,,14.82,2030,15.18,14.78,15.12,,16463.0
2018-10-16 10:30,{},14.82,2030,15.18,14.78,15.12,20.6455,16463.0
2018-10-16 11:00,{},14.31,2030,14.88,14.2,14.82,32.623000000000005,26014.0
2018-10-16 11:00,,14.31,2030,14.88,14.2,14.82,,26014.0
2018-10-16 11:30,{},14.26,2030,14.33,14.22,14.31,7.1707,5718.0
2018-10-16 11:30,,14.26,2030,14.33,14.22,14.31,,5718.0
2018-10-16 13:30,{},14.41,2030,14.55,14.2,14.26,11.5925,9244.0
2018-10-16 13:30,,14.41,2030,14.55,14.2,14.26,,9244.0
2018-10-16 14:00,{},14.37,2030,14.52,14.34,14.41,4.2487,3388.0
2018-10-16 14:00,,14.37,2030,14.52,14.34,14.41,,3388.0
2018-10-16 14:30,,14.2,2030,14.38,14.2,14.37,,6383.0
2018-10-16 14:30,{},14.2,2030,14.38,14.2,14.37,8.0046,6383.0
2018-10-16 15:00,,14.2,2030,14.24,14.2,14.2,,7139.0
2018-10-16 15:00,{},14.2,2030,14.24,14.2,14.2,8.9527,7139.0
2018-10-17 10:00,{},13.78,2030,14.4,13.51,14.21,23.4019,18661.0
2018-10-17 10:00,,13.78,2030,14.4,13.51,14.21,,18661.0
2018-10-17 10:30,{},13.87,2030,13.89,13.65,13.79,9.8042,7818.0
2018-10-17 10:30,,13.87,2030,13.89,13.65,13.79,,7818.0
2018-10-17 11:00,,13.56,2030,13.88,13.38,13.87,,12073.0
2018-10-17 11:00,{},13.56,2030,13.88,13.38,13.87,15.1402,12073.0
2018-10-17 11:30,{},13.38,2030,13.61,13.06,13.56,9.3691,7471.0
2018-10-17 11:30,,13.38,2030,13.61,13.06,13.56,,7471.0
2018-10-17 13:30,,13.3,2030,13.39,13.1,13.38,,6609.0
2018-10-17 13:30,{},13.3,2030,13.39,13.1,13.38,8.2881,6609.0
2018-10-17 14:00,{},13.55,2030,13.58,13.2,13.3,8.8875,7087.0
2018-10-17 14:00,,13.55,2030,13.58,13.2,13.3,,7087.0
2018-10-17 14:30,{},13.8,2030,13.86,13.55,13.55,4.783,3814.0
2018-10-17 14:30,,13.8,2030,13.86,13.55,13.55,,3814.0
2018-10-17 15:00,,13.7,2030,13.86,13.7,13.8,,4597.0
2018-10-17 15:00,{},13.7,2030,13.86,13.7,13.8,5.7649,4597.0
2018-10-18 10:00,,13.5,2030,13.7,13.32,13.7,,7637.0
2018-10-18 10:00,{},13.5,2030,13.7,13.32,13.7,9.5772,7637.0
2018-10-18 10:30,{},13.52,2030,13.57,13.46,13.47,2.8592,2280.0
2018-10-18 10:30,,13.52,2030,13.57,13.46,13.47,,2280.0
2018-10-18 11:00,,13.52,2030,13.58,13.52,13.52,,1406.0
2018-10-18 11:00,{},13.52,2030,13.58,13.52,13.52,1.7632,1406.0
2018-10-18 11:30,{},13.47,2030,13.56,13.42,13.52,2.0579,1641.0
2018-10-18 11:30,,13.47,2030,13.56,13.42,13.52,,1641.0
2018-10-18 13:30,{},13.4,2030,13.56,13.4,13.47,1.9877,1585.0
2018-10-18 13:30,,13.4,2030,13.56,13.4,13.47,,1585.0
2018-10-18 14:00,{},13.49,2030,13.55,13.4,13.4,1.9776,1577.0
2018-10-18 14:00,,13.49,2030,13.55,13.4,13.4,,1577.0
2018-10-18 14:30,,13.47,2030,13.49,13.42,13.49,,1368.0
2018-10-18 14:30,{},13.47,2030,13.49,13.42,13.49,1.7155,1368.0
2018-10-18 15:00,,13.06,2030,13.47,12.89,13.47,,18574.0
2018-10-18 15:00,{},13.06,2030,13.47,12.89,13.47,23.2928,18574.0
2018-10-19 10:00,,13.24,2030,13.29,12.76,12.99,,11949.0
2018-10-19 10:00,{},13.24,2030,13.29,12.76,12.99,14.9847,11949.0
2018-10-19 10:30,{},13.53,2030,13.56,13.18,13.24,7.3713,5878.0
2018-10-19 10:30,,13.53,2030,13.56,13.18,13.24,,5878.0
2018-10-19 11:00,,13.54,2030,13.65,13.43,13.53,,5740.0
2018-10-19 11:00,{},13.54,2030,13.65,13.43,13.53,7.1983,5740.0
2018-10-19 11:30,{},13.45,2030,13.54,13.35,13.54,1.935,1543.0
2018-10-19 11:30,,13.45,2030,13.54,13.35,13.54,,1543.0
2018-10-19 13:30,{},13.5,2030,13.58,13.45,13.45,4.1735,3328.0
2018-10-19 13:30,,13.5,2030,13.58,13.45,13.45,,3328.0
2018-10-19 14:00,,13.55,2030,13.58,13.44,13.5,,6200.0
2018-10-19 14:00,{},13.55,2030,13.58,13.44,13.5,7.7751,6200.0
2018-10-19 14:30,{},13.6,2030,13.62,13.54,13.55,5.7122,4555.0
2018-10-19 14:30,,13.6,2030,13.62,13.54,13.55,,4555.0
2018-10-19 15:00,{},13.55,2030,13.61,13.55,13.6,9.4631,7546.0
2018-10-19 15:00,,13.55,2030,13.61,13.55,13.6,,7546.0
2018-10-22 10:00,,14.15,2030,14.22,13.65,13.65,,14565.0
2018-10-22 10:00,{},14.15,2030,14.22,13.65,13.65,18.2653,14565.0
2018-10-22 10:30,,13.91,2030,14.2,13.89,14.15,,10170.0
2018-10-22 10:30,{},13.91,2030,14.2,13.89,14.15,12.7538,10170.0
2018-10-22 11:00,,13.95,2030,14.01,13.85,13.91,,9254.0
2018-10-22 11:00,{},13.95,2030,14.01,13.85,13.91,11.605,9254.0
2018-10-22 11:30,{},13.96,2030,13.98,13.82,13.97,11.2552,8975.0
2018-10-22 11:30,,13.96,2030,13.98,13.82,13.97,,8975.0
2018-10-22 13:30,,14.09,2030,14.19,13.96,13.96,,10809.0
2018-10-22 13:30,{},14.09,2030,14.19,13.96,13.96,13.5551,10809.0
2018-10-22 14:00,,13.83,2030,14.15,13.8,14.09,,13595.0
2018-10-22 14:00,{},13.83,2030,14.15,13.8,14.09,17.0489,13595.0
2018-10-22 14:30,{},13.85,2030,13.97,13.67,13.81,15.1264,12062.0
2018-10-22 14:30,,13.85,2030,13.97,13.67,13.81,,12062.0
2018-10-22 15:00,{},13.91,2030,13.92,13.77,13.85,12.602,10049.0
2018-10-22 15:00,,13.91,2030,13.92,13.77,13.85,,10049.0
2018-10-23 10:00,,13.52,2030,14.0,13.52,13.92,,18957.0
2018-10-23 10:00,{},13.52,2030,14.0,13.52,13.92,23.7731,18957.0
2018-10-23 10:30,{},13.42,2030,13.53,13.4,13.52,11.6376,9280.0
2018-10-23 10:30,,13.42,2030,13.53,13.4,13.52,,9280.0
2018-10-23 11:00,{},13.41,2030,13.53,13.41,13.41,5.3899,4298.0
2018-10-23 11:00,,13.41,2030,13.53,13.41,13.41,,4298.0
2018-10-23 11:30,,13.4,2030,13.53,13.35,13.41,,4893.0
2018-10-23 11:30,{},13.4,2030,13.53,13.35,13.41,6.1361,4893.0
2018-10-23 13:30,,13.29,2030,13.41,13.15,13.4,,10356.0
2018-10-23 13:30,{},13.29,2030,13.41,13.15,13.4,12.987,10356.0
2018-10-23 14:00,,13.25,2030,13.4,13.19,13.28,,3769.0
2018-10-23 14:00,{},13.25,2030,13.4,13.19,13.28,4.7265,3769.0
2018-10-23 14:30,,13.24,2030,13.32,13.15,13.25,,6701.0
2018-10-23 14:30,{},13.24,2030,13.32,13.15,13.25,8.4034,6701.0
2018-10-23 15:00,,13.3,2030,13.35,13.11,13.24,,8264.0
2018-10-23 15:00,{},13.3,2030,13.35,13.11,13.24,10.3635,8264.0
2018-10-24 10:00,{},12.75,2030,13.2,12.72,13.11,29.8591,23810.0
2018-10-24 10:00,,12.75,2030,13.2,12.72,13.11,,23810.0
2018-10-24 10:30,,12.7,2030,12.8,12.52,12.79,,15981.0
2018-10-24 10:30,{},12.7,2030,12.8,12.52,12.79,20.0411,15981.0
2018-10-24 11:00,,12.75,2030,12.79,12.68,12.71,,5115.0
2018-10-24 11:00,{},12.75,2030,12.79,12.68,12.71,6.4145,5115.0
2018-10-24 11:30,,12.85,2030,13.03,12.75,12.75,,18970.0
2018-10-24 11:30,{},12.85,2030,13.03,12.75,12.75,23.7894,18970.0
2018-10-24 13:30,,12.6,2030,12.89,12.58,12.85,,26780.0
2018-10-24 13:30,{},12.6,2030,12.89,12.58,12.85,33.5836,26780.0
2018-10-24 14:00,{},12.59,2030,12.9,12.57,12.6,11.5812,9235.0
2018-10-24 14:00,,12.59,2030,12.9,12.57,12.6,,9235.0
2018-10-24 14:30,{},12.49,2030,12.67,12.43,12.59,26.4894,21123.0
2018-10-24 14:30,,12.49,2030,12.67,12.43,12.59,,21123.0
2018-10-24 15:00,{},12.6,2030,12.64,12.45,12.5,16.8783,13459.0
2018-10-24 15:00,,12.6,2030,12.64,12.45,12.5,,13459.0
2018-10-25 10:00,,12.2,2030,12.28,12.03,12.12,,18496.0
2018-10-25 10:00,{},12.2,2030,12.28,12.03,12.12,23.195,18496.0
2018-10-25 10:30,,12.22,2030,12.28,12.13,12.2,,8347.0
2018-10-25 10:30,{},12.22,2030,12.28,12.13,12.2,10.4676,8347.0
2018-10-25 11:00,{},12.15,2030,12.24,12.07,12.24,7.7814,6205.0
2018-10-25 11:00,,12.15,2030,12.24,12.07,12.24,,6205.0
2018-10-25 11:30,{},12.11,2030,12.19,12.07,12.15,7.0553,5626.0
2018-10-25 11:30,,12.11,2030,12.19,12.07,12.15,,5626.0
2018-10-25 13:30,,12.04,2030,12.15,12.04,12.11,,8062.0
2018-10-25 13:30,{},12.04,2030,12.15,12.04,12.11,10.1102,8062.0
2018-10-25 14:00,{},12.2,2030,12.23,11.97,12.04,16.0858,12827.0
2018-10-25 14:00,,12.2,2030,12.23,11.97,12.04,,12827.0
2018-10-25 14:30,{},12.29,2030,12.3,12.16,12.2,11.5687,9225.0
2018-10-25 14:30,,12.29,2030,12.3,12.16,12.2,,9225.0
2018-10-25 15:00,{},12.14,2030,12.33,12.13,12.29,16.8244,13416.0
2018-10-25 15:00,,12.14,2030,12.33,12.13,12.29,,13416.0
2018-10-26 10:00,,12.32,2030,12.45,12.19,12.32,,18689.0
2018-10-26 10:00,{},12.32,2030,12.45,12.19,12.32,23.4371,18689.0
2018-10-26 10:30,,12.07,2030,12.33,12.05,12.32,,12334.0
2018-10-26 10:30,{},12.07,2030,12.33,12.05,12.32,15.4675,12334.0
2018-10-26 11:00,,12.05,2030,12.11,11.96,12.07,,13783.0
2018-10-26 11:00,{},12.05,2030,12.11,11.96,12.07,17.2847,13783.0
2018-10-26 11:30,{},12.01,2030,12.11,11.95,12.05,7.3162,5834.0
2018-10-26 11:30,,12.01,2030,12.11,11.95,12.05,,5834.0
2018-10-26 13:30,{},11.91,2030,12.01,11.87,12.01,13.4962,10762.0
2018-10-26 13:30,,11.91,2030,12.01,11.87,12.01,,10762.0
2018-10-26 14:00,,11.93,2030,11.97,11.84,11.91,,8088.0
2018-10-26 14:00,{},11.93,2030,11.97,11.84,11.91,10.1428,8088.0
2018-10-26 14:30,{},11.78,2030,11.95,11.75,11.93,17.8753,14254.0
2018-10-26 14:30,,11.78,2030,11.95,11.75,11.93,,14254.0
2018-10-26 15:00,{},11.79,2030,11.88,11.77,11.77,15.929,12702.0
2018-10-26 15:00,,11.79,2030,11.88,11.77,11.77,,12702.0
2018-10-29 10:00,{},11.95,2030,12.06,11.85,11.93,29.6158,23616.0
2018-10-29 10:00,,11.95,2030,12.06,11.85,11.93,,23616.0
2018-10-29 10:30,{},11.82,2030,11.98,11.82,11.95,10.4789,8356.0
2018-10-29 10:30,,11.82,2030,11.98,11.82,11.95,,8356.0
2018-10-29 11:00,{},11.77,2030,11.84,11.66,11.81,14.4793,11546.0
2018-10-29 11:00,,11.77,2030,11.84,11.66,11.81,,11546.0
2018-10-29 11:30,,11.71,2030,11.83,11.71,11.78,,4938.0
2018-10-29 11:30,{},11.71,2030,11.83,11.71,11.78,6.1925,4938.0
2018-10-29 13:30,{},11.59,2030,11.73,11.55,11.71,13.757,10970.0
2018-10-29 13:30,,11.59,2030,11.73,11.55,11.71,,10970.0
2018-10-29 14:00,,11.6,2030,11.68,11.55,11.59,,5021.0
2018-10-29 14:00,{},11.6,2030,11.68,11.55,11.59,6.2966,5021.0
2018-10-29 14:30,,11.6,2030,11.64,11.51,11.59,,6071.0
2018-10-29 14:30,{},11.6,2030,11.64,11.51,11.59,7.6134,6071.0
2018-10-29 15:00,,11.65,2030,11.74,11.55,11.6,,8320.0
2018-10-29 15:00,{},11.65,2030,11.74,11.55,11.6,10.4337,8320.0
2018-10-30 10:00,,11.18,2030,11.7,11.15,11.65,,22707.0
2018-10-30 10:00,{},11.18,2030,11.7,11.15,11.65,28.4759,22707.0
2018-10-30 10:30,,11.23,2030,11.23,10.97,11.18,,20921.0
2018-10-30 10:30,{},11.23,2030,11.23,10.97,11.18,26.2361,20921.0
2018-10-30 11:00,,11.26,2030,11.3,11.15,11.22,,13889.0
2018-10-30 11:00,{},11.26,2030,11.3,11.15,11.22,17.4176,13889.0
2018-10-30 11:30,{},11.35,2030,11.41,11.25,11.26,8.7884,7008.0
2018-10-30 11:30,,11.35,2030,11.41,11.25,11.26,,7008.0
2018-10-30 13:30,{},11.39,2030,11.41,11.2,11.35,21.8494,17423.0
2018-10-30 13:30,,11.39,2030,11.41,11.2,11.35,,17423.0
2018-10-30 14:00,{},11.36,2030,11.42,11.28,11.39,11.3254,9031.0
2018-10-30 14:00,,11.36,2030,11.42,11.28,11.39,,9031.0
2018-10-30 14:30,{},11.31,2030,11.37,11.23,11.36,11.4821,9156.0
2018-10-30 14:30,,11.31,2030,11.37,11.23,11.36,,9156.0
2018-10-30 15:00,,11.3,2030,11.34,11.22,11.31,,12773.0
2018-10-30 15:00,{},11.3,2030,11.34,11.22,11.31,16.0181,12773.0
2018-10-31 10:00,,11.39,2030,11.59,11.31,11.4,,28078.0
2018-10-31 10:00,{},11.39,2030,11.59,11.31,11.4,35.2114,28078.0
2018-10-31 10:30,{},11.36,2030,11.42,11.31,11.39,22.5191,17957.0
2018-10-31 10:30,,11.36,2030,11.42,11.31,11.39,,17957.0
2018-10-31 11:00,{},11.33,2030,11.37,11.26,11.36,14.0078,11170.0
2018-10-31 11:00,,11.33,2030,11.37,11.26,11.36,,11170.0
2018-10-31 11:30,,11.35,2030,11.37,11.31,11.33,,3661.0
2018-10-31 11:30,{},11.35,2030,11.37,11.31,11.33,4.5911,3661.0
2018-10-31 13:30,{},11.48,2030,11.5,11.35,11.35,10.6131,8463.0
2018-10-31 13:30,,11.48,2030,11.5,11.35,11.35,,8463.0
2018-10-31 14:00,{},11.45,2030,11.51,11.43,11.48,8.1489,6498.0
2018-10-31 14:00,,11.45,2030,11.51,11.43,11.48,,6498.0
2018-10-31 14:30,,11.41,2030,11.46,11.39,11.45,,7367.0
2018-10-31 14:30,{},11.41,2030,11.46,11.39,11.45,9.2386,7367.0
2018-10-31 15:00,,11.42,2030,11.44,11.33,11.41,,14333.0
2018-10-31 15:00,{},11.42,2030,11.44,11.33,11.41,17.9744,14333.0
2018-11-01 10:00,{},11.5,2030,11.57,11.42,11.57,33.378,26616.0
2018-11-01 10:00,,11.5,2030,11.57,11.42,11.57,,26616.0
2018-11-01 10:30,,11.56,2030,11.56,11.44,11.5,,17083.0
2018-11-01 10:30,{},11.56,2030,11.56,11.44,11.5,21.423000000000002,17083.0
2018-11-01 10:30,{},11.56,2030,11.56,11.44,11.5,21.423,17083.0
2018-11-01 11:00,,11.49,2030,11.58,11.46,11.55,,15352.0
2018-11-01 11:00,{},11.49,2030,11.58,11.46,11.55,19.2523,15352.0
2018-11-01 11:30,{},11.74,2030,11.78,11.45,11.5,25.3758,20235.0
2018-11-01 11:30,,11.74,2030,11.78,11.45,11.5,,20235.0
2018-11-01 13:30,,11.92,2030,11.98,11.74,11.74,,34219.0
2018-11-01 13:30,{},11.92,2030,11.98,11.74,11.74,42.9125,34219.0
2018-11-01 14:00,,11.76,2030,11.9,11.73,11.9,,14461.0
2018-11-01 14:00,{},11.76,2030,11.9,11.73,11.9,18.1349,14461.0
2018-11-01 14:30,,11.61,2030,11.77,11.58,11.76,,21880.0
2018-11-01 14:30,{},11.61,2030,11.77,11.58,11.76,27.4387,21880.0
2018-11-01 15:00,,11.56,2030,11.65,11.51,11.61,,21288.0
2018-11-01 15:00,{},11.56,2030,11.65,11.51,11.61,26.6963,21288.0
2018-11-02 10:00,,11.71,2030,11.81,11.64,11.72,,35952.0
2018-11-02 10:00,{},11.71,2030,11.81,11.64,11.72,45.0858,35952.0
2018-11-02 10:30,,11.69,2030,11.75,11.67,11.72,,19961.0
2018-11-02 10:30,{},11.69,2030,11.75,11.67,11.72,25.0322,19961.0
2018-11-02 11:00,{},11.65,2030,11.72,11.64,11.69,19.2046,15314.0
2018-11-02 11:00,,11.65,2030,11.72,11.64,11.69,,15314.0
2018-11-02 11:30,,11.64,2030,11.67,11.56,11.66,,13198.0
2018-11-02 11:30,{},11.64,2030,11.67,11.56,11.66,16.551,13198.0
2018-11-02 13:30,,11.72,2030,11.77,11.64,11.64,,15748.0
2018-11-02 13:30,{},11.72,2030,11.77,11.64,11.64,19.7489,15748.0
2018-11-02 14:00,{},11.83,2030,11.9,11.69,11.72,18.7155,14924.0
2018-11-02 14:00,,11.83,2030,11.9,11.69,11.72,,14924.0
2018-11-02 14:30,{},11.81,2030,11.87,11.77,11.83,15.2619,12170.0
2018-11-02 14:30,,11.81,2030,11.87,11.77,11.83,,12170.0
2018-11-02 15:00,{},11.9,2030,11.95,11.81,11.81,30.0798,23986.0
2018-11-02 15:00,,11.9,2030,11.95,11.81,11.81,,23986.0
2018-11-05 10:00,{},12.03,2030,12.07,11.78,11.9,42.5514,33931.0
2018-11-05 10:00,,12.03,2030,12.07,11.78,11.9,,33931.0
2018-11-05 10:30,{},12.1,2030,12.13,11.93,12.02,29.5832,23590.0
2018-11-05 10:30,,12.1,2030,12.13,11.93,12.02,,23590.0
2018-11-05 11:00,,12.02,2030,12.18,11.97,12.1,,26853.0
2018-11-05 11:00,{},12.02,2030,12.18,11.97,12.1,33.6752,26853.0
2018-11-05 11:30,,11.92,2030,12.02,11.9,12.02,,14812.0
2018-11-05 11:30,{},11.92,2030,12.02,11.9,12.02,18.5751,14812.0
2018-11-05 13:30,,11.96,2030,11.96,11.82,11.92,,12077.0
2018-11-05 13:30,{},11.96,2030,11.96,11.82,11.92,15.1452,12077.0
2018-11-05 14:00,{},11.99,2030,12.0,11.89,11.96,9.2549,7380.0
2018-11-05 14:00,,11.99,2030,12.0,11.89,11.96,,7380.0
2018-11-05 14:30,{},12.05,2030,12.1,11.99,11.99,10.9416,8725.0
2018-11-05 14:30,,12.05,2030,12.1,11.99,11.99,,8725.0
2018-11-05 15:00,,12.13,2030,12.15,11.98,12.05,,20723.0
2018-11-05 15:00,{},12.13,2030,12.15,11.98,12.05,25.9878,20723.0
2018-11-06 10:00,,11.83,2030,12.2,11.83,12.15,,31388.0
2018-11-06 10:00,{},11.83,2030,12.2,11.83,12.15,39.3623,31388.0
2018-11-06 10:30,,11.88,2030,11.98,11.81,11.83,,10932.0
2018-11-06 10:30,{},11.88,2030,11.98,11.81,11.83,13.7093,10932.0
2018-11-06 11:00,{},11.93,2030,11.95,11.88,11.88,6.3593,5071.0
2018-11-06 11:00,,11.93,2030,11.95,11.88,11.88,,5071.0
2018-11-06 11:30,,11.87,2030,11.93,11.85,11.93,,5235.0
2018-11-06 11:30,{},11.87,2030,11.93,11.85,11.93,6.565,5235.0
2018-11-06 13:30,,11.94,2030,11.95,11.84,11.87,,4232.0
2018-11-06 13:30,{},11.94,2030,11.95,11.84,11.87,5.3072,4232.0
2018-11-06 14:00,{},12.0,2030,12.04,11.92,11.94,8.5527,6820.0
2018-11-06 14:00,,12.0,2030,12.04,11.92,11.94,,6820.0
2018-11-06 14:30,,12.04,2030,12.08,11.96,12.0,,7485.0
2018-11-06 14:30,{},12.04,2030,12.08,11.96,12.0,9.3866,7485.0
2018-11-06 15:00,,12.05,2030,12.09,12.04,12.04,,14583.0
2018-11-06 15:00,{},12.05,2030,12.09,12.04,12.04,18.2879,14583.0
2018-11-07 10:00,{},12.07,2030,12.12,11.94,12.02,26.1885,20883.0
2018-11-07 10:00,,12.07,2030,12.12,11.94,12.02,,20883.0
2018-11-07 10:30,,12.05,2030,12.1,12.03,12.08,,11769.0
2018-11-07 10:30,{},12.05,2030,12.1,12.03,12.08,14.759,11769.0
2018-11-07 11:00,,12.04,2030,12.07,11.99,12.05,,8748.0
2018-11-07 11:00,{},12.04,2030,12.07,11.99,12.05,10.9705,8748.0
2018-11-07 11:30,{},12.09,2030,12.1,12.02,12.02,7.5921,6054.0
2018-11-07 11:30,,12.09,2030,12.1,12.02,12.02,,6054.0
2018-11-07 13:30,,12.08,2030,12.16,12.07,12.09,,15635.0
2018-11-07 13:30,{},12.08,2030,12.16,12.07,12.09,19.6072,15635.0
2018-11-07 14:00,{},12.0,2030,12.11,11.97,12.08,11.7969,9407.0
2018-11-07 14:00,,12.0,2030,12.11,11.97,12.08,,9407.0
2018-11-07 14:30,{},12.01,2030,12.05,11.99,12.0,5.4877,4376.0
2018-11-07 14:30,,12.01,2030,12.05,11.99,12.0,,4376.0
2018-11-07 15:00,,11.98,2030,12.01,11.97,12.01,,11415.0
2018-11-07 15:00,{},11.98,2030,12.01,11.97,12.01,14.315,11415.0
2018-11-08 10:00,,12.37,2030,12.55,12.06,12.13,,69546.0
2018-11-08 10:00,{},12.37,2030,12.55,12.06,12.13,87.2146,69546.0
2018-11-08 10:30,,12.37,2030,12.45,12.29,12.37,,17984.0
2018-11-08 10:30,{},12.37,2030,12.45,12.29,12.37,22.5529,17984.0
2018-11-08 11:00,,12.4,2030,12.43,12.29,12.37,,11418.0
2018-11-08 11:00,{},12.4,2030,12.43,12.29,12.37,14.3188,11418.0
2018-11-08 11:30,{},12.41,2030,12.42,12.36,12.39,11.5336,9197.0
2018-11-08 11:30,,12.41,2030,12.42,12.36,12.39,,9197.0
2018-11-08 13:30,{},12.65,2030,12.7,12.41,12.41,73.9843,58996.0
2018-11-08 13:30,,12.65,2030,12.7,12.41,12.41,,58996.0
2018-11-08 14:00,{},12.6,2030,12.78,12.55,12.65,34.1818,27257.0
2018-11-08 14:00,,12.6,2030,12.78,12.55,12.65,,27257.0
2018-11-08 14:30,,12.49,2030,12.63,12.42,12.62,,20827.0
2018-11-08 14:30,{},12.49,2030,12.63,12.42,12.62,26.1182,20827.0
2018-11-08 15:00,,12.51,2030,12.61,12.48,12.49,,24341.0
2018-11-08 15:00,{},12.51,2030,12.61,12.48,12.49,30.525,24341.0
2018-11-09 10:00,,12.29,2030,12.39,12.2,12.35,,36026.0
2018-11-09 10:00,{},12.29,2030,12.39,12.2,12.35,45.1786,36026.0
2018-11-09 10:30,,12.23,2030,12.35,12.2,12.29,,17456.0
2018-11-09 10:30,{},12.23,2030,12.35,12.2,12.29,21.8908,17456.0
2018-11-09 11:00,{},12.15,2030,12.28,12.14,12.23,23.0019,18342.0
2018-11-09 11:00,,12.15,2030,12.28,12.14,12.23,,18342.0
2018-11-09 11:30,,12.16,2030,12.23,12.12,12.15,,11821.0
2018-11-09 11:30,{},12.16,2030,12.23,12.12,12.15,14.8242,11821.0
2018-11-09 13:30,{},12.22,2030,12.29,12.15,12.16,10.4576,8339.0
2018-11-09 13:30,,12.22,2030,12.29,12.15,12.16,,8339.0
2018-11-09 14:00,{},12.2,2030,12.26,12.16,12.22,8.9815,7162.0
2018-11-09 14:00,,12.2,2030,12.26,12.16,12.22,,7162.0
2018-11-09 14:30,,12.17,2030,12.21,12.08,12.2,,13304.0
2018-11-09 14:30,{},12.17,2030,12.21,12.08,12.2,16.684,13304.0
2018-11-09 15:00,{},12.15,2030,12.3,12.09,12.17,20.4148,16279.0
2018-11-09 15:00,,12.15,2030,12.3,12.09,12.17,,16279.0
2018-11-12 10:00,{},11.93,2030,12.15,11.87,12.14,33.1924,26468.0
2018-11-12 10:00,,11.93,2030,12.15,11.87,12.14,,26468.0
2018-11-12 10:30,{},11.94,2030,12.03,11.89,11.93,14.1909,11316.0
2018-11-12 10:30,,11.94,2030,12.03,11.89,11.93,,11316.0
2018-11-12 11:00,,12.04,2030,12.04,11.92,11.95,,12972.0
2018-11-12 11:00,{},12.04,2030,12.04,11.92,11.95,16.2676,12972.0
2018-11-12 11:30,,12.04,2030,12.11,12.01,12.05,,12473.0
2018-11-12 11:30,{},12.04,2030,12.11,12.01,12.05,15.6418,12473.0
2018-11-12 13:30,,12.21,2030,12.24,12.04,12.04,,17198.0
2018-11-12 13:30,{},12.21,2030,12.24,12.04,12.04,21.5673,17198.0
2018-11-12 14:00,,12.17,2030,12.21,12.11,12.21,,9704.0
2018-11-12 14:00,{},12.17,2030,12.21,12.11,12.21,12.1694,9704.0
2018-11-12 14:30,{},12.25,2030,12.25,12.16,12.17,13.4485,10724.0
2018-11-12 14:30,,12.25,2030,12.25,12.16,12.17,,10724.0
2018-11-12 15:00,{},12.29,2030,12.29,12.2,12.24,22.9693,18316.0
2018-11-12 15:00,,12.29,2030,12.29,12.2,12.24,,18316.0
2018-11-13 10:00,{},12.17,2030,12.21,12.01,12.13,36.3062,28951.0
2018-11-13 10:00,,12.17,2030,12.21,12.01,12.13,,28951.0
2018-11-13 10:30,,12.24,2030,12.28,12.17,12.17,,15434.0
2018-11-13 10:30,{},12.24,2030,12.28,12.17,12.17,19.3551,15434.0
2018-11-13 11:00,{},12.09,2030,12.26,12.08,12.24,23.5813,18804.0
2018-11-13 11:00,,12.09,2030,12.26,12.08,12.24,,18804.0
2018-11-13 11:30,{},12.24,2030,12.28,12.07,12.08,14.2448,11359.0
2018-11-13 11:30,,12.24,2030,12.28,12.07,12.08,,11359.0
2018-11-13 13:30,,12.4,2030,12.45,12.2,12.24,,30604.0
2018-11-13 13:30,{},12.4,2030,12.45,12.2,12.24,38.3791,30604.0
2018-11-13 14:00,,12.41,2030,12.44,12.34,12.4,,15507.0
2018-11-13 14:00,{},12.41,2030,12.44,12.34,12.4,19.4466,15507.0
2018-11-13 14:30,,12.4,2030,12.45,12.36,12.42,,15414.0
2018-11-13 14:30,{},12.4,2030,12.45,12.36,12.42,19.33,15414.0
2018-11-13 15:00,{},12.52,2030,12.53,12.39,12.4,38.6776,30842.0
2018-11-13 15:00,,12.52,2030,12.53,12.39,12.4,,30842.0
2018-11-14 10:00,{},12.67,2030,12.72,12.42,12.53,49.9491,39830.0
2018-11-14 10:00,,12.67,2030,12.72,12.42,12.53,,39830.0
2018-11-14 10:30,{},12.77,2030,12.82,12.6,12.66,39.1491,31218.0
2018-11-14 10:30,,12.77,2030,12.82,12.6,12.66,,31218.0
2018-11-14 11:00,{},12.8,2030,12.84,12.7,12.77,19.7501,15749.0
2018-11-14 11:00,,12.8,2030,12.84,12.7,12.77,,15749.0
2018-11-14 11:30,{},12.72,2030,12.85,12.64,12.8,20.9089,16673.0
2018-11-14 11:30,,12.72,2030,12.85,12.64,12.8,,16673.0
2018-11-14 13:30,{},12.69,2030,12.78,12.66,12.72,14.3978,11481.0
2018-11-14 13:30,,12.69,2030,12.78,12.66,12.72,,11481.0
2018-11-14 14:00,,12.55,2030,12.7,12.51,12.69,,22714.0
2018-11-14 14:00,{},12.55,2030,12.7,12.51,12.69,28.4846,22714.0
2018-11-14 14:30,{},12.57,2030,12.6,12.51,12.55,13.0848,10434.0
2018-11-14 14:30,,12.57,2030,12.6,12.51,12.55,,10434.0
2018-11-14 15:00,{},12.54,2030,12.63,12.48,12.57,28.4909,22719.0
2018-11-14 15:00,,12.54,2030,12.63,12.48,12.57,,22719.0
2018-11-15 10:00,{},12.54,2030,12.66,12.46,12.54,24.9106,19864.0
2018-11-15 10:00,,12.54,2030,12.66,12.46,12.54,,19864.0
2018-11-15 10:30,{},12.59,2030,12.6,12.47,12.54,25.7332,20520.0
2018-11-15 10:30,,12.59,2030,12.6,12.47,12.54,,20520.0
2018-11-15 11:00,{},12.46,2030,12.6,12.44,12.59,20.2342,16135.0
2018-11-15 11:00,,12.46,2030,12.6,12.44,12.59,,16135.0
2018-11-15 11:30,{},12.51,2030,12.51,12.41,12.46,11.975,9549.0
2018-11-15 11:30,,12.51,2030,12.51,12.41,12.46,,9549.0
2018-11-15 13:30,,12.9,2030,13.2,12.85,12.85,,57707.0
2018-11-15 13:30,{},12.9,2030,13.2,12.85,12.85,72.3678,57707.0
2018-11-15 14:00,{},12.84,2030,12.91,12.77,12.9,19.1331,15257.0
2018-11-15 14:00,,12.84,2030,12.91,12.77,12.9,,15257.0
2018-11-15 14:30,,12.8,2030,12.9,12.76,12.84,,15449.0
2018-11-15 14:30,{},12.8,2030,12.9,12.76,12.84,19.3739,15449.0
2018-11-15 15:00,{},12.84,2030,12.91,12.76,12.8,34.8465,27787.0
2018-11-15 15:00,,12.84,2030,12.91,12.76,12.8,,27787.0
2018-11-16 10:00,{},13.03,2030,13.16,12.85,12.94,70.414,56149.0
2018-11-16 10:00,,13.03,2030,13.16,12.85,12.94,,56149.0
2018-11-16 10:30,{},12.91,2030,13.06,12.91,13.03,31.8292,25381.0
2018-11-16 10:30,,12.91,2030,13.06,12.91,13.03,,25381.0
2018-11-16 11:00,{},13.0,2030,13.04,12.89,12.91,21.8168,17397.0
2018-11-16 11:00,,13.0,2030,13.04,12.89,12.91,,17397.0
2018-11-16 11:30,{},13.24,2030,13.24,12.98,13.0,29.6697,23659.0
2018-11-16 11:30,,13.24,2030,13.24,12.98,13.0,,23659.0
2018-11-16 13:30,{},13.24,2030,13.45,13.18,13.24,50.0431,39905.0
2018-11-16 13:30,,13.24,2030,13.45,13.18,13.24,,39905.0
2018-11-16 14:00,{},13.32,2030,13.41,13.23,13.24,38.6851,30848.0
2018-11-16 14:00,,13.32,2030,13.41,13.23,13.24,,30848.0
2018-11-16 14:30,{},13.21,2030,13.33,13.17,13.32,21.2437,16940.0
2018-11-16 14:30,,13.21,2030,13.33,13.17,13.32,,16940.0
2018-11-16 15:00,{},13.22,2030,13.26,13.16,13.21,32.6719,26053.0
2018-11-16 15:00,,13.22,2030,13.26,13.16,13.21,,26053.0
2018-11-19 10:00,{},13.08,2030,13.59,13.04,13.45,76.6115,61091.0
2018-11-19 10:00,,13.08,2030,13.59,13.04,13.45,,61091.0
2018-11-19 10:30,,13.0,2030,13.09,12.87,13.08,,35779.0
2018-11-19 10:30,{},13.0,2030,13.09,12.87,13.08,44.8689,35779.0
2018-11-19 11:00,{},12.97,2030,13.07,12.9,13.0,14.1269,11265.0
2018-11-19 11:00,,12.97,2030,13.07,12.9,13.0,,11265.0
2018-11-19 11:30,,12.99,2030,13.01,12.97,12.97,,4720.0
2018-11-19 11:30,{},12.99,2030,13.01,12.97,12.97,5.9191,4720.0
2018-11-19 13:30,,13.0,2030,13.05,12.94,12.99,,8075.0
2018-11-19 13:30,{},13.0,2030,13.05,12.94,12.99,10.1265,8075.0
2018-11-19 14:00,{},13.01,2030,13.06,12.98,13.0,12.7124,10137.0
2018-11-19 14:00,,13.01,2030,13.06,12.98,13.0,,10137.0
2018-11-19 14:30,{},12.96,2030,13.03,12.92,13.01,14.7941,11797.0
2018-11-19 14:30,,12.96,2030,13.03,12.92,13.01,,11797.0
2018-11-19 15:00,,13.0,2030,13.02,12.95,12.96,,20710.0
2018-11-19 15:00,{},13.0,2030,13.02,12.95,12.96,25.9715,20710.0
2018-11-20 10:00,,12.61,2030,12.93,12.61,12.83,,46019.0
2018-11-20 10:00,{},12.61,2030,12.93,12.61,12.83,57.7104,46019.0
2018-11-20 10:30,,12.68,2030,12.7,12.54,12.61,,34202.0
2018-11-20 10:30,{},12.68,2030,12.7,12.54,12.61,42.8912,34202.0
2018-11-20 11:00,{},12.66,2030,12.72,12.62,12.68,9.6826,7721.0
2018-11-20 11:00,,12.66,2030,12.72,12.62,12.68,,7721.0
2018-11-20 11:30,,12.6,2030,12.68,12.6,12.66,,7757.0
2018-11-20 11:30,{},12.6,2030,12.68,12.6,12.66,9.7277,7757.0
2018-11-20 13:30,,12.61,2030,12.68,12.58,12.6,,7761.0
2018-11-20 13:30,{},12.61,2030,12.68,12.58,12.6,9.7327,7761.0
2018-11-20 14:00,,12.66,2030,12.68,12.59,12.61,,7195.0
2018-11-20 14:00,{},12.66,2030,12.68,12.59,12.61,9.0229,7195.0
2018-11-20 14:30,,12.59,2030,12.67,12.53,12.66,,13165.0
2018-11-20 14:30,{},12.59,2030,12.67,12.53,12.66,16.5096,13165.0
2018-11-20 15:00,,12.47,2030,12.59,12.45,12.59,,23139.0
2018-11-20 15:00,{},12.47,2030,12.59,12.45,12.59,29.0176,23139.0
2018-11-21 10:00,{},12.39,2030,12.48,12.16,12.19,35.9588,28674.0
2018-11-21 10:00,,12.39,2030,12.48,12.16,12.19,,28674.0
2018-11-21 10:30,{},12.43,2030,12.62,12.38,12.39,19.9382,15899.0
2018-11-21 10:30,,12.43,2030,12.62,12.38,12.39,,15899.0
2018-11-21 11:00,,12.89,2030,12.93,12.41,12.43,,31902.0
2018-11-21 11:00,{},12.89,2030,12.93,12.41,12.43,40.0069,31902.0
2018-11-21 11:30,{},12.93,2030,13.05,12.79,12.89,58.8892,46959.0
2018-11-21 11:30,,12.93,2030,13.05,12.79,12.89,,46959.0
2018-11-21 13:30,,12.96,2030,13.07,12.89,12.93,,39283.0
2018-11-21 13:30,{},12.96,2030,13.07,12.89,12.93,49.2631,39283.0
2018-11-21 14:00,,12.82,2030,13.0,12.81,12.96,,14346.0
2018-11-21 14:00,{},12.82,2030,13.0,12.81,12.96,17.9907,14346.0
2018-11-21 14:30,{},12.9,2030,12.95,12.79,12.82,16.4971,13155.0
2018-11-21 14:30,,12.9,2030,12.95,12.79,12.82,,13155.0
2018-11-21 15:00,,13.0,2030,13.0,12.88,12.9,,24727.0
2018-11-21 15:00,{},13.0,2030,13.0,12.88,12.9,31.009,24727.0
2018-11-22 10:00,{},13.04,2030,13.42,12.94,12.94,96.6952,77106.0
2018-11-22 10:00,,13.04,2030,13.42,12.94,12.94,,77106.0
2018-11-22 10:30,,13.05,2030,13.2,13.0,13.04,,18844.0
2018-11-22 10:30,{},13.05,2030,13.2,13.0,13.04,23.6314,18844.0
2018-11-22 11:00,,13.02,2030,13.14,12.99,13.05,,12079.0
2018-11-22 11:00,{},13.02,2030,13.14,12.99,13.05,15.1477,12079.0
2018-11-22 11:30,,12.92,2030,13.04,12.91,13.02,,14027.0
2018-11-22 11:30,{},12.92,2030,13.04,12.91,13.02,17.5906,14027.0
2018-11-22 13:30,{},12.98,2030,13.03,12.91,12.91,11.2338,8958.0
2018-11-22 13:30,,12.98,2030,13.03,12.91,12.91,,8958.0
2018-11-22 14:00,,13.08,2030,13.12,12.98,12.98,,15115.0
2018-11-22 14:00,{},13.08,2030,13.12,12.98,12.98,18.9551,15115.0
2018-11-22 14:30,,13.0,2030,13.09,13.0,13.08,,11240.0
2018-11-22 14:30,{},13.0,2030,13.09,13.0,13.08,14.0956,11240.0
2018-11-22 15:00,,12.97,2030,13.04,12.96,13.0,,16689.0
2018-11-22 15:00,{},12.97,2030,13.04,12.96,13.0,20.9289,16689.0
2018-11-23 10:00,{},12.86,2030,13.23,12.83,13.2,64.846,51709.0
2018-11-23 10:00,,12.86,2030,13.23,12.83,13.2,,51709.0
2018-11-23 10:30,,12.74,2030,12.9,12.74,12.86,,19877.0
2018-11-23 10:30,{},12.74,2030,12.9,12.74,12.86,24.9269,19877.0
2018-11-23 11:00,,12.56,2030,12.79,12.47,12.74,,23093.0
2018-11-23 11:00,{},12.56,2030,12.79,12.47,12.74,28.9599,23093.0
2018-11-23 11:30,{},12.57,2030,12.64,12.51,12.56,12.0766,9630.0
2018-11-23 11:30,,12.57,2030,12.64,12.51,12.56,,9630.0
2018-11-23 13:30,{},12.58,2030,12.61,12.5,12.57,8.6053,6862.0
2018-11-23 13:30,,12.58,2030,12.61,12.5,12.57,,6862.0
2018-11-23 14:00,,12.39,2030,12.58,12.36,12.58,,16443.0
2018-11-23 14:00,{},12.39,2030,12.58,12.36,12.58,20.6204,16443.0
2018-11-23 14:30,,12.6,2030,12.68,12.4,12.4,,12281.0
2018-11-23 14:30,{},12.6,2030,12.68,12.4,12.4,15.4011,12281.0
2018-11-23 15:00,{},12.54,2030,12.64,12.48,12.6,16.788,13387.0
2018-11-23 15:00,,12.54,2030,12.64,12.48,12.6,,13387.0
2018-11-26 10:00,{},12.6,2030,12.7,12.34,12.35,26.8343,21398.0
2018-11-26 10:00,,12.6,2030,12.7,12.34,12.35,,21398.0
2018-11-26 10:30,{},12.54,2030,12.61,12.49,12.61,10.4927,8367.0
2018-11-26 10:30,,12.54,2030,12.61,12.49,12.61,,8367.0
2018-11-26 11:00,{},12.38,2030,12.55,12.33,12.54,17.7399,14146.0
2018-11-26 11:00,,12.38,2030,12.55,12.33,12.54,,14146.0
2018-11-26 11:30,,12.52,2030,12.56,12.38,12.38,,6140.0
2018-11-26 11:30,{},12.52,2030,12.56,12.38,12.38,7.6999,6140.0
2018-11-26 13:30,,12.61,2030,12.77,12.52,12.52,,16797.0
2018-11-26 13:30,{},12.61,2030,12.77,12.52,12.52,21.0644,16797.0
2018-11-26 14:00,,12.6,2030,12.65,12.57,12.61,,6108.0
2018-11-26 14:00,{},12.6,2030,12.65,12.57,12.61,7.6598,6108.0
2018-11-26 14:30,{},12.53,2030,12.63,12.48,12.6,7.4102,5909.0
2018-11-26 14:30,,12.53,2030,12.63,12.48,12.6,,5909.0
2018-11-26 15:00,,12.66,2030,12.66,12.49,12.53,,13367.0
2018-11-26 15:00,{},12.66,2030,12.66,12.49,12.53,16.762999999999998,13367.0
2018-11-27 10:00,{},12.61,2030,12.78,12.57,12.78,32.0499,25557.0
2018-11-27 10:00,,12.61,2030,12.78,12.57,12.78,,25557.0
2018-11-27 10:30,{},12.66,2030,12.68,12.44,12.61,20.3884,16258.0
2018-11-27 10:30,,12.66,2030,12.68,12.44,12.61,,16258.0
2018-11-27 11:00,{},12.54,2030,12.66,12.5,12.66,8.9402,7129.0
2018-11-27 11:00,,12.54,2030,12.66,12.5,12.66,,7129.0
2018-11-27 11:30,{},12.56,2030,12.61,12.5,12.54,4.5196,3604.0
2018-11-27 11:30,,12.56,2030,12.61,12.5,12.54,,3604.0
2018-11-27 13:30,,12.55,2030,12.65,12.53,12.56,,4957.0
2018-11-27 13:30,{},12.55,2030,12.65,12.53,12.56,6.2164,4957.0
2018-11-27 14:00,,12.5,2030,12.58,12.43,12.57,,9087.0
2018-11-27 14:00,{},12.5,2030,12.58,12.43,12.57,11.3956,9087.0
2018-11-27 14:30,,12.5,2030,12.53,12.45,12.5,,5729.0
2018-11-27 14:30,{},12.5,2030,12.53,12.45,12.5,7.1845,5729.0
2018-11-27 15:00,{},12.56,2030,12.59,12.48,12.5,9.8594,7862.0
2018-11-27 15:00,,12.56,2030,12.59,12.48,12.5,,7862.0
2018-11-28 10:00,,12.11,2030,12.58,12.04,12.45,,29192.0
2018-11-28 10:00,{},12.11,2030,12.58,12.04,12.45,36.6084,29192.0
2018-11-28 10:30,{},12.1,2030,12.24,12.08,12.12,17.7963,14191.0
2018-11-28 10:30,,12.1,2030,12.24,12.08,12.12,,14191.0
2018-11-28 11:00,,12.3,2030,12.3,12.09,12.1,,8642.0
2018-11-28 11:00,{},12.3,2030,12.3,12.09,12.1,10.8376,8642.0
2018-11-28 11:30,,12.26,2030,12.3,12.2,12.3,,12631.0
2018-11-28 11:30,{},12.26,2030,12.3,12.2,12.3,15.84,12631.0
2018-11-28 13:30,,12.24,2030,12.32,12.24,12.26,,8058.0
2018-11-28 13:30,{},12.24,2030,12.32,12.24,12.26,10.1052,8058.0
2018-11-28 14:00,{},12.22,2030,12.28,12.15,12.24,15.8701,12655.0
2018-11-28 14:00,,12.22,2030,12.28,12.15,12.24,,12655.0
2018-11-28 14:30,,12.28,2030,12.32,12.17,12.22,,12856.0
2018-11-28 14:30,{},12.28,2030,12.32,12.17,12.22,16.1221,12856.0
2018-11-28 15:00,,12.28,2030,12.3,12.24,12.28,,17116.0
2018-11-28 15:00,{},12.28,2030,12.3,12.24,12.28,21.4644,17116.0
2018-11-29 10:00,,12.36,2030,12.42,12.31,12.31,,29880.0
2018-11-29 10:00,{},12.36,2030,12.42,12.31,12.31,37.4712,29880.0
2018-11-29 10:30,,12.4,2030,12.53,12.36,12.36,,18427.0
2018-11-29 10:30,{},12.4,2030,12.53,12.36,12.36,23.1085,18427.0
2018-11-29 11:00,,12.35,2030,12.42,12.35,12.4,,6733.0
2018-11-29 11:00,{},12.35,2030,12.42,12.35,12.4,8.4436,6733.0
2018-11-29 11:30,,12.35,2030,12.38,12.3,12.35,,6869.0
2018-11-29 11:30,{},12.35,2030,12.38,12.3,12.35,8.6141,6869.0
2018-11-29 13:30,{},12.23,2030,12.37,12.21,12.35,7.7526,6182.0
2018-11-29 13:30,,12.23,2030,12.37,12.21,12.35,,6182.0
2018-11-29 14:00,,12.25,2030,12.27,12.2,12.23,,4077.0
2018-11-29 14:00,{},12.25,2030,12.27,12.2,12.23,5.1128,4077.0
2018-11-29 14:30,{},12.15,2030,12.25,12.11,12.25,12.9481,10325.0
2018-11-29 14:30,,12.15,2030,12.25,12.11,12.25,,10325.0
2018-11-29 15:00,{},11.89,2030,12.15,11.8,12.15,32.6193,26011.0
2018-11-29 15:00,,11.89,2030,12.15,11.8,12.15,,26011.0
2018-11-30 10:00,,11.74,2030,11.98,11.6,11.89,,25393.0
2018-11-30 10:00,{},11.74,2030,11.98,11.6,11.89,31.8442,25393.0
2018-11-30 10:30,{},11.73,2030,11.78,11.69,11.74,8.3345,6646.0
2018-11-30 10:30,,11.73,2030,11.78,11.69,11.74,,6646.0
2018-11-30 11:00,{},11.71,2030,11.74,11.66,11.73,10.9391,8723.0
2018-11-30 11:00,,11.71,2030,11.74,11.66,11.73,,8723.0
2018-11-30 11:30,,11.71,2030,11.78,11.7,11.71,,4360.0
2018-11-30 11:30,{},11.71,2030,11.78,11.7,11.71,5.4677,4360.0
2018-11-30 13:30,{},11.4,2030,11.71,11.38,11.71,27.0099,21538.0
2018-11-30 13:30,,11.4,2030,11.71,11.38,11.71,,21538.0
2018-11-30 14:00,,11.44,2030,11.56,11.34,11.4,,21884.0
2018-11-30 14:00,{},11.44,2030,11.56,11.34,11.4,27.4438,21884.0
2018-11-30 14:30,{},11.49,2030,11.54,11.41,11.44,35.6516,28429.0
2018-11-30 14:30,,11.49,2030,11.54,11.41,11.44,,28429.0
2018-11-30 15:00,{},11.53,2030,11.57,11.46,11.49,33.9548,27076.0
2018-11-30 15:00,,11.53,2030,11.57,11.46,11.49,,27076.0
2018-12-03 10:00,,11.79,2030,11.85,11.62,11.8,,49611.0
2018-12-03 10:00,{},11.79,2030,11.85,11.62,11.8,62.215,49611.0
2018-12-03 10:30,{},11.87,2030,11.91,11.75,11.79,32.8086,26162.0
2018-12-03 10:30,,11.87,2030,11.91,11.75,11.79,,26162.0
2018-12-03 11:00,{},11.91,2030,11.93,11.85,11.88,15.7309,12544.0
2018-12-03 11:00,,11.91,2030,11.93,11.85,11.88,,12544.0
2018-12-03 11:30,,11.93,2030,11.96,11.87,11.91,,10829.0
2018-12-03 11:30,{},11.93,2030,11.96,11.87,11.91,13.5802,10829.0
2018-12-03 13:30,,11.92,2030,11.95,11.89,11.93,,11677.0
2018-12-03 13:30,{},11.92,2030,11.95,11.89,11.93,14.6436,11677.0
2018-12-03 14:00,{},11.93,2030,11.95,11.9,11.92,14.1407,11276.0
2018-12-03 14:00,,11.93,2030,11.95,11.9,11.92,,11276.0
2018-12-03 14:30,{},11.92,2030,11.97,11.9,11.93,9.201,7337.0
2018-12-03 14:30,,11.92,2030,11.97,11.9,11.93,,7337.0
2018-12-03 15:00,{},11.97,2030,11.97,11.89,11.92,21.2274,16927.0
2018-12-03 15:00,,11.97,2030,11.97,11.89,11.92,,16927.0
2018-12-04 10:00,,12.19,2030,12.19,11.89,11.93,,33128.0
2018-12-04 10:00,{},12.19,2030,12.19,11.89,11.93,41.5444,33128.0
2018-12-04 10:30,,12.19,2030,12.26,12.1,12.19,,23349.0
2018-12-04 10:30,{},12.19,2030,12.26,12.1,12.19,29.281,23349.0
2018-12-04 11:00,{},12.16,2030,12.23,12.15,12.19,10.7573,8578.0
2018-12-04 11:00,,12.16,2030,12.23,12.15,12.19,,8578.0
2018-12-04 11:30,,12.12,2030,12.17,12.07,12.16,,7546.0
2018-12-04 11:30,{},12.12,2030,12.17,12.07,12.16,9.4631,7546.0
2018-12-04 13:30,{},12.1,2030,12.15,12.02,12.12,10.519,8388.0
2018-12-04 13:30,,12.1,2030,12.15,12.02,12.12,,8388.0
2018-12-04 14:00,{},12.08,2030,12.1,12.01,12.1,10.42,8309.0
2018-12-04 14:00,,12.08,2030,12.1,12.01,12.1,,8309.0
2018-12-04 14:30,{},12.13,2030,12.16,12.05,12.08,7.9256,6320.0
2018-12-04 14:30,,12.13,2030,12.16,12.05,12.08,,6320.0
2018-12-04 15:00,{},12.15,2030,12.18,12.13,12.13,15.9942,12754.0
2018-12-04 15:00,,12.15,2030,12.18,12.13,12.13,,12754.0
2018-12-05 10:00,{},12.05,2030,12.05,11.8,11.88,28.7655,22938.0
2018-12-05 10:00,,12.05,2030,12.05,11.8,11.88,,22938.0
2018-12-05 10:30,,12.18,2030,12.23,12.0,12.05,,14181.0
2018-12-05 10:30,{},12.18,2030,12.23,12.0,12.05,17.7838,14181.0
2018-12-05 11:00,{},12.21,2030,12.21,12.12,12.18,12.839,10238.0
2018-12-05 11:00,,12.21,2030,12.21,12.12,12.18,,10238.0
2018-12-05 11:30,,12.33,2030,12.43,12.21,12.21,,22170.0
2018-12-05 11:30,{},12.33,2030,12.43,12.21,12.21,27.8024,22170.0
2018-12-05 13:30,,12.21,2030,12.35,12.15,12.33,,10065.0
2018-12-05 13:30,{},12.21,2030,12.35,12.15,12.33,12.6221,10065.0
2018-12-05 14:00,{},12.19,2030,12.24,12.13,12.21,7.9683,6354.0
2018-12-05 14:00,,12.19,2030,12.24,12.13,12.21,,6354.0
2018-12-05 14:30,{},12.26,2030,12.3,12.16,12.19,10.3585,8260.0
2018-12-05 14:30,,12.26,2030,12.3,12.16,12.19,,8260.0
2018-12-05 15:00,{},12.21,2030,12.27,12.18,12.26,14.0329,11190.0
2018-12-05 15:00,,12.21,2030,12.27,12.18,12.26,,11190.0
2018-12-06 10:00,{},12.26,2030,12.38,12.1,12.1,26.8343,21398.0
2018-12-06 10:00,,12.26,2030,12.38,12.1,12.1,,21398.0
2018-12-06 10:30,,12.16,2030,12.31,12.12,12.26,,12384.0
2018-12-06 10:30,{},12.16,2030,12.31,12.12,12.26,15.5302,12384.0
2018-12-06 11:00,{},12.15,2030,12.2,12.1,12.16,9.9196,7910.0
2018-12-06 11:00,,12.15,2030,12.2,12.1,12.16,,7910.0
2018-12-06 11:30,,12.08,2030,12.16,12.0,12.15,,13655.0
2018-12-06 11:30,{},12.08,2030,12.16,12.0,12.15,17.1241,13655.0
2018-12-06 13:30,{},11.92,2030,12.08,11.87,12.08,26.443,21086.0
2018-12-06 13:30,,11.92,2030,12.08,11.87,12.08,,21086.0
2018-12-06 14:00,{},11.97,2030,12.03,11.87,11.92,6.9989,5581.0
2018-12-06 14:00,,11.97,2030,12.03,11.87,11.92,,5581.0
2018-12-06 14:30,{},11.95,2030,12.0,11.91,11.97,7.3663,5874.0
2018-12-06 14:30,,11.95,2030,12.0,11.91,11.97,,5874.0
2018-12-06 15:00,{},11.88,2030,11.99,11.85,11.95,18.7481,14950.0
2018-12-06 15:00,,11.88,2030,11.99,11.85,11.95,,14950.0
2018-12-07 10:00,,11.75,2030,12.0,11.68,11.88,,23909.0
2018-12-07 10:00,{},11.75,2030,12.0,11.68,11.88,29.9832,23909.0
2018-12-07 10:30,{},11.74,2030,11.84,11.71,11.75,7.9858,6368.0
2018-12-07 10:30,,11.74,2030,11.84,11.71,11.75,,6368.0
2018-12-07 11:00,,11.67,2030,11.76,11.64,11.74,,9454.0
2018-12-07 11:00,{},11.67,2030,11.76,11.64,11.74,11.8558,9454.0
2018-12-07 11:30,{},11.71,2030,11.74,11.66,11.67,3.5364,2820.0
2018-12-07 11:30,,11.71,2030,11.74,11.66,11.67,,2820.0
2018-12-07 13:30,{},11.74,2030,11.75,11.69,11.71,5.6558,4510.0
2018-12-07 13:30,,11.74,2030,11.75,11.69,11.71,,4510.0
2018-12-07 14:00,{},11.69,2030,11.75,11.68,11.74,6.0094,4792.0
2018-12-07 14:00,,11.69,2030,11.75,11.68,11.74,,4792.0
2018-12-07 14:30,,11.67,2030,11.7,11.63,11.69,,11164.0
2018-12-07 14:30,{},11.67,2030,11.7,11.63,11.69,14.0003,11164.0
2018-12-07 15:00,,11.74,2030,11.74,11.62,11.67,,10514.0
2018-12-07 15:00,{},11.74,2030,11.74,11.62,11.67,13.1851,10514.0
2018-12-10 10:00,{},11.52,2030,11.68,11.52,11.68,19.1745,15290.0
2018-12-10 10:00,,11.52,2030,11.68,11.52,11.68,,15290.0
2018-12-10 10:30,,11.46,2030,11.55,11.43,11.52,,11542.0
2018-12-10 10:30,{},11.46,2030,11.55,11.43,11.52,14.4743,11542.0
2018-12-10 11:00,,11.51,2030,11.52,11.46,11.46,,4150.0
2018-12-10 11:00,{},11.51,2030,11.52,11.46,11.46,5.2043,4150.0
2018-12-10 11:30,{},11.51,2030,11.53,11.46,11.51,5.242000000000001,4180.0
2018-12-10 11:30,,11.51,2030,11.53,11.46,11.51,,4180.0
2018-12-10 13:30,{},11.48,2030,11.54,11.47,11.51,2.7639,2204.0
2018-12-10 13:30,,11.48,2030,11.54,11.47,11.51,,2204.0
2018-12-10 14:00,,11.49,2030,11.51,11.44,11.48,,4035.0
2018-12-10 14:00,{},11.49,2030,11.51,11.44,11.48,5.0601,4035.0
2018-12-10 14:30,{},11.59,2030,11.61,11.48,11.49,5.7085,4552.0
2018-12-10 14:30,,11.59,2030,11.61,11.48,11.49,,4552.0
2018-12-10 15:00,{},11.5,2030,11.6,11.5,11.59,8.4084,6705.0
2018-12-10 15:00,,11.5,2030,11.6,11.5,11.59,,6705.0
2018-12-11 10:00,,11.63,2030,11.65,11.53,11.58,,9296.0
2018-12-11 10:00,{},11.63,2030,11.65,11.53,11.58,11.6577,9296.0
2018-12-11 10:30,,11.63,2030,11.65,11.6,11.63,,4161.0
2018-12-11 10:30,{},11.63,2030,11.65,11.6,11.63,5.2181,4161.0
2018-12-11 11:00,{},11.57,2030,11.63,11.57,11.63,4.1409,3302.0
2018-12-11 11:00,,11.57,2030,11.63,11.57,11.63,,3302.0
2018-12-11 11:30,{},11.57,2030,11.63,11.54,11.57,6.9236,5521.0
2018-12-11 11:30,,11.57,2030,11.63,11.54,11.57,,5521.0
2018-12-11 13:30,{},11.6,2030,11.63,11.57,11.57,3.2079,2558.0
2018-12-11 13:30,,11.6,2030,11.63,11.57,11.57,,2558.0
2018-12-11 14:00,{},11.53,2030,11.6,11.53,11.6,4.6212,3685.0
2018-12-11 14:00,,11.53,2030,11.6,11.53,11.6,,3685.0
2018-12-11 14:30,{},11.59,2030,11.62,11.51,11.53,7.3588,5868.0
2018-12-11 14:30,,11.59,2030,11.62,11.51,11.53,,5868.0
2018-12-11 15:00,{},11.64,2030,11.64,11.57,11.59,15.4011,12281.0
2018-12-11 15:00,,11.64,2030,11.64,11.57,11.59,,12281.0
2018-12-12 10:00,,11.6,2030,11.72,11.6,11.7,,8593.0
2018-12-12 10:00,{},11.6,2030,11.72,11.6,11.7,10.7761,8593.0
2018-12-12 10:30,{},11.59,2030,11.62,11.56,11.6,5.5191,4401.0
2018-12-12 10:30,,11.59,2030,11.62,11.56,11.6,,4401.0
2018-12-12 11:00,,11.56,2030,11.6,11.55,11.59,,4409.0
2018-12-12 11:00,{},11.56,2030,11.6,11.55,11.59,5.5291,4409.0
2018-12-12 11:30,{},11.57,2030,11.6,11.54,11.56,2.4090000000000003,1921.0
2018-12-12 11:30,,11.57,2030,11.6,11.54,11.56,,1921.0
2018-12-12 13:30,{},11.61,2030,11.65,11.57,11.63,3.8926,3104.0
2018-12-12 13:30,,11.61,2030,11.65,11.57,11.63,,3104.0
2018-12-12 14:00,,11.58,2030,11.63,11.58,11.61,,1680.0
2018-12-12 14:00,{},11.58,2030,11.63,11.58,11.61,2.1068,1680.0
2018-12-12 14:30,,11.62,2030,11.64,11.55,11.58,,4546.0
2018-12-12 14:30,{},11.62,2030,11.64,11.55,11.58,5.7009,4546.0
2018-12-12 15:00,,11.59,2030,11.62,11.59,11.62,,5178.0
2018-12-12 15:00,{},11.59,2030,11.62,11.59,11.62,6.4935,5178.0
2018-12-13 10:00,{},11.5,2030,11.62,11.43,11.6,13.1262,10467.0
2018-12-13 10:00,,11.5,2030,11.62,11.43,11.6,,10467.0
2018-12-13 10:30,{},11.64,2030,11.67,11.48,11.5,8.199,6538.0
2018-12-13 10:30,,11.64,2030,11.67,11.48,11.5,,6538.0
2018-12-13 11:00,,11.68,2030,11.69,11.62,11.64,,9117.0
2018-12-13 11:00,{},11.68,2030,11.69,11.62,11.64,11.4332,9117.0
2018-12-13 11:30,{},11.72,2030,11.74,11.67,11.68,8.811,7026.0
2018-12-13 11:30,,11.72,2030,11.74,11.67,11.68,,7026.0
2018-12-13 13:30,,11.67,2030,11.74,11.67,11.72,,6096.0
2018-12-13 13:30,{},11.67,2030,11.74,11.67,11.72,7.6447,6096.0
2018-12-13 14:00,{},11.69,2030,11.7,11.66,11.67,7.1845,5729.0
2018-12-13 14:00,,11.69,2030,11.7,11.66,11.67,,5729.0
2018-12-13 14:30,,11.67,2030,11.69,11.65,11.69,,4012.0
2018-12-13 14:30,{},11.67,2030,11.69,11.65,11.69,5.0313,4012.0
2018-12-13 15:00,{},11.65,2030,11.67,11.61,11.67,9.6738,7714.0
2018-12-13 15:00,,11.65,2030,11.67,11.61,11.67,,7714.0
2018-12-14 10:00,{},11.55,2030,11.66,11.53,11.66,8.2341,6566.0
2018-12-14 10:30,{},11.41,2030,11.58,11.39,11.56,19.5106,15558.0
2018-12-14 11:00,{},11.42,2030,11.47,11.35,11.41,17.4878,13945.0
2018-12-14 11:30,{},11.4,2030,11.44,11.39,11.42,3.9691,3165.0
2018-12-14 13:30,{},11.41,2030,11.43,11.4,11.4,3.3646,2683.0
2018-12-14 14:00,{},11.33,2030,11.41,11.33,11.41,12.0414,9602.0
2018-12-14 14:30,{},11.34,2030,11.37,11.33,11.33,8.8198,7033.0
2018-12-14 15:00,{},11.32,2030,11.37,11.27,11.34,16.8545,13440.0
2018-12-17 10:00,{},11.11,2030,11.31,11.1,11.23,13.3921,10679.0
2018-12-17 10:30,{},11.2,2030,11.22,11.11,11.11,4.7792,3811.0
2018-12-17 11:00,{},11.33,2030,11.33,11.19,11.2,4.3779,3491.0
2018-12-17 11:30,{},11.33,2030,11.35,11.22,11.33,4.5999,3668.0
2018-12-17 13:30,{},11.33,2030,11.35,11.3,11.33,4.0092,3197.0
2018-12-17 14:00,{},11.29,2030,11.33,11.22,11.33,4.7516,3789.0
2018-12-17 14:30,{},11.26,2030,11.32,11.24,11.29,3.3797,2695.0
2018-12-17 15:00,{},11.29,2030,11.3,11.23,11.26,6.4484,5142.0
2018-12-18 10:00,{},11.47,2030,11.47,11.16,11.2,14.5257,11583.0
2018-12-18 10:30,{},11.35,2030,11.47,11.34,11.46,5.7975,4623.0
2018-12-18 11:00,{},11.31,2030,11.39,11.31,11.35,4.3829,3495.0
2018-12-18 11:30,{},11.3,2030,11.32,11.25,11.31,6.5161,5196.0
2018-12-18 13:30,{},11.3,2030,11.31,11.25,11.3,3.7998,3030.0
2018-12-18 14:00,{},11.27,2030,11.3,11.25,11.3,3.5126,2801.0
2018-12-18 14:30,{},11.4,2030,11.41,11.27,11.27,7.7212,6157.0
2018-12-18 15:00,{},11.39,2030,11.43,11.36,11.4,10.1616,8103.0
2018-12-19 10:00,{},11.3,2030,11.4,11.29,11.4,8.3746,6678.0
2018-12-19 10:30,{},11.22,2030,11.32,11.18,11.3,10.9467,8729.0
2018-12-19 11:00,{},11.16,2030,11.22,11.12,11.22,10.972999999999999,8750.0
2018-12-19 11:00,{},11.16,2030,11.22,11.12,11.22,10.973,8750.0
2018-12-19 11:30,{},11.18,2030,11.26,11.16,11.16,2.9934,2387.0
2018-12-19 13:30,{},11.2,2030,11.22,11.18,11.18,2.6711,2130.0
2018-12-19 14:00,{},11.2,2030,11.23,11.17,11.21,2.1557,1719.0
2018-12-19 14:30,{},11.17,2030,11.22,11.15,11.2,6.9287,5525.0
2018-12-19 15:00,{},11.2,2030,11.3,11.14,11.17,9.0355,7205.0
2018-12-20 10:00,{},11.06,2030,11.18,11.01,11.14,15.3396,12232.0
2018-12-20 10:30,{},11.17,2030,11.22,11.06,11.06,8.8574,7063.0
2018-12-20 11:00,{},11.22,2030,11.23,11.15,11.17,3.4148,2723.0
2018-12-20 11:30,{},11.16,2030,11.24,11.15,11.22,2.9419999999999997,2346.0
2018-12-20 11:30,{},11.16,2030,11.24,11.15,11.22,2.942,2346.0
2018-12-20 13:30,{},11.14,2030,11.18,11.13,11.16,2.3564,1879.0
2018-12-20 14:00,{},11.24,2030,11.25,11.11,11.14,10.0613,8023.0
2018-12-20 14:30,{},11.23,2030,11.25,11.17,11.24,5.0024,3989.0
2018-12-20 15:00,{},11.19,2030,11.25,11.18,11.23,7.562,6030.0
2018-12-21 10:00,{},11.13,2030,11.22,11.08,11.12,9.492,7569.0
2018-12-21 10:30,{},11.14,2030,11.14,11.09,11.13,5.8452,4661.0
2018-12-21 11:00,{},11.13,2030,11.16,11.12,11.14,2.9282,2335.0
2018-12-21 11:30,{},11.13,2030,11.15,11.1,11.13,4.2437,3384.0
2018-12-21 13:30,{},11.1,2030,11.15,11.09,11.13,4.2161,3362.0
2018-12-21 14:00,{},11.05,2030,11.1,11.0,11.1,13.5262,10786.0
2018-12-21 14:30,{},11.03,2030,11.06,10.96,11.05,11.1059,8856.0
2018-12-21 15:00,{},11.03,2030,11.06,10.98,11.03,9.8531,7857.0
2018-12-24 10:00,{},11.07,2030,11.09,11.01,11.08,9.3377,7446.0
2018-12-24 10:30,{},11.1,2030,11.1,11.06,11.07,9.586,7644.0
2018-12-24 11:00,{},11.02,2030,11.1,11.0,11.1,8.3834,6685.0
2018-12-24 11:30,{},11.04,2030,11.05,11.01,11.02,5.6583,4512.0
2018-12-24 13:30,{},11.03,2030,11.06,11.03,11.04,3.6618,2920.0
2018-12-24 14:00,{},11.01,2030,11.05,11.0,11.03,4.4469,3546.0
2018-12-24 14:30,{},11.04,2030,11.04,11.01,11.01,3.2505,2592.0
2018-12-24 15:00,{},11.05,2030,11.08,11.03,11.04,9.7202,7751.0
2018-12-25 10:00,{},10.21,2030,10.95,10.05,10.95,59.6228,47544.0
2018-12-25 10:30,{},10.19,2030,10.31,10.17,10.21,20.7709,16563.0
2018-12-25 11:00,{},10.23,2030,10.27,10.15,10.19,11.2664,8984.0
2018-12-25 11:30,{},10.14,2030,10.24,10.11,10.24,8.7583,6984.0
2018-12-25 13:30,{},10.21,2030,10.21,10.13,10.14,8.6254,6878.0
2018-12-25 14:00,{},10.34,2030,10.35,10.18,10.21,7.1569,5707.0
2018-12-25 14:30,{},10.42,2030,10.5,10.33,10.34,12.064,9620.0
2018-12-25 15:00,{},10.34,2030,10.42,10.27,10.42,17.0226,13574.0
2018-12-26 10:00,{},10.32,2030,10.43,10.25,10.33,14.8309,11328.0
2018-12-26 10:30,{},10.31,2030,10.34,10.28,10.31,6.5946,5037.0
2018-12-26 11:00,{},10.28,2030,10.31,10.22,10.31,6.3196,4827.0
2018-12-26 11:30,{},10.27,2030,10.31,10.25,10.28,1.9782,1511.0
2018-12-26 13:30,{},10.25,2030,10.28,10.2,10.27,5.7148,4365.0
2018-12-26 14:00,{},10.25,2030,10.25,10.2,10.25,4.3951,3357.0
2018-12-26 14:30,{},10.22,2030,10.28,10.22,10.25,4.1306,3155.0
2018-12-26 15:00,{},10.2,2030,10.26,10.2,10.22,8.9695,6851.0
2018-12-27 10:00,{},10.3,2030,10.39,10.24,10.36,15.2224,11627.0
2018-12-27 10:30,{},10.26,2030,10.3,10.23,10.3,5.2592,4017.0
2018-12-27 11:00,{},10.23,2030,10.28,10.23,10.26,3.1578,2412.0
2018-12-27 11:30,{},10.25,2030,10.27,10.22,10.23,2.1052,1608.0
2018-12-27 13:30,{},9.95,2030,10.25,9.95,10.25,18.3579,14022.0
2018-12-27 14:00,{},9.88,2030,10.03,9.88,9.97,28.366999999999997,21667.0
2018-12-27 14:00,{},9.88,2030,10.03,9.88,9.97,28.367,21667.0
2018-12-27 14:30,{},9.79,2030,9.9,9.71,9.88,33.1875,25349.0
2018-12-27 15:00,{},9.51,2030,9.79,9.5,9.79,53.2409,40666.0
2018-12-28 10:00,{},9.67,2030,9.79,9.59,9.71,50.1302,38290.0
2018-12-28 10:30,{},9.85,2030,9.86,9.65,9.67,24.1539,18449.0
2018-12-28 11:00,{},10.04,2030,10.08,9.81,9.85,30.3256,23163.0
2018-12-28 11:30,{},9.97,2030,10.05,9.96,10.04,14.6947,11224.0
2018-12-28 13:30,{},10.09,2030,10.13,9.96,9.97,18.6381,14236.0
2018-12-28 14:00,{},10.16,2030,10.28,10.07,10.09,30.4552,23262.0
2018-12-28 14:30,{},10.15,2030,10.18,10.09,10.16,13.8974,10615.0
2018-12-28 15:00,{},10.16,2030,10.31,10.13,10.15,35.607,27197.0
2019-01-02 10:00,{},10.27,2030,10.39,10.11,10.11,37.851,28911.0
2019-01-02 10:30,{},10.09,2030,10.27,10.07,10.27,19.7313,15071.0
2019-01-02 11:00,{},10.09,2030,10.15,10.06,10.09,8.4563,6459.0
2019-01-02 11:30,{},10.1,2030,10.15,10.05,10.09,7.6105,5813.0
2019-01-02 13:30,{},10.01,2030,10.14,9.93,10.1,17.9717,13727.0
2019-01-02 14:00,{},9.93,2030,10.02,9.9,10.01,12.6235,9642.0
2019-01-02 14:30,{},10.0,2030,10.07,9.91,9.93,16.6992,12755.0
2019-01-02 15:00,{},9.99,2030,10.03,9.93,10.0,19.6632,15019.0
2019-01-03 10:00,{},10.15,2030,10.25,9.91,9.95,21.8313,16675.0
2019-01-03 10:30,{},10.05,2030,10.19,10.02,10.15,11.2174,8568.0
2019-01-03 11:00,{},9.98,2030,10.06,9.98,10.06,7.6315,5829.0
2019-01-03 11:30,{},10.11,2030,10.11,9.93,9.98,8.2966,6337.0
2019-01-03 13:30,{},10.03,2030,10.13,9.98,10.11,4.6373,3542.0
2019-01-03 14:00,{},10.01,2030,10.04,9.95,10.03,7.9404,6065.0
2019-01-03 14:30,{},9.93,2030,10.01,9.81,10.01,21.6506,16537.0
2019-01-03 15:00,{},9.86,2030,9.93,9.76,9.93,22.6195,17277.0
2019-01-04 10:00,{},9.92,2030,9.97,9.65,9.65,26.5236,20259.0
2019-01-04 10:30,{},9.99,2030,10.02,9.83,9.92,18.4208,14070.0
2019-01-04 11:00,{},10.05,2030,10.07,9.96,10.0,11.9153,9101.0
2019-01-04 11:30,{},10.08,2030,10.09,10.0,10.05,14.6123,11161.0
2019-01-04 13:30,{},10.06,2030,10.13,10.05,10.08,16.436,12554.0
2019-01-04 14:00,{},10.1,2030,10.1,10.05,10.06,7.9038,6037.0
2019-01-04 14:30,{},10.06,2030,10.1,10.04,10.1,11.3392,8661.0
2019-01-04 15:00,{},10.1,2030,10.11,10.06,10.06,14.1043,10773.0
2019-01-07 10:00,{},10.29,2030,10.29,10.13,10.19,23.9392,18285.0
2019-01-07 10:30,{},10.19,2030,10.29,10.17,10.29,15.2158,11622.0
2019-01-07 11:00,{},10.22,2030,10.26,10.18,10.19,10.3586,7912.0
2019-01-07 11:30,{},10.21,2030,10.23,10.18,10.22,7.4914,5722.0
2019-01-07 13:30,{},10.2,2030,10.27,10.19,10.21,9.0913,6944.0
2019-01-07 14:00,{},10.22,2030,10.23,10.17,10.2,9.4526,7220.0
2019-01-07 14:30,{},10.24,2030,10.24,10.18,10.22,10.7239,8191.0
2019-01-07 15:00,{},10.19,2030,10.24,10.17,10.24,14.6987,11227.0
2019-01-08 10:00,{},10.19,2030,10.22,10.13,10.2,16.7777,12815.0
2019-01-08 10:30,{},10.17,2030,10.21,10.14,10.19,7.8318,5982.0
2019-01-08 11:00,{},10.1,2030,10.17,10.08,10.16,14.3609,10969.0
2019-01-08 11:30,{},10.15,2030,10.18,10.1,10.1,6.7936,5189.0
2019-01-08 13:30,{},10.18,2030,10.19,10.15,10.15,5.8601,4476.0
2019-01-08 14:00,{},10.16,2030,10.18,10.14,10.18,5.4935,4196.0
2019-01-08 14:30,{},10.14,2030,10.18,10.11,10.16,5.9517,4546.0
2019-01-08 15:00,{},10.12,2030,10.15,10.12,10.14,7.4534,5693.0
2019-01-09 10:00,{},10.23,2030,10.26,10.11,10.15,17.723,13537.0
2019-01-09 10:30,{},10.26,2030,10.28,10.2,10.23,14.5573,11119.0
2019-01-09 11:00,{},10.27,2030,10.31,10.24,10.26,15.5772,11898.0
2019-01-09 11:30,{},10.29,2030,10.3,10.25,10.27,6.2843,4800.0
2019-01-09 13:30,{},10.32,2030,10.35,10.27,10.29,15.3035,11689.0
2019-01-09 14:00,{},10.27,2030,10.33,10.26,10.32,9.9436,7595.0
2019-01-09 14:30,{},10.23,2030,10.27,10.21,10.27,9.4028,7182.0
2019-01-09 15:00,{},10.15,2030,10.23,10.15,10.23,21.8588,16696.0
2019-01-10 10:00,{},10.47,2030,10.54,10.11,10.15,36.78,28093.0
2019-01-10 10:30,{},10.33,2030,10.48,10.31,10.48,31.2617,23878.0
2019-01-10 11:00,{},10.33,2030,10.37,10.28,10.33,9.4644,7229.0
2019-01-10 11:30,{},10.37,2030,10.38,10.33,10.33,5.9177,4520.0
2019-01-10 13:30,{},10.32,2030,10.38,10.32,10.37,6.4126,4898.0
2019-01-10 14:00,{},10.3,2030,10.33,10.27,10.32,7.981,6096.0
2019-01-10 14:30,{},10.24,2030,10.31,10.23,10.3,8.3332,6365.0
2019-01-10 15:00,{},10.25,2030,10.26,10.19,10.25,18.0856,13814.0
2019-01-11 10:00,{},10.13,2030,10.21,10.06,10.16,26.4162,20177.0
2019-01-11 10:30,{},10.09,2030,10.15,10.08,10.13,13.1813,10068.0
2019-01-11 11:00,{},10.06,2030,10.11,10.03,10.09,9.3845,7168.0
2019-01-11 11:30,{},10.07,2030,10.09,10.05,10.06,5.6414,4309.0
2019-01-11 13:30,{},10.12,2030,10.13,10.06,10.07,6.7713,5172.0
2019-01-11 14:00,{},10.09,2030,10.13,10.08,10.12,6.1887,4727.0
2019-01-11 14:30,{},10.14,2030,10.15,10.08,10.09,7.5987,5804.0
2019-01-11 15:00,{},10.16,2030,10.17,10.14,10.14,13.0425,9962.0
2019-01-14 10:00,{},10.17,2030,10.18,10.07,10.1,12.6314,9648.0
2019-01-14 10:30,{},10.1,2030,10.16,10.09,10.16,8.3961,6413.0
2019-01-14 11:00,{},10.11,2030,10.12,10.07,10.1,6.6207,5057.0
2019-01-14 11:30,{},10.24,2030,10.24,10.05,10.11,12.235999999999999,9346.0
2019-01-14 11:30,{},10.24,2030,10.24,10.05,10.11,12.236,9346.0
2019-01-14 13:30,{},10.19,2030,10.28,10.19,10.24,18.4548,14096.0
2019-01-14 14:00,{},10.16,2030,10.19,10.13,10.19,3.5991,2749.0
2019-01-14 14:30,{},10.15,2030,10.19,10.15,10.16,3.7994,2902.0
2019-01-14 15:00,{},10.18,2030,10.2,10.13,10.15,10.8116,8258.0
2019-01-15 10:00,{},10.0,2030,10.17,9.96,10.11,24.3228,18578.0
2019-01-15 10:30,{},10.02,2030,10.08,9.98,10.0,8.1866,6253.0
2019-01-15 11:00,{},10.06,2030,10.07,10.0,10.02,7.0096,5354.0
2019-01-15 11:30,{},10.15,2030,10.17,10.05,10.06,6.7006,5118.0
2019-01-15 13:30,{},10.1,2030,10.16,10.1,10.15,7.0017,5348.0
2019-01-15 14:00,{},10.15,2030,10.17,10.09,10.1,8.1394,6217.0
2019-01-15 14:30,{},10.14,2030,10.16,10.13,10.15,10.2512,7830.0
2019-01-15 15:00,{},10.19,2030,10.2,10.14,10.14,14.0624,10741.0
2019-01-16 10:00,{},10.2,2030,10.24,10.15,10.2,15.1687,11586.0
2019-01-16 10:30,{},10.18,2030,10.2,10.15,10.2,9.1685,7003.0
2019-01-16 11:00,{},10.17,2030,10.19,10.14,10.18,6.8368,5222.0
2019-01-16 11:30,{},10.19,2030,10.21,10.17,10.18,5.3508,4087.0
2019-01-16 13:30,{},10.18,2030,10.2,10.15,10.19,3.4956,2670.0
2019-01-16 14:00,{},10.14,2030,10.18,10.1,10.18,9.9148,7573.0
2019-01-16 14:30,{},10.14,2030,10.16,10.1,10.14,6.2673,4787.0
2019-01-16 15:00,{},10.12,2030,10.15,10.09,10.14,9.1764,7009.0
2019-01-17 10:00,{},10.12,2030,10.19,10.08,10.13,10.6754,8154.0
2019-01-17 10:30,{},10.07,2030,10.15,10.06,10.12,8.8608,6768.0
2019-01-17 11:00,{},10.07,2030,10.11,10.01,10.07,8.9787,6858.0
2019-01-17 11:30,{},10.07,2030,10.09,10.0,10.07,8.4903,6485.0
2019-01-17 13:30,{},10.03,2030,10.09,10.03,10.07,7.6197,5820.0
2019-01-17 14:00,{},10.03,2030,10.06,10.01,10.03,3.9447,3013.0
2019-01-17 14:30,{},9.92,2030,10.04,9.92,10.03,14.5625,11123.0
2019-01-17 15:00,{},9.87,2030,9.92,9.83,9.92,26.8627,20518.0
2019-01-18 10:00,{},9.97,2030,9.98,9.87,9.87,14.2457,10881.0
2019-01-18 10:30,{},9.91,2030,10.04,9.89,9.97,10.8875,8316.0
2019-01-18 11:00,{},9.89,2030,9.94,9.88,9.91,7.5673,5780.0
2019-01-18 11:30,{},9.94,2030,9.96,9.89,9.89,3.5833,2737.0
2019-01-18 13:30,{},9.96,2030,9.98,9.92,9.94,4.5338,3463.0
2019-01-18 14:00,{},10.06,2030,10.09,9.94,9.95,15.2629,11658.0
2019-01-18 14:30,{},10.04,2030,10.07,10.02,10.06,8.2507,6302.0
2019-01-18 15:00,{},10.03,2030,10.08,10.03,10.04,10.4974,8018.0
2019-01-21 10:00,{},10.22,2030,10.27,10.05,10.1,28.0475,21423.0
2019-01-21 10:30,{},10.2,2030,10.25,10.19,10.22,8.2154,6275.0
2019-01-21 11:00,{},10.22,2030,10.23,10.19,10.2,5.3953,4121.0
2019-01-21 11:30,{},10.2,2030,10.24,10.2,10.22,6.7831,5181.0
2019-01-21 13:30,{},10.17,2030,10.22,10.16,10.2,5.0497,3857.0
2019-01-21 14:00,{},10.15,2030,10.2,10.14,10.17,6.1219,4676.0
2019-01-21 14:30,{},10.16,2030,10.17,10.14,10.15,4.704,3593.0
2019-01-21 15:00,{},10.17,2030,10.17,10.13,10.16,10.7788,8233.0
2019-01-22 10:00,{},10.16,2030,10.23,10.14,10.22,11.8053,9017.0
2019-01-22 10:30,{},10.14,2030,10.2,10.12,10.16,5.2225,3989.0
2019-01-22 11:00,{},10.13,2030,10.16,10.12,10.14,3.819,2917.0
2019-01-22 11:30,{},10.1,2030,10.14,10.1,10.13,4.8625,3714.0
2019-01-22 13:30,{},10.03,2030,10.1,10.0,10.1,7.2439,5533.0
2019-01-22 14:00,{},10.03,2030,10.06,10.02,10.03,5.0248,3838.0
2019-01-22 14:30,{},9.95,2030,10.05,9.94,10.03,10.8666,8300.0
2019-01-22 15:00,{},9.97,2030,9.99,9.95,9.95,11.1258,8498.0
2019-01-23 10:00,{},9.99,2030,10.0,9.93,9.98,6.8237,5212.0
2019-01-23 10:30,{},9.98,2030,10.02,9.93,9.99,5.8666,4481.0
2019-01-23 11:00,{},9.97,2030,10.01,9.96,9.98,3.1173,2381.0
2019-01-23 11:30,{},9.98,2030,10.0,9.97,9.97,2.0345,1554.0
2019-01-23 13:30,{},9.97,2030,10.0,9.96,9.98,4.5875,3504.0
2019-01-23 14:00,{},9.94,2030,9.98,9.92,9.97,7.5438,5762.0
2019-01-23 14:30,{},9.96,2030,9.97,9.93,9.94,2.8789999999999996,2199.0
2019-01-23 14:30,{},9.96,2030,9.97,9.93,9.94,2.879,2199.0
2019-01-23 15:00,{},9.91,2030,9.97,9.91,9.96,7.2714,5554.0
2019-01-24 10:00,{},9.87,2030,9.98,9.85,9.93,11.6534,8901.0
2019-01-24 10:30,{},9.85,2030,9.87,9.82,9.87,9.6647,7382.0
2019-01-24 11:00,{},9.96,2030,9.97,9.85,9.85,7.82,5973.0
2019-01-24 11:30,{},9.98,2030,10.01,9.94,9.96,6.8551,5236.0
2019-01-24 13:30,{},9.94,2030,9.98,9.93,9.98,2.9339999999999997,2241.0
2019-01-24 13:30,{},9.94,2030,9.98,9.93,9.98,2.934,2241.0
2019-01-24 14:00,{},9.95,2030,9.96,9.92,9.94,1.6824,1285.0
2019-01-24 14:30,{},10.13,2030,10.15,9.94,9.95,18.735,14310.0
2019-01-24 15:00,{},10.05,2030,10.13,10.03,10.13,12.0305,9189.0
2019-01-25 10:00,{},9.89,2030,10.0,9.87,10.0,25.251,19287.0
2019-01-25 10:00,{},9.89,2030,10.0,9.87,10.0,25.250999999999998,19287.0
2019-01-25 10:30,{},9.91,2030,9.92,9.88,9.89,6.8381,5223.0
2019-01-25 11:00,{},9.93,2030,9.95,9.9,9.9,4.3911,3354.0
2019-01-25 11:30,{},9.94,2030,9.94,9.92,9.93,3.2521,2484.0
2019-01-25 13:30,{},9.97,2030,10.02,9.92,9.94,6.5867,5031.0
2019-01-25 14:00,{},9.98,2030,9.99,9.93,9.97,5.2971,4046.0
2019-01-25 14:30,{},9.93,2030,9.97,9.93,9.97,3.6226,2767.0
2019-01-25 15:00,{},9.87,2030,9.94,9.85,9.93,15.4135,11773.0
2019-01-28 10:00,{},9.93,2030,10.0,9.91,9.99,14.2025,10848.0
2019-01-28 10:30,{},9.97,2030,9.99,9.91,9.93,7.8292,5980.0
2019-01-28 11:00,{},9.91,2030,9.98,9.91,9.97,6.7923,5188.0
2019-01-28 11:30,{},9.89,2030,9.92,9.86,9.91,5.5747,4258.0
2019-01-28 13:30,{},9.78,2030,9.9,9.73,9.89,12.7767,9759.0
2019-01-28 14:00,{},9.78,2030,9.79,9.74,9.77,4.962,3790.0
2019-01-28 14:30,{},9.76,2030,9.79,9.75,9.78,4.3087,3291.0
2019-01-28 15:00,{},9.75,2030,9.78,9.74,9.76,7.7192,5896.0
2019-01-29 10:00,{},9.54,2030,9.79,9.52,9.79,17.9115,13681.0
2019-01-29 10:30,{},9.2,2030,9.55,9.13,9.54,32.8209,25069.0
2019-01-29 11:00,{},9.28,2030,9.31,9.2,9.2,7.0646,5396.0
2019-01-29 11:30,{},9.37,2030,9.42,9.27,9.28,5.7946,4426.0
2019-01-29 13:30,{},9.4,2030,9.4,9.35,9.37,3.6986,2825.0
2019-01-29 14:00,{},9.36,2030,9.45,9.36,9.4,4.4959,3434.0
2019-01-29 14:30,{},9.36,2030,9.42,9.35,9.36,3.4891,2665.0
2019-01-29 15:00,{},9.29,2030,9.36,9.29,9.36,9.7956,7482.0
2019-01-30 10:00,{},9.33,2030,9.33,9.2,9.26,9.5809,7318.0
2019-01-30 10:30,{},9.3,2030,9.34,9.29,9.33,3.0544,2333.0
2019-01-30 11:00,{},9.28,2030,9.31,9.28,9.3,1.935,1478.0
2019-01-30 11:30,{},9.34,2030,9.36,9.28,9.28,2.9863,2281.0
2019-01-30 13:30,{},9.29,2030,9.36,9.28,9.34,2.2663,1731.0
2019-01-30 14:00,{},9.26,2030,9.31,9.25,9.3,3.3843,2585.0
2019-01-30 14:30,{},9.26,2030,9.31,9.23,9.26,4.8389,3696.0
2019-01-30 15:00,{},9.12,2030,9.26,9.09,9.26,26.246,20047.0
2019-01-31 10:00,{},9.19,2030,9.24,9.13,9.13,8.9499,6836.0
2019-01-31 10:30,{},9.21,2030,9.22,9.16,9.19,4.306,3289.0
2019-01-31 11:00,{},9.21,2030,9.23,9.17,9.21,5.94,4537.0
2019-01-31 11:30,{},9.11,2030,9.21,9.11,9.21,5.4817,4187.0
2019-01-31 13:30,{},9.04,2030,9.14,9.04,9.11,6.5841,5029.0
2019-01-31 14:00,{},8.94,2030,9.09,8.93,9.04,10.949000000000002,8363.0
2019-01-31 14:30,{},8.94,2030,8.98,8.75,8.94,23.5412,17981.0
2019-01-31 15:00,{},8.96,2030,9.04,8.93,8.94,17.0068,12990.0
2019-02-01 10:00,{},9.17,2030,9.21,9.03,9.04,11.9454,9124.0
2019-02-01 10:30,{},9.19,2030,9.22,9.13,9.17,8.0478,6147.0
2019-02-01 11:00,{},9.22,2030,9.22,9.17,9.2,3.9041,2982.0
2019-02-01 11:30,{},9.25,2030,9.25,9.2,9.22,7.1641,5472.0
2019-02-01 13:30,{},9.25,2030,9.26,9.2,9.25,6.0106,4591.0
2019-02-01 14:00,{},9.36,2030,9.38,9.24,9.25,10.7199,8188.0
2019-02-01 14:30,{},9.4,2030,9.46,9.35,9.36,10.9032,8328.0
2019-02-01 15:00,{},9.35,2030,9.42,9.34,9.4,13.6015,10389.0
2019-02-11 10:00,{},9.58,2030,9.72,9.48,9.72,27.2973,20850.0
2019-02-11 10:30,{},9.61,2030,9.65,9.57,9.58,8.3371,6368.0
2019-02-11 11:00,{},9.66,2030,9.67,9.6,9.61,5.8954,4503.0
2019-02-11 11:30,{},9.66,2030,9.71,9.65,9.66,8.9656,6848.0
2019-02-11 13:30,{},9.68,2030,9.71,9.65,9.66,7.1405,5454.0
2019-02-11 14:00,{},9.68,2030,9.68,9.63,9.67,5.5773,4260.0
2019-02-11 14:30,{},9.68,2030,9.7,9.66,9.68,8.3398,6370.0
2019-02-11 15:00,{},9.75,2030,9.76,9.68,9.68,18.4601,14100.0
2019-02-12 10:00,{},10.17,2030,10.19,9.7,9.75,55.4627,42363.0
2019-02-12 10:30,{},10.14,2030,10.17,10.07,10.17,19.8649,15173.0
2019-02-12 11:00,{},10.1,2030,10.14,10.08,10.14,8.3529,6380.0
2019-02-12 11:30,{},10.14,2030,10.14,10.09,10.1,7.6354,5832.0
2019-02-12 13:30,{},10.05,2030,10.15,10.05,10.14,8.1486,6224.0
2019-02-12 14:00,{},10.01,2030,10.06,9.99,10.05,10.026,7658.0
2019-02-12 14:30,{},10.0,2030,10.03,9.98,10.01,7.0148,5358.0
2019-02-12 15:00,{},10.05,2030,10.05,10.0,10.0,12.5384,9577.0
2019-02-13 10:00,{},10.02,2030,10.14,9.92,10.13,27.5461,21040.0
2019-02-13 10:30,{},10.01,2030,10.09,10.0,10.02,13.0883,9997.0
2019-02-13 11:00,{},10.04,2030,10.09,10.01,10.01,11.9558,9132.0
2019-02-13 11:30,{},10.15,2030,10.22,10.03,10.04,27.9166,21323.0
2019-02-13 13:30,{},10.18,2030,10.22,10.15,10.15,13.8987,10616.0
2019-02-13 14:00,{},10.21,2030,10.24,10.16,10.18,14.7681,11280.0
2019-02-13 14:30,{},10.19,2030,10.22,10.16,10.21,12.3434,9428.0
2019-02-13 15:00,{},10.17,2030,10.2,10.16,10.19,14.624,11170.0
2019-02-14 10:00,{},10.21,2030,10.33,10.1,10.14,33.016,25218.0
2019-02-14 10:30,{},10.26,2030,10.28,10.2,10.21,15.8901,12137.0
2019-02-14 11:00,{},10.2,2030,10.28,10.18,10.26,10.7029,8175.0
2019-02-14 11:30,{},10.21,2030,10.28,10.19,10.2,8.8229,6739.0
2019-02-14 13:30,{},10.25,2030,10.26,10.2,10.21,5.2238,3990.0
2019-02-14 14:00,{},10.26,2030,10.27,10.22,10.25,6.9742,5327.0
2019-02-14 14:30,{},10.29,2030,10.31,10.26,10.26,19.750999999999998,15086.0
2019-02-14 14:30,{},10.29,2030,10.31,10.26,10.26,19.751,15086.0
2019-02-14 15:00,{},10.27,2030,10.3,10.25,10.3,13.5452,10346.0
2019-02-15 10:00,{},10.25,2030,10.3,10.15,10.23,18.1419,13857.0
2019-02-15 10:30,{},10.26,2030,10.35,10.23,10.25,19.6436,15004.0
2019-02-15 11:00,{},10.35,2030,10.37,10.26,10.26,10.770999999999999,8227.0
2019-02-15 11:00,{},10.35,2030,10.37,10.26,10.26,10.771,8227.0
2019-02-15 11:30,{},10.35,2030,10.37,10.3,10.35,8.2154,6275.0
2019-02-15 13:30,{},10.26,2030,10.35,10.23,10.35,12.4455,9506.0
2019-02-15 14:00,{},10.27,2030,10.29,10.23,10.26,7.3893,5644.0
2019-02-15 14:30,{},10.24,2030,10.28,10.23,10.27,9.5403,7287.0
2019-02-15 15:00,{},10.19,2030,10.24,10.18,10.24,17.1652,13111.0
2019-02-18 10:00,{},10.32,2030,10.37,10.2,10.2,23.8397,18209.0
2019-02-18 10:30,{},10.52,2030,10.57,10.32,10.32,39.2139,29952.0
2019-02-18 11:00,{},10.5,2030,10.55,10.49,10.52,13.6002,10388.0
2019-02-18 11:30,{},10.53,2030,10.56,10.49,10.5,12.634,9650.0
2019-02-18 13:30,{},10.52,2030,10.57,10.52,10.53,12.3303,9418.0
2019-02-18 14:00,{},10.56,2030,10.57,10.51,10.52,12.6,9624.0
2019-02-18 14:30,{},10.59,2030,10.63,10.56,10.56,15.9778,12204.0
2019-02-18 15:00,{},10.57,2030,10.61,10.54,10.59,31.3009,23908.0
2019-02-19 10:00,{},10.78,2030,10.96,10.63,10.91,67.4722,51536.0
2019-02-19 10:30,{},10.69,2030,10.79,10.61,10.79,30.0087,22921.0
2019-02-19 11:00,{},10.75,2030,10.77,10.65,10.69,16.343,12483.0
2019-02-19 11:30,{},10.62,2030,10.77,10.62,10.75,18.1603,13871.0
2019-02-19 13:30,{},10.48,2030,10.62,10.42,10.62,26.2945,20084.0
2019-02-19 14:00,{},10.51,2030,10.57,10.46,10.48,11.7935,9008.0
2019-02-19 14:30,{},10.68,2030,10.69,10.47,10.51,15.094000000000001,11529.0
2019-02-19 14:30,{},10.68,2030,10.69,10.47,10.51,15.094,11529.0
2019-02-19 15:00,{},10.69,2030,10.77,10.58,10.68,23.9352,18282.0
2019-02-20 10:00,{},10.64,2030,10.7,10.53,10.7,25.5548,19519.0
2019-02-20 10:30,{},10.58,2030,10.64,10.54,10.64,17.9704,13726.0
2019-02-20 11:00,{},10.53,2030,10.62,10.51,10.58,11.7922,9007.0
2019-02-20 11:30,{},10.48,2030,10.56,10.48,10.53,10.9648,8375.0
2019-02-20 13:30,{},10.46,2030,10.48,10.42,10.48,11.3326,8656.0
2019-02-20 14:00,{},10.47,2030,10.49,10.4,10.46,10.1439,7748.0
2019-02-20 14:30,{},10.49,2030,10.52,10.44,10.47,8.6972,6643.0
2019-02-20 15:00,{},10.49,2030,10.55,10.48,10.49,12.9142,9864.0
2019-02-21 10:00,{},10.54,2030,10.59,10.49,10.5,17.8879,13663.0
2019-02-21 10:30,{},10.48,2030,10.57,10.47,10.54,21.398000000000003,16344.0
2019-02-21 11:00,{},10.55,2030,10.56,10.47,10.48,12.9207,9869.0
2019-02-21 11:30,{},10.56,2030,10.57,10.52,10.55,10.0391,7668.0
2019-02-21 13:30,{},10.61,2030,10.65,10.56,10.56,22.3485,17070.0
2019-02-21 14:00,{},10.51,2030,10.64,10.51,10.61,19.9657,15250.0
2019-02-21 14:30,{},10.43,2030,10.54,10.37,10.51,20.3964,15579.0
2019-02-21 15:00,{},10.58,2030,10.65,10.37,10.43,51.2169,39120.0
2019-02-22 10:00,{},10.35,2030,10.48,10.32,10.48,37.6847,28784.0
2019-02-22 10:30,{},10.36,2030,10.44,10.35,10.35,11.0381,8431.0
2019-02-22 11:00,{},10.4,2030,10.45,10.35,10.36,9.6804,7394.0
2019-02-22 11:30,{},10.46,2030,10.51,10.4,10.4,10.0038,7641.0
2019-02-22 13:30,{},10.52,2030,10.53,10.44,10.46,12.6942,9696.0
2019-02-22 14:00,{},10.54,2030,10.54,10.45,10.52,18.9419,14468.0
2019-02-22 14:30,{},10.6,2030,10.6,10.5,10.54,22.7923,17409.0
2019-02-22 15:00,{},10.63,2030,10.64,10.55,10.6,41.2759,31527.0
2019-02-25 10:00,{},10.77,2030,10.91,10.72,10.85,74.6939,57052.0
2019-02-25 10:30,{},10.95,2030,10.95,10.77,10.77,40.9761,31298.0
2019-02-25 11:00,{},10.95,2030,11.0,10.88,10.95,30.6738,23429.0
2019-02-25 11:30,{},11.29,2030,11.3,10.94,10.95,53.7227,41034.0
2019-02-25 13:30,{},11.27,2030,11.35,11.13,11.29,35.3085,26969.0
2019-02-25 14:00,{},11.17,2030,11.26,11.13,11.26,29.4667,22507.0
2019-02-25 14:30,{},11.28,2030,11.3,11.16,11.17,20.1843,15417.0
2019-02-25 15:00,{},11.3,2030,11.32,11.26,11.28,36.2079,27656.0
2019-02-26 10:00,{},11.83,2030,11.94,11.31,11.39,130.1893,99440.0
2019-02-26 10:30,{},11.67,2030,11.93,11.61,11.83,65.8566,50302.0
2019-02-26 11:00,{},11.66,2030,11.72,11.5,11.67,41.4095,31629.0
2019-02-26 11:30,{},11.75,2030,11.75,11.62,11.66,15.9189,12159.0
2019-02-26 13:30,{},11.72,2030,11.8,11.72,11.75,18.9903,14505.0
2019-02-26 14:00,{},11.67,2030,11.76,11.61,11.72,19.6148,14982.0
2019-02-26 14:30,{},11.57,2030,11.8,11.56,11.68,22.3733,17089.0
2019-02-26 15:00,{},11.45,2030,11.61,11.4,11.57,44.6157,34078.0
2019-02-27 10:00,{},11.56,2030,11.66,11.28,11.37,53.1755,40616.0
2019-02-27 10:30,{},11.56,2030,11.58,11.43,11.56,23.964000000000002,18304.0
2019-02-27 10:30,{},11.56,2030,11.58,11.43,11.56,23.964,18304.0
2019-02-27 11:00,{},11.62,2030,11.64,11.53,11.56,18.5059,14135.0
2019-02-27 11:30,{},11.56,2030,11.63,11.51,11.62,14.5992,11151.0
2019-02-27 13:30,{},11.58,2030,11.62,11.55,11.56,18.1354,13852.0
2019-02-27 14:00,{},11.4,2030,11.59,11.36,11.58,31.4031,23986.0
2019-02-27 14:30,{},11.38,2030,11.44,11.3,11.4,21.3665,16320.0
2019-02-27 15:00,{},11.34,2030,11.38,11.19,11.38,33.8579,25861.0
2019-02-28 10:00,{},11.71,2030,11.86,11.56,11.58,84.5563,64585.0
2019-02-28 10:30,{},11.84,2030,11.88,11.7,11.71,45.455,34719.0
2019-02-28 11:00,{},12.05,2030,12.37,11.78,11.84,95.5105,72952.0
2019-02-28 11:30,{},12.0,2030,12.13,11.9,12.05,29.036,22178.0
2019-02-28 11:30,{},12.0,2030,12.13,11.9,12.05,29.035999999999998,22178.0
2019-02-28 13:30,{},11.97,2030,12.09,11.96,12.0,20.9515,16003.0
2019-02-28 14:00,{},11.86,2030,11.98,11.82,11.97,18.2493,13939.0
2019-02-28 14:30,{},11.83,2030,11.87,11.79,11.86,18.6002,14207.0
2019-02-28 15:00,{},11.88,2030,11.99,11.82,11.83,30.6568,23416.0
2019-03-01 10:00,{},11.57,2030,11.98,11.52,11.98,83.1567,63516.0
2019-03-01 10:30,{},11.53,2030,11.65,11.53,11.57,22.7674,17390.0
2019-03-01 11:00,{},11.63,2030,11.69,11.53,11.53,22.389,17101.0
2019-03-01 11:30,{},11.56,2030,11.67,11.53,11.63,16.9924,12979.0
2019-03-01 13:30,{},11.56,2030,11.61,11.5,11.56,15.5431,11872.0
2019-03-01 14:00,{},11.57,2030,11.59,11.5,11.56,12.4363,9499.0
2019-03-01 14:30,{},11.66,2030,11.67,11.53,11.57,12.9299,9876.0
2019-03-01 15:00,{},11.71,2030,11.74,11.61,11.66,28.4691,21745.0
2019-03-04 10:00,{},12.01,2030,12.15,11.86,11.86,81.1798,62006.0
2019-03-04 10:30,{},11.99,2030,12.07,11.98,12.01,33.5541,25629.0
2019-03-04 11:00,{},11.99,2030,12.02,11.91,11.99,25.0625,19143.0
2019-03-04 11:30,{},12.06,2030,12.09,11.97,11.99,24.4183,18651.0
2019-03-04 13:30,{},12.14,2030,12.15,12.01,12.06,39.4993,30170.0
2019-03-04 14:00,{},12.7,2030,12.88,12.1,12.14,166.6656,127301.0
2019-03-04 14:30,{},12.55,2030,12.7,12.4,12.7,54.7976,41855.0
2019-03-04 15:00,{},12.5,2030,12.55,12.32,12.55,43.2659,33047.0
2019-03-05 10:00,{},12.62,2030,12.65,12.28,12.6,82.2127,62795.0
2019-03-05 10:30,{},12.56,2030,12.68,12.44,12.62,50.4863,38562.0
2019-03-05 11:00,{},12.85,2030,12.92,12.5,12.56,78.2432,59763.0
2019-03-05 11:30,{},12.74,2030,12.87,12.65,12.85,30.5625,23344.0
2019-03-05 13:30,{},12.77,2030,12.84,12.63,12.74,29.7822,22748.0
2019-03-05 14:00,{},12.64,2030,12.78,12.58,12.77,35.5088,27122.0
2019-03-05 14:30,{},12.68,2030,12.73,12.6,12.64,23.7284,18124.0
2019-03-05 15:00,{},12.8,2030,12.82,12.67,12.68,53.1205,40574.0
2019-03-06 10:00,{},12.84,2030,13.41,12.8,12.8,145.1131,110839.0
2019-03-06 10:30,{},13.0,2030,13.14,12.81,12.84,57.4108,43851.0
2019-03-06 11:00,{},13.09,2030,13.15,12.95,13.0,24.6998,18866.0
2019-03-06 11:30,{},13.11,2030,13.2,13.03,13.09,18.6604,14253.0
2019-03-06 13:30,{},13.22,2030,13.26,13.11,13.11,40.0649,30602.0
2019-03-06 14:00,{},13.14,2030,13.23,13.1,13.22,24.421,18653.0
2019-03-06 14:30,{},13.14,2030,13.15,12.92,13.14,44.2688,33813.0
2019-03-06 15:00,{},13.17,2030,13.2,13.11,13.14,37.1636,28386.0
2019-03-07 10:00,{},13.14,2030,13.25,12.91,13.15,84.7644,64744.0
2019-03-07 10:30,{},13.05,2030,13.18,13.02,13.14,36.9515,28224.0
2019-03-07 11:00,{},12.91,2030,13.05,12.83,13.05,44.871,34273.0
2019-03-07 11:30,{},12.92,2030,13.02,12.9,12.91,14.7785,11288.0
2019-03-07 13:30,{},12.89,2030,12.96,12.81,12.92,45.997,35133.0
2019-03-07 14:00,{},12.93,2030,12.94,12.77,12.89,59.1704,45195.0
2019-03-07 14:30,{},12.97,2030,13.06,12.82,12.93,58.2487,44491.0
2019-03-07 15:00,{},12.96,2030,13.05,12.9,12.97,51.6633,39461.0
2019-03-08 10:00,{},12.72,2030,12.81,12.38,12.58,75.4179,57605.0
2019-03-08 10:30,{},12.78,2030,12.84,12.61,12.72,30.3517,23183.0
2019-03-08 11:00,{},13.03,2030,13.35,12.76,12.78,109.7169,83803.0
2019-03-08 11:30,{},12.99,2030,13.1,12.89,13.03,31.0849,23743.0
2019-03-08 13:30,{},12.94,2030,13.04,12.9,12.99,26.9831,20610.0
2019-03-08 14:00,{},12.84,2030,12.98,12.8,12.94,20.5666,15709.0
2019-03-08 14:30,{},12.97,2030,13.0,12.84,12.84,22.6496,17300.0
2019-03-08 15:00,{},12.64,2030,12.97,12.62,12.96,57.1568,43657.0
2019-03-11 10:00,{},13.03,2030,13.24,12.75,12.75,83.3518,63665.0
2019-03-11 10:30,{},13.18,2030,13.25,12.99,13.03,68.1176,52029.0
2019-03-11 11:00,{},13.13,2030,13.24,13.12,13.17,30.4971,23294.0
2019-03-11 11:30,{},13.18,2030,13.23,13.13,13.13,22.6483,17299.0
2019-03-11 13:30,{},13.17,2030,13.24,13.17,13.18,25.5495,19515.0
2019-03-11 14:00,{},13.25,2030,13.39,13.12,13.17,59.6417,45555.0
2019-03-11 14:30,{},13.36,2030,13.37,13.18,13.25,30.0847,22979.0
2019-03-11 15:00,{},13.69,2030,13.69,13.36,13.36,85.2109,65085.0
2019-03-12 10:00,{},13.55,2030,14.0,13.5,13.94,118.6982,90663.0
2019-03-12 10:30,{},13.6,2030,13.65,13.53,13.55,37.2946,28486.0
2019-03-12 11:00,{},13.65,2030,13.72,13.58,13.6,27.3981,20927.0
2019-03-12 11:30,{},13.74,2030,13.86,13.6,13.6,27.6207,21097.0
2019-03-12 13:30,{},13.6,2030,13.78,13.55,13.74,35.5978,27190.0
2019-03-12 14:00,{},13.48,2030,13.64,13.41,13.6,52.7853,40318.0
2019-03-12 14:30,{},13.33,2030,13.5,13.26,13.48,45.8791,35043.0
2019-03-12 15:00,{},13.55,2030,13.58,13.32,13.33,38.4977,29405.0
2019-03-13 10:00,{},13.71,2030,13.96,13.38,13.55,115.4697,88197.0
2019-03-13 10:30,{},13.65,2030,13.75,13.51,13.71,38.6457,29518.0
2019-03-13 11:00,{},13.66,2030,13.79,13.58,13.63,36.5954,27952.0
2019-03-13 11:30,{},13.69,2030,13.84,13.66,13.68,25.2353,19275.0
2019-03-13 13:30,{},13.59,2030,13.7,13.4,13.69,40.5611,30981.0
2019-03-13 14:00,{},13.52,2030,13.7,13.44,13.59,19.3438,14775.0
2019-03-13 14:30,{},13.23,2030,13.53,13.12,13.52,42.8889,32759.0
2019-03-13 15:00,{},13.29,2030,13.35,13.18,13.23,35.336,26990.0
2019-03-14 10:00,{},13.03,2030,13.18,12.92,13.0,63.0824,48183.0
2019-03-14 10:30,{},12.55,2030,13.04,12.5,13.02,76.1995,58202.0
2019-03-14 11:00,{},12.58,2030,12.68,12.39,12.55,46.2732,35344.0
2019-03-14 11:30,{},12.52,2030,12.68,12.5,12.58,12.075,9223.0
2019-03-14 13:30,{},12.56,2030,12.59,12.45,12.52,17.4912,13360.0
2019-03-14 14:00,{},12.56,2030,12.62,12.46,12.56,13.3017,10160.0
2019-03-14 14:30,{},12.36,2030,12.57,12.35,12.56,28.7349,21948.0
2019-03-14 15:00,{},12.49,2030,12.53,12.22,12.36,47.026,35919.0
2019-03-15 10:00,{},12.76,2030,12.82,12.56,12.56,51.1278,39052.0
2019-03-15 10:30,{},12.6,2030,12.84,12.59,12.76,30.7183,23463.0
2019-03-15 11:00,{},12.69,2030,12.69,12.58,12.6,19.9434,15233.0
2019-03-15 11:30,{},12.67,2030,12.8,12.63,12.69,24.3568,18604.0
2019-03-15 13:30,{},12.58,2030,12.74,12.52,12.67,19.0518,14552.0
2019-03-15 14:00,{},12.5,2030,12.59,12.45,12.58,21.6245,16517.0
2019-03-15 14:30,{},12.54,2030,12.55,12.43,12.5,14.5324,11100.0
2019-03-15 15:00,{},12.56,2030,12.64,12.51,12.55,28.2452,21574.0
2019-03-18 10:00,{},12.73,2030,12.8,12.56,12.62,43.7032,33381.0
2019-03-18 10:30,{},12.77,2030,12.89,12.62,12.73,26.0523,19899.0
2019-03-18 11:00,{},12.73,2030,12.84,12.72,12.77,16.3509,12489.0
2019-03-18 11:30,{},12.76,2030,12.77,12.66,12.73,14.264000000000001,10895.0
2019-03-18 11:30,{},12.76,2030,12.77,12.66,12.73,14.264,10895.0
2019-03-18 13:30,{},12.78,2030,12.86,12.72,12.76,22.0513,16843.0
2019-03-18 14:00,{},12.86,2030,12.9,12.75,12.78,24.1067,18413.0
2019-03-18 14:30,{},12.85,2030,12.89,12.8,12.87,17.2032,13140.0
2019-03-18 15:00,{},12.86,2030,12.9,12.8,12.85,26.9137,20557.0
2019-03-19 10:00,{},13.0,2030,13.14,12.93,12.95,60.8763,46498.0
2019-03-19 10:30,{},13.05,2030,13.07,12.95,13.0,21.4307,16369.0
2019-03-19 11:00,{},12.96,2030,13.06,12.88,13.06,18.480999999999998,14116.0
2019-03-19 11:00,{},12.96,2030,13.06,12.88,13.06,18.481,14116.0
2019-03-19 11:30,{},13.0,2030,13.03,12.95,12.96,10.9634,8374.0
2019-03-19 13:30,{},13.27,2030,13.32,13.0,13.0,68.3769,52227.0
2019-03-19 14:00,{},13.17,2030,13.27,13.11,13.27,22.6457,17297.0
2019-03-19 14:30,{},13.11,2030,13.23,13.05,13.16,19.0911,14582.0
2019-03-19 15:00,{},13.14,2030,13.18,13.1,13.11,19.5624,14942.0
2019-03-20 10:00,{},13.34,2030,13.38,13.12,13.14,51.3308,39207.0
2019-03-20 10:30,{},13.21,2030,13.36,13.17,13.34,34.1642,26095.0
2019-03-20 11:00,{},13.15,2030,13.21,13.02,13.21,22.8368,17443.0
2019-03-20 11:30,{},12.86,2030,13.17,12.81,13.15,32.4871,24814.0
2019-03-20 13:30,{},12.94,2030,13.02,12.82,12.86,19.3595,14787.0
2019-03-20 14:00,{},12.92,2030,13.0,12.89,12.94,12.4677,9523.0
2019-03-20 14:30,{},13.08,2030,13.1,12.92,12.92,14.4761,11057.0
2019-03-20 15:00,{},13.04,2030,13.1,13.0,13.08,17.8107,13604.0
2019-03-21 10:00,{},13.18,2030,13.29,13.05,13.18,44.6393,34096.0
2019-03-21 10:30,{},13.47,2030,13.58,13.15,13.18,92.1694,70400.0
2019-03-21 11:00,{},13.43,2030,13.54,13.36,13.46,38.7491,29597.0
2019-03-21 11:30,{},13.48,2030,13.48,13.31,13.43,24.3215,18577.0
2019-03-21 13:30,{},13.67,2030,13.69,13.44,13.48,69.0328,52728.0
2019-03-21 14:00,{},13.52,2030,13.77,13.51,13.67,48.169,36792.0
2019-03-21 14:30,{},13.55,2030,13.64,13.51,13.52,24.3725,18616.0
2019-03-21 15:00,{},13.56,2030,13.62,13.54,13.55,43.2633,33045.0
2019-03-22 10:00,{},13.43,2030,13.72,13.36,13.57,70.2255,53639.0
2019-03-22 10:30,{},13.78,2030,13.97,13.29,13.42,94.0743,71855.0
2019-03-22 11:00,{},13.53,2030,13.83,13.53,13.78,40.8818,31226.0
2019-03-22 11:30,{},13.7,2030,13.73,13.46,13.53,29.7286,22707.0
2019-03-22 13:30,{},14.11,2030,14.23,13.7,13.7,102.1994,78061.0
2019-03-22 14:00,{},14.08,2030,14.22,13.97,14.11,28.7571,21965.0
2019-03-22 14:30,{},14.13,2030,14.26,14.08,14.08,38.3577,29298.0
2019-03-22 15:00,{},14.46,2030,14.5,14.0,14.12,84.7173,64708.0
2019-03-25 10:00,{},14.49,2030,14.49,13.93,14.05,124.0058,94717.0
2019-03-25 10:30,{},15.01,2030,15.51,14.48,14.5,153.7998,117474.0
2019-03-25 11:00,{},14.9,2030,15.12,14.88,15.01,45.345,34635.0
2019-03-25 11:30,{},14.88,2030,14.99,14.64,14.9,40.6789,31071.0
2019-03-25 13:30,{},14.87,2030,15.01,14.8,14.88,27.643,21114.0
2019-03-25 14:00,{},14.82,2030,15.0,14.76,14.87,23.7389,18132.0
2019-03-25 14:30,{},14.85,2030,15.12,14.8,14.81,29.9629,22886.0
2019-03-25 15:00,{},14.56,2030,14.92,14.56,14.87,60.1824,45968.0
2019-03-26 10:00,{},14.67,2030,15.08,14.48,14.66,120.5704,92093.0
2019-03-26 10:30,{},14.39,2030,14.74,14.34,14.67,44.7899,34211.0
2019-03-26 11:00,{},14.23,2030,14.55,14.23,14.4,38.4611,29377.0
2019-03-26 11:30,{},14.0,2030,14.3,14.0,14.23,63.2879,48340.0
2019-03-26 13:30,{},14.13,2030,14.17,13.83,14.0,40.2154,30717.0
2019-03-26 14:00,{},13.96,2030,14.16,13.93,14.12,19.8884,15191.0
2019-03-26 14:30,{},13.95,2030,14.03,13.81,13.96,27.9794,21371.0
2019-03-26 15:00,{},13.79,2030,13.97,13.75,13.95,47.9137,36597.0
2019-03-27 10:00,{},13.79,2030,14.05,13.52,13.96,68.1818,52078.0
2019-03-27 10:30,{},13.69,2030,13.81,13.5,13.79,33.757,25784.0
2019-03-27 11:00,{},13.7,2030,13.73,13.58,13.69,17.5842,13431.0
2019-03-27 11:30,{},13.76,2030,13.85,13.7,13.7,18.1773,13884.0
2019-03-27 13:30,{},13.72,2030,13.84,13.66,13.76,12.6864,9690.0
2019-03-27 14:00,{},13.69,2030,13.8,13.61,13.72,12.7767,9759.0
2019-03-27 14:30,{},13.77,2030,13.83,13.67,13.69,24.5231,18731.0
2019-03-27 15:00,{},13.81,2030,13.81,13.65,13.77,30.5913,23366.0
2019-03-28 10:00,{},13.75,2030,13.79,13.51,13.68,37.9178,28962.0
2019-03-28 10:30,{},13.83,2030,13.96,13.7,13.75,31.331,23931.0
2019-03-28 11:00,{},13.8,2030,13.88,13.74,13.83,14.7772,11287.0
2019-03-28 11:30,{},13.64,2030,13.81,13.59,13.81,21.3246,16288.0
2019-03-28 13:30,{},13.43,2030,13.69,13.33,13.64,33.2844,25423.0
2019-03-28 14:00,{},13.4,2030,13.49,13.33,13.43,19.9814,15262.0
2019-03-28 14:30,{},13.46,2030,13.49,13.27,13.4,23.3238,17815.0
2019-03-28 15:00,{},13.28,2030,13.46,13.25,13.46,35.7353,27295.0
2019-03-29 10:00,{},12.72,2030,13.38,12.65,13.26,86.5541,66111.0
2019-03-29 10:30,{},13.03,2030,13.03,12.71,12.72,37.5276,28664.0
2019-03-29 11:00,{},13.05,2030,13.05,12.89,13.03,27.2175,20789.0
2019-03-29 11:30,{},13.2,2030,13.25,13.01,13.05,28.1339,21489.0
2019-03-29 13:30,{},13.26,2030,13.37,13.2,13.2,24.8307,18966.0
2019-03-29 14:00,{},13.31,2030,13.33,13.24,13.26,15.8953,12141.0
2019-03-29 14:30,{},13.29,2030,13.33,13.18,13.31,34.4653,26325.0
2019-03-29 15:00,{},13.3,2030,13.3,13.24,13.29,62.6254,47834.0
2019-04-01 10:00,{},13.75,2030,13.86,13.36,13.37,84.6139,64629.0
2019-04-01 10:30,{},13.7,2030,13.78,13.6,13.75,32.7686,25029.0
2019-04-01 11:00,{},13.73,2030,13.81,13.64,13.7,44.8998,34295.0
2019-04-01 11:30,{},13.7,2030,13.76,13.65,13.73,14.8401,11335.0
2019-04-01 13:30,{},13.73,2030,13.78,13.68,13.7,21.288,16260.0
2019-04-01 14:00,{},13.71,2030,13.74,13.67,13.73,24.2468,18520.0
2019-04-01 14:30,{},13.8,2030,13.8,13.66,13.71,22.8237,17433.0
2019-04-01 15:00,{},13.82,2030,13.85,13.71,13.8,40.7391,31117.0
2019-04-02 10:00,{},13.79,2030,14.03,13.73,14.03,56.0885,42841.0
2019-04-02 10:30,{},13.77,2030,13.83,13.66,13.79,41.5063,31703.0
2019-04-02 11:00,{},13.79,2030,13.8,13.7,13.77,23.261,17767.0
2019-04-02 11:30,{},13.88,2030,13.97,13.77,13.79,30.9173,23615.0
2019-04-02 13:30,{},13.85,2030,13.94,13.83,13.88,21.8929,16722.0
2019-04-02 14:00,{},13.73,2030,13.86,13.7,13.85,33.1915,25352.0
2019-04-02 14:30,{},13.79,2030,13.8,13.68,13.72,18.8973,14434.0
2019-04-02 15:00,{},13.72,2030,13.8,13.67,13.79,31.3415,23939.0
2019-04-03 10:00,{},13.67,2030,13.84,13.54,13.64,47.3795,36189.0
2019-04-03 10:30,{},13.77,2030,13.77,13.64,13.67,16.868,12884.0
2019-04-03 11:00,{},13.69,2030,13.77,13.67,13.77,17.287,13204.0
2019-04-03 11:30,{},13.64,2030,13.69,13.6,13.69,15.7212,12008.0
2019-04-03 13:30,{},13.63,2030,13.7,13.61,13.64,16.7227,12773.0
2019-04-03 14:00,{},13.63,2030,13.71,13.62,13.63,14.6908,11221.0
2019-04-03 14:30,{},13.75,2030,13.78,13.61,13.63,25.7236,19648.0
2019-04-03 15:00,{},13.79,2030,13.79,13.7,13.75,32.944,25163.0
2019-04-04 10:00,{},13.65,2030,13.84,13.63,13.78,53.5224,40881.0
2019-04-04 10:30,{},13.66,2030,13.71,13.61,13.65,34.5504,26390.0
2019-04-04 11:00,{},13.63,2030,13.69,13.61,13.66,20.5928,15729.0
2019-04-04 11:30,{},13.5,2030,13.67,13.41,13.63,37.614,28730.0
2019-04-04 11:30,{},13.5,2030,13.67,13.41,13.63,37.614000000000004,28730.0
2019-04-04 13:30,{},13.57,2030,13.62,13.49,13.5,15.4043,11766.0
2019-04-04 14:00,{},13.58,2030,13.6,13.5,13.57,14.4643,11048.0
2019-04-04 14:30,{},13.56,2030,13.6,13.52,13.58,18.0202,13764.0
2019-04-04 15:00,{},13.55,2030,13.57,13.48,13.56,34.8502,26619.0
2019-04-08 10:00,{},13.54,2030,13.71,13.52,13.68,37.851,28911.0
2019-04-08 10:30,{},13.37,2030,13.55,13.35,13.54,44.13399999999999,33710.0
2019-04-08 11:00,{},13.3,2030,13.38,13.23,13.37,38.177,29160.0
2019-04-08 11:30,{},13.19,2030,13.3,13.19,13.3,23.1183,17658.0
2019-04-08 13:30,{},13.05,2030,13.19,12.95,13.19,39.0856,29854.0
2019-04-08 14:00,{},13.1,2030,13.12,13.01,13.05,16.5303,12626.0
2019-04-08 14:30,{},13.14,2030,13.23,13.04,13.1,17.9547,13714.0
2019-04-08 15:00,{},13.19,2030,13.23,13.12,13.13,23.5543,17991.0
2019-04-09 10:00,{},13.22,2030,13.35,13.0,13.1,33.8893,25885.0
2019-04-09 10:30,{},13.21,2030,13.33,13.18,13.22,22.5422,17218.0
2019-04-09 11:00,{},13.31,2030,13.35,13.2,13.21,16.9479,12945.0
2019-04-09 11:30,{},13.29,2030,13.33,13.26,13.31,8.7783,6705.0
2019-04-09 13:30,{},13.23,2030,13.35,13.2,13.29,13.8568,10584.0
2019-04-09 14:00,{},13.21,2030,13.25,13.19,13.23,12.888,9844.0
2019-04-09 14:30,{},13.23,2030,13.24,13.16,13.21,11.7778,8996.0
2019-04-09 15:00,{},13.28,2030,13.29,13.22,13.23,17.4192,13305.0
2019-04-10 10:00,{},13.98,2030,14.27,13.28,13.31,200.3873,153058.0
2019-04-10 10:30,{},13.99,2030,14.07,13.92,13.98,45.1198,34463.0
2019-04-10 11:00,{},13.93,2030,14.0,13.87,13.99,25.6346,19580.0
2019-04-10 11:30,{},13.95,2030,14.0,13.93,13.93,19.2783,14725.0
2019-04-10 13:30,{},14.14,2030,14.24,13.95,13.95,82.45100000000001,62977.0
2019-04-10 13:30,{},14.14,2030,14.24,13.95,13.95,82.451,62977.0
2019-04-10 13:30,{},14.14,2030,14.24,13.95,13.95,82.45100000000002,62977.0
2019-04-10 14:00,{},14.07,2030,14.15,13.99,14.14,27.2044,20779.0
2019-04-10 14:30,{},14.1,2030,14.22,14.07,14.07,37.1296,28360.0
2019-04-10 15:00,{},14.2,2030,14.23,14.02,14.09,74.8719,57188.0
2019-04-11 10:00,{},13.91,2030,14.59,13.86,14.53,200.2302,152938.0
2019-04-11 10:30,{},13.87,2030,13.96,13.73,13.91,51.1776,39090.0
2019-04-11 11:00,{},13.77,2030,13.88,13.75,13.87,26.5157,20253.0
2019-04-11 11:30,{},13.71,2030,13.79,13.58,13.77,43.1403,32951.0
2019-04-11 13:30,{},13.71,2030,13.84,13.64,13.71,16.4386,12556.0
2019-04-11 14:00,{},13.75,2030,13.83,13.67,13.71,14.1134,10780.0
2019-04-11 14:30,{},13.76,2030,13.85,13.72,13.75,11.9886,9157.0
2019-04-11 15:00,{},13.53,2030,13.77,13.51,13.76,47.5157,36293.0
2019-04-12 10:00,{},13.06,2030,13.3,12.71,13.08,94.8769,72468.0
2019-04-12 10:30,{},13.16,2030,13.24,13.05,13.06,20.0835,15340.0
2019-04-12 11:00,{},13.14,2030,13.19,13.05,13.16,18.4313,14078.0
2019-04-12 11:30,{},13.04,2030,13.16,13.04,13.14,12.7636,9749.0
2019-04-12 13:30,{},13.09,2030,13.16,13.02,13.04,13.3489,10196.0
2019-04-12 14:00,{},13.09,2030,13.12,13.05,13.09,12.1758,9300.0
2019-04-12 14:30,{},13.13,2030,13.13,13.03,13.09,15.7421,12024.0
2019-04-12 15:00,{},13.08,2030,13.17,13.03,13.13,30.5678,23348.0
2019-04-15 10:00,{},13.17,2030,13.33,13.14,13.14,43.6103,33310.0
2019-04-15 10:30,{},13.18,2030,13.22,13.16,13.17,18.1013,13826.0
2019-04-15 11:00,{},13.13,2030,13.18,13.11,13.18,11.4321,8732.0
2019-04-15 11:30,{},13.13,2030,13.18,13.12,13.13,8.2678,6315.0
2019-04-15 13:30,{},13.1,2030,13.13,13.09,13.13,8.9669,6849.0
2019-04-15 14:00,{},13.01,2030,13.1,13.01,13.1,12.6131,9634.0
2019-04-15 14:30,{},13.03,2030,13.08,12.98,13.01,12.0632,9214.0
2019-04-15 15:00,{},12.84,2030,13.05,12.81,13.03,36.7931,28103.0
2019-04-16 10:00,{},12.79,2030,12.98,12.71,12.75,28.2387,21569.0
2019-04-16 10:30,{},12.79,2030,12.84,12.7,12.79,16.635,12706.0
2019-04-16 11:00,{},12.83,2030,12.88,12.77,12.79,10.2787,7851.0
2019-04-16 11:30,{},12.93,2030,12.93,12.79,12.83,8.4694,6469.0
2019-04-16 13:30,{},12.92,2030,12.95,12.89,12.93,10.3036,7870.0
2019-04-16 14:00,{},12.96,2030,12.96,12.88,12.92,10.877,8308.0
2019-04-16 14:30,{},13.01,2030,13.07,12.94,12.96,16.1611,12344.0
2019-04-16 15:00,{},13.06,2030,13.08,13.01,13.01,16.868,12884.0
2019-04-17 10:00,{},13.05,2030,13.16,13.02,13.1,24.4746,18694.0
2019-04-17 10:30,{},12.98,2030,13.07,12.93,13.05,22.5462,17221.0
2019-04-17 11:00,{},12.97,2030,13.03,12.93,12.98,18.5831,14194.0
2019-04-17 11:30,{},13.04,2030,13.04,12.93,12.97,8.2285,6285.0
2019-04-17 13:30,{},13.08,2030,13.09,13.0,13.04,11.2449,8589.0
2019-04-17 14:00,{},13.06,2030,13.09,13.0,13.07,12.1719,9297.0
2019-04-17 14:30,{},13.0,2030,13.09,12.97,13.06,15.8796,12129.0
2019-04-17 15:00,{},13.05,2030,13.06,12.98,13.0,14.9291,11403.0
2019-04-18 10:00,{},12.99,2030,13.15,12.98,13.15,19.9892,15268.0
2019-04-18 10:30,{},12.97,2030,12.99,12.88,12.99,14.4368,11027.0
2019-04-18 11:00,{},12.94,2030,13.0,12.94,12.97,9.4879,7247.0
2019-04-18 11:30,{},12.92,2030,12.98,12.92,12.94,7.6943,5877.0
2019-04-18 13:30,{},12.9,2030,12.95,12.9,12.92,8.6828,6632.0
2019-04-18 14:00,{},12.88,2030,12.93,12.85,12.9,11.9427,9122.0
2019-04-18 14:30,{},12.83,2030,12.91,12.83,12.88,10.9818,8388.0
2019-04-18 15:00,{},12.81,2030,12.85,12.8,12.83,18.8489,14397.0
2019-04-19 10:00,{},13.01,2030,13.08,12.92,12.97,32.1428,24551.0
2019-04-19 10:30,{},12.91,2030,13.01,12.91,13.01,10.788,8240.0
2019-04-19 11:00,{},12.89,2030,12.94,12.84,12.91,8.9368,6826.0
2019-04-19 11:30,{},12.95,2030,12.98,12.88,12.89,5.1675,3947.0
2019-04-19 13:30,{},12.97,2030,12.98,12.92,12.95,7.3552,5618.0
2019-04-19 14:00,{},12.96,2030,13.01,12.96,12.97,8.9734,6854.0
2019-04-19 14:30,{},12.98,2030,12.99,12.95,12.96,7.3356,5603.0
2019-04-19 15:00,{},13.01,2030,13.02,12.97,12.98,15.9882,12212.0
2019-04-22 10:00,{},12.81,2030,13.07,12.78,13.02,27.4309,20952.0
2019-04-22 10:30,{},12.85,2030,12.91,12.81,12.81,13.2952,10155.0
2019-04-22 11:00,{},12.83,2030,12.87,12.82,12.85,8.1997,6263.0
2019-04-22 11:30,{},12.8,2030,12.9,12.79,12.83,7.6079,5811.0
2019-04-22 13:30,{},12.81,2030,12.85,12.78,12.8,6.7569,5161.0
2019-04-22 14:00,{},12.79,2030,12.82,12.77,12.81,6.5108,4973.0
2019-04-22 14:30,{},12.79,2030,12.85,12.79,12.8,8.3306,6363.0
2019-04-22 15:00,{},12.8,2030,12.8,12.76,12.79,17.4061,13295.0
2019-04-23 10:00,{},12.65,2030,12.86,12.51,12.86,27.6364,21109.0
2019-04-23 10:30,{},12.6,2030,12.67,12.58,12.65,11.7542,8978.0
2019-04-23 11:00,{},12.44,2030,12.61,12.39,12.6,32.1454,24553.0
2019-04-23 11:30,{},12.48,2030,12.5,12.4,12.44,9.2313,7051.0
2019-04-23 13:30,{},12.54,2030,12.54,12.45,12.48,6.0342,4609.0
2019-04-23 14:00,{},12.6,2030,12.64,12.53,12.54,9.2693,7080.0
2019-04-23 14:30,{},12.55,2030,12.61,12.53,12.6,6.1429,4692.0
2019-04-23 15:00,{},12.49,2030,12.57,12.46,12.55,13.485,10300.0
2019-04-24 10:00,{},12.4,2030,12.6,12.39,12.53,14.7772,11287.0
2019-04-24 10:30,{},12.43,2030,12.49,12.4,12.4,8.7404,6676.0
2019-04-24 11:00,{},12.41,2030,12.46,12.38,12.43,6.1102,4667.0
2019-04-24 11:30,{},12.32,2030,12.41,12.28,12.41,11.8144,9024.0
2019-04-24 13:30,{},12.48,2030,12.49,12.32,12.32,9.5822,7319.0
2019-04-24 14:00,{},12.53,2030,12.61,12.41,12.48,11.2829,8618.0
2019-04-24 14:30,{},12.52,2030,12.58,12.46,12.53,8.3555,6382.0
2019-04-24 15:00,{},12.6,2030,12.61,12.48,12.52,14.0152,10705.0
2019-04-25 10:00,{},12.53,2030,12.62,12.5,12.61,13.0857,9995.0
2019-04-25 10:30,{},12.5,2030,12.55,12.49,12.53,7.7506,5920.0
2019-04-25 11:00,{},12.46,2030,12.52,12.45,12.5,7.096,5420.0
2019-04-25 11:30,{},12.43,2030,12.5,12.42,12.45,4.4396,3391.0
2019-04-25 13:30,{},12.37,2030,12.44,12.33,12.43,10.0902,7707.0
2019-04-25 14:00,{},12.28,2030,12.37,12.25,12.37,17.4061,13295.0
2019-04-25 14:30,{},12.09,2030,12.29,12.03,12.28,28.3945,21688.0
2019-04-25 15:00,{},12.02,2030,12.12,12.0,12.09,27.7582,21202.0
2019-04-26 10:00,{},12.06,2030,12.1,11.92,12.05,19.6593,15016.0
2019-04-26 10:30,{},12.0,2030,12.06,11.97,12.06,6.5226,4982.0
2019-04-26 11:00,{},11.9,2030,12.03,11.85,12.0,13.1145,10017.0
2019-04-26 11:30,{},11.9,2030,11.97,11.85,11.9,8.4327,6441.0
2019-04-26 13:30,{},12.01,2030,12.04,11.85,11.9,7.0292,5369.0
2019-04-26 14:00,{},11.9,2030,12.02,11.88,12.01,6.388999999999999,4880.0
2019-04-26 14:00,{},11.9,2030,12.02,11.88,12.01,6.389,4880.0
2019-04-26 14:30,{},11.92,2030,12.0,11.87,11.9,7.2099,5507.0
2019-04-26 15:00,{},11.82,2030,11.98,11.82,11.92,13.6683,10440.0
2019-04-29 10:00,{},11.68,2030,11.92,11.61,11.81,21.8379,16680.0
2019-04-29 10:30,{},11.54,2030,11.75,11.54,11.68,18.8149,14371.0
2019-04-29 11:00,{},11.41,2030,11.55,11.21,11.53,25.991999999999997,19853.0
2019-04-29 11:00,{},11.41,2030,11.55,11.21,11.53,25.992,19853.0
2019-04-29 11:30,{},11.49,2030,11.59,11.38,11.42,6.1651,4709.0
2019-04-29 13:30,{},11.66,2030,11.67,11.39,11.49,7.9666,6085.0
2019-04-29 14:00,{},11.58,2030,11.66,11.58,11.66,5.2317,3996.0
2019-04-29 14:30,{},11.45,2030,11.59,11.42,11.58,7.8357,5985.0
2019-04-29 15:00,{},11.32,2030,11.46,11.27,11.45,16.1545,12339.0
2019-04-30 10:00,{},11.6,2030,11.6,11.35,11.35,18.0503,13787.0
2019-04-30 10:30,{},11.67,2030,11.74,11.57,11.6,14.4028,11001.0
2019-04-30 11:00,{},11.69,2030,11.71,11.65,11.67,7.0044,5350.0
2019-04-30 11:30,{},11.67,2030,11.69,11.65,11.69,4.996,3816.0
2019-04-30 13:30,{},11.65,2030,11.68,11.62,11.67,5.0104,3827.0
2019-04-30 14:00,{},11.61,2030,11.66,11.6,11.65,6.9782,5330.0
2019-04-30 14:30,{},11.63,2030,11.64,11.51,11.61,7.6197,5820.0
2019-04-30 15:00,{},11.67,2030,11.67,11.6,11.63,9.7262,7429.0
2019-05-06 10:00,{},11.27,2030,11.58,10.96,11.0,27.4021,20930.0
2019-05-06 10:30,{},11.14,2030,11.29,11.14,11.27,10.4214,7960.0
2019-05-06 11:00,{},10.97,2030,11.18,10.92,11.14,19.7627,15095.0
2019-05-06 11:30,{},11.0,2030,11.06,10.96,10.97,9.1567,6994.0
2019-05-06 13:30,{},10.89,2030,11.03,10.71,11.0,11.6076,8866.0
2019-05-06 14:00,{},10.75,2030,10.92,10.72,10.89,11.8773,9072.0
2019-05-06 14:30,{},10.68,2030,10.75,10.57,10.74,17.4507,13329.0
2019-05-06 15:00,{},10.66,2030,10.75,10.64,10.68,13.3973,10233.0
2019-05-07 10:00,{},10.97,2030,11.02,10.61,10.61,36.1752,27631.0
2019-05-07 10:30,{},11.0,2030,11.14,10.94,10.97,16.4137,12537.0
2019-05-07 11:00,{},10.96,2030,11.01,10.86,11.0,13.5073,10317.0
2019-05-07 11:30,{},10.91,2030,11.0,10.9,10.96,5.6218,4294.0
2019-05-07 13:30,{},10.82,2030,10.91,10.75,10.91,11.6338,8886.0
2019-05-07 14:00,{},10.85,2030,10.94,10.78,10.81,9.721,7425.0
2019-05-07 14:30,{},10.95,2030,10.95,10.79,10.85,7.748,5918.0
2019-05-07 15:00,{},10.96,2030,10.98,10.9,10.94,9.6385,7362.0
2019-05-08 10:00,{},11.03,2030,11.11,10.6,10.73,23.1759,17702.0
2019-05-08 10:30,{},11.09,2030,11.13,11.01,11.03,10.7723,8228.0
2019-05-08 11:00,{},11.06,2030,11.15,11.03,11.09,11.08,8463.0
2019-05-08 11:30,{},11.13,2030,11.18,11.04,11.06,8.2979,6338.0
2019-05-08 13:30,{},11.12,2030,11.16,11.06,11.13,4.0926,3126.0
2019-05-08 14:00,{},11.06,2030,11.13,11.01,11.12,6.5736,5021.0
2019-05-08 14:30,{},11.01,2030,11.11,11.0,11.06,6.8145,5205.0
2019-05-08 15:00,{},11.11,2030,11.12,10.94,11.01,19.0885,14580.0
2019-05-09 10:00,{},10.98,2030,11.08,10.85,11.0,19.2823,14728.0
2019-05-09 10:30,{},10.93,2030,10.99,10.91,10.98,6.6744,5098.0
2019-05-09 11:00,{},10.97,2030,11.0,10.91,10.93,5.8823,4493.0
2019-05-09 11:30,{},10.94,2030,10.98,10.92,10.97,3.0256,2311.0
2019-05-09 13:30,{},10.94,2030,11.05,10.9,10.94,6.1272,4680.0
2019-05-09 14:00,{},10.97,2030,10.98,10.93,10.94,2.5111,1918.0
2019-05-09 14:30,{},10.88,2030,10.97,10.86,10.97,8.8058,6726.0
2019-05-09 15:00,{},10.84,2030,10.92,10.82,10.88,11.2266,8575.0
2019-05-10 10:00,{},11.1,2030,11.12,10.96,10.96,15.4646,11812.0
2019-05-10 10:30,{},11.03,2030,11.13,11.03,11.1,8.3057,6344.0
2019-05-10 11:00,{},10.95,2030,11.04,10.94,11.03,6.482,4951.0
2019-05-10 11:30,{},10.95,2030,10.97,10.9,10.95,4.3388,3314.0
2019-05-10 13:30,{},10.93,2030,10.99,10.63,10.95,13.6212,10404.0
2019-05-10 14:00,{},11.04,2030,11.06,10.92,10.92,10.2041,7794.0
2019-05-10 14:30,{},11.03,2030,11.09,11.0,11.04,7.6995,5881.0
2019-05-10 15:00,{},11.09,2030,11.1,11.03,11.06,11.0787,8462.0
2019-05-13 10:00,{},11.09,2030,11.14,10.95,11.06,17.9115,13681.0
2019-05-13 10:30,{},11.1,2030,11.13,11.07,11.09,8.6828,6632.0
2019-05-13 11:00,{},11.12,2030,11.15,11.08,11.1,5.7619,4401.0
2019-05-13 11:30,{},11.05,2030,11.12,11.04,11.12,4.7905,3659.0
2019-05-13 13:30,{},11.01,2030,11.06,11.0,11.05,4.3689,3337.0
2019-05-13 14:00,{},11.01,2030,11.04,11.0,11.0,3.1356,2395.0
2019-05-13 14:30,{},10.99,2030,11.02,10.97,11.02,5.2749,4029.0
2019-05-13 15:00,{},11.0,2030,11.01,10.97,10.99,6.1102,4667.0
2019-05-14 10:00,{},10.95,2030,10.98,10.71,10.79,17.1273,13082.0
2019-05-14 10:30,{},11.0,2030,11.05,10.9,10.94,8.6082,6575.0
2019-05-14 11:00,{},10.93,2030,11.04,10.93,11.0,3.1356,2395.0
2019-05-14 11:30,{},10.95,2030,10.98,10.91,10.93,4.4501,3399.0
2019-05-14 13:30,{},11.02,2030,11.05,10.92,10.95,3.6619,2797.0
2019-05-14 14:00,{},11.03,2030,11.03,10.98,11.02,4.7918,3660.0
2019-05-14 14:30,{},10.99,2030,11.04,10.99,11.03,4.7486,3627.0
2019-05-14 15:00,{},10.92,2030,11.0,10.9,10.99,6.9899,5339.0
2019-05-15 10:00,{},11.03,2030,11.11,11.01,11.04,13.6762,10446.0
2019-05-15 10:30,{},10.99,2030,11.04,10.99,11.03,4.78,3651.0
2019-05-15 11:00,{},11.01,2030,11.02,10.98,10.99,2.9732,2271.0
2019-05-15 11:30,{},11.06,2030,11.06,11.0,11.01,2.841,2170.0
2019-05-15 13:30,{},11.06,2030,11.09,11.04,11.06,4.996,3816.0
2019-05-15 14:00,{},11.09,2030,11.09,11.05,11.06,5.4961,4198.0
2019-05-15 14:30,{},11.1,2030,11.12,11.08,11.09,9.9593,7607.0
2019-05-15 15:00,{},11.1,2030,11.1,11.07,11.09,10.8234,8267.0
2019-05-16 10:00,{},11.1,2030,11.13,11.04,11.13,9.3007,7104.0
2019-05-16 10:30,{},11.09,2030,11.11,11.06,11.1,8.7783,6705.0
2019-05-16 11:00,{},11.14,2030,11.24,11.07,11.09,15.5772,11898.0
2019-05-16 11:30,{},11.16,2030,11.18,11.12,11.14,3.8046,2906.0
2019-05-16 13:30,{},11.17,2030,11.18,11.13,11.16,5.0418,3851.0
2019-05-16 14:00,{},11.22,2030,11.23,11.16,11.17,13.2952,10155.0
2019-05-16 14:30,{},11.19,2030,11.22,11.15,11.21,7.7925,5952.0
2019-05-16 15:00,{},11.22,2030,11.22,11.18,11.19,11.9912,9159.0
2019-05-17 10:00,{},11.15,2030,11.26,11.11,11.23,13.0333,9955.0
2019-05-17 10:30,{},11.16,2030,11.2,11.11,11.14,9.2012,7028.0
2019-05-17 11:00,{},11.05,2030,11.16,11.05,11.16,8.1355,6214.0
2019-05-17 11:30,{},11.0,2030,11.09,10.97,11.05,14.264,10895.0
2019-05-17 13:30,{},10.98,2030,11.01,10.94,11.0,6.2515,4775.0
2019-05-17 14:00,{},10.9,2030,10.99,10.85,10.98,11.7896,9005.0
2019-05-17 14:30,{},10.9,2030,10.96,10.88,10.9,7.6616,5852.0
2019-05-17 15:00,{},10.83,2030,10.9,10.8,10.9,14.3412,10954.0
2019-05-20 10:00,{},10.6,2030,10.89,10.55,10.89,22.444,17143.0
2019-05-20 10:30,{},10.66,2030,10.66,10.56,10.6,7.9431,6067.0
2019-05-20 11:00,{},10.77,2030,10.84,10.65,10.66,3.891,2972.0
2019-05-20 11:30,{},10.76,2030,10.83,10.72,10.77,2.4757,1891.0
2019-05-20 13:30,{},10.72,2030,10.82,10.7,10.76,3.4367,2625.0
2019-05-20 14:00,{},10.76,2030,10.78,10.69,10.72,2.1563,1647.0
2019-05-20 14:30,{},10.74,2030,10.8,10.7,10.76,3.1029,2370.0
2019-05-20 15:00,{},10.79,2030,10.83,10.7,10.76,6.0827,4646.0
2019-05-21 10:00,{},11.41,2030,11.44,10.83,10.83,66.6618,50917.0
2019-05-21 10:30,{},11.41,2030,11.55,11.34,11.41,35.6345,27218.0
2019-05-21 11:00,{},11.48,2030,11.5,11.4,11.41,14.1815,10832.0
2019-05-21 11:30,{},11.44,2030,11.5,11.4,11.5,8.6762,6627.0
2019-05-21 13:30,{},11.38,2030,11.45,11.37,11.44,7.4115,5661.0
2019-05-21 14:00,{},11.42,2030,11.44,11.37,11.38,6.6928,5112.0
2019-05-21 14:30,{},11.36,2030,11.44,11.35,11.42,9.1004,6951.0
2019-05-21 15:00,{},11.4,2030,11.4,11.35,11.36,11.4544,8749.0
2019-05-22 10:00,{},11.26,2030,11.34,11.09,11.25,44.2858,33826.0
2019-05-22 10:30,{},11.24,2030,11.3,11.21,11.26,9.6149,7344.0
2019-05-22 11:00,{},11.21,2030,11.24,11.17,11.24,6.9926,5341.0
2019-05-22 11:30,{},11.23,2030,11.28,11.2,11.21,2.9667,2266.0
2019-05-22 13:30,{},11.18,2030,11.26,11.18,11.23,4.382,3347.0
2019-05-22 14:00,{},11.2,2030,11.21,11.14,11.21,8.5951,6565.0
2019-05-22 14:30,{},11.17,2030,11.25,11.15,11.19,5.5302,4224.0
2019-05-22 15:00,{},11.18,2030,11.22,11.15,11.17,12.1143,9253.0
2019-05-23 10:00,{},11.11,2030,11.19,11.08,11.18,13.159,10051.0
2019-05-23 10:30,{},11.22,2030,11.28,11.1,11.11,10.2237,7809.0
2019-05-23 11:00,{},11.27,2030,11.31,11.2,11.22,10.0313,7662.0
2019-05-23 11:30,{},11.21,2030,11.26,11.19,11.26,5.1138,3906.0
2019-05-23 13:30,{},11.19,2030,11.24,11.17,11.21,4.653,3554.0
2019-05-23 14:00,{},11.14,2030,11.2,11.1,11.19,7.062,5394.0
2019-05-23 14:30,{},11.14,2030,11.16,11.1,11.14,4.4108,3369.0
2019-05-23 15:00,{},11.11,2030,11.14,11.05,11.14,13.7848,10529.0
2019-05-24 10:00,{},11.2,2030,11.25,11.08,11.08,14.8296,11327.0
2019-05-24 10:30,{},11.14,2030,11.2,11.11,11.19,6.5867,5031.0
2019-05-24 11:00,{},11.18,2030,11.18,11.12,11.14,4.2812,3270.0
2019-05-24 11:30,{},11.11,2030,11.21,11.1,11.18,6.6142,5052.0
2019-05-24 13:30,{},11.17,2030,11.17,11.09,11.11,4.1555,3174.0
2019-05-24 14:00,{},11.13,2030,11.17,11.11,11.17,2.9274,2236.0
2019-05-24 14:30,{},11.12,2030,11.15,11.02,11.13,7.3578,5620.0
2019-05-24 15:00,{},11.06,2030,11.12,11.04,11.12,6.8734,5250.0
2019-05-27 10:00,{},11.1,2030,11.16,10.95,11.12,9.7105,7417.0
2019-05-27 10:30,{},11.07,2030,11.11,11.05,11.1,3.9159,2991.0
2019-05-27 11:00,{},11.09,2030,11.12,11.07,11.07,2.4718,1888.0
2019-05-27 11:30,{},11.15,2030,11.16,11.04,11.09,4.6006,3514.0
2019-05-27 13:30,{},11.26,2030,11.26,11.15,11.15,9.8074,7491.0
2019-05-27 14:00,{},11.24,2030,11.26,11.2,11.26,10.3049,7871.0
2019-05-27 14:30,{},11.28,2030,11.3,11.23,11.24,11.1467,8514.0
2019-05-27 15:00,{},11.31,2030,11.31,11.27,11.28,14.7445,11262.0
2019-05-28 10:00,{},11.35,2030,11.37,11.25,11.36,14.844,11338.0
2019-05-28 10:30,{},11.32,2030,11.38,11.3,11.34,9.4879,7247.0
2019-05-28 11:00,{},11.32,2030,11.33,11.29,11.32,8.1041,6190.0
2019-05-28 11:30,{},11.35,2030,11.37,11.31,11.32,6.9913,5340.0
2019-05-28 13:30,{},11.35,2030,11.36,11.32,11.35,6.7176,5131.0
2019-05-28 14:00,{},11.29,2030,11.36,11.29,11.35,7.8423,5990.0
2019-05-28 14:30,{},11.24,2030,11.29,11.22,11.29,11.7752,8994.0
2019-05-28 15:00,{},11.23,2030,11.24,11.2,11.24,11.3588,8676.0
2019-05-29 10:00,{},11.13,2030,11.21,11.12,11.19,18.3501,14016.0
2019-05-29 10:30,{},11.14,2030,11.18,11.13,11.13,8.3895,6408.0
2019-05-29 11:00,{},11.11,2030,11.16,11.11,11.14,6.8983,5269.0
2019-05-29 11:30,{},11.13,2030,11.16,11.09,11.12,7.0842,5411.0
2019-05-29 13:30,{},11.17,2030,11.17,11.12,11.13,4.2681,3260.0
2019-05-29 14:00,{},11.14,2030,11.2,11.13,11.17,8.8923,6792.0
2019-05-29 14:30,{},11.14,2030,11.15,11.12,11.14,5.5289,4223.0
2019-05-29 15:00,{},11.11,2030,11.14,11.1,11.14,10.3717,7922.0
2019-05-30 10:00,{},10.83,2030,11.1,10.83,11.1,22.0539,16845.0
2019-05-30 10:30,{},10.84,2030,10.9,10.81,10.82,12.4861,9537.0
2019-05-30 11:00,{},10.82,2030,10.86,10.82,10.84,6.5121,4974.0
2019-05-30 11:30,{},10.85,2030,10.89,10.82,10.82,8.9341,6824.0
2019-05-30 13:30,{},10.82,2030,10.87,10.81,10.85,4.89,3735.0
2019-05-30 14:00,{},10.76,2030,10.83,10.74,10.83,16.7332,12781.0
2019-05-30 14:30,{},10.81,2030,10.83,10.76,10.76,9.6516,7372.0
2019-05-30 15:00,{},10.82,2030,10.84,10.78,10.81,12.4638,9520.0
2019-05-31 10:00,{},10.91,2030,10.93,10.77,10.77,10.3821,7930.0
2019-05-31 10:30,{},10.9,2030,10.94,10.88,10.91,5.4097,4132.0
2019-05-31 11:00,{},10.84,2030,10.92,10.84,10.9,2.0581,1572.0
2019-05-31 11:30,{},10.82,2030,10.85,10.8,10.84,2.8554,2181.0
2019-05-31 13:30,{},10.8,2030,10.86,10.8,10.82,1.9743,1508.0
2019-05-31 14:00,{},10.81,2030,10.83,10.77,10.8,4.8533,3707.0
2019-05-31 14:30,{},10.77,2030,10.81,10.75,10.81,3.5676,2725.0
2019-05-31 15:00,{},10.8,2030,10.82,10.74,10.77,8.6592,6614.0
2019-06-03 10:00,{},10.78,2030,10.87,10.75,10.79,9.4068,7185.0
2019-06-03 10:30,{},10.65,2030,10.8,10.62,10.78,7.9928,6105.0
2019-06-03 11:00,{},10.6,2030,10.65,10.57,10.65,9.7,7409.0
2019-06-03 11:30,{},10.58,2030,10.6,10.54,10.6,5.8077,4436.0
2019-06-03 13:30,{},10.62,2030,10.64,10.55,10.58,5.5563,4244.0
2019-06-03 14:00,{},10.66,2030,10.71,10.61,10.62,4.9345,3769.0
2019-06-03 14:30,{},10.65,2030,10.7,10.62,10.66,2.0463,1563.0
2019-06-03 15:00,{},10.63,2030,10.68,10.63,10.65,3.8151,2914.0
2019-06-04 10:00,{},10.77,2030,10.85,10.57,10.63,15.551,11878.0
2019-06-04 10:30,{},10.69,2030,10.77,10.66,10.77,10.4843,8008.0
2019-06-04 11:00,{},10.67,2030,10.7,10.61,10.69,5.6977,4352.0
2019-06-04 11:30,{},10.7,2030,10.7,10.62,10.67,3.3974,2595.0
2019-06-04 13:30,{},10.66,2030,10.7,10.65,10.7,1.2988,992.0
2019-06-04 14:00,{},10.64,2030,10.66,10.62,10.66,2.392,1827.0
2019-06-04 14:30,{},10.64,2030,10.65,10.6,10.64,5.4647,4174.0
2019-06-04 15:00,{},10.69,2030,10.69,10.62,10.64,8.1106,6195.0
2019-06-05 10:00,{},10.7,2030,10.85,10.7,10.75,7.2295,5522.0
2019-06-05 10:30,{},10.72,2030,10.74,10.68,10.7,2.642,2018.0
2019-06-05 11:00,{},10.66,2030,10.72,10.64,10.72,3.057,2335.0
2019-06-05 11:30,{},10.73,2030,10.73,10.65,10.66,2.2165,1693.0
2019-06-05 13:30,{},10.74,2030,10.75,10.68,10.73,3.9251,2998.0
2019-06-05 14:00,{},10.66,2030,10.74,10.66,10.74,2.9798,2276.0
2019-06-05 14:30,{},10.64,2030,10.69,10.64,10.66,3.3961,2594.0
2019-06-05 15:00,{},10.63,2030,10.66,10.61,10.64,5.2866,4038.0
2019-06-06 10:00,{},10.43,2030,10.7,10.42,10.68,11.2345,8581.0
2019-06-06 10:30,{},10.48,2030,10.49,10.42,10.43,3.9486,3016.0
2019-06-06 11:00,{},10.35,2030,10.48,10.32,10.48,7.1536,5464.0
2019-06-06 11:30,{},10.34,2030,10.38,10.19,10.35,8.5964,6566.0
2019-06-06 13:30,{},10.37,2030,10.37,10.3,10.34,2.4561,1876.0
2019-06-06 14:00,{},10.31,2030,10.35,10.29,10.35,2.8044,2142.0
2019-06-06 14:30,{},10.25,2030,10.32,10.23,10.31,5.449,4162.0
2019-06-06 15:00,{},10.31,2030,10.42,10.23,10.25,7.9404,6065.0
2019-06-10 10:00,{},10.28,2030,10.4,10.23,10.31,5.555,4243.0
2019-06-10 10:30,{},10.32,2030,10.32,10.24,10.28,3.0439,2325.0
2019-06-10 11:00,{},10.38,2030,10.38,10.28,10.32,3.5231,2691.0
2019-06-10 11:30,{},10.42,2030,10.42,10.35,10.38,3.4681,2649.0
2019-06-10 13:30,{},10.41,2030,10.46,10.4,10.42,2.0607,1574.0
2019-06-10 14:00,{},10.36,2030,10.41,10.36,10.41,1.5436,1179.0
2019-06-10 14:30,{},10.35,2030,10.37,10.34,10.36,1.8368,1403.0
2019-06-10 15:00,{},10.34,2030,10.38,10.33,10.35,2.8214,2155.0
2019-06-11 10:00,{},10.47,2030,10.47,10.34,10.37,5.3783,4108.0
2019-06-11 10:30,{},10.62,2030,10.63,10.45,10.46,12.1247,9261.0
2019-06-11 11:00,{},10.68,2030,10.71,10.57,10.62,9.6883,7400.0
2019-06-11 11:30,{},10.64,2030,10.69,10.63,10.68,4.6032,3516.0
2019-06-11 13:30,{},10.67,2030,10.71,10.64,10.64,5.4974,4199.0
2019-06-11 14:00,{},10.69,2030,10.7,10.66,10.67,6.1717,4714.0
2019-06-11 14:30,{},10.71,2030,10.73,10.68,10.69,6.7765,5176.0
2019-06-11 15:00,{},10.71,2030,10.72,10.69,10.71,8.8883,6789.0
2019-06-12 10:00,{},10.72,2030,10.75,10.64,10.64,7.4848,5717.0
2019-06-12 10:30,{},10.68,2030,10.75,10.68,10.72,6.0054,4587.0
2019-06-12 11:00,{},10.64,2030,10.7,10.61,10.68,7.2387,5529.0
2019-06-12 11:30,{},10.63,2030,10.65,10.61,10.64,3.9814,3041.0
2019-06-12 13:30,{},10.61,2030,10.64,10.61,10.63,3.3215,2537.0
2019-06-12 14:00,{},10.62,2030,10.63,10.61,10.61,4.9999,3819.0
2019-06-12 14:30,{},10.63,2030,10.65,10.61,10.62,3.6187,2764.0
2019-06-12 15:00,{},10.62,2030,10.65,10.61,10.63,5.0994,3895.0
2019-06-13 10:00,{},10.56,2030,10.64,10.52,10.52,6.8656,5244.0
2019-06-13 10:30,{},10.54,2030,10.57,10.5,10.56,8.709,6652.0
2019-06-13 11:00,{},10.56,2030,10.59,10.52,10.54,5.0863,3885.0
2019-06-13 11:30,{},10.7,2030,10.7,10.55,10.56,6.0381,4612.0
2019-06-13 13:30,{},10.67,2030,10.75,10.64,10.7,5.4686,4177.0
2019-06-13 14:00,{},10.67,2030,10.7,10.64,10.67,4.7603,3636.0
2019-06-13 14:30,{},10.63,2030,10.68,10.61,10.67,4.2589,3253.0
2019-06-13 15:00,{},10.66,2030,10.68,10.63,10.63,4.5784,3497.0
2019-06-14 10:00,{},10.61,2030,10.74,10.61,10.74,8.6226,6586.0
2019-06-14 10:30,{},10.67,2030,10.68,10.61,10.61,4.1214,3148.0
2019-06-14 11:00,{},10.62,2030,10.68,10.62,10.67,4.7643,3639.0
2019-06-14 11:30,{},10.61,2030,10.63,10.59,10.62,2.5726,1965.0
2019-06-14 13:30,{},10.6,2030,10.63,10.6,10.61,2.5949,1982.0
2019-06-14 14:00,{},10.55,2030,10.62,10.55,10.6,4.255,3250.0
2019-06-14 14:30,{},10.51,2030,10.56,10.51,10.55,5.6716,4332.0
2019-06-14 15:00,{},10.48,2030,10.52,10.43,10.51,10.2211,7807.0
2019-06-17 10:00,{},10.61,2030,10.71,10.48,10.5,13.6382,10417.0
2019-06-17 10:30,{},10.6,2030,10.66,10.58,10.61,4.8965,3740.0
2019-06-17 11:00,{},10.62,2030,10.62,10.57,10.58,4.382,3347.0
2019-06-17 11:30,{},10.63,2030,10.65,10.6,10.62,4.9999,3819.0
2019-06-17 13:30,{},10.64,2030,10.64,10.6,10.63,2.8724,2194.0
2019-06-17 14:00,{},10.65,2030,10.65,10.6,10.64,3.5873,2740.0
2019-06-17 14:30,{},10.64,2030,10.65,10.62,10.64,4.0809,3117.0
2019-06-17 15:00,{},10.61,2030,10.64,10.6,10.64,5.5655,4251.0
2019-06-18 10:00,{},10.57,2030,10.65,10.55,10.65,5.4359,4152.0
2019-06-18 10:30,{},10.56,2030,10.6,10.54,10.57,4.3217,3301.0
2019-06-18 11:00,{},10.6,2030,10.6,10.56,10.56,3.3215,2537.0
2019-06-18 11:30,{},10.59,2030,10.62,10.56,10.6,1.4834,1133.0
2019-06-18 13:30,{},10.56,2030,10.59,10.55,10.59,1.338,1022.0
2019-06-18 14:00,{},10.52,2030,10.58,10.52,10.57,2.1785,1664.0
2019-06-18 14:30,{},10.54,2030,10.57,10.49,10.52,2.9012,2216.0
2019-06-18 15:00,{},10.55,2030,10.59,10.53,10.54,2.4993,1909.0
2019-06-19 10:00,{},10.79,2030,10.82,10.69,10.7,20.9947,16036.0
2019-06-19 10:30,{},10.81,2030,10.81,10.77,10.79,9.9357,7589.0
2019-06-19 11:00,{},10.73,2030,10.81,10.71,10.81,4.3283,3306.0
2019-06-19 11:30,{},10.75,2030,10.78,10.72,10.73,2.5674,1961.0
2019-06-19 13:30,{},10.77,2030,10.78,10.74,10.75,2.93,2238.0
2019-06-19 14:00,{},10.73,2030,10.77,10.72,10.77,4.1882,3199.0
2019-06-19 14:30,{},10.72,2030,10.75,10.71,10.73,3.0191,2306.0
2019-06-19 15:00,{},10.67,2030,10.73,10.66,10.72,6.2777,4795.0
2019-06-20 10:00,{},10.74,2030,10.75,10.63,10.69,5.8077,4436.0
2019-06-20 10:30,{},10.78,2030,10.8,10.71,10.74,7.9666,6085.0
2019-06-20 11:00,{},10.81,2030,10.82,10.75,10.78,8.4026,6418.0
2019-06-20 11:30,{},10.86,2030,10.9,10.79,10.81,14.429,11021.0
2019-06-20 13:30,{},10.8,2030,10.9,10.8,10.86,11.1651,8528.0
2019-06-20 14:00,{},10.8,2030,10.84,10.8,10.8,4.2746,3265.0
2019-06-20 14:30,{},10.84,2030,10.86,10.8,10.8,5.4712,4179.0
2019-06-20 15:00,{},10.85,2030,10.86,10.82,10.84,7.096,5420.0
2019-06-21 10:00,{},10.97,2030,11.06,10.89,10.9,21.0864,16106.0
2019-06-21 10:30,{},11.07,2030,11.08,10.94,10.97,14.7955,11301.0
2019-06-21 11:00,{},11.04,2030,11.09,11.03,11.08,6.6509,5080.0
2019-06-21 11:30,{},11.07,2030,11.07,11.02,11.04,6.1795,4720.0
2019-06-21 13:30,{},11.02,2030,11.07,10.99,11.07,6.681,5103.0
2019-06-21 14:00,{},11.01,2030,11.03,10.97,11.02,4.8664,3717.0
2019-06-21 14:30,{},10.97,2030,11.01,10.95,11.01,4.3217,3301.0
2019-06-21 15:00,{},11.07,2030,11.07,10.96,10.97,10.3756,7925.0
2019-06-24 10:00,{},10.93,2030,11.16,10.93,11.1,15.8887,12136.0
2019-06-24 10:30,{},10.95,2030,10.97,10.91,10.93,8.1211,6203.0
2019-06-24 11:00,{},10.97,2030,11.02,10.92,10.95,4.3506,3323.0
2019-06-24 11:30,{},10.96,2030,10.98,10.92,10.93,3.0793,2352.0
2019-06-24 13:30,{},10.95,2030,10.98,10.92,10.96,3.1055,2372.0
2019-06-24 14:00,{},10.98,2030,10.99,10.93,10.98,3.5022,2675.0
2019-06-24 14:30,{},10.96,2030,10.98,10.94,10.98,2.9353,2242.0
2019-06-24 15:00,{},10.94,2030,10.98,10.93,10.96,6.4087,4895.0
2019-06-25 10:00,{},10.81,2030,11.0,10.8,11.0,9.5429,7289.0
2019-06-25 10:30,{},10.77,2030,10.82,10.75,10.81,9.2641,7076.0
2019-06-25 11:00,{},10.59,2030,10.77,10.58,10.77,19.0309,14536.0
2019-06-25 11:30,{},10.62,2030,10.66,10.57,10.59,11.3457,8666.0
2019-06-25 13:30,{},10.64,2030,10.68,10.6,10.62,3.1002,2368.0
2019-06-25 14:00,{},10.71,2030,10.72,10.64,10.64,4.6752,3571.0
2019-06-25 14:30,{},10.68,2030,10.71,10.64,10.71,5.4163,4137.0
2019-06-25 15:00,{},10.7,2030,10.74,10.66,10.67,5.0837,3883.0
2019-06-26 10:00,{},10.82,2030,10.86,10.63,10.76,11.2921,8625.0
2019-06-26 10:30,{},10.81,2030,10.83,10.78,10.82,6.3275,4833.0
2019-06-26 11:00,{},10.83,2030,10.84,10.8,10.81,4.4199,3376.0
2019-06-26 11:30,{},10.85,2030,10.87,10.79,10.84,6.0578,4627.0
2019-06-26 13:30,{},10.88,2030,10.89,10.8,10.85,7.151,5462.0
2019-06-26 14:00,{},10.92,2030,10.96,10.86,10.86,9.3047,7107.0
2019-06-26 14:30,{},10.91,2030,10.93,10.9,10.92,3.984,3043.0
2019-06-26 15:00,{},10.88,2030,10.93,10.86,10.91,8.7181,6659.0
2019-06-27 10:00,{},10.93,2030,10.98,10.85,10.97,9.0088,6881.0
2019-06-27 10:30,{},10.88,2030,10.97,10.86,10.93,6.3772,4871.0
2019-06-27 11:00,{},10.89,2030,10.91,10.87,10.88,4.4213,3377.0
2019-06-27 11:30,{},10.9,2030,10.91,10.87,10.89,2.8934,2210.0
2019-06-27 13:30,{},10.93,2030,10.94,10.88,10.9,3.3739,2577.0
2019-06-27 14:00,{},10.92,2030,10.96,10.9,10.93,7.4181,5666.0
2019-06-27 14:30,{},10.94,2030,10.95,10.89,10.92,5.3089,4055.0
2019-06-27 15:00,{},10.92,2030,10.95,10.91,10.94,5.5825,4264.0
2019-06-28 10:00,{},10.83,2030,10.96,10.78,10.96,7.5464,5764.0
2019-06-28 10:30,{},10.82,2030,10.84,10.79,10.8,4.2537,3249.0
2019-06-28 11:00,{},10.75,2030,10.83,10.71,10.82,7.1222,5440.0
2019-06-28 11:30,{},10.76,2030,10.78,10.73,10.75,3.4131,2607.0
2019-06-28 13:30,{},10.73,2030,10.77,10.72,10.76,2.5739,1966.0
2019-06-28 14:00,{},10.73,2030,10.74,10.71,10.73,2.8855,2204.0
2019-06-28 14:30,{},10.79,2030,10.8,10.7,10.73,4.7486,3627.0
2019-06-28 15:00,{},10.73,2030,10.81,10.73,10.79,4.2982,3283.0
2019-07-01 10:00,{},10.93,2030,10.98,10.88,10.9,13.722,10481.0
2019-07-01 10:30,{},11.03,2030,11.05,10.93,10.93,14.861,11351.0
2019-07-01 11:00,{},11.09,2030,11.09,11.01,11.03,9.3963,7177.0
2019-07-01 11:30,{},11.05,2030,11.1,11.04,11.09,6.3916,4882.0
2019-07-01 13:30,{},11.05,2030,11.07,11.03,11.05,5.1505,3934.0
2019-07-01 14:00,{},11.02,2030,11.05,11.01,11.05,3.5951,2746.0
2019-07-01 14:30,{},11.04,2030,11.06,11.02,11.02,4.958,3787.0
2019-07-01 15:00,{},11.07,2030,11.09,11.02,11.04,12.6275,9645.0
2019-07-02 10:00,{},11.01,2030,11.07,10.98,11.07,15.9817,12207.0
2019-07-02 10:30,{},11.06,2030,11.06,11.0,11.01,8.2966,6337.0
2019-07-02 11:00,{},11.06,2030,11.09,11.05,11.06,5.885,4495.0
2019-07-02 11:30,{},11.06,2030,11.07,11.04,11.06,1.4873,1136.0
2019-07-02 13:30,{},11.01,2030,11.07,11.01,11.06,3.8295,2925.0
2019-07-02 14:00,{},11.0,2030,11.03,11.0,11.01,4.907,3748.0
2019-07-02 14:30,{},11.04,2030,11.04,11.0,11.0,6.1193,4674.0
2019-07-02 15:00,{},11.04,2030,11.05,11.01,11.04,7.2623,5547.0
2019-07-03 10:00,{},10.94,2030,11.03,10.92,11.03,11.0302,8425.0
2019-07-03 10:30,{},10.92,2030,10.95,10.9,10.94,7.7925,5952.0
2019-07-03 11:00,{},10.94,2030,10.94,10.89,10.92,4.6229,3531.0
2019-07-03 11:30,{},10.96,2030,10.96,10.92,10.94,1.7609,1345.0
2019-07-03 13:30,{},10.96,2030,10.96,10.92,10.96,3.0034,2294.0
2019-07-03 14:00,{},10.93,2030,10.96,10.9,10.96,4.6726,3569.0
2019-07-03 14:30,{},10.9,2030,10.94,10.89,10.93,3.7509,2865.0
2019-07-03 15:00,{},10.91,2030,10.92,10.89,10.9,5.4254,4144.0
2019-07-04 10:00,{},10.9,2030,10.99,10.84,10.93,8.4825,6479.0
2019-07-04 10:30,{},10.97,2030,10.97,10.86,10.9,6.571,5019.0
2019-07-04 11:00,{},10.89,2030,10.98,10.89,10.97,3.7627,2874.0
2019-07-04 11:30,{},10.91,2030,10.93,10.88,10.89,2.9562,2258.0
2019-07-04 13:30,{},10.92,2030,10.94,10.88,10.91,4.4199,3376.0
2019-07-04 14:00,{},10.9,2030,10.93,10.89,10.92,3.2089,2451.0
2019-07-04 14:30,{},10.86,2030,10.91,10.86,10.9,4.4631,3409.0
2019-07-04 15:00,{},10.87,2030,10.88,10.85,10.86,6.0813,4645.0
2019-07-05 10:00,{},10.88,2030,10.93,10.85,10.87,4.8952,3739.0
2019-07-05 10:30,{},10.87,2030,10.89,10.85,10.88,3.1016,2369.0
2019-07-05 11:00,{},10.9,2030,10.9,10.86,10.87,2.3789,1817.0
2019-07-05 11:30,{},10.89,2030,10.9,10.87,10.9,1.3472,1029.0
2019-07-05 13:30,{},10.87,2030,10.89,10.87,10.89,1.8107,1383.0
2019-07-05 14:00,{},11.0,2030,11.02,10.87,10.87,10.8927,8320.0
2019-07-05 14:30,{},11.0,2030,11.02,10.96,11.0,5.1963,3969.0
2019-07-05 15:00,{},10.97,2030,11.01,10.96,11.0,4.4213,3377.0
