date,amount,close,code,high,low,open,turnoverratio,volume
2018-01-15 14:30,,22.2,2359,22.32,22.16,22.3,,3519.0
2018-01-15 15:00,,22.0,2359,22.27,21.95,22.2,,7403.0
2018-01-16 10:00,,22.23,2359,22.23,21.93,22.01,,3675.0
2018-01-16 10:30,,22.26,2359,22.33,22.2,22.23,,4749.0
2018-01-16 11:00,,22.45,2359,22.45,22.25,22.26,,5414.0
2018-01-16 11:30,,22.45,2359,22.55,22.41,22.45,,5869.0
2018-01-16 13:30,,22.49,2359,22.55,22.41,22.45,,12399.0
2018-01-16 14:00,,22.4,2359,22.5,22.3,22.49,,5922.0
2018-01-16 14:30,,22.21,2359,22.4,22.2,22.4,,9164.0
2018-01-16 15:00,,21.99,2359,22.3,21.6,22.21,,54550.0
2018-01-17 10:00,,21.9,2359,22.18,21.83,21.83,,7496.0
2018-01-17 10:30,,22.02,2359,22.06,21.84,21.9,,2974.0
2018-01-17 11:00,,22.0,2359,22.08,21.98,22.03,,1536.0
2018-01-17 11:30,,22.05,2359,22.09,22.0,22.0,,1169.0
2018-01-17 13:30,,22.07,2359,22.08,21.98,22.05,,2074.0
2018-01-17 14:00,,22.15,2359,22.15,22.02,22.07,,2342.0
2018-01-17 14:30,,22.18,2359,22.2,22.09,22.15,,2236.0
2018-01-17 15:00,,22.2,2359,22.3,22.11,22.18,,3375.0
2018-01-18 10:00,,22.28,2359,22.35,22.03,22.19,,6079.0
2018-01-18 10:30,,22.36,2359,22.47,22.22,22.28,,5244.0
2018-01-18 11:00,,22.36,2359,22.38,22.27,22.36,,3403.0
2018-01-18 11:30,,22.23,2359,22.4,22.21,22.36,,4696.0
2018-01-18 13:30,,22.35,2359,22.35,22.23,22.23,,1898.0
2018-01-18 14:00,,22.37,2359,22.53,22.35,22.35,,14709.0
2018-01-18 14:30,,22.36,2359,22.53,22.32,22.37,,13868.0
2018-01-18 15:00,,21.96,2359,22.4,21.89,22.36,,27165.0
2018-01-19 10:00,,22.22,2359,22.3,22.05,22.13,,6571.0
2018-01-19 10:30,,22.32,2359,22.41,22.2,22.22,,7439.0
2018-01-19 11:00,,22.4,2359,22.45,22.3,22.32,,6172.0
2018-01-19 11:30,,22.06,2359,22.41,22.03,22.4,,8622.0
2018-01-19 13:30,,21.85,2359,22.07,21.51,22.06,,49677.0
2018-01-19 14:00,,21.95,2359,22.02,21.69,21.85,,9554.0
2018-01-19 14:30,,22.08,2359,22.1,21.91,21.95,,5375.0
2018-01-19 15:00,,22.4,2359,22.4,21.75,22.08,,33267.0
2018-01-22 10:00,,22.21,2359,22.4,22.1,22.21,,5846.0
2018-01-22 10:30,,22.33,2359,22.37,22.2,22.21,,4223.0
2018-01-22 11:00,,22.45,2359,22.45,22.33,22.33,,5628.0
2018-01-22 11:30,,22.48,2359,22.5,22.3,22.45,,5394.0
2018-01-22 13:30,,22.45,2359,22.5,22.4,22.48,,6728.0
2018-01-22 14:00,,22.44,2359,22.48,22.39,22.45,,6355.0
2018-01-22 14:30,,22.46,2359,22.51,22.41,22.44,,7084.0
2018-01-22 15:00,,22.39,2359,22.46,22.39,22.46,,5342.0
2018-01-23 10:00,,22.4,2359,22.5,22.27,22.39,,6862.0
2018-01-23 10:30,,22.61,2359,22.65,22.38,22.4,,9643.0
2018-01-23 11:00,,22.57,2359,22.61,22.48,22.6,,13482.0
2018-01-23 11:30,,22.58,2359,22.59,22.5,22.57,,3157.0
2018-01-23 13:30,,22.53,2359,22.6,22.45,22.58,,2988.0
2018-01-23 14:00,,22.4,2359,22.53,22.37,22.53,,5063.0
2018-01-23 14:30,,22.39,2359,22.42,22.38,22.4,,3357.0
2018-01-23 15:00,,22.45,2359,22.45,22.38,22.39,,3861.0
2018-01-24 10:00,,22.46,2359,22.66,22.45,22.51,,6385.0
2018-01-24 10:30,,22.45,2359,22.58,22.45,22.45,,3716.0
2018-01-24 11:00,,22.38,2359,22.5,22.38,22.45,,4444.0
2018-01-24 11:30,,22.5,2359,22.5,22.35,22.38,,3143.0
2018-01-24 13:30,,22.46,2359,22.5,22.43,22.5,,1549.0
2018-01-24 14:00,,22.51,2359,22.54,22.41,22.46,,7712.0
2018-01-24 14:30,,24.42,2359,24.7,22.51,22.51,,91941.0
2018-01-24 15:00,,24.3,2359,24.46,23.96,24.42,,55077.0
2018-01-25 10:00,,23.93,2359,24.48,23.88,24.48,,27932.0
2018-01-25 10:30,,24.05,2359,24.2,23.81,23.93,,36193.0
2018-01-25 11:00,,23.89,2359,24.05,23.78,24.05,,17616.0
2018-01-25 11:30,,23.82,2359,23.92,23.78,23.88,,5805.0
2018-01-25 13:30,,23.81,2359,23.95,23.77,23.82,,10727.0
2018-01-25 14:00,,23.61,2359,23.89,23.58,23.81,,17644.0
2018-01-25 14:30,,23.89,2359,23.91,23.61,23.61,,6515.0
2018-01-25 15:00,,23.65,2359,23.9,23.63,23.89,,10252.0
2018-01-26 10:00,,23.45,2359,23.86,23.41,23.62,,11063.0
2018-01-26 10:30,,23.07,2359,23.54,23.07,23.45,,15821.0
2018-01-26 11:00,,23.28,2359,23.3,23.0,23.05,,10777.0
2018-01-26 11:30,,23.12,2359,23.31,23.0,23.28,,9976.0
2018-01-26 13:30,,23.08,2359,23.12,23.0,23.12,,3143.0
2018-01-26 14:00,,23.18,2359,23.23,23.05,23.08,,5873.0
2018-01-26 14:30,,23.35,2359,23.43,23.14,23.18,,4473.0
2018-01-26 15:00,,23.1,2359,23.4,23.06,23.35,,7139.0
2018-01-29 10:00,,23.89,2359,23.95,23.17,23.22,,19790.0
2018-01-29 10:30,,23.75,2359,23.95,23.68,23.89,,23420.0
2018-01-29 11:00,,23.81,2359,23.83,23.69,23.75,,8782.0
2018-01-29 11:30,,23.82,2359,23.86,23.76,23.81,,6722.0
2018-01-29 13:30,,23.9,2359,24.13,23.78,23.82,,23081.0
2018-01-29 14:00,,24.17,2359,24.45,23.89,23.9,,21166.0
2018-01-29 14:30,,24.53,2359,24.79,24.16,24.17,,28759.0
2018-01-29 15:00,,24.19,2359,24.53,24.0,24.53,,15223.0
2018-01-30 10:00,,24.31,2359,24.48,24.2,24.22,,15661.0
2018-01-30 10:30,,23.92,2359,24.31,23.79,24.31,,17593.0
2018-01-30 11:00,,24.01,2359,24.02,23.78,23.92,,5986.0
2018-01-30 11:30,,23.98,2359,24.11,23.96,24.01,,4440.0
2018-01-30 13:30,,23.97,2359,24.07,23.92,24.07,,1887.0
2018-01-30 14:00,,24.07,2359,24.11,23.94,23.97,,4173.0
2018-01-30 14:30,,24.0,2359,24.12,23.99,24.07,,5564.0
2018-01-30 15:00,,23.93,2359,24.06,23.8,24.0,,8479.0
2018-01-31 10:00,,23.69,2359,24.0,23.52,23.88,,6877.0
2018-01-31 10:30,,23.59,2359,23.78,23.58,23.69,,2839.0
2018-01-31 11:00,,23.58,2359,23.64,23.53,23.6,,3633.0
2018-01-31 11:30,,23.44,2359,23.62,23.27,23.58,,6188.0
2018-01-31 13:30,,23.38,2359,23.49,23.31,23.44,,5210.0
2018-01-31 14:00,,23.35,2359,23.46,23.23,23.38,,5581.0
2018-01-31 14:30,,23.39,2359,23.41,23.27,23.35,,4489.0
2018-01-31 15:00,,23.0,2359,23.51,22.95,23.39,,20624.0
2018-02-01 10:00,,23.35,2359,23.48,23.1,23.3,,8304.0
2018-02-01 10:30,,22.87,2359,23.43,22.6,23.35,,16421.0
2018-02-01 11:00,,22.31,2359,22.87,22.1,22.87,,32718.0
2018-02-01 11:30,,22.42,2359,22.69,22.0,22.08,,12380.0
2018-02-01 13:30,,22.38,2359,22.55,22.28,22.42,,10083.0
2018-02-01 14:00,,22.2,2359,22.41,22.2,22.38,,6486.0
2018-02-01 14:30,,22.28,2359,22.28,22.02,22.2,,11070.0
2018-02-01 15:00,,23.98,2359,24.04,22.17,22.28,,47917.0
2018-02-02 10:00,,23.3,2359,23.48,23.01,23.18,,23868.0
2018-02-02 10:30,,23.7,2359,23.71,23.25,23.31,,15277.0
2018-02-02 11:00,,24.39,2359,24.57,23.66,23.7,,34683.0
2018-02-02 11:30,,24.33,2359,25.1,24.1,24.4,,78186.0
2018-02-02 13:30,,24.48,2359,24.59,24.33,24.33,,18710.0
2018-02-02 14:00,,24.36,2359,24.58,24.36,24.48,,18410.0
2018-02-02 14:30,,24.99,2359,24.99,24.31,24.36,,43656.0
2018-02-02 15:00,,25.33,2359,25.36,24.6,24.99,,107041.0
2018-02-26 10:00,,26.2,2359,26.38,25.0,25.33,,74872.0
2018-02-26 10:30,,26.55,2359,26.91,26.12,26.2,,20001.0
2018-02-26 11:00,,27.65,2359,27.65,26.5,26.55,,22787.0
2018-02-26 11:30,,27.48,2359,27.72,27.45,27.66,,14754.0
2018-02-26 13:30,,27.47,2359,27.48,27.01,27.48,,8860.0
2018-02-26 14:00,,27.2,2359,27.48,27.2,27.48,,7955.0
2018-02-26 14:30,,27.22,2359,27.22,26.43,27.2,,29904.0
2018-02-26 15:00,,27.48,2359,27.5,27.0,27.29,,26189.0
2018-02-27 10:00,,27.53,2359,27.78,27.02,27.5,,19152.0
2018-02-27 10:30,,28.25,2359,28.5,27.31,27.53,,22897.0
2018-02-27 11:00,,28.08,2359,28.25,27.85,28.24,,15134.0
2018-02-27 11:30,,28.19,2359,28.43,27.9,28.08,,23422.0
2018-02-27 13:30,,28.13,2359,28.19,27.96,28.19,,3871.0
2018-02-27 14:00,,28.1,2359,28.17,27.98,28.13,,5646.0
2018-02-27 14:30,,28.09,2359,28.19,27.91,28.1,,19161.0
2018-02-27 15:00,,27.84,2359,28.09,27.48,28.09,,27469.0
2018-02-28 10:00,,28.08,2359,28.45,27.23,27.55,,50243.0
2018-02-28 10:30,,27.84,2359,28.08,27.75,28.08,,8989.0
2018-02-28 11:00,,27.62,2359,27.85,27.56,27.83,,6438.0
2018-02-28 11:30,,27.39,2359,27.64,27.29,27.6,,8814.0
2018-02-28 13:30,,27.18,2359,27.49,27.17,27.39,,12992.0
2018-02-28 14:00,,26.9,2359,27.26,26.71,27.18,,21710.0
2018-02-28 14:30,,27.09,2359,27.09,26.41,26.9,,42808.0
2018-02-28 15:00,,27.83,2359,27.92,26.5,27.08,,50733.0
2018-03-01 10:00,,27.3,2359,28.19,27.08,27.31,,33416.0
2018-03-01 10:30,,27.44,2359,27.6,27.22,27.3,,7524.0
2018-03-01 11:00,,27.38,2359,27.6,27.28,27.44,,7499.0
2018-03-01 11:30,,27.4,2359,27.95,27.29,27.38,,17150.0
2018-03-01 13:30,,26.69,2359,27.57,26.6,27.4,,28349.0
2018-03-01 14:00,,26.3,2359,26.85,26.15,26.69,,37403.0
2018-03-01 14:30,,26.32,2359,26.57,26.05,26.3,,24513.0
2018-03-01 15:00,,26.16,2359,26.5,26.14,26.32,,18528.0
2018-03-02 10:00,,26.36,2359,26.45,26.21,26.38,,16189.0
2018-03-02 10:30,,26.15,2359,26.38,25.91,26.26,,9497.0
2018-03-02 11:00,,26.14,2359,26.25,26.0,26.15,,5519.0
2018-03-02 11:30,,25.99,2359,26.14,25.98,26.14,,3140.0
2018-03-02 13:30,,25.99,2359,26.05,25.96,25.99,,3330.0
2018-03-02 14:00,,25.9,2359,26.03,25.86,25.99,,6129.0
2018-03-02 14:30,,25.97,2359,26.06,25.57,25.9,,20185.0
2018-03-02 15:00,,26.32,2359,26.38,25.88,25.97,,16124.0
2018-03-05 10:00,,26.33,2359,26.6,26.08,26.44,,22685.0
2018-03-05 10:30,,26.21,2359,26.4,26.14,26.33,,8146.0
2018-03-05 11:00,,26.29,2359,26.36,26.15,26.2,,3857.0
2018-03-05 11:30,,26.48,2359,26.58,26.28,26.28,,3729.0
2018-03-05 13:30,,26.23,2359,26.5,26.2,26.48,,4706.0
2018-03-05 14:00,,26.08,2359,26.27,26.05,26.23,,7103.0
2018-03-05 14:30,,26.16,2359,26.21,25.99,26.08,,6925.0
2018-03-05 15:00,,26.26,2359,26.34,26.16,26.16,,24677.0
2018-03-06 10:00,,25.66,2359,26.33,25.66,26.29,,15429.0
2018-03-06 10:30,,25.55,2359,25.66,25.33,25.66,,19511.0
2018-03-06 11:00,,25.33,2359,25.61,25.3,25.55,,14030.0
2018-03-06 11:30,,25.47,2359,25.59,25.3,25.32,,13833.0
2018-03-06 13:30,,25.58,2359,25.63,25.38,25.47,,4656.0
2018-03-06 14:00,,25.6,2359,25.67,25.49,25.58,,7460.0
2018-03-06 14:30,,25.76,2359,25.86,25.56,25.6,,9731.0
2018-03-06 15:00,,25.99,2359,26.18,25.58,25.76,,24397.0
2018-03-07 10:00,,26.12,2359,26.36,25.77,25.9,,24241.0
2018-03-07 10:30,,25.94,2359,26.12,25.9,26.12,,5840.0
2018-03-07 11:00,,25.66,2359,25.99,25.56,25.94,,9578.0
2018-03-07 11:30,,25.59,2359,25.7,25.4,25.66,,8420.0
2018-03-07 13:30,,25.37,2359,25.6,25.33,25.59,,14852.0
2018-03-07 14:00,,25.36,2359,25.56,25.3,25.37,,18630.0
2018-03-07 14:30,,25.45,2359,25.45,25.29,25.36,,21113.0
2018-03-07 15:00,,25.57,2359,25.71,25.42,25.45,,18250.0
2018-03-08 10:00,,25.05,2359,25.76,25.05,25.58,,10805.0
2018-03-08 10:30,,24.99,2359,25.24,24.93,25.05,,17034.0
2018-03-08 11:00,,25.02,2359,25.15,24.98,24.99,,5533.0
2018-03-08 11:30,,25.05,2359,25.19,25.0,25.02,,3393.0
2018-03-08 13:30,,25.21,2359,25.36,25.05,25.05,,4057.0
2018-03-08 14:00,,25.42,2359,25.49,25.21,25.21,,3977.0
2018-03-08 14:30,,25.4,2359,25.59,25.37,25.42,,19524.0
2018-03-08 15:00,,25.21,2359,25.46,25.21,25.4,,9512.0
2018-03-09 10:00,,25.32,2359,25.6,25.11,25.15,,10358.0
2018-03-09 10:30,,25.25,2359,25.35,25.21,25.32,,5405.0
2018-03-09 11:00,,25.3,2359,25.3,25.21,25.25,,3171.0
2018-03-09 11:30,,25.16,2359,25.3,25.03,25.3,,11292.0
2018-03-09 13:30,,25.35,2359,25.49,25.11,25.16,,7524.0
2018-03-09 14:00,,25.31,2359,25.38,25.17,25.35,,22778.0
2018-03-09 14:30,,25.56,2359,25.61,25.3,25.31,,9759.0
2018-03-09 15:00,,25.43,2359,25.58,25.38,25.56,,9076.0
2018-03-12 10:00,,25.6,2359,25.75,25.4,25.7,,8266.0
2018-03-12 10:30,,25.84,2359,25.85,25.58,25.6,,8597.0
2018-03-12 11:00,,25.53,2359,26.0,25.51,25.83,,14947.0
2018-03-12 11:30,,25.46,2359,25.75,25.4,25.53,,10358.0
2018-03-12 13:30,,25.79,2359,25.89,25.44,25.46,,12361.0
2018-03-12 14:00,,25.86,2359,25.94,25.79,25.79,,7445.0
2018-03-12 14:30,,26.06,2359,26.12,25.81,25.86,,16554.0
2018-03-12 15:00,,26.12,2359,26.13,26.0,26.04,,10850.0
2018-03-13 10:00,,26.19,2359,26.3,25.89,26.01,,10142.0
2018-03-13 10:30,,26.2,2359,26.3,26.1,26.19,,5871.0
2018-03-13 11:00,,26.23,2359,26.3,26.12,26.2,,5679.0
2018-03-13 11:30,,26.35,2359,26.4,26.17,26.23,,4361.0
2018-03-13 13:30,,26.39,2359,26.48,26.29,26.35,,7287.0
2018-03-13 14:00,,26.32,2359,26.4,26.23,26.4,,6005.0
2018-03-13 14:30,,26.28,2359,26.34,26.27,26.32,,7302.0
2018-03-13 15:00,,26.24,2359,26.3,26.13,26.28,,9845.0
2018-03-14 10:00,,26.11,2359,26.34,25.85,26.07,,7294.0
2018-03-14 10:30,,25.99,2359,26.11,25.92,26.11,,6981.0
2018-03-14 11:00,,25.96,2359,25.99,25.8,25.96,,6030.0
2018-03-14 11:30,,25.91,2359,26.04,25.91,25.96,,2125.0
2018-03-14 13:30,,26.12,2359,26.12,25.91,25.91,,2692.0
2018-03-14 14:00,,26.25,2359,26.28,26.02,26.12,,3686.0
2018-03-14 14:30,,26.2,2359,26.25,26.17,26.25,,2520.0
2018-03-14 15:00,,26.23,2359,26.25,26.13,26.2,,6558.0
2018-03-15 10:00,,26.07,2359,26.23,26.05,26.2,,4049.0
2018-03-15 10:30,,25.83,2359,26.13,25.83,26.07,,4990.0
2018-03-15 11:00,,25.85,2359,25.87,25.68,25.83,,6710.0
2018-03-15 11:30,,25.81,2359,25.87,25.75,25.86,,2580.0
2018-03-15 13:30,,25.74,2359,25.83,25.71,25.81,,2560.0
2018-03-15 14:00,,25.76,2359,25.82,25.7,25.74,,3551.0
2018-03-15 14:30,,25.98,2359,25.99,25.66,25.76,,6585.0
2018-03-15 15:00,,26.25,2359,26.48,25.91,25.98,,19644.0
2018-03-16 10:00,,26.15,2359,26.46,26.12,26.14,,5014.0
2018-03-16 10:30,,26.15,2359,26.17,26.13,26.15,,1963.0
2018-03-16 11:00,,26.32,2359,26.32,26.11,26.15,,6972.0
2018-03-16 11:30,,26.35,2359,26.39,26.3,26.32,,4939.0
2018-03-16 13:30,,26.26,2359,26.39,26.18,26.35,,4846.0
2018-03-16 14:00,,26.01,2359,26.27,26.01,26.26,,7825.0
2018-03-16 14:30,,26.34,2359,26.36,26.0,26.01,,7099.0
2018-03-16 15:00,,26.37,2359,26.4,26.15,26.34,,9951.0
2018-03-19 10:00,,26.33,2359,26.58,26.26,26.29,,9579.0
2018-03-19 10:30,,26.41,2359,26.44,26.27,26.33,,6209.0
2018-03-19 11:00,,26.55,2359,26.55,26.39,26.41,,6518.0
2018-03-19 11:30,,26.53,2359,26.57,26.5,26.55,,8055.0
2018-03-19 13:30,,26.92,2359,26.99,26.52,26.53,,16492.0
2018-03-19 14:00,,26.68,2359,26.93,26.67,26.92,,11968.0
2018-03-19 14:30,,26.53,2359,26.74,26.45,26.74,,7100.0
2018-03-19 15:00,,26.52,2359,26.55,26.31,26.53,,6913.0
2018-03-20 10:00,,26.21,2359,26.85,26.14,26.35,,29407.0
2018-03-20 10:30,,26.4,2359,26.51,26.03,26.21,,17743.0
2018-03-20 11:00,,26.58,2359,26.59,26.36,26.4,,3305.0
2018-03-20 11:30,,26.6,2359,26.62,26.5,26.58,,2104.0
2018-03-20 13:30,,26.55,2359,26.63,26.53,26.6,,1209.0
2018-03-20 14:00,,26.47,2359,26.6,26.4,26.55,,1842.0
2018-03-20 14:30,,26.52,2359,26.55,26.4,26.47,,3305.0
2018-03-20 15:00,,26.94,2359,26.95,26.35,26.52,,26360.0
2018-03-21 10:00,,27.38,2359,27.38,26.71,26.79,,23241.0
2018-03-21 10:30,,27.22,2359,27.68,27.22,27.38,,46478.0
2018-03-21 11:00,,27.2,2359,27.3,27.17,27.22,,8240.0
2018-03-21 11:30,,27.2,2359,27.28,27.03,27.2,,5747.0
2018-03-21 13:30,,27.21,2359,27.25,27.2,27.2,,2671.0
2018-03-21 14:00,,27.25,2359,27.28,27.21,27.21,,1643.0
2018-03-21 14:30,,27.08,2359,27.25,27.05,27.25,,5185.0
2018-03-21 15:00,,27.03,2359,27.17,27.02,27.08,,7828.0
2018-03-22 10:00,,27.04,2359,27.28,27.0,27.03,,5131.0
2018-03-22 10:30,,27.0,2359,27.14,27.0,27.04,,4015.0
2018-03-22 11:00,,26.88,2359,26.97,26.85,26.97,,3858.0
2018-03-22 11:30,,26.89,2359,26.9,26.88,26.9,,1602.0
2018-03-22 13:30,,27.1,2359,27.11,26.88,26.89,,3066.0
2018-03-22 14:00,,27.08,2359,27.15,27.08,27.08,,2619.0
2018-03-22 14:30,,27.07,2359,27.09,27.03,27.08,,2538.0
2018-03-22 15:00,,27.21,2359,27.25,27.06,27.07,,7609.0
2018-03-23 10:00,,26.58,2359,26.81,25.88,26.8,,18636.0
2018-03-23 10:30,,27.16,2359,27.42,26.57,26.58,,7061.0
2018-03-23 11:00,,27.2,2359,27.25,27.02,27.14,,2657.0
2018-03-23 11:30,,26.84,2359,27.25,26.8,27.2,,2940.0
2018-03-23 13:30,,26.96,2359,26.97,26.7,26.84,,4816.0
2018-03-23 14:00,,26.79,2359,26.98,26.79,26.96,,2644.0
2018-03-23 14:30,,26.77,2359,26.84,26.63,26.76,,7222.0
2018-03-23 15:00,,26.8,2359,26.8,26.67,26.77,,7989.0
2018-03-26 10:00,,26.33,2359,26.74,26.0,26.51,,13213.0
2018-03-26 10:30,,26.22,2359,26.34,26.06,26.33,,4456.0
2018-03-26 11:00,,26.04,2359,26.24,26.04,26.22,,9565.0
2018-03-26 11:30,,26.11,2359,26.2,26.02,26.04,,4822.0
2018-03-26 13:30,,26.08,2359,26.19,26.02,26.11,,5091.0
2018-03-26 14:00,,26.01,2359,26.14,26.0,26.08,,5511.0
2018-03-26 14:30,,25.95,2359,26.1,25.9,26.1,,18993.0
2018-03-26 15:00,,26.98,2359,27.0,25.81,25.95,,53209.0
2018-03-27 10:00,,27.31,2359,27.5,26.9,26.98,,23703.0
2018-03-27 10:30,,27.17,2359,27.4,27.17,27.31,,8924.0
2018-03-27 11:00,,27.16,2359,27.24,27.04,27.17,,8357.0
2018-03-27 11:30,,27.15,2359,27.18,27.11,27.16,,1292.0
2018-03-27 13:30,,27.19,2359,27.22,27.15,27.15,,1611.0
2018-03-27 14:00,,27.17,2359,27.22,27.09,27.19,,2386.0
2018-03-27 14:30,,27.25,2359,27.25,27.16,27.18,,3482.0
2018-03-27 15:00,,27.3,2359,27.38,27.24,27.25,,9086.0
2018-03-28 10:00,,27.11,2359,27.21,27.0,27.0,,5303.0
2018-03-28 10:30,,27.12,2359,27.15,27.09,27.15,,2670.0
2018-03-28 11:00,,27.06,2359,27.15,27.02,27.13,,3310.0
2018-03-28 11:30,,27.06,2359,27.11,27.04,27.06,,1013.0
2018-03-28 13:30,,27.11,2359,27.12,27.06,27.06,,1315.0
2018-03-28 14:00,,27.21,2359,27.32,27.09,27.11,,3572.0
2018-03-28 14:30,,27.1,2359,27.31,27.06,27.21,,2513.0
2018-03-28 15:00,,27.15,2359,27.2,27.09,27.1,,4858.0
2018-03-29 10:00,,27.16,2359,27.45,27.15,27.45,,2103.0
2018-03-29 10:30,,27.27,2359,27.35,27.16,27.16,,3011.0
2018-03-29 11:00,,27.24,2359,27.29,27.15,27.23,,1911.0
2018-03-29 11:30,,27.2,2359,27.24,27.16,27.24,,843.0
2018-03-29 13:30,,27.17,2359,27.2,27.09,27.2,,4789.0
2018-03-29 14:00,,27.29,2359,27.33,27.16,27.17,,5369.0
2018-03-29 14:30,,27.37,2359,27.38,27.19,27.29,,5528.0
2018-03-29 15:00,,27.3,2359,27.44,27.23,27.37,,13709.0
2018-03-30 10:00,,27.1,2359,27.34,27.03,27.16,,6064.0
2018-03-30 10:30,,27.1,2359,27.13,27.03,27.1,,1900.0
2018-03-30 11:00,,27.1,2359,27.16,27.08,27.1,,1952.0
2018-03-30 11:30,,27.1,2359,27.12,27.07,27.11,,1894.0
2018-03-30 13:30,,27.06,2359,27.17,27.02,27.1,,3243.0
2018-03-30 14:00,,26.97,2359,27.09,26.88,27.06,,7120.0
2018-03-30 14:30,,26.99,2359,27.04,26.82,26.94,,11115.0
2018-03-30 15:00,,26.93,2359,27.09,26.87,26.99,,5756.0
2018-04-02 10:00,,26.98,2359,27.15,26.9,26.92,,7307.0
2018-04-02 10:30,,26.93,2359,26.98,26.71,26.96,,4306.0
2018-04-02 11:00,,27.01,2359,27.01,26.84,26.93,,2179.0
2018-04-02 11:30,,26.9,2359,27.03,26.88,27.01,,1385.0
2018-04-02 13:30,,26.97,2359,27.01,26.88,26.9,,1919.0
2018-04-02 14:00,,26.86,2359,26.99,26.85,26.97,,2407.0
2018-04-02 14:30,,26.9,2359,26.92,26.78,26.86,,2352.0
2018-04-02 15:00,,26.77,2359,26.94,26.77,26.9,,4180.0
2018-04-03 10:00,,26.63,2359,26.66,26.24,26.66,,6938.0
2018-04-03 10:30,,26.56,2359,26.69,26.53,26.63,,4320.0
2018-04-03 11:00,,26.82,2359,26.91,26.56,26.56,,2224.0
2018-04-03 11:30,,26.84,2359,26.95,26.81,26.82,,1687.0
2018-04-03 13:30,,26.81,2359,26.97,26.81,26.84,,3013.0
2018-04-03 14:00,,26.79,2359,26.92,26.77,26.81,,3190.0
2018-04-03 14:30,,26.78,2359,26.79,26.68,26.79,,3265.0
2018-04-03 15:00,,26.77,2359,26.79,26.64,26.78,,6288.0
2018-04-04 10:00,,26.68,2359,26.85,26.63,26.85,,3223.0
2018-04-04 10:30,,26.65,2359,26.7,26.6,26.68,,3621.0
2018-04-04 11:00,,26.7,2359,26.76,26.64,26.65,,3438.0
2018-04-04 11:30,,26.73,2359,26.75,26.67,26.7,,1611.0
2018-04-04 13:30,,26.66,2359,26.73,26.61,26.73,,5024.0
2018-04-04 14:00,,26.54,2359,26.67,26.46,26.66,,6791.0
2018-04-04 14:30,,26.53,2359,26.61,26.49,26.54,,5275.0
2018-04-04 15:00,,26.77,2359,26.84,26.47,26.53,,38080.0
2018-04-09 10:00,,26.46,2359,26.77,26.35,26.77,,6156.0
2018-04-09 10:30,,26.43,2359,26.48,26.36,26.48,,4097.0
2018-04-09 11:00,,26.6,2359,26.65,26.4,26.43,,3363.0
2018-04-09 11:30,,26.58,2359,26.68,26.47,26.6,,2609.0
2018-04-09 13:30,,26.37,2359,26.66,26.36,26.58,,8379.0
2018-04-09 14:00,,26.44,2359,26.55,26.32,26.37,,7755.0
2018-04-09 14:30,,26.34,2359,26.44,26.34,26.44,,3994.0
2018-04-09 15:00,,26.0,2359,26.35,26.0,26.35,,21582.0
2018-04-10 10:00,,25.62,2359,26.3,25.61,26.0,,11311.0
2018-04-10 10:30,,25.68,2359,25.7,25.45,25.62,,11105.0
2018-04-10 11:00,,25.54,2359,25.68,25.48,25.68,,13393.0
2018-04-10 11:30,,25.6,2359,25.6,25.48,25.54,,9653.0
2018-04-10 13:30,,25.54,2359,25.6,25.49,25.6,,9960.0
2018-04-10 14:00,,25.51,2359,25.69,25.49,25.49,,6709.0
2018-04-10 14:30,,25.55,2359,25.7,25.5,25.5,,8401.0
2018-04-10 15:00,,26.49,2359,26.49,25.53,25.55,,37250.0
2018-04-11 10:00,,25.63,2359,26.49,25.35,26.49,,31294.0
2018-04-11 10:30,,26.06,2359,26.15,25.55,25.63,,14896.0
2018-04-11 11:00,,26.16,2359,26.25,26.03,26.06,,4654.0
2018-04-11 11:30,,26.9,2359,26.99,26.15,26.16,,15641.0
2018-04-11 13:30,,26.71,2359,26.93,26.68,26.93,,4572.0
2018-04-11 14:00,,26.51,2359,26.76,26.5,26.71,,4928.0
2018-04-11 14:30,,26.18,2359,26.55,26.18,26.5,,4095.0
2018-04-11 15:00,,26.45,2359,26.68,26.13,26.18,,12664.0
2018-04-12 10:00,,26.27,2359,26.41,25.9,26.22,,4309.0
2018-04-12 10:30,,26.34,2359,26.42,26.21,26.27,,1400.0
2018-04-12 11:00,,26.3,2359,26.45,26.3,26.34,,1152.0
2018-04-12 11:30,,26.44,2359,26.45,26.21,26.3,,1947.0
2018-04-12 13:30,,26.5,2359,26.65,26.31,26.44,,3956.0
2018-04-12 14:00,,26.57,2359,26.85,26.49,26.5,,10550.0
2018-04-12 14:30,,26.51,2359,26.62,26.46,26.57,,1994.0
2018-04-12 15:00,,26.75,2359,26.76,26.5,26.51,,18628.0
2018-04-13 10:00,,26.63,2359,26.85,26.57,26.76,,3382.0
2018-04-13 10:30,,26.71,2359,26.8,26.63,26.63,,1695.0
2018-04-13 11:00,,26.86,2359,26.88,26.56,26.71,,10027.0
2018-04-13 11:30,,26.84,2359,26.89,26.76,26.86,,4903.0
2018-04-13 13:30,,26.75,2359,26.85,26.75,26.84,,4758.0
2018-04-13 14:00,,26.79,2359,26.84,26.62,26.75,,6412.0
2018-04-13 14:30,,26.79,2359,26.82,26.72,26.79,,2386.0
2018-04-13 15:00,,26.75,2359,26.79,26.61,26.79,,4765.0
2018-04-16 10:00,,27.21,2359,27.5,26.49,26.49,,34211.0
2018-04-16 10:30,,27.13,2359,27.27,27.05,27.21,,4575.0
2018-04-16 11:00,,27.08,2359,27.14,27.0,27.13,,4034.0
2018-04-16 11:30,,26.95,2359,27.08,26.75,27.08,,3448.0
2018-04-16 13:30,,26.8,2359,27.0,26.77,26.95,,3636.0
2018-04-16 14:00,,26.83,2359,26.93,26.69,26.8,,7154.0
2018-04-16 14:30,,26.73,2359,26.85,26.66,26.83,,4131.0
2018-04-16 15:00,,26.82,2359,26.85,26.66,26.73,,9610.0
2018-04-17 10:00,,26.62,2359,27.27,26.5,26.81,,20796.0
2018-04-17 10:30,,26.66,2359,26.89,26.59,26.62,,4758.0
2018-04-17 11:00,,26.75,2359,26.91,26.66,26.66,,6243.0
2018-04-17 11:30,,26.26,2359,26.87,26.2,26.75,,14279.0
2018-04-17 13:30,,26.21,2359,26.57,26.18,26.26,,5724.0
2018-04-17 14:00,,26.22,2359,26.41,26.19,26.21,,8875.0
2018-04-17 14:30,,26.65,2359,26.69,26.22,26.22,,9581.0
2018-04-17 15:00,,26.5,2359,26.65,26.22,26.65,,6515.0
2018-04-18 10:00,,26.6,2359,27.19,26.52,26.52,,31029.0
2018-04-18 10:30,,26.55,2359,26.68,26.55,26.59,,3315.0
2018-04-18 11:00,,26.25,2359,26.54,26.11,26.54,,8683.0
2018-04-18 11:30,,26.1,2359,26.25,25.99,26.25,,6173.0
2018-04-18 13:30,,26.12,2359,26.2,26.0,26.1,,9261.0
2018-04-18 14:00,,26.5,2359,26.59,26.03,26.12,,8609.0
2018-04-18 14:30,,26.31,2359,26.6,26.01,26.58,,11921.0
2018-04-18 15:00,,26.44,2359,26.52,26.14,26.31,,15501.0
2018-04-19 10:00,,26.38,2359,26.47,26.23,26.23,,3795.0
2018-04-19 10:30,,26.4,2359,26.46,26.34,26.38,,1942.0
2018-04-19 11:00,,26.4,2359,26.47,26.36,26.44,,1782.0
2018-04-19 11:30,,26.31,2359,26.45,26.29,26.4,,3125.0
2018-04-19 13:30,,26.42,2359,26.44,26.31,26.31,,1343.0
2018-04-19 14:00,,26.47,2359,26.85,26.35,26.42,,10318.0
2018-04-19 14:30,,26.56,2359,26.75,26.35,26.47,,16819.0
2018-04-19 15:00,,26.51,2359,26.63,26.4,26.56,,12399.0
2018-04-20 10:00,,26.38,2359,26.86,26.38,26.5,,8973.0
2018-04-20 10:30,,26.38,2359,26.45,26.34,26.38,,2191.0
2018-04-20 11:00,,26.33,2359,26.41,26.33,26.38,,1444.0
2018-04-20 11:30,,26.33,2359,26.39,26.32,26.33,,1115.0
2018-04-20 13:30,,26.21,2359,26.39,26.21,26.33,,3089.0
2018-04-20 14:00,,26.33,2359,26.41,26.19,26.21,,1435.0
2018-04-20 14:30,,26.34,2359,26.4,26.31,26.33,,743.0
2018-04-20 15:00,,26.15,2359,26.37,26.12,26.34,,4139.0
2018-04-23 10:00,,26.08,2359,26.32,26.08,26.18,,1642.0
2018-04-23 10:30,,26.05,2359,26.16,26.0,26.08,,1911.0
2018-04-23 11:00,,26.01,2359,26.1,25.96,26.05,,1775.0
2018-04-23 11:30,,26.0,2359,26.03,25.9,26.01,,2001.0
2018-04-23 13:30,,25.88,2359,26.05,25.88,26.0,,1655.0
2018-04-23 14:00,,25.9,2359,26.05,25.81,25.88,,2871.0
2018-04-23 14:30,,25.88,2359,25.98,25.76,25.91,,4809.0
2018-04-23 15:00,,25.89,2359,25.99,25.79,25.88,,6619.0
2018-04-24 10:00,,26.13,2359,26.14,25.86,25.86,,5186.0
2018-04-24 10:30,,26.09,2359,26.13,25.98,26.13,,5121.0
2018-04-24 11:00,,26.16,2359,26.18,26.05,26.09,,5050.0
2018-04-24 11:30,,26.41,2359,26.42,26.16,26.16,,4475.0
2018-04-24 13:30,,26.42,2359,26.45,26.32,26.41,,4619.0
2018-04-24 14:00,,26.51,2359,26.59,26.42,26.42,,6823.0
2018-04-24 14:30,,26.98,2359,27.5,26.4,26.51,,55489.0
2018-04-24 15:00,,27.13,2359,27.19,26.7,26.98,,17589.0
2018-04-25 10:00,,26.8,2359,27.05,26.76,27.05,,8310.0
2018-04-25 10:30,,26.8,2359,26.82,26.73,26.8,,3467.0
2018-04-25 11:00,,26.91,2359,27.2,26.8,26.8,,19122.0
2018-04-25 11:30,,26.95,2359,27.2,26.85,26.91,,26773.0
2018-04-25 13:30,,26.9,2359,27.14,26.82,26.95,,4194.0
2018-04-25 14:00,,27.05,2359,27.18,26.85,26.9,,12158.0
2018-04-25 14:30,,27.09,2359,27.14,26.99,27.05,,13201.0
2018-04-25 15:00,,27.13,2359,27.15,26.9,27.09,,7218.0
2018-04-26 10:00,,26.82,2359,27.08,26.8,27.08,,3631.0
2018-04-26 10:30,,26.87,2359,26.96,26.81,26.82,,1220.0
2018-04-26 11:00,,27.08,2359,27.22,26.87,26.87,,13597.0
2018-04-26 11:30,,26.81,2359,27.15,26.81,27.07,,6303.0
2018-04-26 13:30,,26.8,2359,26.9,26.77,26.81,,3989.0
2018-04-26 14:00,,26.81,2359,26.93,26.75,26.8,,4623.0
2018-04-26 14:30,,26.73,2359,26.82,26.7,26.81,,2010.0
2018-04-26 15:00,,26.7,2359,26.82,26.67,26.73,,5401.0
2018-04-27 10:00,,26.78,2359,26.96,26.7,26.7,,2699.0
2018-04-27 10:30,,26.93,2359,26.98,26.73,26.78,,2164.0
2018-04-27 11:00,,26.88,2359,26.95,26.81,26.93,,978.0
2018-04-27 11:30,,26.7,2359,26.89,26.52,26.88,,2976.0
2018-04-27 13:30,,26.7,2359,26.7,26.59,26.7,,1416.0
2018-04-27 14:00,,26.69,2359,26.7,26.56,26.7,,1883.0
2018-04-27 14:30,,26.64,2359,26.8,26.62,26.7,,1737.0
2018-04-27 15:00,,26.63,2359,26.7,26.62,26.64,,2073.0
2018-05-02 10:00,,26.94,2359,27.3,26.65,26.65,,33595.0
2018-05-02 10:30,,26.79,2359,26.94,26.75,26.94,,3509.0
2018-05-02 11:00,,26.77,2359,26.8,26.65,26.79,,4606.0
2018-05-02 11:30,,26.81,2359,26.84,26.51,26.76,,4310.0
2018-05-02 13:30,,26.97,2359,27.0,26.72,26.81,,4832.0
2018-05-02 14:00,,26.8,2359,26.97,26.8,26.97,,831.0
2018-05-02 14:30,,26.8,2359,26.85,26.63,26.8,,2108.0
2018-05-02 15:00,,27.02,2359,27.05,26.7,26.8,,8485.0
2018-05-03 10:00,,26.91,2359,27.3,26.84,27.0,,2991.0
2018-05-03 10:30,,26.89,2359,26.96,26.84,26.91,,1901.0
2018-05-03 11:00,,26.97,2359,26.99,26.87,26.89,,841.0
2018-05-03 11:30,,26.99,2359,27.0,26.91,26.97,,1234.0
2018-05-03 13:30,,26.84,2359,26.99,26.64,26.99,,4373.0
2018-05-03 14:00,,26.85,2359,26.9,26.81,26.84,,2892.0
2018-05-03 14:30,,27.01,2359,27.09,26.85,26.85,,5344.0
2018-05-03 15:00,,27.0,2359,27.03,26.93,27.01,,6927.0
2018-05-04 10:00,,26.81,2359,27.09,26.78,27.06,,6113.0
2018-05-04 10:30,,26.81,2359,26.84,26.7,26.81,,3868.0
2018-05-04 11:00,,26.67,2359,26.81,26.67,26.81,,3484.0
2018-05-04 11:30,,26.77,2359,26.77,26.66,26.67,,1175.0
2018-05-04 13:30,,26.6,2359,26.77,26.51,26.77,,10368.0
2018-05-04 14:00,,26.66,2359,26.67,26.58,26.65,,2974.0
2018-05-04 14:30,,26.57,2359,26.66,26.53,26.66,,3687.0
2018-05-04 15:00,,26.59,2359,26.66,26.52,26.57,,3629.0
2018-05-07 10:00,,26.58,2359,26.9,26.5,26.54,,5623.0
2018-05-07 10:30,,26.7,2359,26.73,26.56,26.58,,2406.0
2018-05-07 11:00,,26.74,2359,26.74,26.61,26.7,,2608.0
2018-05-07 11:30,,26.74,2359,26.74,26.68,26.74,,1262.0
2018-05-07 13:30,,26.79,2359,26.79,26.69,26.74,,1888.0
2018-05-07 14:00,,26.71,2359,26.8,26.69,26.79,,1253.0
2018-05-07 14:30,,26.75,2359,26.86,26.68,26.71,,4571.0
2018-05-07 15:00,,26.92,2359,26.97,26.7,26.75,,14849.0
2018-05-08 10:00,,26.75,2359,26.9,26.66,26.71,,4311.0
2018-05-08 10:30,,26.73,2359,26.75,26.64,26.75,,3375.0
2018-05-08 11:00,,26.65,2359,26.73,26.63,26.73,,1578.0
2018-05-08 11:30,,26.63,2359,26.67,26.61,26.65,,2554.0
2018-05-08 13:30,,26.7,2359,26.7,26.63,26.63,,1147.0
2018-05-08 14:00,,26.63,2359,26.7,26.62,26.7,,1672.0
2018-05-08 14:30,,26.57,2359,26.68,26.49,26.63,,5381.0
2018-05-08 15:00,,26.65,2359,26.85,26.51,26.57,,15834.0
2018-05-09 10:00,,26.59,2359,26.84,26.5,26.71,,9504.0
2018-05-09 10:30,,26.45,2359,26.61,26.45,26.59,,3968.0
2018-05-09 11:00,,26.4,2359,26.51,26.35,26.45,,3616.0
2018-05-09 11:30,,26.3,2359,26.43,26.27,26.4,,4454.0
2018-05-09 13:30,,26.15,2359,26.3,26.11,26.3,,11357.0
2018-05-09 14:00,,25.87,2359,26.16,25.8,26.15,,16907.0
2018-05-09 14:30,,25.7,2359,25.88,25.61,25.87,,11385.0
2018-05-09 15:00,,26.29,2359,26.3,25.58,25.58,,19242.0
2018-05-10 10:00,,25.98,2359,26.28,25.86,26.28,,4505.0
2018-05-10 10:30,,25.87,2359,25.98,25.7,25.98,,4983.0
2018-05-10 11:00,,25.84,2359,26.0,25.7,25.87,,7383.0
2018-05-10 11:30,,25.85,2359,26.12,25.76,25.84,,3195.0
2018-05-10 13:30,,25.76,2359,25.85,25.71,25.85,,2043.0
2018-05-10 14:00,,25.82,2359,25.99,25.5,25.76,,12580.0
2018-05-10 14:30,,25.72,2359,25.87,25.69,25.75,,3543.0
2018-05-10 15:00,,25.01,2359,25.79,25.01,25.72,,33415.0
2018-05-11 10:00,,24.96,2359,25.5,24.93,25.4,,16601.0
2018-05-11 10:30,,24.86,2359,25.16,24.75,24.96,,23679.0
2018-05-11 11:00,,25.53,2359,25.74,24.81,24.86,,31837.0
2018-05-11 11:30,,25.89,2359,26.0,25.44,25.53,,8788.0
2018-05-11 13:30,,25.84,2359,25.91,25.8,25.89,,7296.0
2018-05-11 14:00,,25.89,2359,25.92,25.82,25.84,,7210.0
2018-05-11 14:30,,25.79,2359,25.97,25.77,25.89,,10675.0
2018-05-11 15:00,,25.56,2359,25.94,25.48,25.79,,19926.0
2018-05-14 10:00,,25.68,2359,25.88,25.3,25.3,,8438.0
2018-05-14 10:30,,25.13,2359,25.7,25.08,25.66,,11164.0
2018-05-14 11:00,,25.23,2359,25.28,25.08,25.13,,5546.0
2018-05-14 11:30,,25.1,2359,25.27,25.09,25.23,,3712.0
2018-05-14 13:30,,24.88,2359,25.17,24.88,25.1,,7855.0
2018-05-14 14:00,,24.6,2359,24.99,24.49,24.88,,18313.0
2018-05-14 14:30,,24.48,2359,24.88,24.45,24.6,,8905.0
2018-05-14 15:00,,24.83,2359,24.92,23.55,24.48,,48797.0
2018-05-15 10:00,,24.0,2359,24.62,23.81,24.45,,16549.0
2018-05-15 10:30,,24.41,2359,24.75,23.97,24.0,,14641.0
2018-05-15 11:00,,24.1,2359,24.42,24.1,24.41,,4269.0
2018-05-15 11:30,,24.38,2359,24.42,23.5,24.1,,15619.0
2018-05-15 13:30,,24.28,2359,24.38,24.18,24.38,,2301.0
2018-05-15 14:00,,24.31,2359,24.33,24.19,24.28,,3333.0
2018-05-15 14:30,,24.29,2359,24.32,24.27,24.31,,3151.0
2018-05-15 15:00,,24.65,2359,24.7,24.2,24.29,,17081.0
2018-05-16 10:00,,24.28,2359,24.39,24.05,24.38,,4676.0
2018-05-16 10:30,,24.16,2359,24.28,24.15,24.28,,2411.0
2018-05-16 11:00,,24.18,2359,24.2,24.13,24.16,,2576.0
2018-05-16 11:30,,24.19,2359,24.24,24.15,24.18,,3150.0
2018-05-16 13:30,,24.11,2359,24.23,24.11,24.19,,5307.0
2018-05-16 14:00,,24.14,2359,24.19,24.1,24.11,,3461.0
2018-05-16 14:30,,24.13,2359,24.18,24.04,24.14,,8065.0
2018-05-16 15:00,,24.17,2359,24.21,24.08,24.1,,11372.0
2018-05-17 10:00,,23.39,2359,24.0,23.38,23.97,,18988.0
2018-05-17 10:30,,21.75,2359,23.4,21.75,23.39,,40297.0
2018-05-17 11:00,,21.75,2359,21.75,21.75,21.75,,9130.0
2018-05-17 11:30,,21.75,2359,21.75,21.75,21.75,,1444.0
2018-05-17 13:30,,21.75,2359,21.75,21.75,21.75,,5354.0
2018-05-17 14:00,,21.75,2359,21.75,21.75,21.75,,1753.0
2018-05-17 14:30,,21.75,2359,21.75,21.75,21.75,,787.0
2018-05-17 15:00,,21.75,2359,21.75,21.75,21.75,,1366.0
2018-05-18 10:00,,19.58,2359,19.58,19.58,19.58,,8252.0
2018-05-18 10:30,,19.58,2359,19.58,19.58,19.58,,2060.0
2018-05-18 11:00,,19.58,2359,19.58,19.58,19.58,,740.0
2018-05-18 11:30,,19.58,2359,19.58,19.58,19.58,,1646.0
2018-05-18 13:30,,19.58,2359,19.58,19.58,19.58,,929.0
2018-05-18 14:00,,19.58,2359,19.58,19.58,19.58,,676.0
2018-05-18 14:30,,19.58,2359,19.58,19.58,19.58,,1822.0
2018-05-18 15:00,,19.58,2359,19.58,19.58,19.58,,2160.0
2018-08-21 10:00,,17.62,2359,17.62,17.62,17.62,,24953.0
2018-08-21 10:30,,17.62,2359,17.62,17.62,17.62,,12483.0
2018-08-21 11:00,,17.62,2359,17.62,17.62,17.62,,4929.0
2018-08-21 11:30,,17.62,2359,17.62,17.62,17.62,,4127.0
2018-08-21 13:30,,17.69,2359,18.33,17.62,17.62,,696312.0
2018-08-21 14:00,,17.74,2359,18.0,17.64,17.69,,93004.0
2018-08-21 14:30,,18.4,2359,18.6,17.62,17.74,,107263.0
2018-08-21 15:00,,18.5,2359,18.99,17.97,18.4,,111602.0
2018-08-22 10:00,,18.69,2359,18.79,17.95,18.39,,115810.0
2018-08-22 10:30,,18.71,2359,18.74,18.59,18.69,,26140.0
2018-08-22 11:00,,18.77,2359,18.84,18.68,18.71,,22259.0
2018-08-22 11:30,,18.82,2359,18.82,18.72,18.77,,12493.0
2018-08-22 13:30,,18.94,2359,18.95,18.79,18.82,,18158.0
2018-08-22 14:00,,18.96,2359,18.96,18.87,18.94,,15706.0
2018-08-22 14:30,,19.01,2359,19.3,18.96,18.96,,23806.0
2018-08-22 15:00,,19.15,2359,19.19,18.99,19.01,,43407.0
2018-08-23 10:00,,19.26,2359,19.35,19.01,19.26,,19167.0
2018-08-23 10:30,,19.08,2359,19.3,18.98,19.28,,8980.0
2018-08-23 11:00,,19.01,2359,19.08,18.8,19.08,,13058.0
2018-08-23 11:30,,19.15,2359,19.16,18.99,19.0,,6513.0
2018-08-23 13:30,,19.13,2359,19.17,19.04,19.15,,17067.0
2018-08-23 14:00,,19.1,2359,19.14,18.98,19.14,,14974.0
2018-08-23 14:30,,19.07,2359,19.11,18.98,19.1,,10095.0
2018-08-23 15:00,,19.13,2359,19.15,18.97,19.07,,29630.0
2018-08-24 10:00,,18.7,2359,19.15,18.62,19.15,,16874.0
2018-08-24 10:30,,18.79,2359,18.97,18.7,18.7,,9104.0
2018-08-24 11:00,,18.86,2359,18.86,18.72,18.75,,3059.0
2018-08-24 11:30,,18.79,2359,18.87,18.6,18.79,,9169.0
2018-08-24 13:30,,18.95,2359,18.96,18.73,18.79,,15538.0
2018-08-24 14:00,,18.88,2359,19.0,18.74,18.95,,17056.0
2018-08-24 14:30,,18.67,2359,18.93,18.65,18.88,,13035.0
2018-08-24 15:00,,19.1,2359,19.1,18.65,18.67,,43411.0
2018-08-27 10:00,,19.08,2359,19.45,18.99,19.37,,16376.0
2018-08-27 10:30,,18.94,2359,19.08,18.92,19.08,,7371.0
2018-08-27 11:00,,18.82,2359,19.03,18.8,18.94,,11653.0
2018-08-27 11:30,,18.9,2359,18.91,18.8,18.87,,12256.0
2018-08-27 13:30,,18.98,2359,19.12,18.85,18.9,,16330.0
2018-08-27 14:00,,19.02,2359,19.07,18.98,18.98,,11363.0
2018-08-27 14:30,,19.0,2359,19.03,18.93,19.02,,4098.0
2018-08-27 15:00,,19.08,2359,19.08,18.95,19.0,,14561.0
2018-08-28 10:00,,18.8,2359,18.88,18.4,18.5,,10619.0
2018-08-28 10:30,,18.79,2359,18.83,18.68,18.8,,5867.0
2018-08-28 11:00,,18.69,2359,18.8,18.67,18.79,,3822.0
2018-08-28 11:30,,18.71,2359,18.78,18.66,18.69,,2297.0
2018-08-28 13:30,,18.66,2359,18.78,18.65,18.71,,3837.0
2018-08-28 14:00,,18.67,2359,18.72,18.54,18.66,,7335.0
2018-08-28 14:30,,18.74,2359,18.77,18.6,18.67,,7026.0
2018-08-28 15:00,,18.97,2359,18.97,18.73,18.74,,30350.0
2018-08-29 10:00,,18.72,2359,18.88,18.7,18.86,,7714.0
2018-08-29 10:30,,18.79,2359,18.8,18.71,18.72,,3761.0
2018-08-29 11:00,,18.74,2359,18.85,18.69,18.79,,5636.0
2018-08-29 11:30,,18.76,2359,18.77,18.69,18.74,,4983.0
2018-08-29 13:30,,18.85,2359,18.86,18.71,18.76,,9461.0
2018-08-29 14:00,,18.86,2359,18.93,18.79,18.85,,11844.0
2018-08-29 14:30,,18.97,2359,19.03,18.78,18.86,,27488.0
2018-08-29 15:00,,19.06,2359,19.06,18.89,18.97,,34469.0
2018-08-30 10:00,,18.59,2359,18.9,18.53,18.81,,16020.0
2018-08-30 10:30,,18.59,2359,18.7,18.58,18.59,,24231.0
2018-08-30 11:00,,18.52,2359,18.64,18.38,18.59,,44449.0
2018-08-30 11:30,,18.76,2359,18.77,18.41,18.52,,43974.0
2018-08-30 13:30,,18.83,2359,18.95,18.0,18.76,,101937.0
2018-08-30 14:00,,18.86,2359,18.89,18.82,18.83,,3985.0
2018-08-30 14:30,,18.8,2359,18.89,18.8,18.86,,5931.0
2018-08-30 15:00,,19.0,2359,19.0,18.68,18.8,,52078.0
2018-08-31 10:00,,18.49,2359,18.68,18.33,18.68,,24256.0
2018-08-31 10:30,,18.56,2359,18.61,18.42,18.49,,6464.0
2018-08-31 11:00,,18.68,2359,18.96,18.55,18.56,,9747.0
2018-08-31 11:30,,18.7,2359,18.74,18.62,18.68,,2133.0
2018-08-31 13:30,,18.72,2359,18.74,18.59,18.7,,13034.0
2018-08-31 14:00,,18.61,2359,18.72,18.59,18.72,,4521.0
2018-08-31 14:30,,18.55,2359,18.62,18.53,18.61,,3983.0
2018-08-31 15:00,,18.55,2359,18.57,18.45,18.55,,10795.0
2018-09-03 10:00,,18.27,2359,18.64,18.27,18.6,,7839.0
2018-09-03 10:30,,18.17,2359,18.34,18.15,18.27,,9504.0
2018-09-03 11:00,,18.29,2359,18.3,18.09,18.17,,4225.0
2018-09-03 11:30,,18.17,2359,18.31,18.12,18.29,,3677.0
2018-09-03 13:30,,18.25,2359,18.25,18.15,18.17,,5967.0
2018-09-03 14:00,,18.27,2359,18.28,18.22,18.25,,2106.0
2018-09-03 14:30,,18.24,2359,18.3,18.23,18.27,,6852.0
2018-09-03 15:00,,18.31,2359,18.31,18.1,18.24,,11093.0
2018-09-04 10:00,,16.51,2359,18.4,16.48,18.4,,53714.0
2018-09-04 10:30,,17.59,2359,17.72,16.48,16.51,,49056.0
2018-09-04 11:00,,17.18,2359,17.59,16.8,17.59,,10985.0
2018-09-04 11:30,,16.48,2359,17.18,16.48,17.18,,28728.0
2018-09-04 13:30,,16.7,2359,16.81,16.48,16.48,,7939.0
2018-09-04 14:00,,16.95,2359,16.95,16.58,16.7,,9164.0
2018-09-04 14:30,,16.65,2359,17.5,16.57,17.1,,19327.0
2018-09-04 15:00,,16.48,2359,16.65,16.48,16.65,,16264.0
2018-09-05 10:00,,14.83,2359,14.83,14.83,14.83,,5938.0
2018-09-05 10:30,,14.83,2359,14.83,14.83,14.83,,452.0
2018-09-05 11:00,,14.83,2359,14.83,14.83,14.83,,183.0
2018-09-05 11:30,,14.83,2359,14.83,14.83,14.83,,263.0
2018-09-05 13:30,,14.83,2359,14.83,14.83,14.83,,402.0
2018-09-05 14:00,,14.83,2359,14.83,14.83,14.83,,224.0
2018-09-05 14:30,,14.83,2359,14.83,14.83,14.83,,269.0
2018-09-05 15:00,,14.83,2359,14.83,14.83,14.83,,381.0
2018-09-06 10:00,,13.35,2359,13.35,13.35,13.35,,2516.0
2018-09-06 10:30,,13.35,2359,13.35,13.35,13.35,,370.0
2018-09-06 11:00,,13.35,2359,13.35,13.35,13.35,,327.0
2018-09-06 11:30,,13.35,2359,13.35,13.35,13.35,,135.0
2018-09-06 13:30,,13.35,2359,13.35,13.35,13.35,,139.0
2018-09-06 14:00,,13.35,2359,13.35,13.35,13.35,,70.0
2018-09-06 14:30,,13.35,2359,13.35,13.35,13.35,,106.0
2018-09-06 15:00,,13.35,2359,13.35,13.35,13.35,,143.0
2018-09-07 10:00,,12.02,2359,12.02,12.02,12.02,,4373.0
2018-09-07 10:30,,12.02,2359,12.02,12.02,12.02,,1401.0
2018-09-07 11:00,,12.02,2359,12.02,12.02,12.02,,420.0
2018-09-07 11:30,,12.02,2359,12.02,12.02,12.02,,129.0
2018-09-07 13:30,,12.02,2359,12.02,12.02,12.02,,4503.0
2018-09-07 14:00,,12.02,2359,12.02,12.02,12.02,,737.0
2018-09-07 14:30,,12.02,2359,12.02,12.02,12.02,,826.0
2018-09-07 15:00,,12.02,2359,12.02,12.02,12.02,,586.0
2018-09-10 10:00,,10.82,2359,10.82,10.82,10.82,,3823.0
2018-09-10 10:30,,10.82,2359,10.82,10.82,10.82,,393.0
2018-09-10 11:00,,10.82,2359,10.82,10.82,10.82,,253.0
2018-09-10 11:30,,10.82,2359,10.82,10.82,10.82,,366.0
2018-09-10 13:30,,10.82,2359,10.82,10.82,10.82,,132.0
2018-09-10 14:00,,10.82,2359,10.82,10.82,10.82,,143.0
2018-09-10 14:30,,10.82,2359,10.82,10.82,10.82,,90.0
2018-09-10 15:00,,10.82,2359,10.82,10.82,10.82,,391.0
2018-09-11 10:00,,9.74,2359,9.74,9.74,9.74,,8081.0
2018-09-11 10:30,,9.74,2359,9.74,9.74,9.74,,1095.0
2018-09-11 11:00,,9.74,2359,9.74,9.74,9.74,,592.0
2018-09-11 11:30,,9.74,2359,9.74,9.74,9.74,,513.0
2018-09-11 13:30,,9.74,2359,9.74,9.74,9.74,,348.0
2018-09-11 14:00,,9.74,2359,9.74,9.74,9.74,,351.0
2018-09-11 14:30,,9.74,2359,9.74,9.74,9.74,,296.0
2018-09-11 15:00,,9.74,2359,9.74,9.74,9.74,,545.0
2018-09-12 10:00,,8.77,2359,8.77,8.77,8.77,,9778.0
2018-09-12 10:30,,8.77,2359,8.77,8.77,8.77,,727.0
2018-09-12 11:00,,8.77,2359,8.77,8.77,8.77,,361.0
2018-09-12 11:30,,8.77,2359,8.77,8.77,8.77,,336.0
2018-09-12 13:30,,8.77,2359,8.77,8.77,8.77,,1241.0
2018-09-12 14:00,,8.77,2359,8.77,8.77,8.77,,433.0
2018-09-12 14:30,,8.77,2359,8.77,8.77,8.77,,139.0
2018-09-12 15:00,,8.77,2359,8.77,8.77,8.77,,373.0
2018-09-13 10:00,,8.55,2359,9.18,7.89,7.89,,726783.0
2018-09-13 10:30,,8.36,2359,8.56,8.29,8.55,,91263.0
2018-09-13 11:00,,8.37,2359,8.38,8.28,8.3,,40849.0
2018-09-13 11:30,,8.54,2359,8.8,8.37,8.38,,35616.0
2018-09-13 13:30,,8.4,2359,8.56,8.3,8.54,,24511.0
2018-09-13 14:00,,8.66,2359,8.7,8.38,8.4,,19491.0
2018-09-13 14:30,,8.51,2359,8.66,8.48,8.63,,15758.0
2018-09-13 15:00,,8.3,2359,8.52,8.29,8.51,,75657.0
2018-09-14 10:00,,7.95,2359,7.96,7.8,7.87,,275388.0
2018-09-14 10:30,,7.91,2359,7.96,7.88,7.94,,82637.0
2018-09-14 11:00,,7.87,2359,7.95,7.87,7.91,,54286.0
2018-09-14 11:30,,7.83,2359,7.85,7.72,7.85,,67323.0
2018-09-14 13:30,,7.87,2359,7.88,7.79,7.83,,25391.0
2018-09-14 14:00,,7.9,2359,7.92,7.86,7.87,,36619.0
2018-09-14 14:30,,7.85,2359,7.9,7.82,7.9,,26611.0
2018-09-14 15:00,,7.85,2359,8.18,7.84,7.85,,111956.0
2018-09-17 10:00,,8.19,2359,8.39,7.73,7.73,,289663.0
2018-09-17 10:30,,8.14,2359,8.23,8.05,8.19,,84839.0
2018-09-17 11:00,,8.12,2359,8.17,8.07,8.14,,38751.0
2018-09-17 11:30,,8.15,2359,8.16,8.07,8.12,,27010.0
2018-09-17 13:30,,8.23,2359,8.27,8.15,8.15,,59959.0
2018-09-17 14:00,,8.28,2359,8.37,8.17,8.22,,66325.0
2018-09-17 14:30,,8.28,2359,8.33,8.21,8.28,,37126.0
2018-09-17 15:00,,8.17,2359,8.28,8.14,8.28,,63395.0
2018-09-18 10:00,,8.33,2359,8.33,7.9,8.0,,170931.0
2018-09-18 10:30,,8.69,2359,8.79,8.21,8.33,,175433.0
2018-09-18 11:00,,8.55,2359,8.76,8.45,8.7,,72343.0
2018-09-18 11:30,,8.8,2359,8.89,8.48,8.55,,92845.0
2018-09-18 13:30,,8.72,2359,8.89,8.66,8.8,,38561.0
2018-09-18 14:00,,8.64,2359,8.75,8.6,8.72,,36132.0
2018-09-18 14:30,,8.6,2359,8.66,8.53,8.64,,46113.0
2018-09-18 15:00,,8.63,2359,8.71,8.48,8.6,,81042.0
2018-09-19 10:00,,8.5,2359,8.74,8.37,8.54,,194481.0
2018-09-19 10:30,,8.53,2359,8.59,8.43,8.5,,50368.0
2018-09-19 11:00,,8.66,2359,8.69,8.52,8.53,,46946.0
2018-09-19 11:30,,8.63,2359,8.74,8.56,8.66,,39302.0
2018-09-19 13:30,,8.64,2359,8.66,8.57,8.63,,29421.0
2018-09-19 14:00,,8.61,2359,8.7,8.6,8.63,,41284.0
2018-09-19 14:30,,8.6,2359,8.63,8.5,8.61,,57229.0
2018-09-19 15:00,,8.63,2359,8.67,8.57,8.6,,71581.0
2018-09-20 10:00,,8.66,2359,8.69,8.47,8.63,,97175.0
2018-09-20 10:30,,8.88,2359,9.16,8.64,8.65,,163813.0
2018-09-20 11:00,,8.88,2359,8.96,8.84,8.89,,33037.0
2018-09-20 11:30,,8.93,2359,8.95,8.86,8.88,,22413.0
2018-09-20 13:30,,8.89,2359,8.98,8.88,8.93,,24078.0
2018-09-20 14:00,,8.74,2359,8.91,8.7,8.9,,50721.0
2018-09-20 14:30,,8.73,2359,8.8,8.69,8.74,,39507.0
2018-09-20 15:00,,8.73,2359,8.77,8.71,8.73,,47923.0
2018-09-21 10:00,,9.09,2359,9.16,8.67,8.68,,172244.0
2018-09-21 10:30,,9.43,2359,9.48,8.97,9.09,,132124.0
2018-09-21 11:00,,9.6,2359,9.6,9.36,9.43,,238827.0
2018-09-21 11:30,,9.6,2359,9.6,9.52,9.6,,51126.0
2018-09-21 13:30,,9.6,2359,9.6,9.6,9.6,,6625.0
2018-09-21 14:00,,9.6,2359,9.6,9.6,9.6,,2362.0
2018-09-21 14:30,,9.6,2359,9.6,9.6,9.6,,950.0
2018-09-21 15:00,,9.6,2359,9.6,9.6,9.6,,2043.0
2018-09-25 10:00,,9.63,2359,10.18,9.32,9.85,,351634.0
2018-09-25 10:30,,9.59,2359,9.73,9.46,9.63,,58013.0
2018-09-25 11:00,,9.58,2359,9.59,9.44,9.59,,36494.0
2018-09-25 11:30,,9.56,2359,9.61,9.52,9.58,,20191.0
2018-09-25 13:30,,9.74,2359,9.76,9.56,9.56,,36940.0
2018-09-25 14:00,,10.38,2359,10.55,9.75,9.75,,113336.0
2018-09-25 14:30,,10.19,2359,10.4,10.08,10.38,,65842.0
2018-09-25 15:00,,9.97,2359,10.2,9.92,10.18,,66733.0
2018-09-26 10:00,,10.4,2359,10.45,9.78,9.91,,235744.0
2018-09-26 10:30,,10.39,2359,10.43,10.23,10.41,,59925.0
2018-09-26 11:00,,10.72,2359,10.8,10.3,10.39,,80523.0
2018-09-26 11:30,,10.8,2359,10.83,10.59,10.72,,58135.0
2018-09-26 13:30,,10.66,2359,10.84,10.61,10.8,,41703.0
2018-09-26 14:00,,10.8,2359,10.95,10.62,10.66,,52872.0
2018-09-26 14:30,,10.97,2359,10.97,10.8,10.8,,93841.0
2018-09-26 15:00,,10.92,2359,10.97,10.82,10.97,,87940.0
2018-09-27 10:00,,10.57,2359,10.94,10.52,10.67,,220139.0
2018-09-27 10:30,,10.52,2359,10.67,10.52,10.57,,66424.0
2018-09-27 11:00,,10.38,2359,10.52,10.11,10.52,,124693.0
2018-09-27 11:30,,10.32,2359,10.42,10.23,10.38,,30613.0
2018-09-27 13:30,,10.53,2359,10.54,10.3,10.32,,27526.0
2018-09-27 14:00,,10.59,2359,10.89,10.52,10.52,,71859.0
2018-09-27 14:30,,10.54,2359,10.69,10.46,10.59,,37207.0
2018-09-27 15:00,,10.31,2359,10.57,10.31,10.54,,67917.0
2018-09-28 10:00,,10.31,2359,10.63,10.11,10.12,,128919.0
2018-09-28 10:30,,10.23,2359,10.45,10.18,10.31,,32953.0
2018-09-28 11:00,,10.03,2359,10.36,10.03,10.23,,42881.0
2018-09-28 11:30,,9.77,2359,10.1,9.65,10.04,,108794.0
2018-09-28 13:30,,9.94,2359,10.03,9.74,9.77,,36609.0
2018-09-28 14:00,,9.87,2359,9.96,9.78,9.94,,32115.0
2018-09-28 14:30,,9.88,2359,9.89,9.77,9.87,,35544.0
2018-09-28 14:30,{},9.88,2359,9.89,9.77,9.87,50.1637,35544.0
2018-09-28 15:00,{},9.88,2359,9.99,9.84,9.88,89.1287,63153.0
2018-09-28 15:00,,9.88,2359,9.99,9.84,9.88,,63153.0
2018-10-08 10:00,,9.57,2359,9.85,9.49,9.69,,116639.0
2018-10-08 10:00,{},9.57,2359,9.85,9.49,9.69,164.6141,116639.0
2018-10-08 10:30,,9.61,2359,9.66,9.53,9.58,,29446.0
2018-10-08 10:30,{},9.61,2359,9.66,9.53,9.58,41.5575,29446.0
2018-10-08 11:00,{},9.47,2359,9.62,9.47,9.61,44.7513,31709.0
2018-10-08 11:00,,9.47,2359,9.62,9.47,9.61,,31709.0
2018-10-08 11:30,,9.29,2359,9.51,9.28,9.47,,47508.0
2018-10-08 11:30,{},9.29,2359,9.51,9.28,9.47,67.0487,47508.0
2018-10-08 13:30,,9.18,2359,9.44,9.07,9.28,,45179.0
2018-10-08 13:30,{},9.18,2359,9.44,9.07,9.28,63.7617,45179.0
2018-10-08 14:00,{},9.09,2359,9.21,9.03,9.18,74.0149,52444.0
2018-10-08 14:00,,9.09,2359,9.21,9.03,9.18,,52444.0
2018-10-08 14:30,,9.24,2359,9.28,8.98,9.08,,49046.0
2018-10-08 14:30,{},9.24,2359,9.28,8.98,9.08,69.2193,49046.0
2018-10-08 15:00,{},9.18,2359,9.32,9.1,9.24,60.2617,42699.0
2018-10-08 15:00,,9.18,2359,9.32,9.1,9.24,,42699.0
2018-10-09 10:00,{},9.45,2359,9.54,9.26,9.36,157.8328,111834.0
2018-10-09 10:00,,9.45,2359,9.54,9.26,9.36,,111834.0
2018-10-09 10:30,{},9.37,2359,9.47,9.34,9.46,43.5644,30868.0
2018-10-09 10:30,,9.37,2359,9.47,9.34,9.46,,30868.0
2018-10-09 11:00,{},9.27,2359,9.42,9.22,9.38,37.7385,26740.0
2018-10-09 11:00,,9.27,2359,9.42,9.22,9.38,,26740.0
2018-10-09 11:30,{},9.36,2359,9.39,9.26,9.28,18.333,12990.0
2018-10-09 11:30,,9.36,2359,9.39,9.26,9.28,,12990.0
2018-10-09 13:30,,9.31,2359,9.37,9.29,9.36,,12820.0
2018-10-09 13:30,{},9.31,2359,9.37,9.29,9.36,18.093,12820.0
2018-10-09 14:00,{},9.26,2359,9.34,9.25,9.31,21.8457,15479.0
2018-10-09 14:00,,9.26,2359,9.34,9.25,9.31,,15479.0
2018-10-09 14:30,{},9.32,2359,9.32,9.2,9.26,28.3829,20111.0
2018-10-09 14:30,,9.32,2359,9.32,9.2,9.26,,20111.0
2018-10-09 15:00,,9.3,2359,9.32,9.24,9.32,,29896.0
2018-10-09 15:00,{},9.3,2359,9.32,9.24,9.32,42.1926,29896.0
2018-10-10 10:00,,9.03,2359,9.37,8.96,9.3,,87265.0
2018-10-10 10:00,{},9.03,2359,9.37,8.96,9.3,123.1582,87265.0
2018-10-10 10:30,{},8.99,2359,9.06,8.91,9.03,87.5522,62036.0
2018-10-10 10:30,,8.99,2359,9.06,8.91,9.03,,62036.0
2018-10-10 11:00,{},8.86,2359,9.0,8.76,8.99,96.0681,68070.0
2018-10-10 11:00,,8.86,2359,9.0,8.76,8.99,,68070.0
2018-10-10 11:30,,9.01,2359,9.02,8.83,8.86,,17755.0
2018-10-10 11:30,{},9.01,2359,9.02,8.83,8.86,25.0579,17755.0
2018-10-10 13:30,{},9.05,2359,9.07,8.93,9.01,20.1211,14257.0
2018-10-10 13:30,,9.05,2359,9.07,8.93,9.01,,14257.0
2018-10-10 14:00,,9.03,2359,9.14,8.96,9.05,,23855.0
2018-10-10 14:00,{},9.03,2359,9.14,8.96,9.05,33.6669,23855.0
2018-10-10 14:30,,9.01,2359,9.11,9.0,9.03,,14936.0
2018-10-10 14:30,{},9.01,2359,9.11,9.0,9.03,21.0794,14936.0
2018-10-10 15:00,,9.13,2359,9.14,9.0,9.01,,42242.0
2018-10-10 15:00,{},9.13,2359,9.14,9.0,9.01,59.6167,42242.0
2018-10-11 10:00,{},8.57,2359,8.73,8.45,8.45,136.3441,96608.0
2018-10-11 10:00,,8.57,2359,8.73,8.45,8.45,,96608.0
2018-10-11 10:30,,8.57,2359,8.64,8.49,8.56,,35039.0
2018-10-11 10:30,{},8.57,2359,8.64,8.49,8.56,49.451,35039.0
2018-10-11 11:00,{},8.22,2359,8.57,8.22,8.57,84.0366,59545.0
2018-10-11 11:00,,8.22,2359,8.57,8.22,8.57,,59545.0
2018-10-11 11:30,{},8.22,2359,8.22,8.22,8.22,14.7553,10455.0
2018-10-11 11:30,,8.22,2359,8.22,8.22,8.22,,10455.0
2018-10-11 13:30,,8.22,2359,8.22,8.22,8.22,,9385.0
2018-10-11 13:30,{},8.22,2359,8.22,8.22,8.22,13.2452,9385.0
2018-10-11 14:00,{},8.22,2359,8.22,8.22,8.22,2.0281,1437.0
2018-10-11 14:00,,8.22,2359,8.22,8.22,8.22,,1437.0
2018-10-11 14:30,,8.22,2359,8.22,8.22,8.22,,919.0
2018-10-11 14:30,{},8.22,2359,8.22,8.22,8.22,1.297,919.0
2018-10-11 15:00,{},8.22,2359,8.22,8.22,8.22,2.3047,1633.0
2018-10-11 15:00,,8.22,2359,8.22,8.22,8.22,,1633.0
2018-10-12 10:00,,7.62,2359,7.79,7.5,7.5,,123663.0
2018-10-12 10:00,{},7.62,2359,7.79,7.5,7.5,174.5272,123663.0
2018-10-12 10:30,{},7.51,2359,7.63,7.4,7.62,131.8971,93457.0
2018-10-12 10:30,,7.51,2359,7.63,7.4,7.62,,93457.0
2018-10-12 11:00,,7.51,2359,7.51,7.4,7.51,,47220.0
2018-10-12 11:00,{},7.51,2359,7.51,7.4,7.51,66.6422,47220.0
2018-10-12 11:30,,7.72,2359,7.73,7.46,7.51,,27507.0
2018-10-12 11:30,{},7.72,2359,7.73,7.46,7.51,38.821,27507.0
2018-10-12 13:30,{},7.75,2359,7.83,7.67,7.72,50.144,35530.0
2018-10-12 13:30,,7.75,2359,7.83,7.67,7.72,,35530.0
2018-10-12 14:00,,7.74,2359,7.79,7.7,7.75,,18856.0
2018-10-12 14:00,{},7.74,2359,7.79,7.7,7.75,26.6117,18856.0
2018-10-12 14:30,,7.84,2359,7.87,7.74,7.74,,33186.0
2018-10-12 14:30,{},7.84,2359,7.87,7.74,7.74,46.8358,33186.0
2018-10-12 15:00,,7.71,2359,7.85,7.67,7.84,,45477.0
2018-10-12 15:00,{},7.71,2359,7.85,7.67,7.84,64.1823,45477.0
2018-10-15 10:00,,8.17,2359,8.29,7.91,8.1,,163753.0
2018-10-15 10:00,{},8.17,2359,8.29,7.91,8.1,231.1068,163753.0
2018-10-15 10:30,{},8.48,2359,8.48,8.15,8.17,104.7321,74209.0
2018-10-15 10:30,,8.48,2359,8.48,8.15,8.17,,74209.0
2018-10-15 11:00,,8.48,2359,8.48,8.48,8.48,,7214.0
2018-10-15 11:00,{},8.48,2359,8.48,8.48,8.48,10.1812,7214.0
2018-10-15 11:30,{},8.48,2359,8.48,8.48,8.48,6.0898,4315.0
2018-10-15 11:30,,8.48,2359,8.48,8.48,8.48,,4315.0
2018-10-15 13:30,{},8.48,2359,8.48,8.48,8.48,10.9758,7777.0
2018-10-15 13:30,,8.48,2359,8.48,8.48,8.48,,7777.0
2018-10-15 14:00,,8.48,2359,8.48,8.48,8.48,,1994.0
2018-10-15 14:00,{},8.48,2359,8.48,8.48,8.48,2.8142,1994.0
2018-10-15 14:30,{},8.48,2359,8.48,8.48,8.48,7.0707,5010.0
2018-10-15 14:30,,8.48,2359,8.48,8.48,8.48,,5010.0
2018-10-15 15:00,{},8.48,2359,8.48,8.48,8.48,12.4944,8853.0
2018-10-15 15:00,,8.48,2359,8.48,8.48,8.48,,8853.0
2018-10-16 10:00,{},9.06,2359,9.33,8.7,8.8,492.0444,348643.0
2018-10-16 10:00,,9.06,2359,9.33,8.7,8.8,,348643.0
2018-10-16 10:30,{},9.05,2359,9.22,9.03,9.06,60.4197,42811.0
2018-10-16 10:30,,9.05,2359,9.22,9.03,9.06,,42811.0
2018-10-16 11:00,{},8.84,2359,9.07,8.84,9.06,68.8947,48816.0
2018-10-16 11:00,,8.84,2359,9.07,8.84,9.06,,48816.0
2018-10-16 11:30,{},8.95,2359,8.98,8.79,8.84,34.9314,24751.0
2018-10-16 11:30,,8.95,2359,8.98,8.79,8.84,,24751.0
2018-10-16 13:30,{},9.01,2359,9.11,8.89,8.95,25.2018,17857.0
2018-10-16 13:30,,9.01,2359,9.11,8.89,8.95,,17857.0
2018-10-16 14:00,,8.85,2359,9.06,8.82,9.01,,20997.0
2018-10-16 14:00,{},8.85,2359,9.06,8.82,9.01,29.6333,20997.0
2018-10-16 14:30,{},8.78,2359,8.92,8.75,8.85,41.1186,29135.0
2018-10-16 14:30,,8.78,2359,8.92,8.75,8.85,,29135.0
2018-10-16 15:00,,8.82,2359,8.87,8.7,8.78,,53352.0
2018-10-16 15:00,{},8.82,2359,8.87,8.7,8.78,75.2964,53352.0
2018-10-17 10:00,{},9.02,2359,9.26,8.67,8.8,258.084,182868.0
2018-10-17 10:00,,9.02,2359,9.26,8.67,8.8,,182868.0
2018-10-17 10:30,,9.16,2359,9.16,8.96,9.03,,55843.0
2018-10-17 10:30,{},9.16,2359,9.16,8.96,9.03,78.812,55843.0
2018-10-17 11:00,{},9.02,2359,9.17,9.0,9.16,50.4432,35742.0
2018-10-17 11:00,,9.02,2359,9.17,9.0,9.16,,35742.0
2018-10-17 11:30,,9.02,2359,9.08,8.85,9.02,,33540.0
2018-10-17 11:30,{},9.02,2359,9.08,8.85,9.02,47.3354,33540.0
2018-10-17 13:30,{},9.13,2359,9.18,8.92,9.02,44.7217,31688.0
2018-10-17 13:30,,9.13,2359,9.18,8.92,9.02,,31688.0
2018-10-17 14:00,,9.13,2359,9.23,9.05,9.13,,51453.0
2018-10-17 14:00,{},9.13,2359,9.23,9.05,9.13,72.6163,51453.0
2018-10-17 14:30,{},9.4,2359,9.6,9.11,9.13,116.3359,82431.0
2018-10-17 14:30,,9.4,2359,9.6,9.11,9.13,,82431.0
2018-10-17 15:00,{},9.37,2359,9.47,9.27,9.4,85.6498,60688.0
2018-10-17 15:00,,9.37,2359,9.47,9.27,9.4,,60688.0
2018-10-18 10:00,,8.43,2359,9.08,8.43,9.08,,191377.0
2018-10-18 10:00,{},8.43,2359,9.08,8.43,9.08,270.0929,191377.0
2018-10-18 10:30,,8.43,2359,8.43,8.43,8.43,,4284.0
2018-10-18 10:30,{},8.43,2359,8.43,8.43,8.43,6.0461,4284.0
2018-10-18 11:00,{},8.43,2359,8.43,8.43,8.43,9.1001,6448.0
2018-10-18 11:00,,8.43,2359,8.43,8.43,8.43,,6448.0
2018-10-18 11:30,{},8.43,2359,8.43,8.43,8.43,1.7698,1254.0
2018-10-18 11:30,,8.43,2359,8.43,8.43,8.43,,1254.0
2018-10-18 13:30,{},8.43,2359,8.43,8.43,8.43,2.0492,1452.0
2018-10-18 13:30,,8.43,2359,8.43,8.43,8.43,,1452.0
2018-10-18 14:00,{},8.43,2359,8.43,8.43,8.43,0.8440000000000001,598.0
2018-10-18 14:00,,8.43,2359,8.43,8.43,8.43,,598.0
2018-10-18 14:30,,8.43,2359,8.43,8.43,8.43,,939.0
2018-10-18 14:30,{},8.43,2359,8.43,8.43,8.43,1.3252,939.0
2018-10-18 15:00,{},8.43,2359,8.43,8.43,8.43,2.1791,1544.0
2018-10-18 15:00,,8.43,2359,8.43,8.43,8.43,,1544.0
2018-10-19 10:00,,8.2,2359,8.41,7.59,7.59,,205154.0
2018-10-19 10:00,{},8.2,2359,8.41,7.59,7.59,289.5365,205154.0
2018-10-19 10:30,,8.27,2359,8.36,8.05,8.21,,45532.0
2018-10-19 10:30,{},8.27,2359,8.36,8.05,8.21,64.2599,45532.0
2018-10-19 11:00,,8.2,2359,8.36,8.16,8.27,,27978.0
2018-10-19 11:00,{},8.2,2359,8.36,8.16,8.27,39.4857,27978.0
2018-10-19 11:30,,8.01,2359,8.22,7.94,8.21,,28557.0
2018-10-19 11:30,{},8.01,2359,8.22,7.94,8.21,40.3029,28557.0
2018-10-19 13:30,,8.13,2359,8.19,7.99,8.01,,12419.0
2018-10-19 13:30,{},8.13,2359,8.19,7.99,8.01,17.5271,12419.0
2018-10-19 14:00,,8.11,2359,8.2,8.08,8.13,,30874.0
2018-10-19 14:00,{},8.11,2359,8.2,8.08,8.13,43.5729,30874.0
2018-10-19 14:30,,8.12,2359,8.15,8.04,8.11,,35981.0
2018-10-19 14:30,{},8.12,2359,8.15,8.04,8.11,50.7805,35981.0
2018-10-19 15:00,,8.17,2359,8.37,8.12,8.12,,68999.0
2018-10-19 15:00,{},8.17,2359,8.37,8.12,8.12,97.3792,68999.0
2018-10-22 10:00,,8.3,2359,8.32,8.02,8.12,,129730.0
2018-10-22 10:00,{},8.3,2359,8.32,8.02,8.12,183.0896,129730.0
2018-10-22 10:30,{},8.35,2359,8.55,8.3,8.3,102.1847,72404.0
2018-10-22 10:30,,8.35,2359,8.55,8.3,8.3,,72404.0
2018-10-22 11:00,{},8.51,2359,8.53,8.35,8.35,55.6001,39396.0
2018-10-22 11:00,,8.51,2359,8.53,8.35,8.35,,39396.0
2018-10-22 11:30,{},8.64,2359,8.65,8.43,8.51,49.6062,35149.0
2018-10-22 11:30,,8.64,2359,8.65,8.43,8.51,,35149.0
2018-10-22 13:30,,8.67,2359,8.86,8.61,8.64,,42137.0
2018-10-22 13:30,{},8.67,2359,8.86,8.61,8.64,59.4685,42137.0
2018-10-22 14:00,,8.63,2359,8.74,8.54,8.67,,28710.0
2018-10-22 14:00,{},8.63,2359,8.74,8.54,8.67,40.5188,28710.0
2018-10-22 14:30,,8.66,2359,8.75,8.55,8.63,,30008.0
2018-10-22 14:30,{},8.66,2359,8.75,8.55,8.63,42.3507,30008.0
2018-10-22 15:00,{},8.81,2359,8.81,8.63,8.66,69.98,49585.0
2018-10-22 15:00,,8.81,2359,8.81,8.63,8.66,,49585.0
2018-10-23 10:00,,9.02,2359,9.29,8.93,9.04,,211685.0
2018-10-23 10:00,{},9.02,2359,9.29,8.93,9.04,298.7538,211685.0
2018-10-23 10:30,,9.38,2359,9.48,8.98,9.02,,87628.0
2018-10-23 10:30,{},9.38,2359,9.48,8.98,9.02,123.6705,87628.0
2018-10-23 11:00,{},9.3,2359,9.39,9.26,9.35,46.2064,32740.0
2018-10-23 11:00,,9.3,2359,9.39,9.26,9.35,,32740.0
2018-10-23 11:30,{},9.26,2359,9.3,9.12,9.3,47.0052,33306.0
2018-10-23 11:30,,9.26,2359,9.3,9.12,9.3,,33306.0
2018-10-23 13:30,,9.21,2359,9.31,9.16,9.26,,15366.0
2018-10-23 13:30,{},9.21,2359,9.31,9.16,9.26,21.6862,15366.0
2018-10-23 14:00,,9.07,2359,9.21,9.0,9.2,,36347.0
2018-10-23 14:00,{},9.07,2359,9.21,9.0,9.2,51.297,36347.0
2018-10-23 14:30,{},9.01,2359,9.09,8.9,9.05,68.7126,48687.0
2018-10-23 14:30,,9.01,2359,9.09,8.9,9.05,,48687.0
2018-10-23 15:00,{},8.97,2359,9.08,8.93,9.01,58.2703,41288.0
2018-10-23 15:00,,8.97,2359,9.08,8.93,9.01,,41288.0
2018-10-24 10:00,{},8.75,2359,8.9,8.64,8.66,148.8074,105439.0
2018-10-24 10:00,,8.75,2359,8.9,8.64,8.66,,105439.0
2018-10-24 10:30,{},8.72,2359,8.76,8.44,8.74,102.865,72886.0
2018-10-24 10:30,,8.72,2359,8.76,8.44,8.74,,72886.0
2018-10-24 11:00,{},8.73,2359,8.73,8.55,8.73,28.2912,20046.0
2018-10-24 11:00,,8.73,2359,8.73,8.55,8.73,,20046.0
2018-10-24 11:30,{},8.8,2359,8.82,8.71,8.73,35.1784,24926.0
2018-10-24 11:30,,8.8,2359,8.82,8.71,8.73,,24926.0
2018-10-24 13:30,{},8.72,2359,8.84,8.71,8.8,36.0506,25544.0
2018-10-24 13:30,,8.72,2359,8.84,8.71,8.8,,25544.0
2018-10-24 14:00,{},8.65,2359,8.74,8.63,8.73,24.3212,17233.0
2018-10-24 14:00,,8.65,2359,8.74,8.63,8.73,,17233.0
2018-10-24 14:30,{},9.08,2359,9.28,8.64,8.65,150.4375,106594.0
2018-10-24 14:30,,9.08,2359,9.28,8.64,8.65,,106594.0
2018-10-24 15:00,{},9.08,2359,9.11,9.01,9.08,68.4854,48526.0
2018-10-24 15:00,,9.08,2359,9.11,9.01,9.08,,48526.0
2018-10-25 10:00,,8.7,2359,8.78,8.53,8.71,,89205.0
2018-10-25 10:00,{},8.7,2359,8.78,8.53,8.71,125.8962,89205.0
2018-10-25 10:30,{},8.72,2359,8.76,8.64,8.7,49.2252,34879.0
2018-10-25 10:30,,8.72,2359,8.76,8.64,8.7,,34879.0
2018-10-25 11:00,{},8.7,2359,8.72,8.61,8.71,37.2869,26420.0
2018-10-25 11:00,,8.7,2359,8.72,8.61,8.71,,26420.0
2018-10-25 11:30,{},8.78,2359,8.84,8.63,8.7,26.3055,18639.0
2018-10-25 11:30,,8.78,2359,8.84,8.63,8.7,,18639.0
2018-10-25 13:30,{},8.73,2359,8.84,8.71,8.77,20.0745,14224.0
2018-10-25 13:30,,8.73,2359,8.84,8.71,8.77,,14224.0
2018-10-25 14:00,{},8.78,2359,8.82,8.71,8.73,18.5757,13162.0
2018-10-25 14:00,,8.78,2359,8.82,8.71,8.73,,13162.0
2018-10-25 14:30,{},8.92,2359,8.96,8.78,8.78,56.8745,40299.0
2018-10-25 14:30,,8.92,2359,8.96,8.78,8.78,,40299.0
2018-10-25 15:00,,8.88,2359,8.95,8.81,8.92,,59161.0
2018-10-25 15:00,{},8.88,2359,8.95,8.81,8.92,83.4947,59161.0
2018-10-26 10:00,,9.16,2359,9.29,8.8,8.85,,134062.0
2018-10-26 10:00,{},9.16,2359,9.29,8.8,8.85,189.2035,134062.0
2018-10-26 10:30,{},9.14,2359,9.17,9.07,9.15,57.5421,40772.0
2018-10-26 10:30,,9.14,2359,9.17,9.07,9.15,,40772.0
2018-10-26 11:00,{},9.24,2359,9.41,9.12,9.14,96.7102,68525.0
2018-10-26 11:00,,9.24,2359,9.41,9.12,9.14,,68525.0
2018-10-26 11:30,{},9.23,2359,9.31,9.18,9.24,35.9631,25482.0
2018-10-26 11:30,,9.23,2359,9.31,9.18,9.24,,25482.0
2018-10-26 13:30,{},9.14,2359,9.23,9.08,9.23,46.211999999999996,32744.0
2018-10-26 13:30,,9.14,2359,9.23,9.08,9.23,,32744.0
2018-10-26 14:00,{},9.15,2359,9.22,9.09,9.14,24.0008,17006.0
2018-10-26 14:00,,9.15,2359,9.22,9.09,9.14,,17006.0
2018-10-26 14:30,,9.02,2359,9.17,9.0,9.15,,33078.0
2018-10-26 14:30,{},9.02,2359,9.17,9.0,9.15,46.6834,33078.0
2018-10-26 15:00,{},9.14,2359,9.16,9.02,9.02,66.223,46923.0
2018-10-26 15:00,,9.14,2359,9.16,9.02,9.02,,46923.0
2018-10-29 10:00,{},9.4,2359,9.48,8.88,8.99,220.7901,156443.0
2018-10-29 10:00,,9.4,2359,9.48,8.88,8.99,,156443.0
2018-10-29 10:30,,9.57,2359,9.66,9.31,9.4,,73082.0
2018-10-29 10:30,{},9.57,2359,9.66,9.31,9.4,103.1416,73082.0
2018-10-29 11:00,{},9.66,2359,9.84,9.52,9.56,112.9897,80060.0
2018-10-29 11:00,,9.66,2359,9.84,9.52,9.56,,80060.0
2018-10-29 11:30,{},9.65,2359,9.8,9.61,9.65,46.7229,33106.0
2018-10-29 11:30,,9.65,2359,9.8,9.61,9.65,,33106.0
2018-10-29 13:30,,9.79,2359,9.82,9.56,9.65,,50138.0
2018-10-29 13:30,{},9.79,2359,9.82,9.56,9.65,70.7604,50138.0
2018-10-29 14:00,{},9.83,2359,10.0,9.67,9.79,99.022,70163.0
2018-10-29 14:00,,9.83,2359,10.0,9.67,9.79,,70163.0
2018-10-29 14:30,{},9.65,2359,9.89,9.6,9.84,66.8468,47365.0
2018-10-29 14:30,,9.65,2359,9.89,9.6,9.84,,47365.0
2018-10-29 15:00,{},9.58,2359,9.8,9.55,9.65,93.8707,66513.0
2018-10-29 15:00,,9.58,2359,9.8,9.55,9.65,,66513.0
2018-10-30 10:00,,9.22,2359,9.74,9.06,9.46,,204240.0
2018-10-30 10:00,{},9.22,2359,9.74,9.06,9.46,288.2466,204240.0
2018-10-30 10:30,,9.31,2359,9.37,9.1,9.23,,48873.0
2018-10-30 10:30,{},9.31,2359,9.37,9.1,9.23,68.9751,48873.0
2018-10-30 11:00,,9.27,2359,9.35,9.23,9.32,,23160.0
2018-10-30 11:00,{},9.27,2359,9.35,9.23,9.32,32.686,23160.0
2018-10-30 11:30,{},9.25,2359,9.34,9.18,9.27,48.473,34346.0
2018-10-30 11:30,,9.25,2359,9.34,9.18,9.27,,34346.0
2018-10-30 13:30,{},9.43,2359,9.49,9.24,9.25,50.5772,35837.0
2018-10-30 13:30,,9.43,2359,9.49,9.24,9.25,,35837.0
2018-10-30 14:00,,9.41,2359,9.45,9.35,9.43,,25838.0
2018-10-30 14:00,{},9.41,2359,9.45,9.35,9.43,36.4655,25838.0
2018-10-30 14:30,,9.81,2359,9.81,9.38,9.41,,74884.0
2018-10-30 14:30,{},9.81,2359,9.81,9.38,9.41,105.6848,74884.0
2018-10-30 15:00,,9.64,2359,9.82,9.6,9.82,,83013.0
2018-10-30 15:00,{},9.64,2359,9.82,9.6,9.82,117.1573,83013.0
2018-10-31 10:00,{},9.6,2359,9.74,9.46,9.5,139.5027,98846.0
2018-10-31 10:00,,9.6,2359,9.74,9.46,9.5,,98846.0
2018-10-31 10:30,,9.5,2359,9.6,9.46,9.6,,70970.0
2018-10-31 10:30,{},9.5,2359,9.6,9.46,9.6,100.1609,70970.0
2018-10-31 11:00,,9.52,2359,9.58,9.49,9.5,,22913.0
2018-10-31 11:00,{},9.52,2359,9.58,9.49,9.5,32.3374,22913.0
2018-10-31 11:30,,9.62,2359,9.62,9.5,9.52,,16700.0
2018-10-31 11:30,{},9.62,2359,9.62,9.5,9.52,23.5689,16700.0
2018-10-31 13:30,{},9.59,2359,9.65,9.55,9.62,30.8866,21885.0
2018-10-31 13:30,,9.59,2359,9.65,9.55,9.62,,21885.0
2018-10-31 14:00,,9.55,2359,9.66,9.55,9.59,,31805.0
2018-10-31 14:00,{},9.55,2359,9.66,9.55,9.59,44.8868,31805.0
2018-10-31 14:30,,9.55,2359,9.59,9.49,9.55,,35734.0
2018-10-31 14:30,{},9.55,2359,9.59,9.49,9.55,50.4319,35734.0
2018-10-31 15:00,,9.39,2359,9.56,9.35,9.55,,87365.0
2018-10-31 15:00,{},9.39,2359,9.56,9.35,9.55,123.2994,87365.0
2018-11-01 10:00,{},9.42,2359,9.62,9.4,9.47,145.3525,102991.0
2018-11-01 10:00,,9.42,2359,9.62,9.4,9.47,,102991.0
2018-11-01 10:30,{},9.55,2359,9.55,9.41,9.42,57.28100000000001,40587.0
2018-11-01 10:30,,9.55,2359,9.55,9.41,9.42,,40587.0
2018-11-01 11:00,{},9.49,2359,9.56,9.47,9.55,28.9743,20530.0
2018-11-01 11:00,,9.49,2359,9.56,9.47,9.55,,20530.0
2018-11-01 11:30,,9.47,2359,9.52,9.46,9.49,,19708.0
2018-11-01 11:30,{},9.47,2359,9.52,9.46,9.49,27.8142,19708.0
2018-11-01 13:30,,9.39,2359,9.48,9.32,9.47,,53809.0
2018-11-01 13:30,{},9.39,2359,9.48,9.32,9.47,75.9413,53809.0
2018-11-01 14:00,,9.32,2359,9.41,9.31,9.4,,37294.0
2018-11-01 14:00,{},9.32,2359,9.41,9.31,9.4,52.6335,37294.0
2018-11-01 14:30,{},9.22,2359,9.33,9.2,9.32,83.8376,59404.0
2018-11-01 14:30,,9.22,2359,9.33,9.2,9.32,,59404.0
2018-11-01 15:00,,9.2,2359,9.25,9.1,9.22,,76206.0
2018-11-01 15:00,{},9.2,2359,9.25,9.1,9.22,107.5505,76206.0
2018-11-02 10:00,,9.32,2359,9.39,9.21,9.32,,99552.0
2018-11-02 10:00,{},9.32,2359,9.39,9.21,9.32,140.499,99552.0
2018-11-02 10:30,,9.31,2359,9.36,9.23,9.32,,38985.0
2018-11-02 10:30,{},9.31,2359,9.36,9.23,9.32,55.02,38985.0
2018-11-02 11:00,,9.23,2359,9.33,9.23,9.31,,30580.0
2018-11-02 11:00,{},9.23,2359,9.33,9.23,9.31,43.158,30580.0
2018-11-02 11:30,,9.29,2359,9.31,9.17,9.22,,34591.0
2018-11-02 11:30,{},9.29,2359,9.31,9.17,9.22,48.8187,34591.0
2018-11-02 13:30,,9.27,2359,9.32,9.26,9.29,,21892.0
2018-11-02 13:30,{},9.27,2359,9.32,9.26,9.29,30.8965,21892.0
2018-11-02 14:00,,9.32,2359,9.36,9.27,9.27,,32598.0
2018-11-02 14:00,{},9.32,2359,9.36,9.27,9.27,46.006,32598.0
2018-11-02 14:30,{},9.39,2359,9.45,9.29,9.32,81.8392,57988.0
2018-11-02 14:30,,9.39,2359,9.45,9.29,9.32,,57988.0
2018-11-02 15:00,,9.4,2359,9.41,9.32,9.39,,66696.0
2018-11-02 15:00,{},9.4,2359,9.41,9.32,9.39,94.1289,66696.0
2018-11-05 10:00,{},9.27,2359,9.33,9.12,9.12,159.9399,113327.0
2018-11-05 10:00,,9.27,2359,9.33,9.12,9.12,,113327.0
2018-11-05 10:30,,9.38,2359,9.38,9.25,9.27,,50826.0
2018-11-05 10:30,{},9.38,2359,9.38,9.25,9.27,71.7314,50826.0
2018-11-05 11:00,{},9.32,2359,9.48,9.31,9.38,66.3359,47003.0
2018-11-05 11:00,,9.32,2359,9.48,9.31,9.38,,47003.0
2018-11-05 11:30,{},9.37,2359,9.46,9.23,9.32,47.6375,33754.0
2018-11-05 11:30,,9.37,2359,9.46,9.23,9.32,,33754.0
2018-11-05 13:30,,9.38,2359,9.38,9.27,9.37,,15741.0
2018-11-05 13:30,{},9.38,2359,9.38,9.27,9.37,22.2155,15741.0
2018-11-05 14:00,,9.38,2359,9.4,9.31,9.38,,14891.0
2018-11-05 14:00,{},9.38,2359,9.4,9.31,9.38,21.0159,14891.0
2018-11-05 14:30,,9.38,2359,9.4,9.33,9.38,,20005.0
2018-11-05 14:30,{},9.38,2359,9.4,9.33,9.38,28.2333,20005.0
2018-11-05 15:00,,9.62,2359,9.64,9.35,9.37,,115755.0
2018-11-05 15:00,{},9.62,2359,9.64,9.35,9.37,163.3665,115755.0
2018-11-06 10:00,{},9.5,2359,9.87,9.48,9.57,233.5568,165489.0
2018-11-06 10:00,,9.5,2359,9.87,9.48,9.57,,165489.0
2018-11-06 10:30,{},9.48,2359,9.58,9.43,9.5,46.0469,32627.0
2018-11-06 10:30,,9.48,2359,9.58,9.43,9.5,,32627.0
2018-11-06 11:00,{},9.47,2359,9.49,9.35,9.48,58.3507,41345.0
2018-11-06 11:00,,9.47,2359,9.49,9.35,9.48,,41345.0
2018-11-06 11:30,,9.3,2359,9.48,9.28,9.46,,29673.0
2018-11-06 11:30,{},9.3,2359,9.48,9.28,9.46,41.8779,29673.0
2018-11-06 13:30,{},9.36,2359,9.41,9.28,9.3,18.7451,13282.0
2018-11-06 13:30,,9.36,2359,9.41,9.28,9.3,,13282.0
2018-11-06 14:00,,9.46,2359,9.5,9.33,9.36,,21479.0
2018-11-06 14:00,{},9.46,2359,9.5,9.33,9.36,30.3136,21479.0
2018-11-06 14:30,,9.46,2359,9.5,9.41,9.46,,16987.0
2018-11-06 14:30,{},9.46,2359,9.5,9.41,9.46,23.974,16987.0
2018-11-06 15:00,{},9.45,2359,9.5,9.37,9.46,67.29,47679.0
2018-11-06 15:00,,9.45,2359,9.5,9.37,9.46,,47679.0
2018-11-07 10:00,,9.32,2359,9.46,9.19,9.45,,88779.0
2018-11-07 10:00,{},9.32,2359,9.46,9.19,9.45,125.295,88779.0
2018-11-07 10:30,,9.29,2359,9.38,9.29,9.32,,28632.0
2018-11-07 10:30,{},9.29,2359,9.38,9.29,9.32,40.4087,28632.0
2018-11-07 11:00,{},9.31,2359,9.35,9.25,9.29,25.7536,18248.0
2018-11-07 11:00,,9.31,2359,9.35,9.25,9.29,,18248.0
2018-11-07 11:30,,9.54,2359,9.57,9.3,9.31,,50435.0
2018-11-07 11:30,{},9.54,2359,9.57,9.3,9.31,71.1796,50435.0
2018-11-07 13:30,{},9.47,2359,9.6,9.44,9.54,59.3372,42044.0
2018-11-07 13:30,,9.47,2359,9.6,9.44,9.54,,42044.0
2018-11-07 14:00,{},9.37,2359,9.49,9.34,9.47,45.0816,31943.0
2018-11-07 14:00,,9.37,2359,9.49,9.34,9.47,,31943.0
2018-11-07 14:30,{},9.39,2359,9.44,9.36,9.37,17.8729,12664.0
2018-11-07 14:30,,9.39,2359,9.44,9.36,9.37,,12664.0
2018-11-07 15:00,{},9.31,2359,9.41,9.3,9.39,58.4157,41391.0
2018-11-07 15:00,,9.31,2359,9.41,9.3,9.39,,41391.0
2018-11-08 10:00,,9.6,2359,9.76,9.31,9.33,,184804.0
2018-11-08 10:00,{},9.6,2359,9.76,9.31,9.33,260.8163,184804.0
2018-11-08 10:30,{},9.59,2359,9.67,9.58,9.59,74.5117,52796.0
2018-11-08 10:30,,9.59,2359,9.67,9.58,9.59,,52796.0
2018-11-08 11:00,,9.79,2359,9.93,9.59,9.6,,109789.0
2018-11-08 11:00,{},9.79,2359,9.93,9.59,9.6,154.9467,109789.0
2018-11-08 11:30,,9.98,2359,10.11,9.79,9.8,,92195.0
2018-11-08 11:30,{},9.98,2359,10.11,9.79,9.8,130.116,92195.0
2018-11-08 13:30,{},10.0,2359,10.18,9.98,9.98,100.3881,71131.0
2018-11-08 13:30,,10.0,2359,10.18,9.98,9.98,,71131.0
2018-11-08 14:00,,9.95,2359,10.18,9.85,10.0,,51593.0
2018-11-08 14:00,{},9.95,2359,10.18,9.85,10.0,72.8139,51593.0
2018-11-08 14:30,{},9.79,2359,9.97,9.76,9.97,70.0152,49610.0
2018-11-08 14:30,,9.79,2359,9.97,9.76,9.97,,49610.0
2018-11-08 15:00,{},9.85,2359,9.91,9.79,9.79,81.5824,57806.0
2018-11-08 15:00,,9.85,2359,9.91,9.79,9.79,,57806.0
2018-11-09 10:00,{},9.92,2359,9.95,9.55,9.86,202.7662,143672.0
2018-11-09 10:00,,9.92,2359,9.95,9.55,9.86,,143672.0
2018-11-09 10:30,,9.98,2359,10.08,9.9,9.92,,96660.0
2018-11-09 10:30,{},9.98,2359,10.08,9.9,9.92,136.4175,96660.0
2018-11-09 11:00,{},10.35,2359,10.35,9.95,9.98,178.9954,126829.0
2018-11-09 11:00,,10.35,2359,10.35,9.95,9.98,,126829.0
2018-11-09 11:30,,10.5,2359,10.77,10.32,10.35,,145299.0
2018-11-09 11:30,{},10.5,2359,10.77,10.32,10.35,205.0624,145299.0
2018-11-09 13:30,{},10.64,2359,10.7,10.49,10.5,72.5838,51430.0
2018-11-09 13:30,,10.64,2359,10.7,10.49,10.5,,51430.0
2018-11-09 14:00,{},10.82,2359,10.84,10.63,10.65,238.9494,169310.0
2018-11-09 14:00,,10.82,2359,10.84,10.63,10.65,,169310.0
2018-11-09 14:30,,10.72,2359,10.84,10.7,10.82,,60997.0
2018-11-09 14:30,{},10.72,2359,10.84,10.7,10.82,86.0859,60997.0
2018-11-09 15:00,{},10.54,2359,10.73,10.49,10.72,116.6789,82674.0
2018-11-09 15:00,,10.54,2359,10.73,10.49,10.72,,82674.0
2018-11-12 10:00,,10.59,2359,10.78,10.25,10.47,,220041.0
2018-11-12 10:00,{},10.59,2359,10.78,10.25,10.47,310.5467,220041.0
2018-11-12 10:30,{},10.53,2359,10.74,10.47,10.59,105.8852,75026.0
2018-11-12 10:30,,10.53,2359,10.74,10.47,10.59,,75026.0
2018-11-12 11:00,{},10.56,2359,10.64,10.42,10.53,102.968,72959.0
2018-11-12 11:00,{},10.56,2359,10.64,10.42,10.53,102.96799999999999,72959.0
2018-11-12 11:00,,10.56,2359,10.64,10.42,10.53,,72959.0
2018-11-12 11:30,,10.46,2359,10.57,10.35,10.56,,67114.0
2018-11-12 11:30,{},10.46,2359,10.57,10.35,10.56,94.7189,67114.0
2018-11-12 13:30,{},10.58,2359,10.63,10.42,10.46,55.0652,39017.0
2018-11-12 13:30,,10.58,2359,10.63,10.42,10.46,,39017.0
2018-11-12 14:00,{},10.75,2359,10.93,10.54,10.58,114.1456,80879.0
2018-11-12 14:00,,10.75,2359,10.93,10.54,10.58,,80879.0
2018-11-12 14:30,,10.69,2359,10.83,10.67,10.75,,47844.0
2018-11-12 14:30,{},10.69,2359,10.83,10.67,10.75,67.5229,47844.0
2018-11-12 15:00,{},10.78,2359,10.79,10.63,10.69,111.0181,78663.0
2018-11-12 15:00,,10.78,2359,10.79,10.63,10.69,,78663.0
2018-11-13 10:00,{},10.64,2359,10.71,10.45,10.51,169.0118,119755.0
2018-11-13 10:00,,10.64,2359,10.71,10.45,10.51,,119755.0
2018-11-13 10:30,{},10.54,2359,10.7,10.49,10.64,117.496,83253.0
2018-11-13 10:30,,10.54,2359,10.7,10.49,10.64,,83253.0
2018-11-13 10:30,{},10.54,2359,10.7,10.49,10.64,117.49600000000001,83253.0
2018-11-13 11:00,,10.53,2359,10.64,10.51,10.54,,35512.0
2018-11-13 11:00,{},10.53,2359,10.64,10.51,10.54,50.1186,35512.0
2018-11-13 11:30,{},10.6,2359,10.62,10.49,10.54,43.1255,30557.0
2018-11-13 11:30,,10.6,2359,10.62,10.49,10.54,,30557.0
2018-11-13 13:30,{},10.73,2359,10.75,10.6,10.6,70.0322,49622.0
2018-11-13 13:30,,10.73,2359,10.75,10.6,10.6,,49622.0
2018-11-13 14:00,{},10.83,2359,10.84,10.67,10.73,83.4185,59107.0
2018-11-13 14:00,,10.83,2359,10.84,10.67,10.73,,59107.0
2018-11-13 14:30,{},10.75,2359,10.83,10.68,10.83,78.2192,55423.0
2018-11-13 14:30,,10.75,2359,10.83,10.68,10.83,,55423.0
2018-11-13 15:00,{},10.64,2359,10.76,10.61,10.75,108.6485,76984.0
2018-11-13 15:00,,10.64,2359,10.76,10.61,10.75,,76984.0
2018-11-14 10:00,{},10.38,2359,10.67,10.38,10.48,145.2481,102917.0
2018-11-14 10:00,,10.38,2359,10.67,10.38,10.48,,102917.0
2018-11-14 10:30,{},10.4,2359,10.43,10.31,10.38,102.2891,72478.0
2018-11-14 10:30,,10.4,2359,10.43,10.31,10.38,,72478.0
2018-11-14 11:00,{},10.48,2359,10.53,10.35,10.4,31.0447,21997.0
2018-11-14 11:00,,10.48,2359,10.53,10.35,10.4,,21997.0
2018-11-14 11:30,,10.44,2359,10.5,10.38,10.48,,19883.0
2018-11-14 11:30,{},10.44,2359,10.5,10.38,10.48,28.0611,19883.0
2018-11-14 13:30,{},10.45,2359,10.48,10.4,10.44,39.9684,28320.0
2018-11-14 13:30,,10.45,2359,10.48,10.4,10.44,,28320.0
2018-11-14 14:00,{},10.36,2359,10.46,10.31,10.45,57.0312,40410.0
2018-11-14 14:00,,10.36,2359,10.46,10.31,10.45,,40410.0
2018-11-14 14:30,,10.34,2359,10.42,10.33,10.36,,25779.0
2018-11-14 14:30,{},10.34,2359,10.42,10.33,10.36,36.3822,25779.0
2018-11-14 15:00,{},10.3,2359,10.38,10.25,10.34,96.8937,68655.0
2018-11-14 15:00,,10.3,2359,10.38,10.25,10.34,,68655.0
2018-11-15 10:00,{},10.27,2359,10.32,10.05,10.11,125.0212,88585.0
2018-11-15 10:00,,10.27,2359,10.32,10.05,10.11,,88585.0
2018-11-15 10:30,,10.22,2359,10.28,10.16,10.27,,39852.0
2018-11-15 10:30,{},10.22,2359,10.28,10.16,10.27,56.2436,39852.0
2018-11-15 11:00,,10.1,2359,10.26,10.1,10.22,,42065.0
2018-11-15 11:00,{},10.1,2359,10.26,10.1,10.22,59.3669,42065.0
2018-11-15 11:30,,10.19,2359,10.2,10.08,10.1,,29096.0
2018-11-15 11:30,{},10.19,2359,10.2,10.08,10.1,41.0636,29096.0
2018-11-15 13:30,{},10.28,2359,10.3,10.16,10.19,55.7723,39518.0
2018-11-15 13:30,,10.28,2359,10.3,10.16,10.19,,39518.0
2018-11-15 14:00,{},10.28,2359,10.34,10.22,10.28,64.5408,45731.0
2018-11-15 14:00,,10.28,2359,10.34,10.22,10.28,,45731.0
2018-11-15 14:30,,10.39,2359,10.42,10.24,10.28,,40629.0
2018-11-15 14:30,{},10.39,2359,10.42,10.24,10.28,57.3402,40629.0
2018-11-15 15:00,,10.47,2359,10.49,10.37,10.39,,104919.0
2018-11-15 15:00,{},10.47,2359,10.49,10.37,10.39,148.0736,104919.0
2018-11-16 10:00,,10.33,2359,10.43,10.28,10.37,,75347.0
2018-11-16 10:00,{},10.33,2359,10.43,10.28,10.37,106.3382,75347.0
2018-11-16 10:30,,10.29,2359,10.35,10.27,10.33,,39126.0
2018-11-16 10:30,{},10.29,2359,10.35,10.27,10.33,55.218999999999994,39126.0
2018-11-16 10:30,{},10.29,2359,10.35,10.27,10.33,55.219,39126.0
2018-11-16 11:00,,10.33,2359,10.37,10.26,10.29,,28073.0
2018-11-16 11:00,{},10.33,2359,10.37,10.26,10.29,39.6198,28073.0
2018-11-16 11:30,{},10.35,2359,10.39,10.31,10.33,36.7704,26054.0
2018-11-16 11:30,,10.35,2359,10.39,10.31,10.33,,26054.0
2018-11-16 13:30,,10.33,2359,10.44,10.32,10.35,,38466.0
2018-11-16 13:30,{},10.33,2359,10.44,10.32,10.35,54.2876,38466.0
2018-11-16 14:00,,10.4,2359,10.41,10.3,10.33,,44538.0
2018-11-16 14:00,{},10.4,2359,10.41,10.3,10.33,62.8571,44538.0
2018-11-16 14:30,,10.32,2359,10.4,10.29,10.4,,39490.0
2018-11-16 14:30,{},10.32,2359,10.4,10.29,10.4,55.7328,39490.0
2018-11-16 15:00,{},10.3,2359,10.36,10.29,10.32,72.8336,51607.0
2018-11-16 15:00,,10.3,2359,10.36,10.29,10.32,,51607.0
2018-11-19 10:00,{},9.92,2359,10.25,9.84,10.11,183.1532,129775.0
2018-11-19 10:00,,9.92,2359,10.25,9.84,10.11,,129775.0
2018-11-19 10:30,{},9.59,2359,9.93,9.33,9.92,237.0808,167986.0
2018-11-19 10:30,,9.59,2359,9.93,9.33,9.92,,167986.0
2018-11-19 11:00,{},9.39,2359,9.64,9.37,9.59,114.5281,81150.0
2018-11-19 11:00,,9.39,2359,9.64,9.37,9.59,,81150.0
2018-11-19 11:30,,9.31,2359,9.44,9.27,9.39,,149277.0
2018-11-19 11:30,{},9.31,2359,9.44,9.27,9.39,210.6766,149277.0
2018-11-19 13:30,,9.27,2359,9.41,9.27,9.3,,69293.0
2018-11-19 13:30,{},9.27,2359,9.41,9.27,9.3,97.7941,69293.0
2018-11-19 14:00,,9.27,2359,9.37,9.27,9.27,,50024.0
2018-11-19 14:00,{},9.27,2359,9.37,9.27,9.27,70.5995,50024.0
2018-11-19 14:30,,9.27,2359,9.27,9.27,9.27,,4459.0
2018-11-19 14:30,{},9.27,2359,9.27,9.27,9.27,6.2929999999999975,4459.0
2018-11-19 15:00,,9.27,2359,9.27,9.27,9.27,,8818.0
2018-11-19 15:00,{},9.27,2359,9.27,9.27,9.27,12.445,8818.0
2018-11-20 10:00,{},8.92,2359,9.03,8.73,8.95,284.3556,201483.0
2018-11-20 10:00,,8.92,2359,9.03,8.73,8.95,,201483.0
2018-11-20 10:30,,9.08,2359,9.15,8.9,8.92,,70513.0
2018-11-20 10:30,{},9.08,2359,9.15,8.9,8.92,99.5159,70513.0
2018-11-20 11:00,{},9.05,2359,9.12,9.0,9.08,50.5151,35793.0
2018-11-20 11:00,,9.05,2359,9.12,9.0,9.08,,35793.0
2018-11-20 11:30,{},8.99,2359,9.05,8.98,9.05,32.082,22732.0
2018-11-20 11:30,,8.99,2359,9.05,8.98,9.05,,22732.0
2018-11-20 13:30,,9.06,2359,9.13,8.98,8.99,,27268.0
2018-11-20 13:30,{},9.06,2359,9.13,8.98,8.99,38.4837,27268.0
2018-11-20 14:00,,9.19,2359,9.19,9.05,9.06,,24682.0
2018-11-20 14:00,{},9.19,2359,9.19,9.05,9.06,34.834,24682.0
2018-11-20 14:30,{},9.3,2359,9.34,9.17,9.18,91.5928,64899.0
2018-11-20 14:30,,9.3,2359,9.34,9.17,9.18,,64899.0
2018-11-20 15:00,{},9.28,2359,9.34,9.16,9.3,86.7449,61464.0
2018-11-20 15:00,,9.28,2359,9.34,9.16,9.3,,61464.0
2018-11-21 10:00,{},9.09,2359,9.23,9.02,9.02,117.9505,83575.0
2018-11-21 10:00,,9.09,2359,9.23,9.02,9.02,,83575.0
2018-11-21 10:30,{},9.13,2359,9.17,9.06,9.09,50.1496,35534.0
2018-11-21 10:30,,9.13,2359,9.17,9.06,9.09,,35534.0
2018-11-21 11:00,{},9.13,2359,9.14,8.96,9.13,72.2056,51162.0
2018-11-21 11:00,,9.13,2359,9.14,8.96,9.13,,51162.0
2018-11-21 11:30,{},9.27,2359,9.28,9.1,9.13,47.4074,33591.0
2018-11-21 11:30,,9.27,2359,9.28,9.1,9.13,,33591.0
2018-11-21 13:30,{},9.37,2359,9.4,9.21,9.27,52.618,37283.0
2018-11-21 13:30,,9.37,2359,9.4,9.21,9.27,,37283.0
2018-11-21 14:00,{},9.4,2359,9.46,9.36,9.37,88.8478,62954.0
2018-11-21 14:00,,9.4,2359,9.46,9.36,9.37,,62954.0
2018-11-21 14:30,,9.33,2359,9.41,9.31,9.41,,33567.0
2018-11-21 14:30,{},9.33,2359,9.41,9.31,9.41,47.3735,33567.0
2018-11-21 15:00,,9.4,2359,9.4,9.29,9.33,,59713.0
2018-11-21 15:00,{},9.4,2359,9.4,9.29,9.33,84.2737,59713.0
2018-11-22 10:00,,9.96,2359,10.17,9.32,9.45,,250087.0
2018-11-22 10:00,{},9.96,2359,10.17,9.32,9.45,352.9511,250087.0
2018-11-22 10:30,,9.87,2359,10.04,9.83,9.96,,93516.0
2018-11-22 10:30,{},9.87,2359,10.04,9.83,9.96,131.9804,93516.0
2018-11-22 11:00,{},9.72,2359,9.93,9.72,9.87,77.5291,54934.0
2018-11-22 11:00,,9.72,2359,9.93,9.72,9.87,,54934.0
2018-11-22 11:30,,9.77,2359,9.82,9.67,9.72,,33482.0
2018-11-22 11:30,{},9.77,2359,9.82,9.67,9.72,47.2536,33482.0
2018-11-22 13:30,,9.79,2359,9.88,9.72,9.77,,33057.0
2018-11-22 13:30,{},9.79,2359,9.88,9.72,9.77,46.6538,33057.0
2018-11-22 14:00,{},9.8,2359,9.81,9.7,9.79,34.1834,24221.0
2018-11-22 14:00,,9.8,2359,9.81,9.7,9.79,,24221.0
2018-11-22 14:30,,9.71,2359,9.8,9.68,9.8,,33635.0
2018-11-22 14:30,{},9.71,2359,9.8,9.68,9.8,47.4695,33635.0
2018-11-22 15:00,,9.64,2359,9.71,9.58,9.71,,72054.0
2018-11-22 15:00,{},9.64,2359,9.71,9.58,9.71,101.6908,72054.0
2018-11-23 10:00,,9.56,2359,9.9,9.47,9.69,,138856.0
2018-11-23 10:00,{},9.56,2359,9.9,9.47,9.69,195.9693,138856.0
2018-11-23 10:30,{},9.63,2359,9.67,9.49,9.56,67.3817,47744.0
2018-11-23 10:30,,9.63,2359,9.67,9.49,9.56,,47744.0
2018-11-23 11:00,{},9.67,2359,9.83,9.61,9.63,71.4195,50605.0
2018-11-23 11:00,,9.67,2359,9.83,9.61,9.63,,50605.0
2018-11-23 11:30,,9.6,2359,9.71,9.56,9.67,,23827.0
2018-11-23 11:30,{},9.6,2359,9.71,9.56,9.67,33.6274,23827.0
2018-11-23 13:30,,9.37,2359,9.62,9.31,9.6,,46294.0
2018-11-23 13:30,{},9.37,2359,9.62,9.31,9.6,65.3353,46294.0
2018-11-23 14:00,,9.15,2359,9.37,9.12,9.37,,65780.0
2018-11-23 14:00,{},9.15,2359,9.37,9.12,9.37,92.8362,65780.0
2018-11-23 14:30,{},9.4,2359,9.48,9.14,9.14,51.2039,36281.0
2018-11-23 14:30,,9.4,2359,9.48,9.14,9.14,,36281.0
2018-11-23 15:00,,9.3,2359,9.47,9.26,9.4,,46838.0
2018-11-23 15:00,{},9.3,2359,9.47,9.26,9.4,66.1031,46838.0
2018-11-26 10:00,,9.06,2359,9.37,8.94,9.18,,112485.0
2018-11-26 10:00,{},9.06,2359,9.37,8.94,9.18,158.7516,112485.0
2018-11-26 10:30,,9.09,2359,9.13,8.96,9.06,,66564.0
2018-11-26 10:30,{},9.09,2359,9.13,8.96,9.06,93.9426,66564.0
2018-11-26 11:00,,9.0,2359,9.09,8.9,9.08,,37075.0
2018-11-26 11:00,{},9.0,2359,9.09,8.9,9.08,52.3244,37075.0
2018-11-26 11:30,{},9.14,2359,9.15,9.0,9.0,28.7626,20380.0
2018-11-26 11:30,,9.14,2359,9.15,9.0,9.0,,20380.0
2018-11-26 13:30,{},9.15,2359,9.17,9.07,9.14,27.1198,19216.0
2018-11-26 13:30,,9.15,2359,9.17,9.07,9.14,,19216.0
2018-11-26 14:00,,9.43,2359,9.59,9.13,9.15,,92462.0
2018-11-26 14:00,{},9.43,2359,9.59,9.13,9.15,130.4928,92462.0
2018-11-26 14:30,{},9.4,2359,9.52,9.36,9.43,56.3368,39918.0
2018-11-26 14:30,,9.4,2359,9.52,9.36,9.43,,39918.0
2018-11-26 15:00,{},9.64,2359,9.65,9.4,9.4,135.05700000000002,95696.0
2018-11-26 15:00,,9.64,2359,9.65,9.4,9.4,,95696.0
2018-11-27 10:00,,9.55,2359,9.71,9.41,9.68,,128078.0
2018-11-27 10:00,{},9.55,2359,9.71,9.41,9.68,180.7582,128078.0
2018-11-27 10:30,{},9.76,2359,9.82,9.52,9.55,78.1755,55392.0
2018-11-27 10:30,,9.76,2359,9.82,9.52,9.55,,55392.0
2018-11-27 11:00,{},9.64,2359,9.76,9.55,9.76,66.7057,47265.0
2018-11-27 11:00,,9.64,2359,9.76,9.55,9.76,,47265.0
2018-11-27 11:30,,9.58,2359,9.66,9.53,9.64,,22801.0
2018-11-27 11:30,{},9.58,2359,9.66,9.53,9.64,32.1793,22801.0
2018-11-27 13:30,{},9.71,2359,9.79,9.58,9.58,62.222,44088.0
2018-11-27 13:30,,9.71,2359,9.79,9.58,9.58,,44088.0
2018-11-27 14:00,{},9.63,2359,9.71,9.59,9.71,36.4754,25845.0
2018-11-27 14:00,,9.63,2359,9.71,9.59,9.71,,25845.0
2018-11-27 14:30,,9.74,2359,9.74,9.55,9.63,,40003.0
2018-11-27 14:30,{},9.74,2359,9.74,9.55,9.63,56.4568,40003.0
2018-11-27 15:00,,9.84,2359,9.85,9.68,9.74,,139472.0
2018-11-27 15:00,{},9.84,2359,9.85,9.68,9.74,196.8387,139472.0
2018-11-28 10:00,,9.6,2359,9.83,9.56,9.78,,114062.0
2018-11-28 10:00,{},9.6,2359,9.83,9.56,9.78,160.9772,114062.0
2018-11-28 10:30,,9.66,2359,9.73,9.58,9.6,,42602.0
2018-11-28 10:30,{},9.66,2359,9.73,9.58,9.6,60.1248,42602.0
2018-11-28 11:00,,9.8,2359,9.82,9.65,9.66,,56600.0
2018-11-28 11:00,{},9.8,2359,9.82,9.65,9.66,79.8803,56600.0
2018-11-28 11:30,,9.8,2359,9.82,9.74,9.8,,33027.0
2018-11-28 11:30,{},9.8,2359,9.82,9.74,9.8,46.6114,33027.0
2018-11-28 13:30,{},9.93,2359,9.97,9.8,9.8,104.2495,73867.0
2018-11-28 13:30,,9.93,2359,9.97,9.8,9.8,,73867.0
2018-11-28 14:00,{},9.93,2359,9.95,9.84,9.92,51.0853,36197.0
2018-11-28 14:00,,9.93,2359,9.95,9.84,9.92,,36197.0
2018-11-28 14:30,{},9.84,2359,9.94,9.82,9.93,58.506,41455.0
2018-11-28 14:30,,9.84,2359,9.94,9.82,9.93,,41455.0
2018-11-28 15:00,,9.73,2359,9.85,9.71,9.84,,87216.0
2018-11-28 15:00,{},9.73,2359,9.85,9.71,9.84,123.0891,87216.0
2018-11-29 10:00,,9.81,2359,9.89,9.65,9.75,,103474.0
2018-11-29 10:00,{},9.81,2359,9.89,9.65,9.75,146.0342,103474.0
2018-11-29 10:30,{},9.6,2359,9.84,9.57,9.81,87.8881,62274.0
2018-11-29 10:30,,9.6,2359,9.84,9.57,9.81,,62274.0
2018-11-29 11:00,{},9.63,2359,9.67,9.57,9.6,70.8522,50203.0
2018-11-29 11:00,,9.63,2359,9.67,9.57,9.6,,50203.0
2018-11-29 11:30,,9.6,2359,9.65,9.54,9.63,,31220.0
2018-11-29 11:30,{},9.6,2359,9.65,9.54,9.63,44.0612,31220.0
2018-11-29 13:30,,9.35,2359,9.61,9.3,9.6,,67968.0
2018-11-29 13:30,{},9.35,2359,9.61,9.3,9.6,95.9241,67968.0
2018-11-29 14:00,,9.38,2359,9.44,9.32,9.35,,29924.0
2018-11-29 14:00,{},9.38,2359,9.44,9.32,9.35,42.2321,29924.0
2018-11-29 14:30,,9.3,2359,9.4,9.22,9.38,,50514.0
2018-11-29 14:30,{},9.3,2359,9.4,9.22,9.38,71.2911,50514.0
2018-11-29 15:00,,9.03,2359,9.32,9.02,9.3,,101599.0
2018-11-29 15:00,{},9.03,2359,9.32,9.02,9.3,143.388,101599.0
2018-11-30 10:00,,8.91,2359,8.97,8.72,8.72,,101072.0
2018-11-30 10:00,{},8.91,2359,8.97,8.72,8.72,142.6442,101072.0
2018-11-30 10:30,{},8.89,2359,8.95,8.85,8.91,43.0323,30491.0
2018-11-30 10:30,,8.89,2359,8.95,8.85,8.91,,30491.0
2018-11-30 11:00,{},8.92,2359,8.98,8.82,8.9,38.2466,27100.0
2018-11-30 11:00,,8.92,2359,8.98,8.82,8.9,,27100.0
2018-11-30 11:30,,8.88,2359,8.96,8.88,8.91,,11207.0
2018-11-30 11:30,{},8.88,2359,8.96,8.88,8.91,15.8166,11207.0
2018-11-30 13:30,{},8.32,2359,8.9,8.24,8.88,147.4709,104492.0
2018-11-30 13:30,,8.32,2359,8.9,8.24,8.88,,104492.0
2018-11-30 14:00,,8.59,2359,8.64,8.32,8.32,,70477.0
2018-11-30 14:00,{},8.59,2359,8.64,8.32,8.32,99.4651,70477.0
2018-11-30 14:30,{},8.73,2359,8.76,8.58,8.59,62.452,44251.0
2018-11-30 14:30,,8.73,2359,8.76,8.58,8.59,,44251.0
2018-11-30 15:00,{},8.79,2359,8.89,8.73,8.73,58.5963,41519.0
2018-11-30 15:00,,8.79,2359,8.89,8.73,8.73,,41519.0
2018-12-03 10:00,{},9.09,2359,9.17,8.93,9.1,178.7696,126669.0
2018-12-03 10:00,,9.09,2359,9.17,8.93,9.1,,126669.0
2018-12-03 10:30,,9.09,2359,9.12,9.03,9.09,,40961.0
2018-12-03 10:30,{},9.09,2359,9.12,9.03,9.09,57.8088,40961.0
2018-12-03 11:00,,9.11,2359,9.12,9.05,9.09,,26228.0
2018-12-03 11:00,{},9.11,2359,9.12,9.05,9.09,37.0159,26228.0
2018-12-03 11:30,,9.12,2359,9.13,9.08,9.11,,21671.0
2018-12-03 11:30,{},9.12,2359,9.13,9.08,9.11,30.5846,21671.0
2018-12-03 13:30,{},9.15,2359,9.16,9.1,9.12,49.4101,35010.0
2018-12-03 13:30,,9.15,2359,9.16,9.1,9.12,,35010.0
2018-12-03 14:00,,9.19,2359,9.26,9.14,9.15,,39576.0
2018-12-03 14:00,{},9.19,2359,9.26,9.14,9.15,55.8541,39576.0
2018-12-03 14:30,,9.14,2359,9.19,9.11,9.19,,25841.0
2018-12-03 14:30,{},9.14,2359,9.19,9.11,9.19,36.4697,25841.0
2018-12-03 15:00,{},9.19,2359,9.21,9.05,9.14,141.5759,100315.0
2018-12-03 15:00,,9.19,2359,9.21,9.05,9.14,,100315.0
2018-12-04 10:00,{},9.22,2359,9.29,9.11,9.18,100.477,71194.0
2018-12-04 10:00,,9.22,2359,9.29,9.11,9.18,,71194.0
2018-12-04 10:30,,9.43,2359,9.54,9.22,9.22,,135333.0
2018-12-04 10:30,{},9.43,2359,9.54,9.22,9.22,190.9972,135333.0
2018-12-04 11:00,{},9.45,2359,9.55,9.42,9.43,68.5305,48558.0
2018-12-04 11:00,,9.45,2359,9.55,9.42,9.43,,48558.0
2018-12-04 11:30,{},9.4,2359,9.48,9.39,9.44,42.115,29841.0
2018-12-04 11:30,,9.4,2359,9.48,9.39,9.44,,29841.0
2018-12-04 13:30,{},9.25,2359,9.4,9.24,9.4,67.3549,47725.0
2018-12-04 13:30,,9.25,2359,9.4,9.24,9.4,,47725.0
2018-12-04 14:00,,9.24,2359,9.27,9.19,9.25,,42223.0
2018-12-04 14:00,{},9.24,2359,9.27,9.19,9.25,59.5899,42223.0
2018-12-04 14:30,,9.32,2359,9.32,9.21,9.24,,35625.0
2018-12-04 14:30,{},9.32,2359,9.32,9.21,9.24,50.278,35625.0
2018-12-04 15:00,,9.31,2359,9.38,9.29,9.32,,52524.0
2018-12-04 15:00,{},9.31,2359,9.38,9.29,9.32,74.1278,52524.0
2018-12-05 10:00,{},9.2,2359,9.26,9.02,9.08,121.4449,86051.0
2018-12-05 10:00,,9.2,2359,9.26,9.02,9.08,,86051.0
2018-12-05 10:30,,9.19,2359,9.24,9.13,9.2,,31980.0
2018-12-05 10:30,{},9.19,2359,9.24,9.13,9.2,45.1338,31980.0
2018-12-05 11:00,{},9.21,2359,9.22,9.1,9.19,45.1027,31958.0
2018-12-05 11:00,,9.21,2359,9.22,9.1,9.19,,31958.0
2018-12-05 11:30,,9.25,2359,9.27,9.18,9.19,,28251.0
2018-12-05 11:30,{},9.25,2359,9.27,9.18,9.19,39.871,28251.0
2018-12-05 13:30,{},9.18,2359,9.28,9.15,9.25,26.1135,18503.0
2018-12-05 13:30,,9.18,2359,9.28,9.15,9.25,,18503.0
2018-12-05 14:00,{},9.12,2359,9.2,9.12,9.18,25.7734,18262.0
2018-12-05 14:00,,9.12,2359,9.2,9.12,9.18,,18262.0
2018-12-05 14:30,,9.18,2359,9.22,9.11,9.12,,24419.0
2018-12-05 14:30,{},9.18,2359,9.22,9.11,9.12,34.4629,24419.0
2018-12-05 15:00,,9.11,2359,9.18,9.11,9.18,,50118.0
2018-12-05 15:00,{},9.11,2359,9.18,9.11,9.18,70.7322,50118.0
2018-12-06 10:00,{},9.03,2359,9.29,8.99,9.14,128.5015,91051.0
2018-12-06 10:00,,9.03,2359,9.29,8.99,9.14,,91051.0
2018-12-06 10:30,,9.04,2359,9.13,9.0,9.03,,26748.0
2018-12-06 10:30,{},9.04,2359,9.13,9.0,9.03,37.7498,26748.0
2018-12-06 11:00,{},8.92,2359,9.04,8.91,9.04,70.1437,49701.0
2018-12-06 11:00,,8.92,2359,9.04,8.91,9.04,,49701.0
2018-12-06 11:30,,8.82,2359,8.93,8.81,8.92,,50469.0
2018-12-06 11:30,{},8.82,2359,8.93,8.81,8.92,71.2276,50469.0
2018-12-06 13:30,{},8.77,2359,8.84,8.66,8.82,101.8559,72171.0
2018-12-06 13:30,,8.77,2359,8.84,8.66,8.82,,72171.0
2018-12-06 14:00,,8.83,2359,8.86,8.72,8.77,,23913.0
2018-12-06 14:00,{},8.83,2359,8.86,8.72,8.77,33.7487,23913.0
2018-12-06 14:30,{},8.75,2359,8.85,8.7,8.83,47.8957,33937.0
2018-12-06 14:30,,8.75,2359,8.85,8.7,8.83,,33937.0
2018-12-06 15:00,{},8.7,2359,8.83,8.7,8.75,63.3002,44852.0
2018-12-06 15:00,,8.7,2359,8.83,8.7,8.75,,44852.0
2018-12-07 10:00,,8.98,2359,8.98,8.73,8.76,,96777.0
2018-12-07 10:00,{},8.98,2359,8.98,8.73,8.76,136.5826,96777.0
2018-12-07 10:30,{},8.86,2359,9.02,8.83,8.99,86.4923,61285.0
2018-12-07 10:30,,8.86,2359,9.02,8.83,8.99,,61285.0
2018-12-07 11:00,,8.81,2359,8.87,8.79,8.86,,26163.0
2018-12-07 11:00,{},8.81,2359,8.87,8.79,8.86,36.9242,26163.0
2018-12-07 11:30,{},8.87,2359,8.89,8.81,8.81,23.9175,16947.0
2018-12-07 11:30,,8.87,2359,8.89,8.81,8.81,,16947.0
2018-12-07 13:30,,8.9,2359,8.92,8.84,8.87,,16181.0
2018-12-07 13:30,{},8.9,2359,8.92,8.84,8.87,22.8365,16181.0
2018-12-07 14:00,,8.85,2359,8.91,8.83,8.9,,14618.0
2018-12-07 14:00,{},8.85,2359,8.91,8.83,8.9,20.6306,14618.0
2018-12-07 14:30,,8.84,2359,8.86,8.81,8.85,,16589.0
2018-12-07 14:30,{},8.84,2359,8.86,8.81,8.85,23.4123,16589.0
2018-12-07 15:00,{},8.85,2359,8.88,8.82,8.83,40.9803,29037.0
2018-12-07 15:00,,8.85,2359,8.88,8.82,8.83,,29037.0
2018-12-10 10:00,{},8.84,2359,8.94,8.7,8.78,74.9633,53116.0
2018-12-10 10:00,,8.84,2359,8.94,8.7,8.78,,53116.0
2018-12-10 10:30,,8.93,2359,8.98,8.73,8.84,,47250.0
2018-12-10 10:30,{},8.93,2359,8.98,8.73,8.84,66.6845,47250.0
2018-12-10 11:00,{},8.93,2359,8.95,8.89,8.93,33.1066,23458.0
2018-12-10 11:00,,8.93,2359,8.95,8.89,8.93,,23458.0
2018-12-10 11:30,,8.9,2359,8.93,8.83,8.93,,13746.0
2018-12-10 11:30,{},8.9,2359,8.93,8.83,8.93,19.3999,13746.0
2018-12-10 13:30,,8.89,2359,8.92,8.85,8.9,,12788.0
2018-12-10 13:30,{},8.89,2359,8.92,8.85,8.9,18.0479,12788.0
2018-12-10 14:00,{},8.9,2359,8.93,8.86,8.89,33.0769,23437.0
2018-12-10 14:00,,8.9,2359,8.93,8.86,8.89,,23437.0
2018-12-10 14:30,,8.92,2359,8.93,8.88,8.9,,15168.0
2018-12-10 14:30,{},8.92,2359,8.93,8.88,8.9,21.4068,15168.0
2018-12-10 15:00,,8.89,2359,8.93,8.85,8.93,,36526.0
2018-12-10 15:00,{},8.89,2359,8.93,8.85,8.93,51.5496,36526.0
2018-12-11 10:00,{},9.36,2359,9.37,8.85,8.88,198.854,140900.0
2018-12-11 10:00,,9.36,2359,9.37,8.85,8.88,,140900.0
2018-12-11 10:30,{},9.27,2359,9.36,9.21,9.36,149.0601,105618.0
2018-12-11 10:30,,9.27,2359,9.36,9.21,9.36,,105618.0
2018-12-11 11:00,,9.23,2359,9.32,9.2,9.27,,50790.0
2018-12-11 11:00,{},9.23,2359,9.32,9.2,9.27,71.6806,50790.0
2018-12-11 11:30,,9.24,2359,9.25,9.2,9.23,,30035.0
2018-12-11 11:30,{},9.24,2359,9.25,9.2,9.23,42.3888,30035.0
2018-12-11 13:30,{},9.3,2359,9.34,9.22,9.24,71.5084,50668.0
2018-12-11 13:30,,9.3,2359,9.34,9.22,9.24,,50668.0
2018-12-11 14:00,{},9.31,2359,9.44,9.27,9.3,119.3957,84599.0
2018-12-11 14:00,,9.31,2359,9.44,9.27,9.3,,84599.0
2018-12-11 14:30,{},9.26,2359,9.31,9.25,9.31,59.9286,42463.0
2018-12-11 14:30,,9.26,2359,9.31,9.25,9.31,,42463.0
2018-12-11 15:00,,9.35,2359,9.36,9.24,9.26,,64533.0
2018-12-11 15:00,{},9.35,2359,9.36,9.24,9.26,91.0763,64533.0
2018-12-12 10:00,,9.35,2359,9.7,9.3,9.6,,219944.0
2018-12-12 10:00,{},9.35,2359,9.7,9.3,9.6,310.4098,219944.0
2018-12-12 10:30,,9.23,2359,9.36,9.22,9.35,,57334.0
2018-12-12 10:30,{},9.23,2359,9.36,9.22,9.35,80.9162,57334.0
2018-12-12 11:00,{},9.2,2359,9.26,9.16,9.23,55.6255,39414.0
2018-12-12 11:00,,9.2,2359,9.26,9.16,9.23,,39414.0
2018-12-12 11:30,,9.21,2359,9.26,9.17,9.2,,21721.0
2018-12-12 11:30,{},9.21,2359,9.26,9.17,9.2,30.6551,21721.0
2018-12-12 13:30,{},9.23,2359,9.26,9.2,9.21,24.9887,17706.0
2018-12-12 13:30,,9.23,2359,9.26,9.2,9.21,,17706.0
2018-12-12 14:00,,9.16,2359,9.23,9.15,9.23,,30418.0
2018-12-12 14:00,{},9.16,2359,9.23,9.15,9.23,42.9293,30418.0
2018-12-12 14:30,{},9.18,2359,9.25,9.1,9.16,55.1202,39056.0
2018-12-12 14:30,,9.18,2359,9.25,9.1,9.16,,39056.0
2018-12-12 15:00,{},9.17,2359,9.22,9.16,9.18,53.0287,37574.0
2018-12-12 15:00,,9.17,2359,9.22,9.16,9.18,,37574.0
2018-12-13 10:00,{},9.14,2359,9.27,9.07,9.22,88.1506,62460.0
2018-12-13 10:00,,9.14,2359,9.27,9.07,9.22,,62460.0
2018-12-13 10:30,{},9.2,2359,9.22,9.13,9.14,49.6232,35161.0
2018-12-13 10:30,,9.2,2359,9.22,9.13,9.14,,35161.0
2018-12-13 11:00,,9.2,2359,9.22,9.16,9.2,,27986.0
2018-12-13 11:00,{},9.2,2359,9.22,9.16,9.2,39.497,27986.0
2018-12-13 11:30,,9.25,2359,9.26,9.18,9.2,,24621.0
2018-12-13 11:30,{},9.25,2359,9.26,9.18,9.2,34.7479,24621.0
2018-12-13 13:30,,9.21,2359,9.28,9.18,9.25,,37709.0
2018-12-13 13:30,{},9.21,2359,9.28,9.18,9.25,53.2192,37709.0
2018-12-13 14:00,,9.19,2359,9.25,9.17,9.21,,38462.0
2018-12-13 14:00,{},9.19,2359,9.25,9.17,9.21,54.2819,38462.0
2018-12-13 14:30,{},9.17,2359,9.21,9.14,9.2,47.7786,33854.0
2018-12-13 14:30,,9.17,2359,9.21,9.14,9.2,,33854.0
2018-12-13 15:00,,9.16,2359,9.18,9.13,9.17,,45248.0
2018-12-13 15:00,{},9.16,2359,9.18,9.13,9.17,63.8591,45248.0
2018-12-14 10:00,{},8.99,2359,9.14,8.94,9.09,113.2946,80276.0
2018-12-14 10:30,{},9.0,2359,9.04,8.98,8.99,37.3786,26485.0
2018-12-14 11:00,{},8.96,2359,9.01,8.92,9.0,44.8896,31807.0
2018-12-14 11:30,{},8.96,2359,8.99,8.94,8.96,20.179000000000002,14298.0
2018-12-14 11:30,{},8.96,2359,8.99,8.94,8.96,20.179,14298.0
2018-12-14 13:30,{},8.88,2359,8.96,8.88,8.96,55.4999,39325.0
2018-12-14 14:00,{},8.81,2359,8.89,8.79,8.89,65.5202,46425.0
2018-12-14 14:30,{},8.83,2359,8.85,8.78,8.8,49.6655,35191.0
2018-12-14 15:00,{},8.8,2359,8.85,8.79,8.83,65.2789,46254.0
2018-12-17 10:00,{},8.52,2359,8.76,8.46,8.7,125.5885,88987.0
2018-12-17 10:30,{},8.62,2359,8.65,8.5,8.52,45.0703,31935.0
2018-12-17 11:00,{},8.75,2359,8.75,8.59,8.62,34.0451,24123.0
2018-12-17 11:30,{},8.69,2359,8.75,8.67,8.75,17.0204,12060.0
2018-12-17 13:30,{},8.7,2359,8.73,8.65,8.69,15.1688,10748.0
2018-12-17 14:00,{},8.69,2359,8.73,8.67,8.71,20.3935,14450.0
2018-12-17 14:30,{},8.62,2359,8.7,8.61,8.69,27.6265,19575.0
2018-12-17 15:00,{},8.72,2359,8.72,8.61,8.62,39.8639,28246.0
2018-12-18 10:00,{},8.75,2359,8.75,8.55,8.6,63.9367,45303.0
2018-12-18 10:30,{},8.68,2359,8.75,8.63,8.75,39.4857,27978.0
2018-12-18 11:00,{},8.63,2359,8.73,8.63,8.68,21.8979,15516.0
2018-12-18 11:30,{},8.59,2359,8.64,8.56,8.63,36.052,25545.0
2018-12-18 13:30,{},8.61,2359,8.64,8.56,8.59,23.281,16496.0
2018-12-18 14:00,{},8.48,2359,8.61,8.48,8.61,58.1546,41206.0
2018-12-18 14:30,{},8.65,2359,8.65,8.47,8.48,39.0581,27675.0
2018-12-18 15:00,{},8.65,2359,8.68,8.63,8.65,43.4797,30808.0
2018-12-19 10:00,{},8.7,2359,8.73,8.56,8.68,61.0393,43250.0
2018-12-19 10:30,{},8.68,2359,8.76,8.67,8.7,56.7644,40221.0
2018-12-19 11:00,{},8.66,2359,8.71,8.64,8.68,24.1066,17081.0
2018-12-19 11:30,{},8.69,2359,8.71,8.66,8.66,14.7383,10443.0
2018-12-19 13:30,{},8.66,2359,8.72,8.66,8.69,15.0023,10630.0
2018-12-19 14:00,{},8.61,2359,8.68,8.58,8.67,30.7539,21791.0
2018-12-19 14:30,{},8.62,2359,8.65,8.59,8.61,24.0022,17007.0
2018-12-19 15:00,{},8.53,2359,8.63,8.5,8.62,63.7095,45142.0
2018-12-20 10:00,{},8.42,2359,8.55,8.34,8.42,74.9139,53081.0
2018-12-20 10:30,{},8.5,2359,8.54,8.41,8.42,31.8914,22597.0
2018-12-20 11:00,{},8.53,2359,8.56,8.45,8.5,25.7635,18255.0
2018-12-20 11:30,{},8.46,2359,8.54,8.44,8.53,13.8069,9783.0
2018-12-20 13:30,{},8.38,2359,8.48,8.37,8.46,38.8873,27554.0
2018-12-20 14:00,{},8.5,2359,8.53,8.36,8.38,34.7014,24588.0
2018-12-20 14:30,{},8.51,2359,8.52,8.46,8.5,16.8341,11928.0
2018-12-20 15:00,{},8.52,2359,8.52,8.46,8.51,36.1,25579.0
2018-12-21 10:00,{},8.47,2359,8.48,8.4,8.45,49.0953,34787.0
2018-12-21 10:30,{},8.67,2359,8.69,8.47,8.47,91.8511,65082.0
2018-12-21 11:00,{},8.69,2359,8.78,8.63,8.67,66.9033,47405.0
2018-12-21 11:30,{},8.64,2359,8.7,8.59,8.69,24.2139,17157.0
2018-12-21 13:30,{},8.63,2359,8.68,8.6,8.64,20.2763,14367.0
2018-12-21 14:00,{},8.62,2359,8.64,8.57,8.63,22.6177,16026.0
2018-12-21 14:30,{},8.6,2359,8.61,8.52,8.61,24.4962,17357.0
2018-12-21 15:00,{},8.64,2359,8.64,8.56,8.6,43.6011,30894.0
2018-12-24 10:00,{},8.74,2359,8.75,8.57,8.6,74.0756,52487.0
2018-12-24 10:30,{},8.87,2359,8.88,8.69,8.74,109.7635,77774.0
2018-12-24 11:00,{},8.81,2359,8.89,8.77,8.87,51.2758,36332.0
2018-12-24 11:30,{},8.81,2359,8.85,8.79,8.81,21.1217,14966.0
2018-12-24 13:30,{},8.8,2359,8.84,8.79,8.81,20.8253,14756.0
2018-12-24 14:00,{},8.74,2359,8.81,8.74,8.8,24.9351,17668.0
2018-12-24 14:30,{},8.77,2359,8.78,8.74,8.74,19.4295,13767.0
2018-12-24 15:00,{},8.83,2359,8.83,8.75,8.77,66.3755,47031.0
2018-12-25 10:00,{},8.45,2359,8.71,8.35,8.66,140.015,99209.0
2018-12-25 10:30,{},8.4,2359,8.51,8.37,8.45,44.582,31589.0
2018-12-25 11:00,{},8.45,2359,8.46,8.39,8.4,24.3254,17236.0
2018-12-25 11:30,{},8.43,2359,8.46,8.41,8.45,16.0043,11340.0
2018-12-25 13:30,{},8.61,2359,8.64,8.39,8.43,44.9701,31864.0
2018-12-25 14:00,{},8.67,2359,8.71,8.58,8.61,46.1401,32693.0
2018-12-25 14:30,{},8.78,2359,8.85,8.67,8.67,63.1803,44767.0
2018-12-25 15:00,{},8.86,2359,8.87,8.77,8.79,85.7782,60779.0
2018-12-26 10:00,{},8.85,2359,8.93,8.76,8.85,110.3878,78162.0
2018-12-26 10:30,{},8.77,2359,8.85,8.74,8.84,45.5804,32274.0
2018-12-26 11:00,{},8.81,2359,8.82,8.73,8.77,32.8599,23267.0
2018-12-26 11:30,{},8.8,2359,8.84,8.78,8.81,13.9662,9889.0
2018-12-26 13:30,{},8.74,2359,8.82,8.72,8.8,25.8478,18302.0
2018-12-26 14:00,{},8.73,2359,8.77,8.68,8.74,34.4346,24382.0
2018-12-26 14:30,{},8.7,2359,8.78,8.68,8.73,28.575,20233.0
2018-12-26 15:00,{},8.53,2359,8.71,8.51,8.7,88.2529,62489.0
2018-12-27 10:00,{},8.73,2359,8.75,8.58,8.68,99.4976,70451.0
2018-12-27 10:30,{},8.74,2359,8.81,8.7,8.72,69.7377,49379.0
2018-12-27 11:00,{},8.67,2359,8.77,8.66,8.75,28.5354,20205.0
2018-12-27 11:30,{},8.67,2359,8.7,8.63,8.67,15.3474,10867.0
2018-12-27 13:30,{},8.58,2359,8.68,8.57,8.67,22.0247,15595.0
2018-12-27 14:00,{},8.52,2359,8.62,8.51,8.59,34.8427,24671.0
2018-12-27 14:30,{},8.55,2359,8.6,8.5,8.52,35.7339,25302.0
2018-12-27 15:00,{},8.41,2359,8.56,8.35,8.55,84.2279,59639.0
2018-12-28 10:00,{},8.51,2359,8.58,8.41,8.42,74.4675,52728.0
2018-12-28 10:30,{},8.52,2359,8.54,8.47,8.51,24.8649,17606.0
2018-12-28 11:00,{},8.48,2359,8.53,8.43,8.52,21.3214,15097.0
2018-12-28 11:30,{},8.25,2359,8.48,8.25,8.48,77.23,54684.0
2018-12-28 13:30,{},8.29,2359,8.32,8.24,8.25,39.2039,27759.0
2018-12-28 14:00,{},8.31,2359,8.34,8.28,8.29,21.1632,14985.0
2018-12-28 14:30,{},8.26,2359,8.32,8.26,8.31,26.8506,19012.0
2018-12-28 15:00,{},8.21,2359,8.27,8.1,8.26,91.5775,64843.0
2019-01-02 10:00,{},8.26,2359,8.32,8.19,8.21,62.6734,44377.0
2019-01-02 10:30,{},8.36,2359,8.4,8.25,8.26,42.1613,29853.0
2019-01-02 11:00,{},8.34,2359,8.37,8.32,8.36,25.8803,18325.0
2019-01-02 11:30,{},8.37,2359,8.38,8.31,8.34,22.0219,15593.0
2019-01-02 13:30,{},8.37,2359,8.4,8.33,8.37,25.8648,18314.0
2019-01-02 14:00,{},8.42,2359,8.49,8.37,8.37,73.9506,52362.0
2019-01-02 14:30,{},8.47,2359,8.5,8.38,8.42,49.3272,34927.0
2019-01-02 15:00,{},8.42,2359,8.49,8.41,8.47,50.1803,35531.0
2019-01-03 10:00,{},8.16,2359,8.27,8.11,8.25,139.8328,99011.0
2019-01-03 10:30,{},7.85,2359,8.18,7.67,8.16,158.2392,112044.0
2019-01-03 11:00,{},7.78,2359,7.88,7.75,7.88,56.7277,40167.0
2019-01-03 11:30,{},7.83,2359,7.85,7.67,7.78,49.1719,34817.0
2019-01-03 13:30,{},7.82,2359,7.84,7.76,7.83,24.0203,17008.0
2019-01-03 14:00,{},7.91,2359,7.92,7.82,7.82,24.9298,17652.0
2019-01-03 14:30,{},7.85,2359,7.92,7.81,7.91,24.8267,17579.0
2019-01-03 15:00,{},7.78,2359,7.87,7.76,7.85,60.3968,42765.0
2019-01-04 10:00,{},7.77,2359,7.83,7.56,7.61,75.3064,53322.0
2019-01-04 10:30,{},7.91,2359,7.95,7.76,7.77,53.6291,37973.0
2019-01-04 11:00,{},7.89,2359,7.94,7.82,7.91,31.7357,22471.0
2019-01-04 11:30,{},7.94,2359,7.94,7.86,7.9,29.6568,20999.0
2019-01-04 13:30,{},7.98,2359,8.07,7.93,7.94,61.8458,43791.0
2019-01-04 14:00,{},8.0,2359,8.04,7.96,7.98,35.145,24885.0
2019-01-04 14:30,{},8.04,2359,8.05,7.94,8.0,40.0838,28382.0
2019-01-04 15:00,{},8.12,2359,8.18,8.04,8.04,89.6116,63451.0
2019-01-07 10:00,{},8.33,2359,8.35,8.07,8.15,124.3272,88032.0
2019-01-07 10:30,{},8.28,2359,8.33,8.23,8.33,56.3153,39875.0
2019-01-07 11:00,{},8.27,2359,8.3,8.22,8.28,48.1833,34117.0
2019-01-07 11:30,{},8.37,2359,8.38,8.25,8.27,56.5497,40041.0
2019-01-07 13:30,{},8.38,2359,8.44,8.32,8.37,54.7618,38775.0
2019-01-07 14:00,{},8.39,2359,8.41,8.36,8.38,27.1556,19228.0
2019-01-07 14:30,{},8.39,2359,8.39,8.33,8.39,26.7884,18968.0
2019-01-07 15:00,{},8.35,2359,8.39,8.32,8.38,62.0647,43946.0
2019-01-08 10:00,{},8.76,2359,8.83,8.28,8.34,293.5767,207872.0
2019-01-08 10:30,{},9.0,2359,9.19,8.74,8.76,499.5712,353730.0
2019-01-08 11:00,{},8.95,2359,9.0,8.91,8.99,66.916,47381.0
2019-01-08 11:30,{},8.9,2359,8.95,8.83,8.95,66.3906,47009.0
2019-01-08 13:30,{},8.82,2359,9.03,8.77,8.9,101.9847,72212.0
2019-01-08 14:00,{},8.72,2359,8.84,8.7,8.82,83.5472,59157.0
2019-01-08 14:30,{},8.76,2359,8.86,8.69,8.72,76.4956,54164.0
2019-01-08 15:00,{},8.81,2359,8.86,8.71,8.76,80.9104,57290.0
2019-01-09 10:00,{},8.67,2359,8.7,8.52,8.64,249.8082,176881.0
2019-01-09 10:30,{},8.81,2359,8.89,8.63,8.67,115.4707,81761.0
2019-01-09 11:00,{},8.75,2359,8.83,8.74,8.81,78.9473,55900.0
2019-01-09 11:30,{},9.17,2359,9.18,8.73,8.75,225.713,159820.0
2019-01-09 13:30,{},9.23,2359,9.33,9.13,9.17,219.9918,155769.0
2019-01-09 14:00,{},9.24,2359,9.45,9.2,9.23,150.5959,106632.0
2019-01-09 14:30,{},9.1,2359,9.24,9.08,9.24,67.5515,47831.0
2019-01-09 15:00,{},9.08,2359,9.11,9.02,9.1,129.3084,91559.0
2019-01-10 10:00,{},9.08,2359,9.22,8.85,8.92,228.3922,161717.0
2019-01-10 10:30,{},8.98,2359,9.09,8.94,9.08,88.9068,62952.0
2019-01-10 11:00,{},8.77,2359,9.0,8.76,8.99,124.2071,87947.0
2019-01-10 11:30,{},9.03,2359,9.05,8.76,8.78,62.1283,43991.0
2019-01-10 13:30,{},8.93,2359,9.08,8.89,9.03,40.6882,28810.0
2019-01-10 14:00,{},8.99,2359,9.03,8.86,8.93,46.3657,32830.0
2019-01-10 14:30,{},8.89,2359,9.0,8.87,8.99,37.8749,26818.0
2019-01-10 15:00,{},8.85,2359,8.9,8.81,8.89,98.1983,69531.0
2019-01-11 10:00,{},8.98,2359,9.13,8.8,8.87,236.1866,167236.0
2019-01-11 10:30,{},8.87,2359,9.0,8.83,8.97,90.46600000000001,64056.0
2019-01-11 10:30,{},8.87,2359,9.0,8.83,8.97,90.466,64056.0
2019-01-11 11:00,{},8.76,2359,8.9,8.69,8.87,96.5699,68378.0
2019-01-11 11:30,{},8.79,2359,8.81,8.74,8.76,32.2017,22801.0
2019-01-11 13:30,{},8.85,2359,8.87,8.79,8.79,31.4801,22290.0
2019-01-11 14:00,{},8.75,2359,8.85,8.73,8.84,44.4675,31486.0
2019-01-11 14:30,{},8.84,2359,8.84,8.74,8.76,43.5848,30861.0
2019-01-11 15:00,{},8.85,2359,8.85,8.77,8.83,75.1101,53183.0
2019-01-14 10:00,{},8.54,2359,8.78,8.37,8.78,247.2322,175057.0
2019-01-14 10:30,{},8.55,2359,8.6,8.49,8.54,59.2147,41928.0
2019-01-14 11:00,{},8.54,2359,8.63,8.5,8.56,41.3859,29304.0
2019-01-14 11:30,{},8.52,2359,8.55,8.46,8.54,38.0261,26925.0
2019-01-14 13:30,{},8.49,2359,8.53,8.48,8.52,18.4121,13037.0
2019-01-14 14:00,{},8.44,2359,8.5,8.41,8.5,47.2949,33488.0
2019-01-14 14:30,{},8.46,2359,8.54,8.44,8.44,32.736999999999995,23180.0
2019-01-14 15:00,{},8.48,2359,8.5,8.44,8.46,56.5328,40029.0
2019-01-15 10:00,{},8.36,2359,8.5,8.34,8.43,92.9036,65782.0
2019-01-15 10:30,{},8.46,2359,8.51,8.34,8.36,49.275,34890.0
2019-01-15 11:00,{},8.49,2359,8.5,8.42,8.46,21.9767,15561.0
2019-01-15 11:30,{},8.56,2359,8.57,8.47,8.49,51.5643,36511.0
2019-01-15 13:30,{},8.5,2359,8.57,8.5,8.56,33.9488,24038.0
2019-01-15 14:00,{},8.51,2359,8.54,8.48,8.5,37.5035,26555.0
2019-01-15 14:30,{},8.54,2359,8.56,8.49,8.51,39.7123,28119.0
2019-01-15 15:00,{},8.56,2359,8.6,8.52,8.54,62.5986,44324.0
2019-01-16 10:00,{},8.54,2359,8.61,8.46,8.5,73.4351,51997.0
2019-01-16 10:30,{},8.46,2359,8.54,8.41,8.54,58.6074,41498.0
2019-01-16 11:00,{},8.41,2359,8.47,8.38,8.46,54.7787,38787.0
2019-01-16 11:30,{},8.39,2359,8.44,8.38,8.41,26.7164,18917.0
2019-01-16 13:30,{},8.35,2359,8.4,8.35,8.39,48.6762,34466.0
2019-01-16 14:00,{},8.35,2359,8.37,8.26,8.35,69.5923,49276.0
2019-01-16 14:30,{},8.34,2359,8.36,8.3,8.35,30.3375,21481.0
2019-01-16 15:00,{},8.24,2359,8.35,8.24,8.34,86.4494,61212.0
2019-01-17 10:00,{},8.34,2359,8.39,8.26,8.28,89.5254,63390.0
2019-01-17 10:30,{},8.24,2359,8.34,8.22,8.34,47.4362,33588.0
2019-01-17 11:00,{},8.29,2359,8.3,8.23,8.25,30.7626,21782.0
2019-01-17 11:30,{},8.29,2359,8.3,8.25,8.29,15.8657,11234.0
2019-01-17 13:30,{},8.27,2359,8.29,8.24,8.29,18.189,12879.0
2019-01-17 14:00,{},8.22,2359,8.27,8.2,8.27,31.5775,22359.0
2019-01-17 14:30,{},8.18,2359,8.23,8.15,8.22,41.8181,29610.0
2019-01-17 15:00,{},8.22,2359,8.23,8.14,8.19,45.7485,32393.0
2019-01-18 10:00,{},8.04,2359,8.21,8.04,8.14,125.063,88553.0
2019-01-18 10:00,{},8.04,2359,8.21,8.04,8.14,125.06299999999999,88553.0
2019-01-18 10:30,{},7.96,2359,8.04,7.93,8.04,122.9742,87074.0
2019-01-18 11:00,{},7.93,2359,7.97,7.81,7.96,84.9948,60182.0
2019-01-18 11:30,{},7.98,2359,7.98,7.92,7.93,29.7345,21054.0
2019-01-18 13:30,{},7.96,2359,8.04,7.95,7.98,26.2941,18618.0
2019-01-18 14:00,{},7.97,2359,8.01,7.95,7.96,22.7365,16099.0
2019-01-18 14:30,{},8.01,2359,8.04,7.95,7.97,32.2328,22823.0
2019-01-18 15:00,{},8.1,2359,8.11,8.0,8.01,59.4124,42068.0
2019-01-21 10:00,{},8.04,2359,8.09,7.96,8.01,68.0345,48173.0
2019-01-21 10:30,{},8.19,2359,8.21,8.04,8.04,72.7685,51525.0
2019-01-21 11:00,{},8.23,2359,8.26,8.16,8.19,62.1692,44020.0
2019-01-21 11:30,{},8.24,2359,8.25,8.19,8.23,28.1951,19964.0
2019-01-21 13:30,{},8.17,2359,8.26,8.15,8.24,22.6984,16072.0
2019-01-21 14:00,{},8.13,2359,8.18,8.13,8.17,32.0506,22694.0
2019-01-21 14:30,{},8.13,2359,8.16,8.1,8.13,26.2051,18555.0
2019-01-21 15:00,{},8.17,2359,8.18,8.12,8.13,35.3625,25039.0
2019-01-22 10:00,{},8.11,2359,8.13,8.0,8.07,56.7277,40167.0
2019-01-22 10:30,{},8.03,2359,8.11,8.01,8.11,52.0473,36853.0
2019-01-22 11:00,{},7.98,2359,8.03,7.96,8.03,55.1332,39038.0
2019-01-22 11:30,{},8.0,2359,8.03,7.97,7.98,16.3798,11598.0
2019-01-22 13:30,{},7.94,2359,8.0,7.9,8.0,36.8666,26104.0
2019-01-22 14:00,{},7.96,2359,7.97,7.91,7.94,33.7298,23883.0
2019-01-22 14:30,{},7.93,2359,7.97,7.91,7.96,31.6142,22385.0
2019-01-22 15:00,{},7.93,2359,7.96,7.92,7.94,31.5846,22364.0
2019-01-23 10:00,{},7.9,2359,7.97,7.87,7.89,40.9975,29029.0
2019-01-23 10:30,{},7.91,2359,7.91,7.83,7.9,36.7465,26019.0
2019-01-23 11:00,{},7.88,2359,7.93,7.88,7.91,19.936,14116.0
2019-01-23 11:30,{},7.87,2359,7.9,7.86,7.88,15.3898,10897.0
2019-01-23 13:30,{},7.87,2359,7.88,7.86,7.87,14.5763,10321.0
2019-01-23 14:00,{},7.86,2359,7.88,7.83,7.87,24.0457,17026.0
2019-01-23 14:30,{},7.87,2359,7.87,7.82,7.86,26.2404,18580.0
2019-01-23 15:00,{},7.85,2359,7.88,7.84,7.87,31.5055,22308.0
2019-01-24 10:00,{},7.73,2359,7.85,7.63,7.83,77.8697,55137.0
2019-01-24 10:30,{},7.91,2359,7.96,7.73,7.73,54.0457,38268.0
2019-01-24 11:00,{},7.95,2359,7.97,7.88,7.91,38.824,27490.0
2019-01-24 11:30,{},8.0,2359,8.02,7.95,7.95,39.7646,28156.0
2019-01-24 13:30,{},7.95,2359,8.0,7.93,8.0,17.3684,12298.0
2019-01-24 14:00,{},7.91,2359,7.95,7.89,7.95,26.7079,18911.0
2019-01-24 14:30,{},7.92,2359,7.95,7.91,7.91,20.45,14480.0
2019-01-24 15:00,{},7.96,2359,7.97,7.9,7.92,45.6284,32308.0
2019-01-25 10:00,{},7.8,2359,7.96,7.8,7.96,60.5197,42852.0
2019-01-25 10:30,{},7.85,2359,7.89,7.78,7.8,32.1467,22762.0
2019-01-25 11:00,{},7.81,2359,7.87,7.8,7.85,20.3017,14375.0
2019-01-25 11:30,{},7.84,2359,7.84,7.79,7.81,18.7708,13291.0
2019-01-25 13:30,{},7.83,2359,7.85,7.8,7.84,19.0801,13510.0
2019-01-25 14:00,{},7.81,2359,7.85,7.79,7.83,21.9824,15565.0
2019-01-25 14:30,{},7.81,2359,7.82,7.79,7.81,29.332,20769.0
2019-01-25 14:30,{},7.81,2359,7.82,7.79,7.81,29.331999999999997,20769.0
2019-01-25 15:00,{},7.76,2359,7.81,7.76,7.81,57.0737,40412.0
2019-01-28 10:00,{},7.79,2359,7.87,7.73,7.81,48.2073,34134.0
2019-01-28 10:30,{},7.77,2359,7.82,7.77,7.79,22.327,15809.0
2019-01-28 10:30,{},7.77,2359,7.82,7.77,7.79,22.326999999999998,15809.0
2019-01-28 11:00,{},7.79,2359,7.8,7.76,7.77,13.0355,9230.0
2019-01-28 11:30,{},7.76,2359,7.79,7.75,7.79,10.7942,7643.0
2019-01-28 13:30,{},7.66,2359,7.77,7.66,7.76,25.9156,18350.0
2019-01-28 14:00,{},7.63,2359,7.7,7.6,7.66,38.6093,27338.0
2019-01-28 14:30,{},7.61,2359,7.65,7.56,7.63,26.369,18671.0
2019-01-28 15:00,{},7.6,2359,7.63,7.58,7.61,33.4149,23660.0
2019-01-29 10:00,{},7.4,2359,7.57,7.4,7.5,61.5718,43597.0
2019-01-29 10:30,{},7.12,2359,7.4,7.0,7.4,112.752,79836.0
2019-01-29 10:30,{},7.12,2359,7.4,7.0,7.4,112.75200000000001,79836.0
2019-01-29 11:00,{},7.22,2359,7.26,7.12,7.12,27.8279,19704.0
2019-01-29 11:30,{},7.25,2359,7.27,7.19,7.22,24.4497,17312.0
2019-01-29 13:30,{},7.28,2359,7.28,7.21,7.25,9.8861,7000.0
2019-01-29 14:00,{},7.27,2359,7.34,7.27,7.28,17.2342,12203.0
2019-01-29 14:30,{},7.34,2359,7.36,7.26,7.27,18.7779,13296.0
2019-01-29 15:00,{},7.27,2359,7.33,7.27,7.33,34.0391,24102.0
2019-01-30 10:00,{},7.27,2359,7.31,7.03,7.05,63.9558,45285.0
2019-01-30 10:30,{},7.23,2359,7.29,7.22,7.27,14.7415,10438.0
2019-01-30 11:00,{},7.19,2359,7.24,7.18,7.23,15.0028,10623.0
2019-01-30 11:30,{},7.22,2359,7.24,7.17,7.19,11.6133,8223.0
2019-01-30 13:30,{},7.18,2359,7.24,7.14,7.22,14.7034,10411.0
2019-01-30 14:00,{},7.1,2359,7.18,7.07,7.17,35.4062,25070.0
2019-01-30 14:30,{},7.09,2359,7.13,7.05,7.1,28.7896,20385.0
2019-01-30 15:00,{},7.01,2359,7.09,7.01,7.09,62.2074,44047.0
2019-01-31 10:00,{},6.8,2359,6.91,6.71,6.9,112.5698,79707.0
2019-01-31 10:30,{},6.77,2359,6.84,6.76,6.8,40.917,28972.0
2019-01-31 11:00,{},6.86,2359,6.86,6.76,6.77,43.1979,30587.0
2019-01-31 11:30,{},6.79,2359,6.86,6.78,6.86,19.9896,14154.0
2019-01-31 13:30,{},6.49,2359,6.79,6.45,6.79,86.2828,61094.0
2019-01-31 14:00,{},6.38,2359,6.59,6.31,6.49,121.6368,86127.0
2019-01-31 14:30,{},6.34,2359,6.4,6.31,6.38,87.575,62009.0
2019-01-31 15:00,{},6.4,2359,6.49,6.34,6.34,70.6444,50021.0
2019-02-01 10:00,{},6.79,2359,6.81,6.47,6.5,169.9697,120350.0
2019-02-01 10:30,{},6.88,2359,6.95,6.75,6.79,87.4733,61937.0
2019-02-01 11:00,{},7.04,2359,7.04,6.83,6.88,217.2435,153823.0
2019-02-01 11:30,{},7.04,2359,7.04,7.04,7.04,4.5532,3224.0
2019-02-01 13:30,{},7.04,2359,7.04,7.04,7.04,2.6862,1902.0
2019-02-01 14:00,{},7.04,2359,7.04,7.04,7.04,2.6791,1897.0
2019-02-01 14:30,{},7.04,2359,7.04,7.04,7.04,1.1807,836.0
2019-02-01 15:00,{},7.04,2359,7.04,7.04,7.04,1.5761,1116.0
2019-02-11 10:00,{},7.49,2359,7.68,7.3,7.3,330.0661,233709.0
2019-02-11 10:30,{},7.51,2359,7.62,7.48,7.49,68.5684,48551.0
2019-02-11 11:00,{},7.54,2359,7.56,7.48,7.52,39.098,27684.0
2019-02-11 11:30,{},7.56,2359,7.62,7.52,7.54,43.6413,30901.0
2019-02-11 13:30,{},7.6,2359,7.62,7.56,7.56,36.5121,25853.0
2019-02-11 14:00,{},7.74,2359,7.74,7.55,7.6,140.6378,99581.0
2019-02-11 14:30,{},7.74,2359,7.74,7.74,7.74,5.5249,3912.0
2019-02-11 15:00,{},7.74,2359,7.74,7.74,7.74,4.7566,3368.0
2019-02-12 10:00,{},8.27,2359,8.28,7.82,8.01,469.4131,332376.0
2019-02-12 10:30,{},8.09,2359,8.28,7.9,8.27,165.1072,116907.0
2019-02-12 11:00,{},8.03,2359,8.1,7.99,8.09,46.9235,33225.0
2019-02-12 11:30,{},8.04,2359,8.09,8.01,8.03,25.475,18038.0
2019-02-12 13:30,{},7.93,2359,8.08,7.92,8.04,62.0704,43950.0
2019-02-12 14:00,{},7.87,2359,7.94,7.79,7.93,84.0259,59496.0
2019-02-12 14:30,{},7.83,2359,7.91,7.8,7.87,66.3313,46967.0
2019-02-12 15:00,{},7.81,2359,7.88,7.78,7.83,105.0042,74350.0
2019-02-13 10:00,{},7.96,2359,8.04,7.68,7.68,302.2566,214018.0
2019-02-13 10:30,{},8.12,2359,8.25,7.92,7.96,236.1443,167206.0
2019-02-13 11:00,{},8.04,2359,8.2,8.04,8.12,83.7308,59287.0
2019-02-13 11:30,{},8.11,2359,8.15,8.04,8.04,37.0276,26218.0
2019-02-13 13:30,{},8.09,2359,8.13,8.08,8.11,40.828,28909.0
2019-02-13 14:00,{},8.13,2359,8.15,8.07,8.09,44.4082,31444.0
2019-02-13 14:30,{},8.14,2359,8.14,8.08,8.13,56.9381,40316.0
2019-02-13 15:00,{},8.1,2359,8.15,8.07,8.14,94.4261,66860.0
2019-02-14 10:00,{},8.02,2359,8.14,8.01,8.05,181.5209,128529.0
2019-02-14 10:30,{},8.0,2359,8.03,7.92,8.02,122.0379,86411.0
2019-02-14 11:00,{},7.97,2359,8.02,7.94,8.0,45.4237,32163.0
2019-02-14 11:30,{},7.99,2359,8.01,7.96,7.96,22.5515,15968.0
2019-02-14 13:30,{},7.96,2359,7.99,7.95,7.99,32.0845,22718.0
2019-02-14 14:00,{},7.94,2359,7.97,7.91,7.96,74.6723,52873.0
2019-02-14 14:30,{},8.05,2359,8.06,7.93,7.94,65.8638,46636.0
2019-02-14 15:00,{},7.99,2359,8.05,7.96,8.05,88.28399999999998,62511.0
2019-02-15 10:00,{},8.08,2359,8.14,7.92,8.03,139.0715,98472.0
2019-02-15 10:30,{},8.0,2359,8.08,7.94,8.08,68.2817,48348.0
2019-02-15 11:00,{},8.06,2359,8.07,7.99,8.0,46.0917,32636.0
2019-02-15 11:30,{},8.04,2359,8.06,8.0,8.06,30.6525,21704.0
2019-02-15 13:30,{},8.25,2359,8.35,8.04,8.04,195.9687,138759.0
2019-02-15 14:00,{},8.18,2359,8.32,8.15,8.25,108.083,76530.0
2019-02-15 14:30,{},8.07,2359,8.19,8.07,8.18,75.0169,53117.0
2019-02-15 15:00,{},8.06,2359,8.1,8.02,8.07,77.3542,54772.0
2019-02-18 10:00,{},8.1,2359,8.15,7.97,8.07,152.3387,107866.0
2019-02-18 10:30,{},8.17,2359,8.24,8.07,8.1,90.2993,63938.0
2019-02-18 11:00,{},8.18,2359,8.25,8.15,8.17,61.0973,43261.0
2019-02-18 11:30,{},8.23,2359,8.26,8.17,8.17,53.937,38191.0
2019-02-18 13:30,{},8.28,2359,8.35,8.23,8.23,96.7493,68505.0
2019-02-18 14:00,{},8.24,2359,8.31,8.23,8.28,61.0874,43254.0
2019-02-18 14:30,{},8.27,2359,8.28,8.23,8.25,63.9883,45308.0
2019-02-18 15:00,{},8.39,2359,8.48,8.26,8.27,201.584,142735.0
2019-02-19 10:00,{},8.44,2359,8.59,8.31,8.51,192.6893,136437.0
2019-02-19 10:30,{},8.87,2359,9.13,8.38,8.44,333.3907,236063.0
2019-02-19 11:00,{},8.95,2359,9.05,8.8,8.87,130.3365,92287.0
2019-02-19 11:30,{},8.8,2359,8.97,8.8,8.95,57.2587,40543.0
2019-02-19 13:30,{},8.7,2359,8.8,8.61,8.8,105.925,75002.0
2019-02-19 14:00,{},8.73,2359,8.89,8.62,8.7,72.8405,51576.0
2019-02-19 14:30,{},8.79,2359,8.8,8.68,8.73,48.816,34565.0
2019-02-19 15:00,{},8.8,2359,8.9,8.76,8.79,110.9146,78535.0
2019-02-20 10:00,{},8.57,2359,8.76,8.52,8.7,203.1954,143876.0
2019-02-20 10:30,{},8.7,2359,8.71,8.54,8.57,85.1543,60295.0
2019-02-20 11:00,{},8.6,2359,8.72,8.57,8.7,57.7742,40908.0
2019-02-20 11:30,{},8.54,2359,8.65,8.54,8.6,38.1546,27016.0
2019-02-20 13:30,{},8.46,2359,8.56,8.41,8.54,84.1107,59556.0
2019-02-20 14:00,{},8.57,2359,8.57,8.43,8.47,55.2885,39148.0
2019-02-20 14:30,{},8.62,2359,8.66,8.52,8.57,62.3627,44157.0
2019-02-20 15:00,{},8.6,2359,8.67,8.58,8.62,80.9754,57336.0
2019-02-21 10:00,{},8.78,2359,8.78,8.46,8.6,188.1785,133243.0
2019-02-21 10:30,{},8.84,2359,8.96,8.74,8.78,172.4399,122099.0
2019-02-21 11:00,{},8.86,2359,8.9,8.79,8.84,87.9408,62268.0
2019-02-21 11:30,{},9.04,2359,9.09,8.83,8.86,128.8847,91259.0
2019-02-21 13:30,{},9.02,2359,9.1,8.97,9.04,115.9791,82121.0
2019-02-21 14:00,{},8.82,2359,9.02,8.77,9.02,114.4468,81036.0
2019-02-21 14:30,{},8.78,2359,8.91,8.71,8.82,99.8253,70683.0
2019-02-21 15:00,{},8.79,2359,8.8,8.66,8.78,120.264,85155.0
2019-02-22 10:00,{},9.43,2359,9.43,8.6,8.66,308.6783,218565.0
2019-02-22 10:30,{},9.14,2359,9.46,9.11,9.43,273.8977,193938.0
2019-02-22 11:00,{},9.22,2359,9.27,9.13,9.14,73.2854,51891.0
2019-02-22 11:30,{},9.28,2359,9.4,9.2,9.22,110.6915,78377.0
2019-02-22 13:30,{},9.36,2359,9.36,9.27,9.28,90.9716,64414.0
2019-02-22 14:00,{},9.38,2359,9.42,9.26,9.36,109.0885,77242.0
2019-02-22 14:30,{},9.38,2359,9.4,9.32,9.38,71.5638,50672.0
2019-02-22 15:00,{},9.33,2359,9.4,9.26,9.38,145.5526,103061.0
2019-02-25 10:00,{},9.68,2359,9.68,9.38,9.38,481.4331,340887.0
2019-02-25 10:30,{},10.08,2359,10.26,9.68,9.68,352.4581,249564.0
2019-02-25 11:00,{},10.06,2359,10.1,9.96,10.08,78.0915,55294.0
2019-02-25 11:30,{},10.13,2359,10.25,10.03,10.06,68.8522,48752.0
2019-02-25 13:30,{},10.23,2359,10.24,10.1,10.13,72.1189,51065.0
2019-02-25 14:00,{},10.19,2359,10.23,10.11,10.23,59.1427,41877.0
2019-02-25 14:30,{},10.26,2359,10.26,10.19,10.19,173.7053,122995.0
2019-02-25 15:00,{},10.26,2359,10.26,10.25,10.26,21.5686,15272.0
2019-02-26 10:00,{},10.2,2359,10.45,9.92,10.35,428.9226,303706.0
2019-02-26 10:30,{},10.0,2359,10.26,9.95,10.2,192.325,136179.0
2019-02-26 11:00,{},9.93,2359,10.08,9.73,10.0,196.05200000000002,138818.0
2019-02-26 11:00,{},9.93,2359,10.08,9.73,10.0,196.052,138818.0
2019-02-26 11:30,{},9.97,2359,9.99,9.88,9.93,65.9316,46684.0
2019-02-26 13:30,{},9.99,2359,10.1,9.97,9.97,81.9965,58059.0
2019-02-26 14:00,{},10.0,2359,10.05,9.94,9.99,74.9999,53105.0
2019-02-26 14:30,{},9.99,2359,10.25,9.99,10.01,122.8527,86988.0
2019-02-26 15:00,{},9.85,2359,10.04,9.8,9.99,167.1875,118380.0
2019-02-27 10:00,{},9.88,2359,10.05,9.74,9.77,225.1877,159448.0
2019-02-27 10:30,{},9.8,2359,9.88,9.63,9.88,138.7919,98274.0
2019-02-27 11:00,{},9.85,2359,9.89,9.74,9.8,62.5138,44264.0
2019-02-27 11:30,{},9.79,2359,9.9,9.76,9.85,48.7708,34533.0
2019-02-27 13:30,{},10.06,2359,10.14,9.77,9.79,169.0842,119723.0
2019-02-27 14:00,{},9.88,2359,10.07,9.8,10.06,83.1009,58841.0
2019-02-27 14:30,{},9.86,2359,9.98,9.72,9.88,67.9229,48094.0
2019-02-27 15:00,{},10.03,2359,10.03,9.75,9.86,113.8254,80596.0
2019-02-28 10:00,{},9.84,2359,10.04,9.72,10.04,181.1481,128265.0
2019-02-28 10:30,{},9.83,2359,9.85,9.74,9.84,90.0465,63759.0
2019-02-28 11:00,{},9.74,2359,9.84,9.72,9.83,57.0822,40418.0
2019-02-28 11:30,{},9.51,2359,9.76,9.42,9.74,199.4924,141254.0
2019-02-28 13:30,{},9.57,2359,9.63,9.47,9.51,61.843,43789.0
2019-02-28 14:00,{},9.5,2359,9.58,9.45,9.57,63.2016,44751.0
2019-02-28 14:30,{},9.5,2359,9.53,9.4,9.49,77.0732,54573.0
2019-02-28 15:00,{},9.46,2359,9.54,9.44,9.5,99.7095,70601.0
2019-03-01 10:00,{},9.4,2359,9.59,9.35,9.4,150.4843,106553.0
2019-03-01 10:30,{},9.41,2359,9.49,9.39,9.4,45.4208,32161.0
2019-03-01 11:00,{},9.47,2359,9.52,9.4,9.41,45.757,32399.0
2019-03-01 11:30,{},9.34,2359,9.47,9.33,9.47,64.7552,45851.0
2019-03-01 13:30,{},9.37,2359,9.43,9.28,9.34,49.782,35249.0
2019-03-01 14:00,{},9.38,2359,9.39,9.31,9.37,34.6069,24504.0
2019-03-01 14:30,{},9.41,2359,9.42,9.34,9.38,40.1855,28454.0
2019-03-01 15:00,{},9.47,2359,9.47,9.36,9.41,90.1609,63840.0
2019-03-04 10:00,{},9.75,2359,9.83,9.55,9.55,205.6062,145583.0
2019-03-04 10:30,{},9.91,2359,9.95,9.72,9.75,173.0697,122545.0
2019-03-04 11:00,{},9.91,2359,9.92,9.83,9.91,92.9008,65780.0
2019-03-04 11:30,{},9.94,2359,9.95,9.85,9.91,61.0422,43222.0
2019-03-04 13:30,{},9.86,2359,9.98,9.83,9.94,84.5682,59880.0
2019-03-04 14:00,{},9.85,2359,9.87,9.79,9.86,74.8065,52968.0
2019-03-04 14:30,{},9.73,2359,9.86,9.65,9.85,105.1002,74418.0
2019-03-04 15:00,{},9.76,2359,9.76,9.6,9.73,94.1238,66646.0
2019-03-05 10:00,{},10.13,2359,10.13,9.6,9.76,176.3533,124870.0
2019-03-05 10:30,{},10.22,2359,10.39,10.12,10.13,359.1001,254267.0
2019-03-05 11:00,{},10.23,2359,10.29,10.15,10.22,90.3276,63958.0
2019-03-05 11:30,{},10.2,2359,10.25,10.14,10.23,64.2326,45481.0
2019-03-05 13:30,{},10.38,2359,10.4,10.2,10.2,164.6581,116589.0
2019-03-05 14:00,{},10.35,2359,10.4,10.22,10.38,88.6738,62787.0
2019-03-05 14:30,{},10.66,2359,10.74,10.32,10.35,264.4721,187264.0
2019-03-05 15:00,{},10.74,2359,10.74,10.62,10.66,156.0671,110506.0
2019-03-06 10:00,{},10.78,2359,11.59,10.75,11.2,703.727,498286.0
2019-03-06 10:30,{},11.07,2359,11.18,10.78,10.78,195.6142,138508.0
2019-03-06 11:00,{},10.99,2359,11.15,10.93,11.07,90.1044,63800.0
2019-03-06 11:30,{},11.14,2359,11.15,10.98,10.99,54.6728,38712.0
2019-03-06 13:30,{},11.5,2359,11.55,11.14,11.14,163.1201,115500.0
2019-03-06 14:00,{},11.59,2359,11.81,11.37,11.5,238.3545,168771.0
2019-03-06 14:30,{},11.65,2359,11.75,11.37,11.59,115.3323,81663.0
2019-03-06 15:00,{},11.45,2359,11.69,11.39,11.65,180.3035,127667.0
2019-03-07 10:00,{},12.04,2359,12.31,11.15,11.3,484.5896,343122.0
2019-03-07 10:30,{},12.22,2359,12.32,12.02,12.04,143.533,101631.0
2019-03-07 11:00,{},12.14,2359,12.23,11.72,12.22,212.429,150414.0
2019-03-07 11:30,{},12.19,2359,12.21,11.98,12.14,71.2729,50466.0
2019-03-07 13:30,{},12.42,2359,12.55,12.18,12.19,132.1697,93585.0
2019-03-07 14:00,{},12.34,2359,12.43,12.15,12.42,69.5513,49247.0
2019-03-07 14:30,{},12.39,2359,12.55,12.3,12.34,94.5503,66948.0
2019-03-07 15:00,{},12.6,2359,12.6,12.38,12.39,198.8003,140764.0
2019-03-08 10:00,{},12.1,2359,12.18,11.41,12.0,451.6125,319772.0
2019-03-08 10:30,{},12.62,2359,12.8,11.96,12.1,240.9461,170606.0
2019-03-08 11:00,{},12.65,2359,13.44,12.62,12.62,217.7689,154195.0
2019-03-08 11:30,{},12.65,2359,12.97,12.43,12.65,119.6172,84697.0
2019-03-08 13:30,{},12.81,2359,13.0,12.45,12.65,109.484,77522.0
2019-03-08 14:00,{},12.69,2359,12.96,12.52,12.81,88.8715,62927.0
2019-03-08 14:30,{},12.58,2359,12.89,12.58,12.69,79.4826,56279.0
2019-03-08 15:00,{},13.0,2359,13.29,11.75,12.58,326.3928,231108.0
2019-03-11 10:00,{},12.76,2359,13.41,12.61,12.88,366.848,259753.0
2019-03-11 10:30,{},12.6,2359,12.8,12.22,12.76,220.0978,155844.0
2019-03-11 11:00,{},12.59,2359,12.72,12.51,12.6,67.7337,47960.0
2019-03-11 11:30,{},12.52,2359,12.68,12.39,12.59,113.4991,80365.0
2019-03-11 13:30,{},12.9,2359,13.2,12.52,12.52,163.8587,116023.0
2019-03-11 14:00,{},12.81,2359,13.08,12.81,12.9,77.5717,54926.0
2019-03-11 14:30,{},12.99,2359,12.99,12.78,12.81,87.8688,62217.0
2019-03-11 15:00,{},12.96,2359,13.0,12.88,12.99,158.3692,112136.0
2019-03-12 10:00,{},12.64,2359,13.08,12.61,12.97,336.1376,238008.0
2019-03-12 10:30,{},12.69,2359,12.78,12.62,12.64,131.4918,93105.0
2019-03-12 11:00,{},12.66,2359,12.76,12.65,12.69,87.479,61941.0
2019-03-12 11:30,{},12.78,2359,12.86,12.64,12.66,98.4243,69691.0
2019-03-12 13:30,{},12.73,2359,12.86,12.66,12.78,124.2763,87996.0
2019-03-12 14:00,{},12.6,2359,12.77,12.52,12.73,170.6787,120852.0
2019-03-12 14:30,{},12.48,2359,12.6,12.32,12.6,183.3173,129801.0
2019-03-12 15:00,{},12.58,2359,12.62,12.43,12.48,173.4553,122818.0
2019-03-13 10:00,{},11.78,2359,12.41,11.54,12.41,500.1898,354168.0
2019-03-13 10:30,{},11.89,2359,11.92,11.71,11.78,119.0989,84330.0
2019-03-13 11:00,{},11.79,2359,11.92,11.78,11.89,79.3879,56212.0
2019-03-13 11:30,{},11.93,2359,11.99,11.79,11.79,51.5445,36497.0
2019-03-13 13:30,{},11.85,2359,11.93,11.75,11.93,59.6568,42241.0
2019-03-13 14:00,{},11.76,2359,11.96,11.72,11.85,56.5751,40059.0
2019-03-13 14:30,{},11.68,2359,11.83,11.59,11.76,110.1082,77964.0
2019-03-13 15:00,{},11.54,2359,11.71,11.51,11.68,161.1443,114101.0
2019-03-14 10:00,{},11.3,2359,11.53,11.15,11.35,169.3399,119904.0
2019-03-14 10:30,{},11.02,2359,11.3,10.9,11.3,173.5824,122908.0
2019-03-14 11:00,{},10.99,2359,11.03,10.69,11.02,147.2473,104261.0
2019-03-14 11:30,{},10.91,2359,11.12,10.9,10.99,45.3446,32107.0
2019-03-14 13:30,{},10.89,2359,10.96,10.84,10.91,42.5751,30146.0
2019-03-14 14:00,{},10.92,2359,10.99,10.82,10.89,36.1082,25567.0
2019-03-14 14:30,{},10.75,2359,10.95,10.75,10.92,52.7365,37341.0
2019-03-14 15:00,{},10.86,2359,10.9,10.63,10.75,119.9801,84954.0
2019-03-15 10:00,{},11.34,2359,11.48,11.03,11.03,325.0836,230181.0
2019-03-15 10:30,{},11.22,2359,11.38,11.13,11.34,88.6145,62745.0
2019-03-15 11:00,{},11.22,2359,11.29,11.17,11.22,41.0145,29041.0
2019-03-15 11:30,{},11.21,2359,11.27,11.16,11.22,43.325,30677.0
2019-03-15 13:30,{},11.09,2359,11.25,11.07,11.21,54.2844,38437.0
2019-03-15 14:00,{},11.05,2359,11.11,10.95,11.1,66.9583,47411.0
2019-03-15 14:30,{},11.14,2359,11.2,11.01,11.05,49.508,35055.0
2019-03-15 15:00,{},11.15,2359,11.18,11.08,11.13,83.6926,59260.0
2019-03-18 10:00,{},11.07,2359,11.15,10.81,11.1,149.3178,105727.0
2019-03-18 10:30,{},11.23,2359,11.33,11.01,11.07,95.426,67568.0
2019-03-18 11:00,{},11.19,2359,11.28,11.17,11.23,46.1355,32667.0
2019-03-18 11:30,{},11.23,2359,11.26,11.16,11.19,30.7767,21792.0
2019-03-18 13:30,{},11.17,2359,11.26,11.15,11.23,35.7438,25309.0
2019-03-18 14:00,{},11.17,2359,11.2,11.05,11.17,53.7717,38074.0
2019-03-18 14:30,{},11.24,2359,11.26,11.15,11.17,62.3218,44128.0
2019-03-18 15:00,{},11.35,2359,11.39,11.24,11.24,142.1052,100620.0
2019-03-19 10:00,{},11.45,2359,11.58,11.26,11.38,202.2266,143190.0
2019-03-19 10:30,{},11.67,2359,11.73,11.45,11.45,150.2979,106421.0
2019-03-19 11:00,{},11.55,2359,11.68,11.46,11.67,84.2123,59628.0
2019-03-19 11:30,{},11.48,2359,11.6,11.47,11.55,37.858,26806.0
2019-03-19 11:30,{},11.48,2359,11.6,11.47,11.55,37.858000000000004,26806.0
2019-03-19 13:30,{},11.52,2359,11.55,11.42,11.48,46.07899999999999,32627.0
2019-03-19 14:00,{},11.45,2359,11.53,11.38,11.52,45.644,32319.0
2019-03-19 14:30,{},11.39,2359,11.5,11.32,11.45,49.3696,34957.0
2019-03-19 15:00,{},11.44,2359,11.46,11.37,11.39,70.3591,49819.0
2019-03-20 10:00,{},11.33,2359,11.59,11.28,11.28,103.5382,73312.0
2019-03-20 10:30,{},11.36,2359,11.42,11.31,11.33,53.0868,37589.0
2019-03-20 11:00,{},11.36,2359,11.4,11.3,11.36,43.6117,30880.0
2019-03-20 11:30,{},11.06,2359,11.38,11.02,11.36,105.1637,74463.0
2019-03-20 13:30,{},11.12,2359,11.22,11.01,11.06,64.5278,45690.0
2019-03-20 14:00,{},11.13,2359,11.3,11.09,11.12,53.0133,37537.0
2019-03-20 14:30,{},11.32,2359,11.32,11.1,11.13,48.6974,34481.0
2019-03-20 15:00,{},11.33,2359,11.37,11.25,11.32,77.7398,55045.0
2019-03-21 10:00,{},11.69,2359,11.9,11.54,11.75,278.3083,197061.0
2019-03-21 10:30,{},11.79,2359,11.93,11.69,11.69,167.7129,118752.0
2019-03-21 11:00,{},11.79,2359,11.9,11.71,11.78,82.7026,58559.0
2019-03-21 11:30,{},11.82,2359,11.85,11.73,11.79,56.4622,39979.0
2019-03-21 13:30,{},11.95,2359,11.95,11.82,11.82,86.99600000000001,61599.0
2019-03-21 13:30,{},11.95,2359,11.95,11.82,11.82,86.99600000000002,61599.0
2019-03-21 14:00,{},11.92,2359,12.18,11.91,11.95,166.9813,118234.0
2019-03-21 14:30,{},12.06,2359,12.1,11.92,11.92,77.374,54786.0
2019-03-21 15:00,{},11.95,2359,12.1,11.94,12.06,132.76,94003.0
2019-03-22 10:00,{},11.65,2359,11.96,11.61,11.83,184.3342,130521.0
2019-03-22 10:30,{},11.63,2359,11.76,11.57,11.65,79.2015,56080.0
2019-03-22 11:00,{},11.45,2359,11.7,11.42,11.63,78.6366,55680.0
2019-03-22 11:30,{},11.61,2359,11.64,11.42,11.45,45.1765,31988.0
2019-03-22 13:30,{},11.65,2359,11.7,11.5,11.61,35.3003,24995.0
2019-03-22 14:00,{},11.67,2359,11.73,11.6,11.65,44.0763,31209.0
2019-03-22 14:30,{},11.74,2359,11.75,11.64,11.67,42.8759,30359.0
2019-03-22 15:00,{},11.7,2359,11.75,11.61,11.74,80.2664,56834.0
2019-03-25 10:00,{},11.93,2359,12.11,11.26,11.37,224.8727,159225.0
2019-03-25 10:30,{},11.87,2359,11.99,11.84,11.93,86.2475,61069.0
2019-03-25 11:00,{},11.92,2359,12.0,11.87,11.87,57.5948,40781.0
2019-03-25 11:30,{},11.78,2359,11.94,11.75,11.92,54.1728,38358.0
2019-03-25 13:30,{},11.88,2359,11.95,11.75,11.78,38.9158,27555.0
2019-03-25 14:00,{},11.95,2359,12.04,11.86,11.88,66.1053,46807.0
2019-03-25 14:30,{},11.9,2359,11.98,11.86,11.95,58.7317,41586.0
2019-03-25 15:00,{},11.8,2359,11.9,11.75,11.9,112.0656,79350.0
2019-03-26 10:00,{},11.99,2359,12.23,11.82,11.9,241.4644,170973.0
2019-03-26 10:30,{},11.92,2359,12.01,11.89,11.99,58.5764,41476.0
2019-03-26 11:00,{},11.8,2359,11.93,11.78,11.92,56.9663,40336.0
2019-03-26 11:30,{},11.56,2359,11.8,11.54,11.8,95.3525,67516.0
2019-03-26 13:30,{},11.57,2359,11.7,11.47,11.56,56.1373,39749.0
2019-03-26 14:00,{},11.48,2359,11.66,11.47,11.57,42.8476,30339.0
2019-03-26 14:30,{},11.49,2359,11.59,11.46,11.48,51.1858,36243.0
2019-03-26 15:00,{},11.38,2359,11.5,11.29,11.49,104.9773,74331.0
2019-03-27 10:00,{},10.95,2359,11.54,10.88,11.42,207.6639,147040.0
2019-03-27 10:30,{},10.86,2359,10.97,10.68,10.96,137.1565,97116.0
2019-03-27 11:00,{},10.87,2359,10.93,10.8,10.86,40.1953,28461.0
2019-03-27 11:30,{},10.89,2359,10.96,10.85,10.88,32.665,23129.0
2019-03-27 13:30,{},10.84,2359,10.93,10.8,10.89,32.1777,22784.0
2019-03-27 14:00,{},10.81,2359,10.9,10.77,10.84,46.3699,32833.0
2019-03-27 14:30,{},10.84,2359,10.92,10.8,10.81,40.9679,29008.0
2019-03-27 15:00,{},10.9,2359,10.9,10.79,10.84,62.6819,44383.0
2019-03-28 10:00,{},11.17,2359,11.24,10.73,10.93,161.9154,114647.0
2019-03-28 10:30,{},11.21,2359,11.34,11.11,11.17,98.5302,69766.0
2019-03-28 11:00,{},11.19,2359,11.25,11.15,11.21,39.8959,28249.0
2019-03-28 11:30,{},11.1,2359,11.22,11.03,11.2,40.4114,28614.0
2019-03-28 13:30,{},11.01,2359,11.12,11.0,11.1,30.74,21766.0
2019-03-28 14:00,{},11.02,2359,11.11,11.0,11.01,27.8801,19741.0
2019-03-28 14:30,{},10.97,2359,11.08,10.9,11.02,36.7366,26012.0
2019-03-28 15:00,{},10.88,2359,10.99,10.84,10.97,62.6791,44381.0
2019-03-29 10:00,{},10.41,2359,10.99,10.33,10.77,172.7717,122334.0
2019-03-29 10:30,{},10.6,2359,10.6,10.38,10.41,84.3239,59707.0
2019-03-29 11:00,{},10.68,2359,10.7,10.56,10.6,46.7385,33094.0
2019-03-29 11:30,{},10.83,2359,10.96,10.68,10.68,67.0021,47442.0
2019-03-29 13:30,{},11.01,2359,11.09,10.83,10.83,74.3263,52628.0
2019-03-29 14:00,{},11.03,2359,11.07,10.95,11.01,36.8256,26075.0
2019-03-29 14:30,{},11.02,2359,11.05,10.88,11.03,45.9391,32528.0
2019-03-29 15:00,{},11.1,2359,11.1,11.0,11.02,87.7855,62158.0
2019-04-01 10:00,{},11.05,2359,11.22,10.75,10.84,269.8515,191073.0
2019-04-01 10:30,{},11.14,2359,11.16,10.99,11.05,96.214,68126.0
2019-04-01 11:00,{},11.26,2359,11.34,11.1,11.14,130.4001,92332.0
2019-04-01 11:30,{},11.29,2359,11.29,11.22,11.26,47.4842,33622.0
2019-04-01 13:30,{},11.31,2359,11.34,11.27,11.29,55.0131,38953.0
2019-04-01 14:00,{},11.31,2359,11.36,11.25,11.31,64.3851,45589.0
2019-04-01 14:30,{},11.26,2359,11.31,11.22,11.31,56.0356,39677.0
2019-04-01 15:00,{},11.32,2359,11.32,11.25,11.26,105.8996,74984.0
2019-04-02 10:00,{},11.22,2359,11.39,11.13,11.35,168.6563,119420.0
2019-04-02 10:30,{},11.24,2359,11.32,11.18,11.22,65.5898,46442.0
2019-04-02 11:00,{},11.15,2359,11.24,11.11,11.24,86.955,61570.0
2019-04-02 11:30,{},11.28,2359,11.28,11.13,11.15,48.1367,34084.0
2019-04-02 13:30,{},11.24,2359,11.3,11.22,11.28,55.3111,39164.0
2019-04-02 14:00,{},11.15,2359,11.25,11.13,11.24,61.2894,43397.0
2019-04-02 14:30,{},11.18,2359,11.21,11.09,11.14,59.4605,42102.0
2019-04-02 15:00,{},11.11,2359,11.19,11.1,11.18,90.264,63913.0
2019-04-03 10:00,{},10.92,2359,11.13,10.91,11.13,112.6969,79797.0
2019-04-03 10:30,{},10.98,2359,11.03,10.88,10.92,85.2786,60383.0
2019-04-03 11:00,{},10.94,2359,11.0,10.91,10.98,30.8163,21820.0
2019-04-03 11:30,{},10.92,2359,10.94,10.88,10.94,34.8512,24677.0
2019-04-03 13:30,{},10.94,2359,10.97,10.92,10.92,26.2984,18621.0
2019-04-03 14:00,{},10.93,2359,10.97,10.92,10.94,31.1764,22075.0
2019-04-03 14:30,{},11.01,2359,11.02,10.89,10.93,58.8518,41671.0
2019-04-03 15:00,{},11.0,2359,11.01,10.94,11.01,79.4275,56240.0
2019-04-04 10:00,{},10.74,2359,11.04,10.71,11.01,204.6826,144929.0
2019-04-04 10:30,{},10.79,2359,10.85,10.73,10.74,80.3751,56911.0
2019-04-04 11:00,{},10.73,2359,10.81,10.72,10.79,58.7967,41632.0
2019-04-04 11:30,{},10.69,2359,10.75,10.63,10.73,80.2833,56846.0
2019-04-04 13:30,{},10.67,2359,10.7,10.66,10.69,42.1951,29877.0
2019-04-04 14:00,{},10.63,2359,10.68,10.55,10.67,92.0209,65157.0
2019-04-04 14:30,{},10.73,2359,10.8,10.62,10.63,43.3391,30687.0
2019-04-04 15:00,{},10.72,2359,10.74,10.66,10.73,64.8992,45953.0
2019-04-08 10:00,{},10.7,2359,10.83,10.63,10.8,111.6645,79066.0
2019-04-08 10:30,{},10.58,2359,10.7,10.57,10.7,72.0525,51018.0
2019-04-08 11:00,{},10.58,2359,10.62,10.55,10.58,39.6968,28108.0
2019-04-08 11:30,{},10.45,2359,10.59,10.44,10.58,63.3852,44881.0
2019-04-08 13:30,{},10.38,2359,10.45,10.32,10.45,68.0091,48155.0
2019-04-08 14:00,{},10.41,2359,10.44,10.33,10.38,34.0519,24111.0
2019-04-08 14:30,{},10.39,2359,10.47,10.39,10.41,29.3644,20792.0
2019-04-08 15:00,{},10.42,2359,10.48,10.38,10.39,59.8107,42350.0
2019-04-09 10:00,{},10.74,2359,10.84,10.31,10.4,203.9934,144441.0
2019-04-09 10:30,{},10.77,2359,10.78,10.69,10.74,60.0734,42536.0
2019-04-09 11:00,{},10.91,2359,10.95,10.75,10.77,107.5053,76121.0
2019-04-09 11:30,{},10.91,2359,10.92,10.84,10.91,47.5435,33664.0
2019-04-09 13:30,{},10.86,2359,10.94,10.82,10.91,43.5538,30839.0
2019-04-09 14:00,{},10.87,2359,10.88,10.82,10.86,28.277,20022.0
2019-04-09 14:00,{},10.87,2359,10.88,10.82,10.86,28.276999999999997,20022.0
2019-04-09 14:30,{},10.86,2359,10.87,10.77,10.87,59.6963,42269.0
2019-04-09 15:00,{},11.0,2359,11.0,10.82,10.86,138.8569,98320.0
2019-04-10 10:00,{},10.81,2359,11.01,10.74,11.0,130.0893,92112.0
2019-04-10 10:30,{},10.81,2359,10.92,10.75,10.81,47.4814,33620.0
2019-04-10 11:00,{},10.83,2359,10.87,10.79,10.81,34.042,24104.0
2019-04-10 11:30,{},10.79,2359,10.87,10.78,10.83,25.2349,17868.0
2019-04-10 13:30,{},10.82,2359,10.84,10.78,10.79,27.568,19520.0
2019-04-10 14:00,{},10.78,2359,10.81,10.69,10.81,60.9066,43126.0
2019-04-10 14:30,{},10.8,2359,10.87,10.76,10.78,51.2804,36310.0
2019-04-10 15:00,{},10.73,2359,10.82,10.72,10.8,69.6332,49305.0
2019-04-11 10:00,{},10.52,2359,10.71,10.47,10.61,102.8151,72800.0
2019-04-11 10:30,{},10.5,2359,10.57,10.46,10.52,58.4238,41368.0
2019-04-11 11:00,{},10.45,2359,10.52,10.45,10.5,40.0767,28377.0
2019-04-11 11:30,{},10.41,2359,10.47,10.34,10.45,62.7356,44421.0
2019-04-11 13:30,{},10.4,2359,10.45,10.39,10.41,16.3756,11595.0
2019-04-11 14:00,{},10.46,2359,10.5,10.4,10.4,22.6758,16056.0
2019-04-11 14:30,{},10.44,2359,10.51,10.4,10.46,24.098000000000006,17063.0
2019-04-11 14:30,{},10.44,2359,10.51,10.4,10.46,24.098,17063.0
2019-04-11 14:30,{},10.44,2359,10.51,10.4,10.46,24.098000000000003,17063.0
2019-04-11 15:00,{},10.36,2359,10.44,10.35,10.44,60.9928,43187.0
2019-04-12 10:00,{},10.45,2359,10.54,10.32,10.33,59.5946,42197.0
2019-04-12 10:30,{},10.4,2359,10.49,10.38,10.45,23.2294,16448.0
2019-04-12 11:00,{},10.36,2359,10.41,10.31,10.4,34.6196,24513.0
2019-04-12 11:30,{},10.33,2359,10.4,10.33,10.36,13.2586,9388.0
2019-04-12 13:30,{},10.35,2359,10.39,10.3,10.33,23.9511,16959.0
2019-04-12 14:00,{},10.37,2359,10.38,10.33,10.35,17.2964,12247.0
2019-04-12 14:30,{},10.48,2359,10.54,10.35,10.37,49.1987,34836.0
2019-04-12 15:00,{},10.46,2359,10.57,10.46,10.48,52.3679,37080.0
2019-04-15 10:00,{},10.85,2359,10.99,10.6,10.75,179.2245,126903.0
2019-04-15 10:30,{},10.84,2359,10.9,10.82,10.85,43.9535,31122.0
2019-04-15 11:00,{},10.74,2359,10.84,10.73,10.83,30.4378,21552.0
2019-04-15 11:30,{},10.72,2359,10.8,10.72,10.74,23.389,16561.0
2019-04-15 13:30,{},10.74,2359,10.78,10.7,10.72,28.3434,20069.0
2019-04-15 14:00,{},10.68,2359,10.79,10.66,10.74,24.8649,17606.0
2019-04-15 14:30,{},10.6,2359,10.7,10.6,10.68,37.9639,26881.0
2019-04-15 15:00,{},10.53,2359,10.68,10.51,10.6,45.4335,32170.0
2019-04-16 10:00,{},10.69,2359,10.69,10.37,10.38,83.9934,59473.0
2019-04-16 10:30,{},10.67,2359,10.75,10.61,10.69,46.9518,33245.0
2019-04-16 11:00,{},10.72,2359,10.75,10.67,10.67,37.7916,26759.0
2019-04-16 11:30,{},10.88,2359,10.93,10.71,10.72,105.6849,74832.0
2019-04-16 13:30,{},10.87,2359,10.92,10.82,10.88,70.7518,50097.0
2019-04-16 14:00,{},11.08,2359,11.13,10.85,10.86,209.8332,148576.0
2019-04-16 14:30,{},11.06,2359,11.1,11.02,11.08,74.4562,52720.0
2019-04-16 15:00,{},11.16,2359,11.17,11.05,11.06,150.0521,106247.0
2019-04-17 10:00,{},11.16,2359,11.48,11.06,11.2,299.8755,212332.0
2019-04-17 10:30,{},11.08,2359,11.17,11.05,11.16,107.6056,76192.0
2019-04-17 11:00,{},11.08,2359,11.15,11.04,11.08,47.7539,33813.0
2019-04-17 11:30,{},10.99,2359,11.08,10.94,11.08,70.17699999999999,49690.0
2019-04-17 11:30,{},10.99,2359,11.08,10.94,11.08,70.177,49690.0
2019-04-17 13:30,{},11.05,2359,11.09,10.98,10.99,38.0642,26952.0
2019-04-17 14:00,{},11.09,2359,11.13,11.02,11.05,45.9829,32559.0
2019-04-17 14:30,{},10.98,2359,11.11,10.93,11.09,55.0979,39013.0
2019-04-17 15:00,{},11.0,2359,11.03,10.93,10.98,69.9623,49538.0
2019-04-18 10:00,{},10.8,2359,10.95,10.75,10.95,122.5731,86790.0
2019-04-18 10:30,{},10.86,2359,10.9,10.72,10.8,72.3364,51219.0
2019-04-18 11:00,{},10.85,2359,10.91,10.8,10.86,26.3563,18662.0
2019-04-18 11:30,{},10.81,2359,10.92,10.8,10.85,33.5519,23757.0
2019-04-18 13:30,{},10.81,2359,10.85,10.8,10.81,18.8965,13380.0
2019-04-18 14:00,{},10.8,2359,10.82,10.77,10.81,29.3094,20753.0
2019-04-18 14:30,{},10.76,2359,10.89,10.75,10.8,47.4658,33609.0
2019-04-18 15:00,{},10.78,2359,10.8,10.72,10.76,58.9393,41733.0
2019-04-19 10:00,{},10.81,2359,10.89,10.68,10.72,61.021,43207.0
2019-04-19 10:30,{},10.66,2359,10.82,10.66,10.81,51.9259,36767.0
2019-04-19 11:00,{},10.6,2359,10.69,10.56,10.66,45.2895,32068.0
2019-04-19 11:30,{},10.65,2359,10.68,10.59,10.6,23.9977,16992.0
2019-04-19 13:30,{},10.73,2359,10.77,10.6,10.65,25.547,18089.0
2019-04-19 13:30,{},10.73,2359,10.77,10.6,10.65,25.546999999999997,18089.0
2019-04-19 14:00,{},10.68,2359,10.76,10.67,10.73,19.6648,13924.0
2019-04-19 14:30,{},10.8,2359,10.87,10.67,10.68,63.9459,45278.0
2019-04-19 15:00,{},10.88,2359,10.88,10.8,10.8,66.2875,46936.0
2019-04-22 10:00,{},10.95,2359,10.95,10.73,10.92,72.5185,51348.0
2019-04-22 10:30,{},11.08,2359,11.18,10.92,10.95,155.33700000000002,109989.0
2019-04-22 10:30,{},11.08,2359,11.18,10.92,10.95,155.337,109989.0
2019-04-22 11:00,{},11.1,2359,11.16,11.03,11.08,64.0137,45326.0
2019-04-22 11:30,{},11.04,2359,11.13,11.02,11.1,58.3589,41322.0
2019-04-22 13:30,{},11.13,2359,11.16,11.04,11.04,72.777,51531.0
2019-04-22 14:00,{},11.33,2359,11.47,11.13,11.13,237.7529,168345.0
2019-04-22 14:30,{},11.28,2359,11.35,11.25,11.33,62.4122,44192.0
2019-04-22 15:00,{},11.25,2359,11.28,11.14,11.28,128.8861,91260.0
2019-04-23 10:00,{},11.09,2359,11.3,10.88,11.28,166.5675,117941.0
2019-04-23 10:30,{},10.98,2359,11.1,10.92,11.09,54.3211,38463.0
2019-04-23 11:00,{},10.87,2359,11.0,10.83,10.98,65.1831,46154.0
2019-04-23 11:30,{},10.94,2359,10.95,10.86,10.87,24.6686,17467.0
2019-04-23 13:30,{},11.07,2359,11.09,10.94,10.94,33.3824,23637.0
2019-04-23 14:00,{},11.08,2359,11.23,11.05,11.07,58.3094,41287.0
2019-04-23 14:30,{},11.02,2359,11.11,10.98,11.08,35.5531,25174.0
2019-04-23 15:00,{},10.92,2359,11.07,10.91,11.02,68.5514,48539.0
2019-04-24 10:00,{},11.33,2359,11.42,10.8,10.8,193.1681,136776.0
2019-04-24 10:30,{},11.48,2359,11.68,11.26,11.33,282.8602,200284.0
2019-04-24 11:00,{},11.4,2359,11.49,11.36,11.48,84.7815,60031.0
2019-04-24 11:30,{},11.38,2359,11.46,11.28,11.4,73.4309,51994.0
2019-04-24 13:30,{},11.45,2359,11.48,11.38,11.38,59.1738,41899.0
2019-04-24 14:00,{},11.5,2359,11.62,11.44,11.45,115.0498,81463.0
2019-04-24 14:30,{},11.48,2359,11.65,11.45,11.5,87.84899999999999,62203.0
2019-04-24 14:30,{},11.48,2359,11.65,11.45,11.5,87.849,62203.0
2019-04-24 15:00,{},11.58,2359,11.6,11.46,11.49,147.0482,104120.0
2019-04-25 10:00,{},11.45,2359,11.49,11.25,11.45,195.7258,138587.0
2019-04-25 10:30,{},11.58,2359,11.72,11.45,11.45,171.6772,121559.0
2019-04-25 11:00,{},11.76,2359,11.86,11.54,11.58,143.6657,101725.0
2019-04-25 11:30,{},11.68,2359,11.86,11.65,11.76,115.3337,81664.0
2019-04-25 13:30,{},11.65,2359,11.76,11.57,11.68,75.6581,53571.0
2019-04-25 14:00,{},11.95,2359,12.09,11.61,11.65,298.6934,211495.0
2019-04-25 14:30,{},11.8,2359,12.0,11.61,11.95,176.4381,124930.0
2019-04-25 15:00,{},11.69,2359,11.88,11.61,11.8,199.7593,141443.0
2019-04-26 10:00,{},12.01,2359,12.16,11.38,11.48,369.7615,261816.0
2019-04-26 10:30,{},12.13,2359,12.23,11.91,12.01,234.6981,166182.0
2019-04-26 11:00,{},12.06,2359,12.18,11.97,12.13,105.3078,74565.0
2019-04-26 11:30,{},12.33,2359,12.35,12.0,12.06,152.4064,107914.0
2019-04-26 13:30,{},12.44,2359,12.55,12.31,12.33,216.4639,153271.0
2019-04-26 14:00,{},12.2,2359,12.47,12.12,12.44,149.4166,105797.0
2019-04-26 14:30,{},12.16,2359,12.3,12.13,12.2,97.7732,69230.0
2019-04-26 15:00,{},12.19,2359,12.39,12.12,12.16,188.3296,133350.0
2019-04-29 10:00,{},10.97,2359,10.97,10.97,10.97,98.4215,69689.0
2019-04-29 10:30,{},10.97,2359,10.97,10.97,10.97,3.5251,2496.0
2019-04-29 11:00,{},10.97,2359,10.97,10.97,10.97,4.2129,2983.0
2019-04-29 11:30,{},10.97,2359,10.97,10.97,10.97,1.5097,1069.0
2019-04-29 14:00,{},10.97,2359,10.97,10.97,10.97,1.6157,1144.0
2019-04-29 14:30,{},10.97,2359,10.97,10.97,10.97,0.8742,619.0
2019-04-29 15:00,{},10.97,2359,10.97,10.97,10.97,1.6439,1164.0
2019-05-06 10:00,{},10.42,2359,10.42,10.42,10.42,0.8544,605.0
2019-05-06 10:30,{},10.42,2359,10.42,10.42,10.42,0.1073,76.0
2019-05-06 11:00,{},10.42,2359,10.42,10.42,10.42,0.0141,10.0
2019-05-06 11:30,{},10.42,2359,10.42,10.42,10.42,0.161,114.0
2019-05-06 13:30,{},10.42,2359,10.42,10.42,10.42,0.7457,528.0
2019-05-06 14:00,{},10.42,2359,10.42,10.42,10.42,0.048,34.0
2019-05-06 14:30,{},10.42,2359,10.42,10.42,10.42,0.4505,319.0
2019-05-06 15:00,{},10.42,2359,10.42,10.42,10.42,0.0862,61.0
2019-05-07 10:00,{},9.9,2359,9.9,9.9,9.9,2.0831,1475.0
2019-05-07 10:30,{},9.9,2359,9.9,9.9,9.9,0.1539,109.0
2019-05-07 11:00,{},9.9,2359,9.9,9.9,9.9,0.0282,20.0
2019-05-07 11:30,{},9.9,2359,9.9,9.9,9.9,0.2133,151.0
2019-05-07 13:30,{},9.9,2359,9.9,9.9,9.9,0.12,85.0
2019-05-07 14:00,{},9.9,2359,9.9,9.9,9.9,0.096,68.0
2019-05-07 14:30,{},9.9,2359,9.9,9.9,9.9,3.4898,2471.0
2019-05-07 15:00,{},9.9,2359,9.9,9.9,9.9,1.0296,729.0
2019-05-08 10:00,{},9.41,2359,9.41,9.41,9.41,0.6708,475.0
2019-05-08 10:30,{},9.41,2359,9.41,9.41,9.41,0.1525,108.0
2019-05-08 11:00,{},9.41,2359,9.41,9.41,9.41,0.5579,395.0
2019-05-08 11:30,{},9.41,2359,9.41,9.41,9.41,0.0862,61.0
2019-05-08 13:30,{},9.41,2359,9.41,9.41,9.41,0.1271,90.0
2019-05-08 14:00,{},9.41,2359,9.41,9.41,9.41,0.1003,71.0
2019-05-08 14:30,{},9.41,2359,9.41,9.41,9.41,0.5225,370.0
2019-05-08 15:00,{},9.41,2359,9.41,9.41,9.41,0.0537,38.0
2019-05-09 10:00,{},8.94,2359,8.94,8.94,8.94,0.4491,318.0
2019-05-09 10:30,{},8.94,2359,8.94,8.94,8.94,0.0551,39.0
2019-05-09 11:00,{},8.94,2359,8.94,8.94,8.94,0.2076,147.0
2019-05-09 11:30,{},8.94,2359,8.94,8.94,8.94,0.0028,2.0
2019-05-09 13:30,{},8.94,2359,8.94,8.94,8.94,0.0155,11.0
2019-05-09 14:00,{},8.94,2359,8.94,8.94,8.94,0.0141,10.0
2019-05-09 14:30,{},8.94,2359,8.94,8.94,8.94,0.024,17.0
2019-05-09 15:00,{},8.94,2359,8.94,8.94,8.94,0.0508,36.0
2019-05-10 10:00,{},8.49,2359,8.49,8.49,8.49,3.8895,2754.0
2019-05-10 10:30,{},8.49,2359,8.49,8.49,8.49,1.2103,857.0
2019-05-10 11:00,{},8.49,2359,8.49,8.49,8.49,0.0353,25.0
2019-05-10 11:30,{},8.49,2359,8.49,8.49,8.49,0.12,85.0
2019-05-10 13:30,{},8.49,2359,8.49,8.49,8.49,0.4308,305.0
2019-05-10 14:00,{},8.49,2359,8.49,8.49,8.49,0.1921,136.0
2019-05-10 14:30,{},8.49,2359,8.49,8.49,8.49,0.5353,379.0
2019-05-10 15:00,{},8.49,2359,8.49,8.49,8.49,1.0578,749.0
2019-05-13 10:00,{},8.07,2359,8.07,8.07,8.07,1.9235,1362.0
2019-05-13 10:30,{},8.07,2359,8.07,8.07,8.07,0.1384,98.0
2019-05-13 11:00,{},8.07,2359,8.07,8.07,8.07,0.0141,10.0
2019-05-13 11:30,{},8.07,2359,8.07,8.07,8.07,0.065,46.0
2019-05-13 13:30,{},8.07,2359,8.07,8.07,8.07,0.0339,24.0
2019-05-13 14:00,{},8.07,2359,8.07,8.07,8.07,0.1398,99.0
2019-05-13 14:30,{},8.07,2359,8.07,8.07,8.07,0.0833,59.0
2019-05-13 15:00,{},8.07,2359,8.07,8.07,8.07,0.3531,250.0
2019-05-14 10:00,{},7.67,2359,7.67,7.67,7.67,0.9858,698.0
2019-05-14 10:30,{},7.67,2359,7.67,7.67,7.67,0.0777,55.0
2019-05-14 11:00,{},7.67,2359,7.67,7.67,7.67,0.3827,271.0
2019-05-14 11:30,{},7.67,2359,7.67,7.67,7.67,0.048,34.0
2019-05-14 13:30,{},7.67,2359,7.67,7.67,7.67,0.0508,36.0
2019-05-14 14:00,{},7.67,2359,7.67,7.67,7.67,0.0169,12.0
2019-05-14 14:30,{},7.67,2359,7.67,7.67,7.67,0.0071,5.0
2019-05-14 15:00,{},7.67,2359,7.67,7.67,7.67,0.2005,142.0
2019-05-15 10:00,{},7.29,2359,7.29,7.29,7.29,1.1072,784.0
2019-05-15 10:30,{},7.29,2359,7.29,7.29,7.29,0.0367,26.0
2019-05-15 11:00,{},7.29,2359,7.29,7.29,7.29,0.0212,15.0
2019-05-15 11:30,{},7.29,2359,7.29,7.29,7.29,0.0297,21.0
2019-05-15 13:30,{},7.29,2359,7.29,7.29,7.29,0.2373,168.0
2019-05-15 14:00,{},7.29,2359,7.29,7.29,7.29,0.1596,113.0
2019-05-15 14:30,{},7.29,2359,7.29,7.29,7.29,0.0847,60.0
2019-05-15 15:00,{},7.29,2359,7.29,7.29,7.29,1.1327,802.0
2019-05-16 10:00,{},6.93,2359,6.93,6.93,6.93,3.0237,2141.0
2019-05-16 10:30,{},6.93,2359,6.93,6.93,6.93,0.3262,231.0
2019-05-16 11:00,{},6.93,2359,6.93,6.93,6.93,0.4717,334.0
2019-05-16 11:30,{},6.93,2359,6.93,6.93,6.93,0.209,148.0
2019-05-16 14:00,{},6.93,2359,6.93,6.93,6.93,1.1228,795.0
2019-05-16 14:30,{},6.93,2359,6.93,6.93,6.93,0.6977,494.0
2019-05-16 15:00,{},6.93,2359,6.93,6.93,6.93,0.4929,349.0
2019-05-17 10:00,{},6.58,2359,6.58,6.58,6.58,7.7975,5525.0
2019-05-17 10:30,{},6.58,2359,6.58,6.58,6.58,0.4798,340.0
2019-05-17 11:00,{},6.58,2359,6.58,6.58,6.58,0.175,124.0
2019-05-17 11:30,{},6.58,2359,6.58,6.58,6.58,0.0593,42.0
2019-05-17 13:30,{},6.58,2359,6.58,6.58,6.58,0.2653,188.0
2019-05-17 14:00,{},6.58,2359,6.58,6.58,6.58,0.4968,352.0
2019-05-17 14:30,{},6.58,2359,6.58,6.58,6.58,0.0155,11.0
2019-05-17 15:00,{},6.58,2359,6.58,6.58,6.58,0.3218,228.0
2019-05-20 10:00,{},6.25,2359,6.25,6.25,6.25,1.6033,1136.0
2019-05-20 10:30,{},6.25,2359,6.25,6.25,6.25,0.0395,28.0
2019-05-20 11:00,{},6.25,2359,6.25,6.25,6.25,0.4869,345.0
2019-05-20 11:30,{},6.25,2359,6.25,6.25,6.25,0.4305,305.0
2019-05-20 13:30,{},6.25,2359,6.25,6.25,6.25,0.0875,62.0
2019-05-20 14:00,{},6.25,2359,6.25,6.25,6.25,0.1058,75.0
2019-05-20 14:30,{},6.25,2359,6.25,6.25,6.25,0.0212,15.0
2019-05-20 15:00,{},6.25,2359,6.25,6.25,6.25,0.0522,37.0
2019-05-21 10:00,{},5.94,2359,5.94,5.94,5.94,1.321,936.0
2019-05-21 10:30,{},5.94,2359,5.94,5.94,5.94,0.144,102.0
2019-05-21 10:30,{},5.94,2359,5.94,5.94,5.94,0.14400000000000002,102.0
2019-05-21 11:00,{},5.94,2359,5.94,5.94,5.94,0.1919,136.0
2019-05-21 11:30,{},5.94,2359,5.94,5.94,5.94,0.0833,59.0
2019-05-21 13:30,{},5.94,2359,5.94,5.94,5.94,0.2159,153.0
2019-05-21 14:00,{},5.94,2359,5.94,5.94,5.94,0.3401,241.0
2019-05-21 14:30,{},5.94,2359,5.94,5.94,5.94,0.1581,112.0
2019-05-21 15:00,{},5.94,2359,5.94,5.94,5.94,0.1538,109.0
2019-05-22 10:00,{},5.64,2359,5.64,5.64,5.64,2.9652,2101.0
2019-05-22 10:30,{},5.64,2359,5.64,5.64,5.64,0.2442,173.0
2019-05-22 11:00,{},5.64,2359,5.64,5.64,5.64,0.1877,133.0
2019-05-22 11:30,{},5.64,2359,5.64,5.64,5.64,0.024,17.0
2019-05-22 14:00,{},5.64,2359,5.64,5.64,5.64,0.1524,108.0
2019-05-22 14:30,{},5.64,2359,5.64,5.64,5.64,0.096,68.0
2019-05-23 10:00,{},5.36,2359,5.36,5.36,5.36,1.177,834.0
2019-05-23 10:30,{},5.36,2359,5.36,5.36,5.36,0.0875,62.0
2019-05-23 11:00,{},5.36,2359,5.36,5.36,5.36,0.0579,41.0
2019-05-23 11:30,{},5.36,2359,5.36,5.36,5.36,0.0819,58.0
2019-05-23 13:30,{},5.36,2359,5.36,5.36,5.36,0.1679,119.0
2019-05-23 14:00,{},5.36,2359,5.36,5.36,5.36,0.0508,36.0
2019-05-23 14:30,{},5.36,2359,5.36,5.36,5.36,0.048,34.0
2019-05-23 15:00,{},5.36,2359,5.36,5.36,5.36,0.8242,584.0
2019-05-24 10:00,{},5.09,2359,5.09,5.09,5.09,0.4629,328.0
2019-05-24 10:30,{},5.09,2359,5.09,5.09,5.09,0.0635,45.0
2019-05-24 11:00,{},5.09,2359,5.09,5.09,5.09,0.0565,40.0
2019-05-24 11:30,{},5.09,2359,5.09,5.09,5.09,0.0381,27.0
2019-05-24 13:30,{},5.09,2359,5.09,5.09,5.09,0.103,73.0
2019-05-24 13:30,{},5.09,2359,5.09,5.09,5.09,0.10300000000000001,73.0
2019-05-24 14:00,{},5.09,2359,5.09,5.09,5.09,0.0861,61.0
2019-05-24 14:30,{},5.09,2359,5.09,5.09,5.09,0.2075,147.0
2019-05-24 15:00,{},5.09,2359,5.09,5.09,5.09,0.0155,11.0
2019-05-27 10:00,{},4.84,2359,4.84,4.84,4.84,1.4311,1014.0
2019-05-27 10:30,{},4.84,2359,4.84,4.84,4.84,0.2188,155.0
2019-05-27 11:00,{},4.84,2359,4.84,4.84,4.84,0.0875,62.0
2019-05-27 11:30,{},4.84,2359,4.84,4.84,4.84,0.0565,40.0
2019-05-27 13:30,{},4.84,2359,4.84,4.84,4.84,0.326,231.0
2019-05-27 14:00,{},4.84,2359,4.84,4.84,4.84,0.3232,229.0
2019-05-27 14:30,{},4.84,2359,4.84,4.84,4.84,0.2809,199.0
2019-05-27 15:00,{},4.84,2359,4.84,4.84,4.84,0.3825,271.0
2019-05-28 10:00,{},4.6,2359,4.6,4.6,4.6,1.0034,711.0
2019-05-28 10:30,{},4.6,2359,4.6,4.6,4.6,0.3825,271.0
2019-05-28 11:00,{},4.6,2359,4.6,4.6,4.6,0.2216,157.0
2019-05-28 11:30,{},4.6,2359,4.6,4.6,4.6,0.2371,168.0
2019-05-28 13:30,{},4.6,2359,4.6,4.6,4.6,0.2188,155.0
2019-05-28 14:00,{},4.6,2359,4.6,4.6,4.6,0.2766,196.0
2019-05-28 14:30,{},4.6,2359,4.6,4.6,4.6,0.0861,61.0
2019-05-28 15:00,{},4.6,2359,4.6,4.6,4.6,0.1962,139.0
2019-05-29 10:00,{},4.37,2359,4.37,4.37,4.37,4.6898,3323.0
2019-05-29 10:30,{},4.37,2359,4.37,4.37,4.37,0.2512,178.0
2019-05-29 11:00,{},4.37,2359,4.37,4.37,4.37,0.1284,91.0
2019-05-29 11:30,{},4.37,2359,4.37,4.37,4.37,0.1383,98.0
2019-05-29 13:30,{},4.37,2359,4.37,4.37,4.37,0.5165,366.0
2019-05-29 14:00,{},4.37,2359,4.37,4.37,4.37,0.1411,100.0
2019-05-29 14:30,{},4.37,2359,4.37,4.37,4.37,0.3599,255.0
2019-05-29 15:00,{},4.37,2359,4.37,4.37,4.37,0.1327,94.0
2019-05-30 10:00,{},4.15,2359,4.15,4.15,4.15,1.6823,1192.0
2019-05-30 10:30,{},4.15,2359,4.15,4.15,4.15,0.4502,319.0
2019-05-30 11:00,{},4.15,2359,4.15,4.15,4.15,0.0438,31.0
2019-05-30 11:30,{},4.15,2359,4.15,4.15,4.15,0.0861,61.0
2019-05-30 13:30,{},4.15,2359,4.15,4.15,4.15,0.0381,27.0
2019-05-30 14:00,{},4.15,2359,4.15,4.15,4.15,0.1058,75.0
2019-05-30 14:30,{},4.15,2359,4.15,4.15,4.15,0.2512,178.0
2019-05-30 15:00,{},4.15,2359,4.15,4.15,4.15,0.1792,127.0
2019-05-31 10:00,{},3.94,2359,3.94,3.94,3.94,7.5025,5316.0
2019-05-31 10:30,{},3.94,2359,3.94,3.94,3.94,5.4293,3847.0
2019-05-31 11:00,{},3.94,2359,3.94,3.94,3.94,1.1657,826.0
2019-05-31 11:30,{},3.94,2359,3.94,3.94,3.94,0.8186,580.0
2019-05-31 13:30,{},3.94,2359,3.94,3.94,3.94,4.4301,3139.0
2019-05-31 14:00,{},3.94,2359,3.94,3.94,3.94,0.9343,662.0
2019-05-31 14:30,{},3.94,2359,3.94,3.94,3.94,0.4276,303.0
2019-05-31 15:00,{},3.94,2359,3.94,3.94,3.94,1.0909,773.0
2019-06-03 10:00,{},3.74,2359,3.93,3.74,3.74,806.2676,571289.0
2019-06-03 10:30,{},3.74,2359,3.74,3.74,3.74,18.6068,13184.0
2019-06-03 11:00,{},3.74,2359,3.74,3.74,3.74,6.9507,4925.0
2019-06-03 11:30,{},3.74,2359,3.74,3.74,3.74,3.016,2137.0
2019-06-03 13:30,{},3.74,2359,3.74,3.74,3.74,6.1618,4366.0
2019-06-03 14:00,{},3.74,2359,3.74,3.74,3.74,5.4491,3861.0
2019-06-03 14:30,{},3.74,2359,3.74,3.74,3.74,2.6998,1913.0
2019-06-03 15:00,{},3.74,2359,3.74,3.74,3.74,7.9556,5637.0
2019-06-04 10:00,{},3.55,2359,3.57,3.55,3.55,258.4749,183145.0
2019-06-04 10:30,{},3.55,2359,3.55,3.55,3.55,2.1664,1535.0
2019-06-04 11:00,{},3.55,2359,3.55,3.55,3.55,1.1432,810.0
2019-06-04 11:30,{},3.55,2359,3.55,3.55,3.55,1.918,1359.0
2019-06-04 13:30,{},3.55,2359,3.55,3.55,3.55,1.3422,951.0
2019-06-04 14:00,{},3.55,2359,3.55,3.55,3.55,1.0317,731.0
2019-06-04 14:30,{},3.55,2359,3.55,3.55,3.55,1.5256,1081.0
2019-06-04 15:00,{},3.55,2359,3.55,3.55,3.55,1.7317,1227.0
2019-06-05 10:00,{},3.37,2359,3.37,3.37,3.37,20.8112,14746.0
2019-06-05 10:30,{},3.37,2359,3.37,3.37,3.37,2.3004,1630.0
2019-06-05 11:00,{},3.37,2359,3.37,3.37,3.37,0.405,287.0
2019-06-05 11:30,{},3.37,2359,3.37,3.37,3.37,0.5702,404.0
2019-06-05 13:30,{},3.37,2359,3.37,3.37,3.37,1.8065,1280.0
2019-06-05 14:00,{},3.37,2359,3.37,3.37,3.37,0.2724,193.0
2019-06-05 14:30,{},3.37,2359,3.37,3.37,3.37,0.7833,555.0
2019-06-05 15:00,{},3.37,2359,3.37,3.37,3.37,0.7184,509.0
2019-06-06 10:00,{},3.2,2359,3.2,3.2,3.2,8.5963,6091.0
2019-06-06 10:30,{},3.2,2359,3.2,3.2,3.2,0.5165,366.0
2019-06-06 11:00,{},3.2,2359,3.2,3.2,3.2,0.0917,65.0
2019-06-06 11:30,{},3.2,2359,3.2,3.2,3.2,0.494,350.0
2019-06-06 13:30,{},3.2,2359,3.2,3.2,3.2,1.0288,729.0
2019-06-06 14:00,{},3.2,2359,3.2,3.2,3.2,0.2907,206.0
2019-06-06 14:30,{},3.2,2359,3.2,3.2,3.2,0.5885,417.0
2019-06-06 15:00,{},3.2,2359,3.2,3.2,3.2,0.326,231.0
2019-06-10 10:00,{},3.04,2359,3.04,3.04,3.04,10.2193,7241.0
2019-06-10 10:30,{},3.04,2359,3.04,3.04,3.04,0.5448,386.0
2019-06-10 11:00,{},3.04,2359,3.04,3.04,3.04,0.3175,225.0
2019-06-10 11:30,{},3.04,2359,3.04,3.04,3.04,1.5948,1130.0
2019-06-10 13:30,{},3.04,2359,3.04,3.04,3.04,0.9075,643.0
2019-06-10 14:00,{},3.04,2359,3.04,3.04,3.04,0.1919,136.0
2019-06-10 14:30,{},3.04,2359,3.04,3.04,3.04,0.1778,126.0
2019-06-10 15:00,{},3.04,2359,3.04,3.04,3.04,0.6577,466.0
2019-06-11 10:00,{},2.89,2359,2.89,2.89,2.89,27.5263,19504.0
2019-06-11 10:30,{},2.89,2359,2.89,2.89,2.89,4.591,3253.0
2019-06-11 11:00,{},2.89,2359,2.89,2.89,2.89,3.6722,2602.0
2019-06-11 11:30,{},2.89,2359,2.89,2.89,2.89,11.3173,8019.0
2019-06-11 13:30,{},2.89,2359,2.89,2.89,2.89,9.5221,6747.0
2019-06-11 14:00,{},2.89,2359,2.89,2.89,2.89,4.7166,3342.0
2019-06-11 14:30,{},2.89,2359,2.89,2.89,2.89,6.5047,4609.0
2019-06-11 15:00,{},2.89,2359,2.89,2.89,2.89,10.6173,7523.0
2019-06-12 10:00,{},3.03,2359,3.03,2.75,2.75,678.5593,480800.0
2019-06-12 10:30,{},3.03,2359,3.03,2.98,3.03,184.8735,130994.0
2019-06-12 11:00,{},3.03,2359,3.03,3.03,3.03,15.7164,11136.0
2019-06-12 11:30,{},3.03,2359,3.03,3.03,3.03,5.5634,3942.0
2019-06-12 13:30,{},3.03,2359,3.03,3.03,3.03,10.1064,7161.0
2019-06-12 14:00,{},3.03,2359,3.03,3.03,3.03,3.5198,2494.0
2019-06-12 14:30,{},3.03,2359,3.03,3.03,3.03,2.5912,1836.0
2019-06-12 15:00,{},3.03,2359,3.03,3.03,3.03,30.7313,21775.0
2019-06-13 10:00,{},3.18,2359,3.18,2.98,3.04,407.2796,288582.0
2019-06-13 10:30,{},3.18,2359,3.18,3.18,3.18,10.2292,7248.0
2019-06-13 11:00,{},3.18,2359,3.18,3.18,3.18,1.7881,1267.0
2019-06-13 11:30,{},3.18,2359,3.18,3.18,3.18,3.8134,2702.0
2019-06-13 13:30,{},3.18,2359,3.18,3.18,3.18,1.3464,954.0
2019-06-13 14:00,{},3.18,2359,3.18,3.18,3.18,0.604,428.0
2019-06-13 14:30,{},3.18,2359,3.18,3.18,3.18,5.761,4082.0
2019-06-13 15:00,{},3.18,2359,3.18,3.18,3.18,2.1099,1495.0
2019-06-14 10:00,{},3.34,2359,3.34,3.27,3.34,230.3884,163244.0
2019-06-14 10:30,{},3.34,2359,3.34,3.34,3.34,1.4621,1036.0
2019-06-14 11:00,{},3.34,2359,3.34,3.34,3.34,0.6944,492.0
2019-06-14 11:30,{},3.34,2359,3.34,3.34,3.34,3.4986,2479.0
2019-06-14 13:30,{},3.34,2359,3.34,3.34,3.34,2.4119,1709.0
2019-06-14 14:00,{},3.34,2359,3.34,3.34,3.34,2.0535,1455.0
2019-06-14 14:30,{},3.27,2359,3.34,3.22,3.34,200.8496,142314.0
2019-06-14 15:00,{},3.21,2359,3.34,3.06,3.26,538.4484,381523.0
2019-06-17 10:00,{},3.05,2359,3.1,3.05,3.05,139.2218,98647.0
2019-06-17 10:30,{},3.05,2359,3.05,3.05,3.05,7.3148,5183.0
2019-06-17 11:00,{},3.05,2359,3.05,3.05,3.05,2.3894,1693.0
2019-06-17 11:30,{},3.05,2359,3.05,3.05,3.05,1.2575,891.0
2019-06-17 13:30,{},3.05,2359,3.05,3.05,3.05,1.1291,800.0
2019-06-17 14:00,{},3.05,2359,3.05,3.05,3.05,1.7627,1249.0
2019-06-17 14:30,{},3.05,2359,3.05,3.05,3.05,1.3986,991.0
2019-06-17 15:00,{},3.05,2359,3.05,3.05,3.05,1.1615,823.0
2019-06-18 10:00,{},2.9,2359,2.9,2.9,2.9,15.7474,11158.0
2019-06-18 10:30,{},2.9,2359,2.9,2.9,2.9,1.146,812.0
2019-06-18 11:00,{},2.9,2359,2.9,2.9,2.9,3.3632,2383.0
2019-06-18 11:30,{},2.9,2359,2.9,2.9,2.9,0.628,445.0
2019-06-18 13:30,{},2.9,2359,2.9,2.9,2.9,1.3139,931.0
2019-06-18 14:00,{},2.9,2359,2.9,2.9,2.9,0.6704,475.0
2019-06-18 14:30,{},2.9,2359,2.9,2.9,2.9,0.5053,358.0
2019-06-18 15:00,{},2.9,2359,2.9,2.9,2.9,1.3492,956.0
2019-06-19 10:00,{},2.92,2359,3.02,2.8,2.8,466.4347,330497.0
2019-06-19 10:30,{},2.89,2359,2.94,2.88,2.92,75.9301,53801.0
2019-06-19 11:00,{},2.87,2359,2.9,2.83,2.9,63.845,45238.0
2019-06-19 11:30,{},2.88,2359,2.9,2.86,2.87,34.1001,24162.0
2019-06-19 13:30,{},2.85,2359,2.89,2.85,2.88,54.6291,38708.0
2019-06-19 14:00,{},2.85,2359,2.87,2.84,2.85,54.2368,38430.0
2019-06-19 14:30,{},2.77,2359,2.86,2.76,2.85,184.4883,130721.0
2019-06-19 15:00,{},2.79,2359,2.83,2.76,2.77,86.5939,61357.0
2019-06-20 10:00,{},2.66,2359,2.72,2.65,2.72,331.5697,234937.0
2019-06-20 10:30,{},2.66,2359,2.69,2.65,2.66,72.4949,51367.0
2019-06-20 11:00,{},2.65,2359,2.67,2.65,2.66,70.6165,50036.0
2019-06-20 11:30,{},2.67,2359,2.67,2.65,2.65,56.7672,40223.0
2019-06-20 13:30,{},2.65,2359,2.67,2.65,2.67,56.7376,40202.0
2019-06-20 14:00,{},2.66,2359,2.67,2.65,2.65,38.6347,27375.0
2019-06-20 14:30,{},2.65,2359,2.66,2.65,2.66,67.2434,47646.0
2019-06-20 15:00,{},2.65,2359,2.66,2.65,2.65,27.6138,19566.0
2019-06-21 10:00,{},2.75,2359,2.78,2.72,2.75,284.46,201557.0
2019-06-21 10:30,{},2.78,2359,2.78,2.72,2.75,156.9267,111192.0
2019-06-21 11:00,{},2.78,2359,2.78,2.78,2.78,15.7432,11155.0
2019-06-21 11:30,{},2.78,2359,2.78,2.78,2.78,10.2899,7291.0
2019-06-21 13:30,{},2.78,2359,2.78,2.78,2.78,5.4293,3847.0
2019-06-21 14:00,{},2.78,2359,2.78,2.77,2.78,108.5003,76879.0
2019-06-21 14:30,{},2.78,2359,2.78,2.77,2.78,39.6565,28099.0
2019-06-21 15:00,{},2.78,2359,2.78,2.78,2.78,10.0401,7114.0
2019-06-24 10:00,{},2.69,2359,2.75,2.64,2.69,292.0854,206960.0
2019-06-24 10:30,{},2.71,2359,2.71,2.68,2.69,41.8483,29652.0
2019-06-24 11:00,{},2.71,2359,2.72,2.7,2.71,23.2556,16478.0
2019-06-24 11:30,{},2.69,2359,2.71,2.69,2.71,16.8285,11924.0
2019-06-24 13:30,{},2.67,2359,2.7,2.67,2.69,28.2517,20018.0
2019-06-24 14:00,{},2.68,2359,2.69,2.67,2.68,28.222,19997.0
2019-06-24 14:30,{},2.7,2359,2.7,2.68,2.68,20.3907,14448.0
2019-06-24 15:00,{},2.7,2359,2.71,2.68,2.7,34.5842,24505.0
2019-06-25 10:00,{},2.76,2359,2.84,2.67,2.69,195.6151,138605.0
2019-06-25 10:30,{},2.77,2359,2.79,2.76,2.76,57.2951,40597.0
2019-06-25 11:00,{},2.75,2359,2.78,2.74,2.77,41.5787,29461.0
2019-06-25 11:30,{},2.75,2359,2.76,2.73,2.75,34.954,24767.0
2019-06-25 13:30,{},2.76,2359,2.77,2.74,2.75,18.4092,13044.0
2019-06-25 14:00,{},2.82,2359,2.82,2.75,2.76,52.9496,37518.0
2019-06-25 14:30,{},2.84,2359,2.84,2.8,2.81,107.5378,76197.0
2019-06-25 15:00,{},2.84,2359,2.84,2.84,2.84,11.4415,8107.0
2019-06-26 10:00,{},2.98,2359,2.98,2.86,2.88,221.2981,156803.0
2019-06-26 10:30,{},2.98,2359,2.98,2.94,2.98,197.9776,140279.0
2019-06-26 11:00,{},2.98,2359,2.98,2.98,2.98,3.0908,2190.0
2019-06-26 11:30,{},2.98,2359,2.98,2.98,2.98,9.5052,6735.0
2019-06-26 13:30,{},2.98,2359,2.98,2.98,2.98,7.7284,5476.0
2019-06-26 14:00,{},2.98,2359,2.98,2.98,2.98,3.2644,2313.0
2019-06-26 14:30,{},2.98,2359,2.98,2.98,2.98,1.328,941.0
2019-06-26 15:00,{},2.98,2359,2.98,2.98,2.98,2.1551,1527.0
2019-06-27 10:00,{},2.95,2359,3.08,2.91,3.08,277.9158,196920.0
2019-06-27 10:30,{},2.95,2359,2.97,2.92,2.95,92.1319,65281.0
2019-06-27 11:00,{},2.95,2359,2.96,2.93,2.95,40.0474,28376.0
2019-06-27 11:30,{},3.06,2359,3.07,2.94,2.95,103.27,73173.0
2019-06-27 13:30,{},3.09,2359,3.12,3.06,3.06,92.8813,65812.0
2019-06-27 14:00,{},3.13,2359,3.13,3.08,3.08,85.0189,60241.0
2019-06-27 14:30,{},3.12,2359,3.13,3.1,3.13,70.6334,50048.0
2019-06-27 15:00,{},3.0,2359,3.12,3.0,3.12,105.3785,74667.0
2019-06-28 10:00,{},3.1,2359,3.13,2.94,2.95,221.3687,156853.0
2019-06-28 10:30,{},3.09,2359,3.12,3.07,3.1,79.2481,56152.0
2019-06-28 11:00,{},3.05,2359,3.1,3.05,3.09,54.6475,38721.0
2019-06-28 11:30,{},3.09,2359,3.1,3.03,3.05,42.6668,30232.0
2019-06-28 13:30,{},3.05,2359,3.1,3.04,3.09,35.1925,24936.0
2019-06-28 14:00,{},3.09,2359,3.09,3.05,3.05,28.1105,19918.0
2019-06-28 14:30,{},3.14,2359,3.15,3.07,3.09,92.2307,65351.0
2019-06-28 15:00,{},3.15,2359,3.15,3.1,3.14,114.401,81060.0
2019-07-01 10:00,{},3.31,2359,3.31,3.17,3.21,386.9651,274188.0
2019-07-01 10:30,{},3.31,2359,3.31,3.3,3.31,44.8896,31807.0
2019-07-01 11:00,{},3.31,2359,3.31,3.31,3.31,4.0505,2870.0
2019-07-01 11:30,{},3.31,2359,3.31,3.31,3.31,1.575,1116.0
2019-07-01 13:30,{},3.31,2359,3.31,3.31,3.31,3.0456,2158.0
2019-07-01 14:00,{},3.31,2359,3.31,3.31,3.31,0.923,654.0
2019-07-01 14:30,{},3.31,2359,3.31,3.31,3.31,3.3152,2349.0
2019-07-01 15:00,{},3.31,2359,3.31,3.31,3.31,1.4339,1016.0
2019-07-02 10:00,{},3.48,2359,3.48,3.36,3.43,108.4312,76830.0
2019-07-02 10:30,{},3.48,2359,3.48,3.48,3.48,1.6216,1149.0
2019-07-02 11:00,{},3.48,2359,3.48,3.48,3.48,1.6244,1151.0
2019-07-02 11:30,{},3.48,2359,3.48,3.48,3.48,0.7635,541.0
2019-07-02 13:30,{},3.48,2359,3.48,3.48,3.48,0.4234,300.0
2019-07-02 14:00,{},3.48,2359,3.48,3.48,3.48,0.7988,566.0
2019-07-02 14:30,{},3.48,2359,3.48,3.48,3.48,1.2053,854.0
2019-07-02 15:00,{},3.48,2359,3.48,3.48,3.48,1.6428,1164.0
2019-07-03 10:00,{},3.32,2359,3.65,3.31,3.65,550.0423,389738.0
2019-07-03 10:30,{},3.32,2359,3.38,3.31,3.32,188.6728,133686.0
2019-07-03 11:00,{},3.31,2359,3.33,3.31,3.32,114.5845,81190.0
2019-07-03 11:30,{},3.33,2359,3.33,3.31,3.31,59.8806,42429.0
2019-07-03 13:30,{},3.31,2359,3.34,3.31,3.33,31.3142,22188.0
2019-07-03 14:00,{},3.31,2359,3.31,3.31,3.31,6.1166,4334.0
2019-07-03 14:30,{},3.31,2359,3.31,3.31,3.31,3.6948,2618.0
2019-07-03 15:00,{},3.31,2359,3.31,3.31,3.31,9.8383,6971.0
2019-07-04 10:00,{},3.35,2359,3.43,3.2,3.2,242.2011,171614.0
2019-07-04 10:30,{},3.33,2359,3.37,3.33,3.35,47.8167,33881.0
2019-07-04 11:00,{},3.25,2359,3.34,3.24,3.33,69.0146,48901.0
2019-07-04 11:30,{},3.27,2359,3.29,3.23,3.24,50.2272,35589.0
2019-07-04 13:30,{},3.34,2359,3.34,3.27,3.27,26.3083,18641.0
2019-07-04 14:00,{},3.43,2359,3.44,3.31,3.33,104.1507,73797.0
2019-07-04 14:30,{},3.37,2359,3.45,3.37,3.43,87.7893,62204.0
2019-07-04 15:00,{},3.39,2359,3.41,3.37,3.37,58.9322,41757.0
2019-07-05 10:00,{},3.37,2359,3.44,3.31,3.31,143.4699,101657.0
2019-07-05 10:30,{},3.33,2359,3.38,3.31,3.37,67.7642,48015.0
2019-07-05 11:00,{},3.33,2359,3.36,3.33,3.33,24.9097,17650.0
2019-07-05 11:30,{},3.32,2359,3.33,3.27,3.33,68.3753,48448.0
2019-07-05 13:30,{},3.32,2359,3.33,3.29,3.32,25.8553,18320.0
2019-07-05 14:00,{},3.31,2359,3.33,3.3,3.32,20.9622,14853.0
2019-07-05 14:30,{},3.26,2359,3.32,3.23,3.31,86.4472,61253.0
2019-07-05 15:00,{},3.31,2359,3.31,3.25,3.26,60.5256,42886.0
