date,amount,close,code,high,low,open,turnoverratio,volume
2018-01-29 14:30,,15.63,300052,15.68,15.34,15.53,,17789.0
2018-01-29 15:00,,15.66,300052,15.84,15.55,15.63,,36195.0
2018-01-30 10:00,,15.5,300052,15.8,15.46,15.5,,21815.0
2018-01-30 10:30,,15.28,300052,15.5,15.28,15.5,,18260.0
2018-01-30 11:00,,15.2,300052,15.39,15.15,15.28,,14453.0
2018-01-30 11:30,,15.23,300052,15.39,15.2,15.22,,5840.0
2018-01-30 13:30,,15.36,300052,15.42,15.21,15.23,,7061.0
2018-01-30 14:00,,15.27,300052,15.38,15.24,15.36,,4423.0
2018-01-30 14:30,,15.27,300052,15.37,15.15,15.27,,9305.0
2018-01-30 15:00,,15.14,300052,15.31,15.14,15.27,,17021.0
2018-01-31 10:00,,14.28,300052,15.13,14.12,14.98,,41074.0
2018-01-31 10:30,,14.2,300052,14.54,14.2,14.28,,21648.0
2018-01-31 11:00,,14.28,300052,14.42,14.16,14.2,,8247.0
2018-01-31 11:30,,14.38,300052,14.43,14.2,14.29,,7601.0
2018-01-31 13:30,,14.28,300052,14.65,14.17,14.38,,11011.0
2018-01-31 14:00,,14.4,300052,14.58,14.18,14.28,,7968.0
2018-01-31 14:30,,14.28,300052,14.49,14.22,14.42,,9549.0
2018-01-31 15:00,,14.26,300052,14.45,14.2,14.28,,13480.0
2018-02-01 10:00,,14.24,300052,14.45,14.1,14.3,,18788.0
2018-02-01 10:30,,14.49,300052,14.64,14.14,14.24,,18752.0
2018-02-01 11:00,,14.46,300052,14.63,14.39,14.49,,11799.0
2018-02-01 11:30,,14.33,300052,14.56,14.23,14.46,,8922.0
2018-02-01 13:30,,14.36,300052,14.4,14.08,14.33,,11236.0
2018-02-01 14:00,,14.48,300052,14.57,14.34,14.36,,8948.0
2018-02-01 14:30,,14.26,300052,14.49,14.21,14.48,,7943.0
2018-02-01 15:00,,14.06,300052,14.36,14.04,14.26,,18438.0
2018-02-02 10:00,,13.78,300052,13.85,12.65,13.85,,43229.0
2018-02-02 10:30,,13.81,300052,13.98,13.5,13.78,,8527.0
2018-02-02 11:00,,13.65,300052,14.04,13.57,13.81,,8692.0
2018-02-02 11:30,,13.52,300052,13.7,13.48,13.65,,6188.0
2018-02-02 13:30,,13.53,300052,13.59,13.44,13.52,,3635.0
2018-02-02 14:00,,13.04,300052,13.55,12.96,13.54,,15990.0
2018-02-02 14:30,,13.36,300052,13.45,12.99,13.04,,11089.0
2018-02-02 15:00,,13.13,300052,13.43,13.04,13.36,,20590.0
2018-02-05 10:00,,12.96,300052,13.13,12.68,12.7,,20369.0
2018-02-05 10:30,,13.05,300052,13.14,12.93,12.96,,7318.0
2018-02-05 11:00,,13.2,300052,13.33,12.96,13.07,,8433.0
2018-02-05 11:30,,13.2,300052,13.31,13.15,13.2,,3752.0
2018-02-05 13:30,,13.17,300052,13.3,13.17,13.2,,3790.0
2018-02-05 14:00,,13.17,300052,13.27,13.13,13.17,,4014.0
2018-02-05 14:30,,13.21,300052,13.24,13.11,13.17,,3882.0
2018-02-05 15:00,,13.15,300052,13.22,13.02,13.21,,8912.0
2018-02-06 10:00,,13.1,300052,13.18,12.68,12.69,,16520.0
2018-02-06 10:30,,13.1,300052,13.27,13.03,13.1,,7535.0
2018-02-06 11:00,,12.9,300052,13.14,12.87,13.1,,6187.0
2018-02-06 11:30,,12.94,300052,13.24,12.81,12.9,,7698.0
2018-02-06 13:30,,12.84,300052,12.96,12.78,12.94,,8272.0
2018-02-06 14:00,,12.98,300052,13.06,12.82,12.84,,5650.0
2018-02-06 14:30,,12.7,300052,12.99,12.7,12.97,,11429.0
2018-02-06 15:00,,12.01,300052,12.75,12.0,12.7,,29034.0
2018-02-07 10:00,,12.7,300052,13.18,12.29,12.45,,33664.0
2018-02-07 10:30,,12.55,300052,12.76,12.48,12.7,,7790.0
2018-02-07 11:00,,12.16,300052,12.55,12.12,12.55,,10725.0
2018-02-07 11:30,,12.67,300052,12.67,12.16,12.16,,10308.0
2018-02-07 13:30,,12.5,300052,12.75,12.5,12.67,,5562.0
2018-02-07 14:00,,12.74,300052,12.87,12.49,12.5,,6344.0
2018-02-07 14:30,,12.7,300052,12.8,12.61,12.74,,5066.0
2018-02-07 15:00,,12.61,300052,12.71,12.55,12.7,,8415.0
2018-02-08 10:00,,12.69,300052,12.88,12.55,12.61,,22110.0
2018-02-08 10:30,,12.87,300052,13.0,12.69,12.69,,15458.0
2018-02-08 11:00,,12.89,300052,13.01,12.85,12.87,,9159.0
2018-02-08 11:30,,12.9,300052,12.98,12.87,12.89,,4268.0
2018-02-08 13:30,,12.78,300052,12.94,12.78,12.9,,5936.0
2018-02-08 14:00,,12.83,300052,12.85,12.78,12.78,,4807.0
2018-02-08 14:30,,12.71,300052,12.81,12.6,12.8,,7300.0
2018-02-08 15:00,,12.76,300052,12.82,12.7,12.71,,7753.0
2018-02-09 10:00,,12.51,300052,12.62,12.2,12.31,,18524.0
2018-02-09 10:30,,12.65,300052,12.75,12.35,12.51,,11385.0
2018-02-09 11:00,,12.46,300052,12.68,12.4,12.65,,8198.0
2018-02-09 11:30,,12.54,300052,12.6,12.43,12.46,,2835.0
2018-02-09 13:30,,12.46,300052,12.54,12.34,12.54,,3412.0
2018-02-09 14:00,,12.15,300052,12.46,12.12,12.46,,9067.0
2018-02-09 14:30,,12.16,300052,12.5,11.88,12.15,,13164.0
2018-02-09 15:00,,12.26,300052,12.48,12.16,12.16,,8410.0
2018-02-12 10:00,,12.53,300052,12.65,12.41,12.43,,11033.0
2018-02-12 10:30,,12.52,300052,12.54,12.42,12.53,,5800.0
2018-02-12 11:00,,12.56,300052,12.6,12.5,12.52,,3610.0
2018-02-12 11:30,,12.6,300052,12.66,12.53,12.56,,4337.0
2018-02-12 13:30,,12.62,300052,12.64,12.57,12.6,,2988.0
2018-02-12 14:00,,12.65,300052,12.69,12.6,12.62,,4633.0
2018-02-12 14:30,,12.65,300052,12.69,12.62,12.65,,5707.0
2018-02-12 15:00,,12.61,300052,12.65,12.56,12.65,,9449.0
2018-02-13 10:00,,12.77,300052,12.8,12.63,12.67,,11261.0
2018-02-13 10:30,,12.67,300052,12.78,12.66,12.77,,7746.0
2018-02-13 11:00,,12.72,300052,12.76,12.66,12.67,,4505.0
2018-02-13 11:30,,12.84,300052,12.85,12.7,12.72,,4499.0
2018-02-13 13:30,,12.86,300052,12.99,12.73,12.84,,9369.0
2018-02-13 14:00,,12.79,300052,12.88,12.77,12.86,,4745.0
2018-02-13 14:30,,12.73,300052,12.81,12.7,12.79,,5059.0
2018-02-13 15:00,,12.71,300052,12.76,12.67,12.73,,9921.0
2018-02-14 10:00,,12.57,300052,12.82,12.52,12.8,,9582.0
2018-02-14 10:30,,12.58,300052,12.6,12.47,12.57,,4519.0
2018-02-14 11:00,,12.53,300052,12.62,12.52,12.58,,2089.0
2018-02-14 11:30,,12.51,300052,12.56,12.46,12.53,,4260.0
2018-02-14 13:30,,12.59,300052,12.61,12.51,12.51,,1190.0
2018-02-14 14:00,,12.59,300052,12.59,12.53,12.59,,2750.0
2018-02-14 14:30,,12.54,300052,12.6,12.51,12.59,,3610.0
2018-02-14 15:00,,12.5,300052,12.59,12.5,12.54,,7747.0
2018-02-22 10:00,,12.79,300052,12.85,12.57,12.63,,13566.0
2018-02-22 10:30,,12.8,300052,12.81,12.73,12.79,,5900.0
2018-02-22 11:00,,12.79,300052,12.8,12.74,12.8,,3059.0
2018-02-22 11:30,,12.9,300052,12.95,12.79,12.79,,8115.0
2018-02-22 13:30,,12.87,300052,12.92,12.84,12.9,,2983.0
2018-02-22 14:00,,12.92,300052,13.08,12.87,12.87,,9527.0
2018-02-22 14:30,,12.86,300052,12.92,12.83,12.92,,3358.0
2018-02-22 15:00,,12.85,300052,12.88,12.82,12.86,,6115.0
2018-02-23 10:00,,12.81,300052,12.91,12.72,12.84,,8781.0
2018-02-23 10:30,,12.8,300052,12.83,12.75,12.81,,5408.0
2018-02-23 11:00,,12.85,300052,12.89,12.8,12.8,,4919.0
2018-02-23 11:30,,12.93,300052,12.93,12.8,12.85,,5482.0
2018-02-23 13:30,,12.86,300052,12.93,12.81,12.93,,3512.0
2018-02-23 14:00,,12.94,300052,12.98,12.85,12.86,,4402.0
2018-02-23 14:30,,12.92,300052,12.97,12.9,12.94,,4466.0
2018-02-23 15:00,,12.94,300052,12.96,12.9,12.92,,9342.0
2018-02-26 10:00,,13.15,300052,13.2,12.88,13.05,,18736.0
2018-02-26 10:30,,13.2,300052,13.28,13.05,13.15,,11962.0
2018-02-26 11:00,,13.3,300052,13.38,13.1,13.2,,14022.0
2018-02-26 11:30,,13.36,300052,13.37,13.28,13.31,,6635.0
2018-02-26 13:30,,13.33,300052,13.38,13.24,13.36,,7946.0
2018-02-26 14:00,,13.4,300052,13.43,13.3,13.33,,9417.0
2018-02-26 14:30,,13.31,300052,13.43,13.31,13.4,,5839.0
2018-02-26 15:00,,13.38,300052,13.4,13.26,13.31,,12335.0
2018-02-27 10:00,,13.68,300052,13.79,13.24,13.31,,34543.0
2018-02-27 10:30,,13.63,300052,13.69,13.52,13.68,,13162.0
2018-02-27 11:00,,13.63,300052,13.67,13.53,13.63,,7328.0
2018-02-27 11:30,,13.44,300052,13.63,13.37,13.63,,10516.0
2018-02-27 13:30,,13.4,300052,13.44,13.34,13.44,,5437.0
2018-02-27 14:00,,13.53,300052,13.56,13.37,13.4,,7100.0
2018-02-27 14:30,,13.6,300052,13.71,13.53,13.53,,11418.0
2018-02-27 15:00,,13.43,300052,13.6,13.4,13.6,,12335.0
2018-02-28 10:00,,13.4,300052,13.43,13.15,13.2,,17296.0
2018-02-28 10:30,,14.44,300052,14.77,13.37,13.4,,119496.0
2018-02-28 11:00,,14.39,300052,14.57,14.3,14.45,,23454.0
2018-02-28 11:30,,14.27,300052,14.44,14.21,14.39,,13827.0
2018-02-28 13:30,,14.2,300052,14.38,14.18,14.27,,7528.0
2018-02-28 14:00,,14.3,300052,14.33,14.17,14.2,,7303.0
2018-02-28 14:30,,14.26,300052,14.38,14.2,14.31,,7636.0
2018-02-28 15:00,,14.15,300052,14.33,14.15,14.26,,12328.0
2018-03-01 10:00,,13.85,300052,14.0,13.77,13.83,,38521.0
2018-03-01 10:30,,13.9,300052,14.02,13.8,13.85,,17101.0
2018-03-01 11:00,,13.85,300052,13.99,13.81,13.9,,12314.0
2018-03-01 11:30,,13.97,300052,13.98,13.82,13.85,,11140.0
2018-03-01 13:30,,14.03,300052,14.19,13.93,13.97,,18930.0
2018-03-01 14:00,,14.22,300052,14.3,14.04,14.04,,15701.0
2018-03-01 14:30,,14.17,300052,14.27,14.06,14.22,,11842.0
2018-03-01 15:00,,14.24,300052,14.29,14.15,14.17,,24722.0
2018-03-02 10:00,,14.07,300052,14.24,13.96,14.0,,22894.0
2018-03-02 10:30,,14.0,300052,14.11,14.0,14.07,,16038.0
2018-03-02 11:00,,13.9,300052,14.01,13.85,14.0,,15820.0
2018-03-02 11:30,,13.81,300052,13.95,13.8,13.9,,10957.0
2018-03-02 13:30,,13.87,300052,13.91,13.81,13.81,,5031.0
2018-03-02 14:00,,13.75,300052,13.91,13.72,13.87,,7157.0
2018-03-02 14:30,,13.77,300052,13.84,13.64,13.75,,10256.0
2018-03-02 15:00,,13.7,300052,13.82,13.7,13.77,,13504.0
2018-03-05 10:00,,13.81,300052,13.95,13.71,13.82,,15002.0
2018-03-05 10:30,,13.89,300052,13.92,13.75,13.81,,9240.0
2018-03-05 11:00,,13.84,300052,13.9,13.79,13.89,,5361.0
2018-03-05 11:30,,13.85,300052,13.85,13.77,13.84,,3866.0
2018-03-05 13:30,,13.88,300052,13.9,13.81,13.85,,4758.0
2018-03-05 14:00,,13.96,300052,14.07,13.88,13.88,,13748.0
2018-03-05 14:30,,14.08,300052,14.16,13.92,13.96,,15132.0
2018-03-05 15:00,,14.18,300052,14.18,14.06,14.08,,25255.0
2018-03-06 10:00,,14.06,300052,14.16,13.95,14.16,,17063.0
2018-03-06 10:30,,14.19,300052,14.24,14.0,14.06,,12346.0
2018-03-06 11:00,,14.08,300052,14.23,14.02,14.19,,8146.0
2018-03-06 11:30,,14.14,300052,14.16,14.06,14.08,,3301.0
2018-03-06 13:30,,14.17,300052,14.18,14.1,14.14,,5824.0
2018-03-06 14:00,,13.99,300052,14.18,13.99,14.17,,11594.0
2018-03-06 14:30,,14.03,300052,14.05,13.96,13.99,,7659.0
2018-03-06 15:00,,14.66,300052,14.79,14.0,14.03,,69230.0
2018-03-07 10:00,,14.39,300052,14.5,14.32,14.4,,17151.0
2018-03-07 10:30,,14.29,300052,14.41,14.26,14.39,,10301.0
2018-03-07 11:00,,14.28,300052,14.3,14.2,14.29,,9055.0
2018-03-07 11:30,,14.19,300052,14.3,14.16,14.28,,6556.0
2018-03-07 13:30,,14.2,300052,14.21,14.1,14.19,,5486.0
2018-03-07 14:00,,14.26,300052,14.27,14.19,14.2,,5632.0
2018-03-07 14:30,,14.24,300052,14.28,14.16,14.26,,5134.0
2018-03-07 15:00,,14.02,300052,14.28,13.97,14.24,,28190.0
2018-03-08 10:00,,14.07,300052,14.16,13.98,14.04,,11033.0
2018-03-08 10:30,,14.1,300052,14.14,14.04,14.07,,5672.0
2018-03-08 11:00,,14.3,300052,14.37,14.08,14.1,,17840.0
2018-03-08 11:30,,14.2,300052,14.3,14.15,14.3,,6067.0
2018-03-08 13:30,,14.15,300052,14.22,14.15,14.2,,2568.0
2018-03-08 14:00,,14.06,300052,14.17,14.02,14.15,,6962.0
2018-03-08 14:30,,14.05,300052,14.11,13.98,14.06,,7910.0
2018-03-08 15:00,,14.09,300052,14.1,14.01,14.05,,12719.0
2018-03-09 10:00,,14.23,300052,14.27,14.04,14.12,,14526.0
2018-03-09 10:30,,14.21,300052,14.32,14.16,14.23,,10813.0
2018-03-09 11:00,,14.58,300052,14.76,14.15,14.21,,50218.0
2018-03-09 11:30,,14.72,300052,14.73,14.52,14.58,,22995.0
2018-03-09 13:30,,14.71,300052,14.84,14.67,14.72,,25526.0
2018-03-09 14:00,,14.82,300052,14.9,14.71,14.71,,19755.0
2018-03-09 14:30,,14.67,300052,14.82,14.64,14.82,,10299.0
2018-03-09 15:00,,14.63,300052,14.76,14.61,14.67,,20737.0
2018-03-12 10:00,,14.94,300052,14.94,14.54,14.65,,46202.0
2018-03-12 10:30,,14.86,300052,15.02,14.8,14.94,,32399.0
2018-03-12 11:00,,14.67,300052,14.91,14.67,14.86,,18701.0
2018-03-12 11:30,,14.73,300052,14.74,14.65,14.67,,8419.0
2018-03-12 13:30,,14.82,300052,14.88,14.72,14.73,,7844.0
2018-03-12 14:00,,14.88,300052,14.96,14.82,14.82,,10408.0
2018-03-12 14:30,,14.87,300052,14.93,14.83,14.88,,7863.0
2018-03-12 15:00,,14.94,300052,14.98,14.81,14.87,,21153.0
2018-03-13 10:00,,14.66,300052,14.8,14.64,14.8,,26168.0
2018-03-13 10:30,,14.66,300052,14.76,14.55,14.66,,16834.0
2018-03-13 11:00,,14.8,300052,14.88,14.66,14.66,,9722.0
2018-03-13 11:30,,14.91,300052,14.91,14.71,14.8,,11362.0
2018-03-13 13:30,,15.14,300052,15.25,14.9,14.91,,36777.0
2018-03-13 14:00,,15.08,300052,15.17,15.05,15.14,,14432.0
2018-03-13 14:30,,14.9,300052,15.08,14.82,15.08,,14449.0
2018-03-13 15:00,,14.8,300052,14.96,14.8,14.9,,16141.0
2018-03-14 10:00,,14.61,300052,14.81,14.6,14.7,,19392.0
2018-03-14 10:30,,14.81,300052,14.88,14.59,14.61,,17150.0
2018-03-14 11:00,,14.78,300052,14.85,14.75,14.81,,5586.0
2018-03-14 11:30,,14.72,300052,14.81,14.65,14.78,,3308.0
2018-03-14 13:30,,14.74,300052,14.77,14.66,14.72,,5216.0
2018-03-14 14:00,,14.7,300052,14.77,14.7,14.74,,3652.0
2018-03-14 14:30,,14.68,300052,14.74,14.65,14.7,,6945.0
2018-03-14 15:00,,14.57,300052,14.8,14.56,14.68,,14463.0
2018-03-15 10:00,,14.74,300052,14.76,14.51,14.51,,15148.0
2018-03-15 10:30,,14.87,300052,14.93,14.66,14.74,,24364.0
2018-03-15 11:00,,14.81,300052,14.88,14.73,14.87,,11089.0
2018-03-15 11:30,,14.79,300052,14.87,14.76,14.81,,9415.0
2018-03-15 13:30,,14.53,300052,14.79,14.53,14.79,,9126.0
2018-03-15 14:00,,14.57,300052,14.65,14.51,14.53,,8460.0
2018-03-15 14:30,,14.72,300052,14.77,14.51,14.57,,8425.0
2018-03-15 15:00,,15.12,300052,15.12,14.72,14.72,,48535.0
2018-03-16 10:00,,15.0,300052,15.58,14.95,15.35,,61787.0
2018-03-16 10:30,,15.08,300052,15.14,14.86,15.0,,17850.0
2018-03-16 11:00,,15.04,300052,15.08,14.93,15.08,,7753.0
2018-03-16 11:30,,14.94,300052,15.12,14.94,15.04,,5920.0
2018-03-16 13:30,,15.12,300052,15.18,14.93,14.94,,10311.0
2018-03-16 14:00,,15.01,300052,15.16,14.96,15.12,,7788.0
2018-03-16 14:30,,14.84,300052,15.05,14.79,15.01,,15058.0
2018-03-16 15:00,,14.63,300052,14.85,14.63,14.84,,21581.0
2018-03-19 10:00,,14.5,300052,14.54,14.26,14.5,,26903.0
2018-03-19 10:30,,14.57,300052,14.68,14.46,14.5,,12589.0
2018-03-19 11:00,,14.6,300052,14.66,14.52,14.57,,8497.0
2018-03-19 11:30,,14.85,300052,14.87,14.57,14.6,,9694.0
2018-03-19 13:30,,14.74,300052,14.88,14.71,14.85,,4030.0
2018-03-19 14:00,,14.57,300052,14.74,14.57,14.74,,4576.0
2018-03-19 14:30,,14.69,300052,14.84,14.56,14.57,,8241.0
2018-03-19 15:00,,14.58,300052,14.7,14.5,14.69,,11048.0
2018-03-20 10:00,,14.38,300052,14.54,14.3,14.3,,20453.0
2018-03-20 10:30,,14.2,300052,14.42,14.12,14.38,,19960.0
2018-03-20 11:00,,14.2,300052,14.25,14.09,14.2,,9807.0
2018-03-20 11:30,,14.24,300052,14.29,14.17,14.2,,3913.0
2018-03-20 13:30,,14.38,300052,14.41,14.19,14.24,,7420.0
2018-03-20 14:00,,14.42,300052,14.44,14.3,14.38,,7021.0
2018-03-20 14:30,,14.43,300052,14.5,14.37,14.42,,10215.0
2018-03-20 15:00,,14.44,300052,14.49,14.35,14.43,,11913.0
2018-03-21 10:00,,14.69,300052,14.86,14.6,14.68,,33751.0
2018-03-21 10:30,,14.61,300052,14.72,14.61,14.69,,9257.0
2018-03-21 11:00,,14.62,300052,14.72,14.6,14.61,,6709.0
2018-03-21 11:30,,14.59,300052,14.65,14.55,14.62,,6227.0
2018-03-21 13:30,,14.6,300052,14.67,14.57,14.59,,4445.0
2018-03-21 14:00,,14.52,300052,14.62,14.5,14.6,,6647.0
2018-03-21 14:30,,14.33,300052,14.56,14.33,14.52,,7140.0
2018-03-21 15:00,,14.06,300052,14.35,14.05,14.33,,22091.0
2018-03-22 10:00,,14.23,300052,14.29,14.11,14.15,,16452.0
2018-03-22 10:30,,14.17,300052,14.25,14.11,14.23,,7814.0
2018-03-22 11:00,,14.48,300052,14.82,14.11,14.17,,39092.0
2018-03-22 11:30,,14.53,300052,14.58,14.4,14.48,,8909.0
2018-03-22 13:30,,14.65,300052,14.65,14.48,14.53,,7295.0
2018-03-22 14:00,,14.53,300052,14.66,14.48,14.65,,6236.0
2018-03-22 14:30,,14.41,300052,14.52,14.39,14.52,,4819.0
2018-03-22 15:00,,14.29,300052,14.43,14.26,14.41,,10875.0
2018-03-23 10:00,,13.86,300052,13.9,13.3,13.7,,28204.0
2018-03-23 10:30,,13.88,300052,13.9,13.71,13.86,,8481.0
2018-03-23 11:00,,13.8,300052,13.89,13.66,13.88,,8807.0
2018-03-23 11:30,,13.49,300052,13.84,13.44,13.8,,10129.0
2018-03-23 13:30,,13.22,300052,13.51,12.9,13.49,,14481.0
2018-03-23 14:00,,12.93,300052,13.29,12.92,13.22,,12266.0
2018-03-23 14:30,,13.05,300052,13.09,12.9,12.93,,12933.0
2018-03-23 15:00,,12.96,300052,13.2,12.94,13.05,,14242.0
2018-03-26 10:00,,13.1,300052,13.18,12.55,12.74,,24276.0
2018-03-26 10:30,,13.3,300052,13.3,13.03,13.1,,8573.0
2018-03-26 11:00,,13.22,300052,13.32,13.13,13.3,,5722.0
2018-03-26 11:30,,13.11,300052,13.23,13.03,13.22,,2997.0
2018-03-26 13:30,,13.22,300052,13.22,13.04,13.11,,2764.0
2018-03-26 14:00,,13.15,300052,13.22,13.13,13.22,,2535.0
2018-03-26 14:30,,13.3,300052,13.36,13.13,13.15,,9997.0
2018-03-26 15:00,,13.36,300052,13.39,13.28,13.3,,12313.0
2018-03-27 10:00,,13.61,300052,13.73,13.45,13.53,,23349.0
2018-03-27 10:30,,13.69,300052,13.85,13.61,13.61,,12662.0
2018-03-27 11:00,,13.94,300052,13.99,13.68,13.69,,10360.0
2018-03-27 11:30,,13.92,300052,14.02,13.9,13.94,,10893.0
2018-03-27 13:30,,14.0,300052,14.14,13.91,13.92,,10060.0
2018-03-27 14:00,,13.84,300052,14.03,13.8,14.0,,9253.0
2018-03-27 14:30,,13.76,300052,13.89,13.66,13.84,,9460.0
2018-03-27 15:00,,13.86,300052,13.91,13.74,13.76,,11571.0
2018-03-28 10:00,,13.95,300052,14.0,13.6,13.63,,25695.0
2018-03-28 10:30,,13.76,300052,13.96,13.75,13.95,,9853.0
2018-03-28 11:00,,13.88,300052,13.97,13.76,13.76,,6194.0
2018-03-28 11:30,,13.81,300052,13.96,13.78,13.88,,5427.0
2018-03-28 13:30,,13.97,300052,14.07,13.81,13.81,,10970.0
2018-03-28 14:00,,14.1,300052,14.17,13.87,13.97,,13459.0
2018-03-28 14:30,,14.02,300052,14.12,13.96,14.1,,8469.0
2018-03-28 15:00,,14.06,300052,14.17,14.0,14.02,,17972.0
2018-03-29 10:00,,14.33,300052,14.46,13.99,14.08,,29705.0
2018-03-29 10:30,,14.34,300052,14.55,14.27,14.33,,18868.0
2018-03-29 11:00,,14.1,300052,14.34,14.06,14.34,,16690.0
2018-03-29 11:30,,14.04,300052,14.17,13.97,14.1,,7543.0
2018-03-29 13:30,,14.07,300052,14.12,14.04,14.04,,3042.0
2018-03-29 14:00,,13.96,300052,14.16,13.96,14.07,,5523.0
2018-03-29 14:30,,14.0,300052,14.04,13.92,13.96,,9609.0
2018-03-29 15:00,,14.07,300052,14.09,13.99,14.0,,13450.0
2018-03-30 10:00,,14.3,300052,14.42,14.12,14.3,,23912.0
2018-03-30 10:30,,14.35,300052,14.39,14.26,14.3,,11489.0
2018-03-30 11:00,,14.35,300052,14.38,14.31,14.35,,10035.0
2018-03-30 11:30,,14.28,300052,14.38,14.18,14.35,,13267.0
2018-03-30 13:30,,14.39,300052,14.45,14.28,14.28,,11799.0
2018-03-30 14:00,,14.39,300052,14.43,14.26,14.39,,10520.0
2018-03-30 14:30,,14.63,300052,14.66,14.35,14.39,,24072.0
2018-03-30 15:00,,14.49,300052,14.63,14.43,14.63,,17468.0
2018-04-02 10:00,,14.3,300052,14.55,14.24,14.46,,29956.0
2018-04-02 10:30,,14.51,300052,14.51,14.24,14.3,,14233.0
2018-04-02 11:00,,14.57,300052,14.67,14.4,14.51,,16401.0
2018-04-02 11:30,,14.6,300052,14.63,14.47,14.58,,10514.0
2018-04-02 13:30,,14.6,300052,14.73,14.58,14.6,,18172.0
2018-04-02 14:00,,14.56,300052,14.63,14.52,14.6,,11135.0
2018-04-02 14:30,,14.56,300052,14.58,14.37,14.56,,13957.0
2018-04-02 15:00,,14.54,300052,14.62,14.48,14.56,,15296.0
2018-04-03 10:00,,14.17,300052,14.45,14.11,14.3,,23897.0
2018-04-03 10:30,,14.04,300052,14.18,14.03,14.17,,11686.0
2018-04-03 11:00,,14.08,300052,14.15,14.0,14.04,,11398.0
2018-04-03 11:30,,14.01,300052,14.16,14.01,14.08,,6419.0
2018-04-03 13:30,,13.93,300052,14.1,13.93,14.01,,10155.0
2018-04-03 14:00,,13.95,300052,14.05,13.89,13.92,,6049.0
2018-04-03 14:30,,14.07,300052,14.09,13.93,13.95,,6279.0
2018-04-03 15:00,,14.1,300052,14.17,14.02,14.07,,11385.0
2018-04-04 10:00,,14.09,300052,14.28,14.07,14.19,,17124.0
2018-04-04 10:30,,14.09,300052,14.16,14.05,14.09,,5490.0
2018-04-04 11:00,,14.25,300052,14.26,14.06,14.09,,5192.0
2018-04-04 11:30,,14.23,300052,14.33,14.14,14.25,,7358.0
2018-04-04 13:30,,14.12,300052,14.24,14.09,14.23,,4035.0
2018-04-04 14:00,,14.05,300052,14.14,13.98,14.12,,7064.0
2018-04-04 14:30,,14.05,300052,14.08,13.98,14.05,,4970.0
2018-04-04 15:00,,13.77,300052,14.05,13.75,14.05,,21591.0
2018-04-09 10:00,,13.71,300052,13.88,13.4,13.63,,16760.0
2018-04-09 10:30,,13.77,300052,13.82,13.66,13.72,,5228.0
2018-04-09 11:00,,13.86,300052,13.86,13.72,13.77,,4216.0
2018-04-09 11:30,,13.95,300052,13.97,13.78,13.86,,5105.0
2018-04-09 13:30,,13.92,300052,13.97,13.88,13.95,,6521.0
2018-04-09 14:00,,13.83,300052,13.94,13.83,13.92,,5491.0
2018-04-09 14:30,,13.81,300052,13.88,13.77,13.83,,3975.0
2018-04-09 15:00,,13.68,300052,13.81,13.57,13.81,,15713.0
2018-04-10 10:00,,13.6,300052,13.86,13.56,13.77,,15055.0
2018-04-10 10:30,,13.65,300052,13.68,13.46,13.6,,11769.0
2018-04-10 11:00,,13.73,300052,13.86,13.65,13.65,,7543.0
2018-04-10 11:30,,13.62,300052,13.78,13.61,13.73,,3360.0
2018-04-10 13:30,,13.58,300052,13.63,13.52,13.62,,5036.0
2018-04-10 14:00,,13.67,300052,13.7,13.5,13.58,,4136.0
2018-04-10 14:30,,13.72,300052,13.73,13.59,13.67,,5280.0
2018-04-10 15:00,,13.83,300052,13.84,13.68,13.72,,12052.0
2018-04-11 10:00,,14.0,300052,14.07,13.77,13.88,,16193.0
2018-04-11 10:30,,13.93,300052,14.07,13.92,14.0,,10961.0
2018-04-11 11:00,,13.94,300052,13.95,13.84,13.93,,7101.0
2018-04-11 11:30,,13.91,300052,13.95,13.81,13.94,,3445.0
2018-04-11 13:30,,14.09,300052,14.1,13.86,13.91,,11399.0
2018-04-11 14:00,,14.09,300052,14.23,14.07,14.09,,17997.0
2018-04-11 14:30,,13.95,300052,14.11,13.93,14.09,,9160.0
2018-04-11 15:00,,13.97,300052,14.02,13.94,13.95,,10695.0
2018-04-12 10:00,,14.04,300052,14.08,13.83,13.96,,14802.0
2018-04-12 10:30,,14.03,300052,14.06,13.88,14.04,,8812.0
2018-04-12 11:00,,13.95,300052,14.1,13.93,14.03,,9437.0
2018-04-12 11:30,,13.94,300052,14.0,13.93,13.95,,2483.0
2018-04-12 13:30,,14.13,300052,14.26,13.91,13.94,,13145.0
2018-04-12 14:00,,14.22,300052,14.36,14.15,14.18,,30975.0
2018-04-12 14:30,,14.17,300052,14.24,14.05,14.22,,12115.0
2018-04-12 15:00,,14.4,300052,14.42,14.16,14.17,,29818.0
2018-04-13 10:00,,14.59,300052,14.8,14.28,14.61,,51348.0
2018-04-13 10:30,,14.39,300052,14.62,14.38,14.59,,14555.0
2018-04-13 11:00,,14.49,300052,14.56,14.35,14.39,,9287.0
2018-04-13 11:30,,14.4,300052,14.52,14.37,14.49,,6753.0
2018-04-13 13:30,,14.6,300052,14.6,14.4,14.4,,8726.0
2018-04-13 14:00,,14.88,300052,15.05,14.53,14.6,,57801.0
2018-04-13 14:30,,14.77,300052,14.9,14.7,14.88,,14875.0
2018-04-13 15:00,,14.78,300052,14.87,14.67,14.77,,30663.0
2018-04-16 10:00,,15.08,300052,15.19,14.71,15.03,,69088.0
2018-04-16 10:30,,14.98,300052,15.17,14.8,15.08,,26288.0
2018-04-16 11:00,,14.89,300052,15.07,14.83,14.98,,11588.0
2018-04-16 11:30,,14.7,300052,14.89,14.6,14.89,,13524.0
2018-04-16 13:30,,14.69,300052,14.92,14.66,14.7,,5536.0
2018-04-16 14:00,,14.75,300052,14.79,14.57,14.69,,9290.0
2018-04-16 14:30,,14.75,300052,14.86,14.69,14.75,,8596.0
2018-04-16 15:00,,14.9,300052,15.02,14.7,14.75,,25565.0
2018-04-17 10:00,,14.42,300052,14.85,14.42,14.71,,43050.0
2018-04-17 10:30,,14.31,300052,14.52,14.2,14.42,,24686.0
2018-04-17 11:00,,14.36,300052,14.39,14.2,14.31,,10820.0
2018-04-17 11:30,,14.2,300052,14.36,14.11,14.36,,10752.0
2018-04-17 13:30,,14.11,300052,14.36,14.1,14.2,,8042.0
2018-04-17 14:00,,14.06,300052,14.19,13.96,14.11,,16143.0
2018-04-17 14:30,,13.97,300052,14.18,13.97,14.06,,9195.0
2018-04-17 15:00,,13.87,300052,14.09,13.75,13.97,,16738.0
2018-04-18 10:00,,13.85,300052,13.96,13.55,13.94,,21690.0
2018-04-18 10:30,,13.77,300052,13.95,13.68,13.85,,10262.0
2018-04-18 11:00,,13.81,300052,13.84,13.61,13.77,,7854.0
2018-04-18 11:30,,13.9,300052,13.93,13.8,13.81,,7979.0
2018-04-18 13:30,,14.16,300052,14.16,13.85,13.9,,12637.0
2018-04-18 14:00,,14.14,300052,14.25,14.09,14.16,,14346.0
2018-04-18 14:30,,14.28,300052,14.28,14.14,14.14,,13179.0
2018-04-18 15:00,,14.28,300052,14.35,14.26,14.28,,16644.0
2018-04-19 10:00,,14.2,300052,14.27,14.11,14.14,,18056.0
2018-04-19 10:30,,14.26,300052,14.26,14.03,14.2,,12039.0
2018-04-19 11:00,,14.15,300052,14.26,14.13,14.26,,6040.0
2018-04-19 11:30,,14.22,300052,14.22,14.1,14.15,,4801.0
2018-04-19 13:30,,14.23,300052,14.32,14.22,14.22,,8227.0
2018-04-19 14:00,,14.21,300052,14.27,14.15,14.23,,10300.0
2018-04-19 14:30,,14.1,300052,14.25,14.1,14.21,,9942.0
2018-04-19 15:00,,14.01,300052,14.14,14.01,14.1,,18870.0
2018-04-20 10:00,,13.91,300052,13.95,13.71,13.91,,17150.0
2018-04-20 10:30,,13.94,300052,14.11,13.88,13.91,,11093.0
2018-04-20 11:00,,13.81,300052,13.96,13.75,13.94,,10164.0
2018-04-20 11:30,,13.62,300052,13.82,13.62,13.81,,8613.0
2018-04-20 13:30,,13.62,300052,13.67,13.6,13.62,,6456.0
2018-04-20 14:00,,13.7,300052,13.73,13.62,13.62,,5189.0
2018-04-20 14:30,,13.45,300052,13.7,13.4,13.7,,15679.0
2018-04-20 15:00,,13.5,300052,13.55,13.43,13.45,,11770.0
2018-04-23 10:00,,13.55,300052,13.7,13.45,13.53,,11896.0
2018-04-23 10:30,,13.61,300052,13.66,13.55,13.55,,5701.0
2018-04-23 11:00,,13.67,300052,13.69,13.5,13.61,,6054.0
2018-04-23 11:30,,13.52,300052,13.67,13.45,13.67,,4380.0
2018-04-23 13:30,,13.41,300052,13.55,13.39,13.52,,4382.0
2018-04-23 14:00,,13.27,300052,13.5,13.27,13.41,,5993.0
2018-04-23 14:30,,13.36,300052,13.45,13.25,13.27,,7835.0
2018-04-23 15:00,,13.7,300052,13.7,13.35,13.36,,12499.0
2018-04-24 10:00,,13.75,300052,13.82,13.58,13.65,,8231.0
2018-04-24 10:30,,13.8,300052,13.87,13.72,13.75,,9968.0
2018-04-24 11:00,,13.82,300052,13.86,13.77,13.8,,9005.0
2018-04-24 11:30,,13.91,300052,13.94,13.82,13.82,,6906.0
2018-04-24 13:30,,13.9,300052,13.94,13.86,13.91,,3309.0
2018-04-24 14:00,,13.98,300052,14.02,13.86,13.9,,8445.0
2018-04-24 14:30,,14.01,300052,14.03,13.93,13.98,,6667.0
2018-04-24 15:00,,14.04,300052,14.08,13.92,14.01,,14836.0
2018-04-25 10:00,,13.97,300052,14.03,13.88,13.92,,12067.0
2018-04-25 10:30,,14.0,300052,14.07,13.92,13.97,,7392.0
2018-04-25 11:00,,13.98,300052,14.13,13.94,14.0,,12800.0
2018-04-25 11:30,,14.08,300052,14.1,13.95,13.98,,5074.0
2018-04-25 13:30,,14.12,300052,14.18,14.04,14.08,,9008.0
2018-04-25 14:00,,14.11,300052,14.17,14.07,14.12,,5640.0
2018-04-25 14:30,,14.28,300052,14.34,14.08,14.11,,18736.0
2018-04-25 15:00,,14.38,300052,14.48,14.27,14.27,,24924.0
2018-04-26 10:00,,14.1,300052,14.37,14.03,14.28,,20620.0
2018-04-26 10:30,,13.96,300052,14.16,13.96,14.1,,12686.0
2018-04-26 11:00,,13.91,300052,14.06,13.82,13.97,,9916.0
2018-04-26 11:30,,13.97,300052,13.99,13.84,13.91,,5789.0
2018-04-26 13:30,,13.96,300052,14.0,13.9,13.97,,3501.0
2018-04-26 14:00,,14.09,300052,14.14,13.9,13.96,,5750.0
2018-04-26 14:30,,14.08,300052,14.13,13.91,14.09,,5801.0
2018-04-26 15:00,,13.93,300052,14.1,13.92,14.08,,12293.0
2018-04-27 10:00,,14.05,300052,14.22,13.95,14.04,,13450.0
2018-04-27 10:30,,14.44,300052,14.53,14.0,14.05,,32244.0
2018-04-27 11:00,,14.38,300052,14.5,14.35,14.44,,14247.0
2018-04-27 11:30,,14.36,300052,14.53,14.34,14.38,,11816.0
2018-04-27 13:30,,14.34,300052,14.37,14.19,14.36,,8002.0
2018-04-27 14:00,,14.4,300052,14.41,14.25,14.34,,6902.0
2018-04-27 14:30,,14.32,300052,14.46,14.29,14.4,,9210.0
2018-04-27 15:00,,14.34,300052,14.45,14.3,14.32,,17059.0
2018-05-02 10:00,,14.31,300052,14.45,14.2,14.2,,18183.0
2018-05-02 10:30,,14.33,300052,14.36,14.22,14.31,,9250.0
2018-05-02 11:00,,14.33,300052,14.39,14.25,14.33,,7627.0
2018-05-02 11:30,,13.81,300052,14.34,13.79,14.33,,20942.0
2018-05-02 13:30,,13.8,300052,13.88,13.56,13.81,,14130.0
2018-05-02 14:00,,13.74,300052,13.85,13.7,13.8,,5266.0
2018-05-02 14:30,,13.82,300052,13.87,13.67,13.74,,6256.0
2018-05-02 15:00,,13.88,300052,13.92,13.8,13.82,,7018.0
2018-05-03 10:00,,13.7,300052,13.85,13.58,13.71,,14147.0
2018-05-03 10:30,,13.41,300052,13.74,13.39,13.7,,12016.0
2018-05-03 11:00,,13.69,300052,13.74,13.41,13.41,,6321.0
2018-05-03 11:30,,13.74,300052,13.76,13.6,13.69,,2003.0
2018-05-03 13:30,,13.91,300052,13.94,13.7,13.74,,5514.0
2018-05-03 14:00,,14.1,300052,14.1,13.87,13.9,,9537.0
2018-05-03 14:30,,14.26,300052,14.26,14.06,14.1,,17019.0
2018-05-03 15:00,,14.33,300052,14.33,14.14,14.26,,22149.0
2018-05-04 10:00,,14.25,300052,14.32,14.18,14.3,,17669.0
2018-05-04 10:30,,14.37,300052,14.44,14.16,14.25,,14604.0
2018-05-04 11:00,,14.22,300052,14.37,14.21,14.37,,5193.0
2018-05-04 11:30,,14.27,300052,14.28,14.18,14.22,,3314.0
2018-05-04 13:30,,14.28,300052,14.32,14.22,14.27,,3357.0
2018-05-04 14:00,,14.21,300052,14.32,14.21,14.28,,6068.0
2018-05-04 14:30,,14.14,300052,14.24,14.11,14.21,,6362.0
2018-05-04 15:00,,14.12,300052,14.24,14.12,14.14,,9780.0
2018-05-07 10:00,,14.29,300052,14.37,14.06,14.22,,14240.0
2018-05-07 10:30,,14.35,300052,14.43,14.29,14.29,,15956.0
2018-05-07 11:00,,14.41,300052,14.41,14.33,14.35,,9578.0
2018-05-07 11:30,,14.48,300052,14.5,14.37,14.41,,17692.0
2018-05-07 13:30,,14.57,300052,14.58,14.43,14.48,,11996.0
2018-05-07 14:00,,14.5,300052,14.59,14.45,14.57,,8867.0
2018-05-07 14:30,,14.65,300052,14.7,14.48,14.5,,17876.0
2018-05-07 15:00,,14.59,300052,14.65,14.55,14.65,,18220.0
2018-05-08 10:00,,14.55,300052,14.66,14.46,14.59,,24271.0
2018-05-08 10:30,,14.45,300052,14.55,14.38,14.55,,16763.0
2018-05-08 11:00,,14.58,300052,14.63,14.4,14.45,,10974.0
2018-05-08 11:30,,14.58,300052,14.64,14.45,14.58,,9009.0
2018-05-08 13:30,,14.48,300052,14.61,14.47,14.58,,7984.0
2018-05-08 14:00,,14.68,300052,14.85,14.47,14.48,,25669.0
2018-05-08 14:30,,14.74,300052,14.79,14.68,14.68,,13901.0
2018-05-08 15:00,,14.73,300052,14.74,14.66,14.74,,15931.0
2018-05-09 10:00,,14.6,300052,14.73,14.51,14.6,,20689.0
2018-05-09 10:30,,14.68,300052,14.7,14.53,14.6,,7601.0
2018-05-09 11:00,,14.57,300052,14.69,14.54,14.68,,7031.0
2018-05-09 11:30,,14.67,300052,14.67,14.55,14.57,,4154.0
2018-05-09 13:30,,14.66,300052,14.7,14.62,14.67,,5505.0
2018-05-09 14:00,,14.83,300052,14.91,14.52,14.66,,21072.0
2018-05-09 14:30,,14.71,300052,14.87,14.64,14.83,,17993.0
2018-05-09 15:00,,14.75,300052,14.78,14.66,14.71,,16490.0
2018-05-10 10:00,,14.74,300052,14.85,14.6,14.7,,19502.0
2018-05-10 10:30,,14.76,300052,14.84,14.73,14.74,,12355.0
2018-05-10 11:00,,14.62,300052,14.79,14.56,14.76,,13600.0
2018-05-10 11:30,,14.63,300052,14.72,14.53,14.62,,8552.0
2018-05-10 13:30,,14.63,300052,14.64,14.55,14.63,,4781.0
2018-05-10 14:00,,14.54,300052,14.65,14.53,14.63,,5539.0
2018-05-10 14:30,,14.64,300052,14.64,14.4,14.54,,10142.0
2018-05-10 15:00,,14.7,300052,14.73,14.61,14.64,,14636.0
2018-05-11 10:00,,14.99,300052,15.0,14.67,14.81,,31688.0
2018-05-11 10:30,,14.9,300052,15.03,14.78,14.99,,20820.0
2018-05-11 11:00,,14.7,300052,14.91,14.68,14.9,,9975.0
2018-05-11 11:30,,14.7,300052,14.78,14.58,14.7,,6228.0
2018-05-11 13:30,,14.72,300052,14.73,14.6,14.7,,4303.0
2018-05-11 14:00,,14.71,300052,14.78,14.67,14.72,,5353.0
2018-05-11 14:30,,14.63,300052,14.8,14.6,14.71,,8202.0
2018-05-11 15:00,,14.55,300052,14.73,14.55,14.63,,14049.0
2018-05-14 10:00,,14.17,300052,14.47,14.07,14.41,,32607.0
2018-05-14 10:30,,14.13,300052,14.21,14.11,14.17,,9827.0
2018-05-14 11:00,,14.12,300052,14.22,14.11,14.13,,9567.0
2018-05-14 11:30,,13.88,300052,14.12,13.84,14.12,,25548.0
2018-05-14 13:30,,13.71,300052,13.88,13.62,13.88,,24649.0
2018-05-14 14:00,,13.48,300052,13.71,13.42,13.71,,32566.0
2018-05-14 14:30,,13.39,300052,13.5,13.27,13.48,,20138.0
2018-05-14 15:00,,13.43,300052,13.46,13.3,13.39,,18697.0
2018-05-15 10:00,,13.4,300052,13.53,13.18,13.28,,21604.0
2018-05-15 10:30,,13.38,300052,13.47,13.35,13.4,,6209.0
2018-05-15 11:00,,13.27,300052,13.42,13.25,13.38,,6907.0
2018-05-15 11:30,,13.34,300052,13.37,13.27,13.27,,2146.0
2018-05-15 13:30,,13.41,300052,13.47,13.34,13.34,,3265.0
2018-05-15 14:00,,13.49,300052,13.6,13.4,13.41,,10624.0
2018-05-15 14:30,,13.55,300052,13.61,13.49,13.49,,9629.0
2018-05-15 15:00,,13.59,300052,13.62,13.53,13.55,,16066.0
2018-05-16 10:00,,13.41,300052,13.56,13.33,13.49,,12355.0
2018-05-16 10:30,,13.53,300052,13.53,13.41,13.41,,3716.0
2018-05-16 11:00,,13.46,300052,13.59,13.45,13.53,,4630.0
2018-05-16 11:30,,13.45,300052,13.54,13.44,13.46,,3129.0
2018-05-16 13:30,,13.54,300052,13.54,13.44,13.45,,2654.0
2018-05-16 14:00,,13.55,300052,13.6,13.5,13.54,,4756.0
2018-05-16 14:30,,13.45,300052,13.57,13.42,13.55,,4870.0
2018-05-16 15:00,,13.4,300052,13.45,13.36,13.45,,11112.0
2018-05-17 10:00,,13.44,300052,13.58,13.3,13.31,,10642.0
2018-05-17 10:30,,13.41,300052,13.46,13.4,13.44,,3718.0
2018-05-17 11:00,,13.38,300052,13.44,13.35,13.41,,5480.0
2018-05-17 11:30,,13.5,300052,13.57,13.35,13.38,,4371.0
2018-05-17 13:30,,13.44,300052,13.53,13.4,13.5,,2368.0
2018-05-17 14:00,,13.45,300052,13.46,13.38,13.44,,3566.0
2018-05-17 14:30,,13.41,300052,13.45,13.39,13.45,,3167.0
2018-05-17 15:00,,13.39,300052,13.46,13.39,13.4,,6064.0
2018-05-18 10:00,,13.35,300052,13.44,13.32,13.36,,6449.0
2018-05-18 10:30,,13.39,300052,13.44,13.34,13.35,,2992.0
2018-05-18 11:00,,13.38,300052,13.43,13.36,13.39,,2746.0
2018-05-18 11:30,,13.23,300052,13.38,13.23,13.38,,7229.0
2018-05-18 13:30,,13.24,300052,13.27,13.18,13.23,,5942.0
2018-05-18 14:00,,13.31,300052,13.31,13.16,13.24,,6734.0
2018-05-18 14:30,,13.42,300052,13.44,13.31,13.31,,6925.0
2018-05-18 15:00,,13.47,300052,13.47,13.39,13.42,,9904.0
2018-05-21 10:00,,13.6,300052,13.67,13.52,13.52,,12914.0
2018-05-21 10:30,,13.63,300052,13.64,13.58,13.6,,5525.0
2018-05-21 11:00,,13.64,300052,13.66,13.61,13.63,,3494.0
2018-05-21 11:30,,13.69,300052,13.69,13.62,13.64,,4458.0
2018-05-21 13:30,,13.68,300052,13.73,13.67,13.69,,5172.0
2018-05-21 14:00,,13.62,300052,13.69,13.6,13.68,,5825.0
2018-05-21 14:30,,13.55,300052,13.62,13.5,13.62,,7798.0
2018-05-21 15:00,,13.54,300052,13.58,13.51,13.55,,7754.0
2018-05-22 10:00,,13.49,300052,13.58,13.47,13.5,,8339.0
2018-05-22 10:30,,13.35,300052,13.49,13.29,13.49,,12541.0
2018-05-22 11:00,,13.39,300052,13.43,13.32,13.35,,5893.0
2018-05-22 11:30,,13.41,300052,13.44,13.37,13.39,,1851.0
2018-05-22 13:30,,13.38,300052,13.44,13.38,13.41,,2278.0
2018-05-22 14:00,,13.38,300052,13.44,13.35,13.38,,3686.0
2018-05-22 14:30,,13.43,300052,13.45,13.36,13.38,,3319.0
2018-05-22 15:00,,13.5,300052,13.52,13.43,13.43,,7669.0
2018-05-23 10:00,,13.33,300052,13.54,13.25,13.52,,12562.0
2018-05-23 10:30,,13.29,300052,13.34,13.27,13.33,,4645.0
2018-05-23 11:00,,13.28,300052,13.34,13.28,13.29,,4309.0
2018-05-23 11:30,,13.3,300052,13.35,13.26,13.28,,4414.0
2018-05-23 13:30,,13.38,300052,13.45,13.3,13.3,,3722.0
2018-05-23 14:00,,13.3,300052,13.38,13.29,13.38,,2518.0
2018-05-23 14:30,,13.25,300052,13.31,13.19,13.3,,10155.0
2018-05-23 15:00,,13.22,300052,13.28,13.19,13.25,,8858.0
2018-05-24 10:00,,13.28,300052,13.32,13.1,13.15,,6269.0
2018-05-24 10:30,,13.22,300052,13.3,13.2,13.28,,3164.0
2018-05-24 11:00,,13.3,300052,13.3,13.19,13.22,,3155.0
2018-05-24 11:30,,13.24,300052,13.31,13.24,13.3,,1453.0
2018-05-24 13:30,,13.24,300052,13.27,13.2,13.24,,1869.0
2018-05-24 14:00,,13.27,300052,13.28,13.23,13.24,,2578.0
2018-05-24 14:30,,13.19,300052,13.27,13.16,13.27,,3921.0
2018-05-24 15:00,,13.17,300052,13.22,13.15,13.19,,7161.0
2018-05-25 10:00,,13.11,300052,13.23,13.08,13.08,,6132.0
2018-05-25 10:30,,13.14,300052,13.19,13.11,13.11,,3423.0
2018-05-25 11:00,,12.99,300052,13.15,12.96,13.14,,6453.0
2018-05-25 11:30,,13.05,300052,13.05,12.92,12.99,,7385.0
2018-05-25 13:30,,13.0,300052,13.05,12.99,13.05,,2301.0
2018-05-25 14:00,,12.84,300052,13.0,12.8,13.0,,8508.0
2018-05-25 14:30,,12.83,300052,12.92,12.82,12.84,,5076.0
2018-05-25 15:00,,12.79,300052,12.89,12.79,12.83,,11865.0
2018-05-28 10:00,,13.07,300052,13.12,12.76,12.79,,15965.0
2018-05-28 10:30,,13.21,300052,13.28,13.03,13.07,,12879.0
2018-05-28 11:00,,13.17,300052,13.21,13.13,13.21,,3845.0
2018-05-28 11:30,,13.17,300052,13.22,13.16,13.17,,2129.0
2018-05-28 13:30,,13.13,300052,13.21,13.13,13.17,,2654.0
2018-05-28 14:00,,13.12,300052,13.15,13.1,13.13,,2214.0
2018-05-28 14:30,,13.06,300052,13.13,13.02,13.12,,3528.0
2018-05-28 15:00,,13.14,300052,13.19,13.02,13.06,,7422.0
2018-05-29 10:00,,13.25,300052,13.29,13.15,13.15,,11040.0
2018-05-29 10:30,,13.13,300052,13.25,13.1,13.25,,4912.0
2018-05-29 11:00,,13.05,300052,13.21,13.03,13.13,,4028.0
2018-05-29 11:30,,13.05,300052,13.14,13.04,13.05,,2359.0
2018-05-29 13:30,,13.08,300052,13.09,13.04,13.05,,1521.0
2018-05-29 14:00,,13.09,300052,13.13,13.07,13.08,,2209.0
2018-05-29 14:30,,13.14,300052,13.18,13.07,13.09,,3311.0
2018-05-29 15:00,,13.04,300052,13.15,13.0,13.14,,5283.0
2018-05-30 10:00,,12.71,300052,12.79,12.42,12.69,,9654.0
2018-05-30 10:30,,12.69,300052,12.84,12.59,12.71,,4962.0
2018-05-30 11:00,,12.59,300052,12.69,12.53,12.69,,4838.0
2018-05-30 11:30,,12.59,300052,12.64,12.5,12.59,,3804.0
2018-05-30 13:30,,12.72,300052,12.75,12.57,12.59,,1953.0
2018-05-30 14:00,,12.67,300052,12.75,12.6,12.72,,2348.0
2018-05-30 14:30,,12.37,300052,12.72,12.0,12.67,,7100.0
2018-05-30 15:00,,12.15,300052,12.42,12.08,12.37,,16267.0
2018-05-31 10:00,,12.33,300052,12.43,12.26,12.26,,8552.0
2018-05-31 10:30,,12.27,300052,12.38,12.27,12.33,,2768.0
2018-05-31 11:00,,12.22,300052,12.28,12.17,12.27,,3102.0
2018-05-31 11:30,,12.32,300052,12.32,12.22,12.22,,2074.0
2018-05-31 13:30,,12.37,300052,12.38,12.32,12.32,,2767.0
2018-05-31 14:00,,12.36,300052,12.44,12.33,12.37,,3393.0
2018-05-31 14:30,,12.37,300052,12.4,12.35,12.36,,2739.0
2018-05-31 15:00,,12.36,300052,12.39,12.36,12.37,,5425.0
2018-06-01 10:00,,12.31,300052,12.36,12.22,12.36,,5251.0
2018-06-01 10:30,,12.38,300052,12.43,12.3,12.31,,2650.0
2018-06-01 11:00,,12.3,300052,12.42,12.3,12.38,,3172.0
2018-06-01 11:30,,12.26,300052,12.34,12.26,12.3,,1604.0
2018-06-01 13:30,,12.27,300052,12.28,12.22,12.26,,1999.0
2018-06-01 14:00,,12.22,300052,12.32,12.17,12.27,,2945.0
2018-06-01 14:30,,12.17,300052,12.24,12.11,12.22,,3522.0
2018-06-01 15:00,,12.23,300052,12.3,12.1,12.17,,6141.0
2018-06-04 10:00,,12.23,300052,12.39,12.23,12.33,,3296.0
2018-06-04 10:30,,12.31,300052,12.31,12.2,12.23,,3330.0
2018-06-04 11:00,,12.32,300052,12.38,12.28,12.31,,2639.0
2018-06-04 11:30,,12.32,300052,12.34,12.28,12.32,,843.0
2018-06-04 13:30,,12.36,300052,12.38,12.31,12.32,,1771.0
2018-06-04 14:00,,12.31,300052,12.36,12.29,12.36,,1693.0
2018-06-04 14:30,,12.29,300052,12.33,12.28,12.31,,1772.0
2018-06-04 15:00,,12.28,300052,12.29,12.23,12.29,,4296.0
2018-06-05 10:00,,12.36,300052,12.36,12.15,12.21,,6190.0
2018-06-05 10:30,,12.33,300052,12.39,12.3,12.36,,2549.0
2018-06-05 11:00,,12.38,300052,12.38,12.29,12.33,,2381.0
2018-06-05 11:30,,12.36,300052,12.39,12.35,12.38,,2015.0
2018-06-05 13:30,,12.43,300052,12.44,12.36,12.36,,3311.0
2018-06-05 14:00,,12.52,300052,12.55,12.41,12.43,,4247.0
2018-06-05 14:30,,12.48,300052,12.53,12.43,12.52,,3465.0
2018-06-05 15:00,,12.54,300052,12.54,12.46,12.48,,5412.0
2018-06-06 10:00,,12.53,300052,12.54,12.43,12.44,,4646.0
2018-06-06 10:30,,12.56,300052,12.58,12.49,12.53,,3076.0
2018-06-06 11:00,,12.46,300052,12.56,12.46,12.56,,2885.0
2018-06-06 11:30,,12.43,300052,12.48,12.41,12.46,,2173.0
2018-06-06 13:30,,12.42,300052,12.46,12.42,12.43,,1208.0
2018-06-06 14:00,,12.43,300052,12.44,12.4,12.42,,1697.0
2018-06-06 14:30,,12.5,300052,12.51,12.42,12.43,,1903.0
2018-06-06 15:00,,12.44,300052,12.5,12.42,12.5,,4395.0
2018-06-07 10:00,,12.43,300052,12.55,12.37,12.49,,5610.0
2018-06-07 10:30,,12.44,300052,12.47,12.4,12.43,,2092.0
2018-06-07 11:00,,12.39,300052,12.45,12.38,12.44,,1691.0
2018-06-07 11:30,,12.38,300052,12.41,12.37,12.39,,1191.0
2018-06-07 13:30,,12.28,300052,12.38,12.27,12.38,,2837.0
2018-06-07 14:00,,12.33,300052,12.37,12.25,12.27,,2355.0
2018-06-07 14:30,,12.31,300052,12.34,12.25,12.33,,3006.0
2018-06-07 15:00,,12.24,300052,12.32,12.24,12.31,,4321.0
2018-06-08 10:00,,12.04,300052,12.25,11.99,12.2,,6723.0
2018-06-08 10:30,,12.05,300052,12.1,12.01,12.04,,3101.0
2018-06-08 11:00,,12.04,300052,12.08,12.01,12.05,,2402.0
2018-06-08 11:30,,12.02,300052,12.08,11.99,12.04,,2604.0
2018-06-08 13:30,,12.01,300052,12.02,11.93,12.02,,3128.0
2018-06-08 14:00,,11.96,300052,12.03,11.95,12.01,,2621.0
2018-06-08 14:30,,12.06,300052,12.07,11.93,11.96,,3096.0
2018-06-08 15:00,,12.15,300052,12.17,12.04,12.06,,4599.0
2018-06-11 10:00,,12.3,300052,12.3,12.02,12.07,,5328.0
2018-06-11 10:30,,12.31,300052,12.35,12.29,12.3,,5129.0
2018-06-11 11:00,,12.31,300052,12.32,12.28,12.31,,1739.0
2018-06-11 11:30,,12.43,300052,12.43,12.27,12.31,,3235.0
2018-06-11 13:30,,12.38,300052,12.44,12.33,12.43,,2902.0
2018-06-11 14:00,,12.31,300052,12.38,12.29,12.38,,2237.0
2018-06-11 14:30,,12.3,300052,12.32,12.25,12.31,,3552.0
2018-06-11 15:00,,12.29,300052,12.3,12.23,12.3,,3416.0
2018-06-12 10:00,,12.33,300052,12.35,12.23,12.3,,4333.0
2018-06-12 10:30,,12.26,300052,12.33,12.16,12.33,,3352.0
2018-06-12 11:00,,12.29,300052,12.34,12.24,12.26,,1743.0
2018-06-12 11:30,,12.33,300052,12.33,12.26,12.29,,2045.0
2018-06-12 13:30,,12.31,300052,12.35,12.31,12.33,,2270.0
2018-06-12 14:00,,12.54,300052,12.67,12.27,12.31,,9553.0
2018-06-12 14:30,,12.52,300052,12.55,12.48,12.54,,5849.0
2018-06-12 15:00,,12.5,300052,12.53,12.48,12.52,,5201.0
2018-06-13 10:00,,12.38,300052,12.53,12.33,12.53,,6575.0
2018-06-13 10:30,,12.42,300052,12.45,12.35,12.38,,3940.0
2018-06-13 11:00,,12.37,300052,12.42,12.35,12.42,,1890.0
2018-06-13 11:30,,12.29,300052,12.38,12.26,12.37,,2061.0
2018-06-13 13:30,,12.3,300052,12.32,12.22,12.29,,2703.0
2018-06-13 14:00,,12.27,300052,12.34,12.27,12.3,,1222.0
2018-06-13 14:30,,12.24,300052,12.31,12.22,12.27,,3076.0
2018-06-13 15:00,,12.12,300052,12.24,12.11,12.24,,5657.0
2018-06-14 10:00,,12.25,300052,12.27,12.02,12.05,,5446.0
2018-06-14 10:30,,12.22,300052,12.25,12.2,12.25,,2783.0
2018-06-14 11:00,,12.2,300052,12.22,12.12,12.22,,1838.0
2018-06-14 11:30,,12.17,300052,12.23,12.16,12.2,,939.0
2018-06-14 13:30,,12.2,300052,12.2,12.14,12.17,,1787.0
2018-06-14 14:00,,12.2,300052,12.2,12.12,12.2,,1741.0
2018-06-14 14:30,,12.22,300052,12.23,12.14,12.2,,2289.0
2018-06-14 15:00,,12.14,300052,12.23,12.14,12.22,,3315.0
2018-06-15 10:00,,12.11,300052,12.24,12.08,12.24,,4004.0
2018-06-15 10:30,,12.08,300052,12.17,12.06,12.12,,3318.0
2018-06-15 11:00,,11.96,300052,12.14,11.87,12.08,,5499.0
2018-06-15 11:30,,11.7,300052,12.0,11.6,11.96,,6523.0
2018-06-15 13:30,,11.76,300052,11.83,11.67,11.7,,3375.0
2018-06-15 14:00,,11.76,300052,11.86,11.76,11.76,,2174.0
2018-06-15 14:30,,11.77,300052,11.86,11.73,11.76,,2044.0
2018-06-15 15:00,,11.83,300052,11.84,11.66,11.77,,5896.0
2018-06-19 10:00,,11.37,300052,11.58,11.28,11.58,,8443.0
2018-06-19 10:30,,11.25,300052,11.39,11.22,11.37,,4751.0
2018-06-19 11:00,,11.18,300052,11.3,11.18,11.26,,3480.0
2018-06-19 11:30,,10.72,300052,11.18,10.71,11.18,,9951.0
2018-06-19 13:30,,10.78,300052,10.85,10.72,10.72,,3582.0
2018-06-19 14:00,,10.69,300052,10.8,10.69,10.78,,4006.0
2018-06-19 14:30,,10.65,300052,10.69,10.65,10.69,,5716.0
2018-06-19 15:00,,10.65,300052,10.65,10.65,10.65,,1072.0
2018-06-20 10:00,,10.61,300052,10.68,10.38,10.38,,8854.0
2018-06-20 10:30,,10.52,300052,10.66,10.51,10.61,,2829.0
2018-06-20 11:00,,10.38,300052,10.56,10.38,10.52,,3214.0
2018-06-20 11:30,,10.48,300052,10.49,10.25,10.38,,4737.0
2018-06-20 13:30,,10.78,300052,10.84,10.47,10.48,,6076.0
2018-06-20 14:00,,10.78,300052,10.87,10.75,10.78,,2824.0
2018-06-20 14:30,,10.78,300052,10.8,10.75,10.78,,2562.0
2018-06-20 15:00,,10.56,300052,10.78,10.56,10.78,,4934.0
2018-06-21 10:00,,10.62,300052,10.67,10.56,10.56,,3419.0
2018-06-21 10:30,,10.58,300052,10.63,10.52,10.62,,3030.0
2018-06-21 11:00,,10.49,300052,10.58,10.43,10.58,,1457.0
2018-06-21 11:30,,10.05,300052,10.49,10.02,10.49,,8709.0
2018-06-21 13:30,,9.94,300052,10.1,9.65,10.05,,11213.0
2018-06-21 14:00,,9.91,300052,9.95,9.72,9.94,,4621.0
2018-06-21 14:30,,9.84,300052,9.93,9.72,9.91,,5034.0
2018-06-21 15:00,,9.74,300052,9.92,9.72,9.84,,8465.0
2018-06-22 10:00,,9.88,300052,9.94,9.53,9.6,,8978.0
2018-06-22 10:30,,9.93,300052,10.02,9.86,9.88,,4197.0
2018-06-22 11:00,,10.04,300052,10.05,9.86,9.93,,5114.0
2018-06-22 11:30,,10.0,300052,10.09,9.98,10.04,,2558.0
2018-06-22 13:30,,10.02,300052,10.07,10.0,10.0,,1807.0
2018-06-22 14:00,,9.94,300052,10.03,9.86,10.02,,4513.0
2018-06-22 14:30,,9.93,300052,9.95,9.85,9.94,,3221.0
2018-06-22 15:00,,9.95,300052,9.97,9.89,9.93,,4467.0
2018-06-25 10:00,,10.0,300052,10.11,9.95,10.05,,6410.0
2018-06-25 10:30,,10.23,300052,10.28,9.95,10.0,,11947.0
2018-06-25 11:00,,10.2,300052,10.24,10.14,10.23,,4843.0
2018-06-25 11:30,,10.18,300052,10.21,10.15,10.2,,1179.0
2018-06-25 13:30,,10.17,300052,10.2,10.13,10.18,,2006.0
2018-06-25 14:00,,10.07,300052,10.17,10.03,10.17,,3463.0
2018-06-25 14:30,,10.06,300052,10.13,10.03,10.07,,1966.0
2018-06-25 15:00,,10.06,300052,10.07,10.0,10.06,,4093.0
2018-06-26 10:00,,10.07,300052,10.13,9.81,9.93,,7640.0
2018-06-26 10:30,,10.16,300052,10.24,10.03,10.07,,5104.0
2018-06-26 11:00,,10.25,300052,10.27,10.16,10.16,,5188.0
2018-06-26 11:30,,10.25,300052,10.33,10.2,10.25,,5168.0
2018-06-26 13:30,,10.28,300052,10.32,10.25,10.25,,3645.0
2018-06-26 14:00,,10.22,300052,10.28,10.18,10.28,,2575.0
2018-06-26 14:30,,10.21,300052,10.25,10.19,10.22,,1510.0
2018-06-26 15:00,,10.27,300052,10.27,10.2,10.21,,4327.0
2018-06-27 10:00,,10.31,300052,10.4,10.25,10.29,,7944.0
2018-06-27 10:30,,10.35,300052,10.4,10.23,10.31,,5631.0
2018-06-27 11:00,,10.27,300052,10.36,10.27,10.35,,2468.0
2018-06-27 11:30,,10.27,300052,10.3,10.24,10.27,,1475.0
2018-06-27 13:30,,10.26,300052,10.28,10.2,10.27,,1402.0
2018-06-27 14:00,,10.16,300052,10.3,10.12,10.26,,3727.0
2018-06-27 14:30,,10.18,300052,10.24,10.16,10.16,,1664.0
2018-06-27 15:00,,10.24,300052,10.28,10.18,10.18,,4171.0
2018-06-28 10:00,,10.4,300052,10.41,10.2,10.2,,5462.0
2018-06-28 10:30,,10.27,300052,10.41,10.25,10.4,,2875.0
2018-06-28 11:00,,10.26,300052,10.34,10.24,10.27,,2336.0
2018-06-28 11:30,,10.32,300052,10.36,10.26,10.26,,3446.0
2018-06-28 13:30,,10.3,300052,10.35,10.27,10.32,,1145.0
2018-06-28 14:00,,10.25,300052,10.3,10.24,10.3,,1180.0
2018-06-28 14:30,,10.21,300052,10.28,10.21,10.25,,1837.0
2018-06-28 15:00,,10.14,300052,10.24,10.14,10.21,,5472.0
2018-06-29 10:00,,10.32,300052,10.32,10.12,10.15,,2802.0
2018-06-29 10:30,,10.37,300052,10.4,10.27,10.32,,5221.0
2018-06-29 11:00,,10.4,300052,10.42,10.32,10.37,,4408.0
2018-06-29 11:30,,10.55,300052,10.58,10.37,10.4,,6570.0
2018-06-29 13:30,,10.53,300052,10.6,10.5,10.55,,4410.0
2018-06-29 14:00,,10.76,300052,11.08,10.49,10.53,,13085.0
2018-06-29 14:30,,10.79,300052,10.81,10.7,10.76,,4492.0
2018-06-29 15:00,,10.66,300052,10.8,10.65,10.79,,7191.0
2018-07-02 10:00,,10.65,300052,10.8,10.51,10.54,,9626.0
2018-07-02 10:30,,10.49,300052,10.66,10.49,10.65,,5763.0
2018-07-02 11:00,,10.59,300052,10.61,10.48,10.49,,2476.0
2018-07-02 11:30,,10.57,300052,10.66,10.55,10.59,,2393.0
2018-07-02 13:30,,10.52,300052,10.6,10.52,10.57,,1793.0
2018-07-02 14:00,,10.55,300052,10.59,10.5,10.52,,2145.0
2018-07-02 14:30,,10.33,300052,10.55,10.33,10.55,,5588.0
2018-07-02 15:00,,10.43,300052,10.44,10.3,10.33,,5392.0
2018-07-03 10:00,,10.37,300052,10.62,10.35,10.43,,6376.0
2018-07-03 10:30,,10.49,300052,10.57,10.37,10.37,,3404.0
2018-07-03 11:00,,10.45,300052,10.5,10.42,10.49,,1664.0
2018-07-03 11:30,,10.46,300052,10.47,10.36,10.45,,3697.0
2018-07-03 13:30,,10.58,300052,10.58,10.42,10.46,,3202.0
2018-07-03 14:00,,10.57,300052,10.64,10.56,10.58,,5185.0
2018-07-03 14:30,,10.66,300052,10.78,10.57,10.57,,6528.0
2018-07-03 15:00,,10.68,300052,10.72,10.6,10.66,,6534.0
2018-07-04 10:00,,10.48,300052,10.64,10.46,10.62,,8542.0
2018-07-04 10:30,,10.41,300052,10.54,10.35,10.48,,5449.0
2018-07-04 11:00,,10.4,300052,10.5,10.39,10.41,,2094.0
2018-07-04 11:30,,10.43,300052,10.44,10.35,10.4,,3191.0
2018-07-04 13:30,,10.44,300052,10.46,10.4,10.43,,927.0
2018-07-04 14:00,,10.36,300052,10.44,10.33,10.44,,1758.0
2018-07-04 14:30,,10.31,300052,10.38,10.26,10.36,,3160.0
2018-07-04 15:00,,10.33,300052,10.36,10.24,10.31,,5137.0
2018-07-05 10:00,,10.33,300052,10.41,10.18,10.36,,5002.0
2018-07-05 10:30,,10.35,300052,10.36,10.27,10.33,,1988.0
2018-07-05 11:00,,10.38,300052,10.47,10.34,10.35,,2502.0
2018-07-05 11:30,,10.3,300052,10.4,10.3,10.38,,1195.0
2018-07-05 13:30,,10.31,300052,10.38,10.22,10.3,,1600.0
2018-07-05 14:00,,10.25,300052,10.33,10.22,10.31,,2140.0
2018-07-05 14:30,,10.13,300052,10.26,10.12,10.25,,3324.0
2018-07-05 15:00,,10.05,300052,10.15,10.02,10.13,,6477.0
2018-07-06 10:00,,10.22,300052,10.4,10.05,10.13,,6972.0
2018-07-06 10:30,,10.17,300052,10.28,10.06,10.22,,3384.0
2018-07-06 11:00,,10.1,300052,10.18,10.06,10.17,,3062.0
2018-07-06 11:30,,10.25,300052,10.27,9.94,10.1,,4614.0
2018-07-06 13:30,,10.38,300052,10.4,10.21,10.25,,7010.0
2018-07-06 14:00,,10.34,300052,10.38,10.28,10.38,,3130.0
2018-07-06 14:30,,10.25,300052,10.36,10.23,10.34,,2337.0
2018-07-06 15:00,,10.23,300052,10.28,10.15,10.25,,5446.0
2018-07-09 10:00,,10.38,300052,10.43,10.29,10.32,,6517.0
2018-07-09 10:30,,10.44,300052,10.44,10.37,10.38,,3420.0
2018-07-09 11:00,,10.42,300052,10.44,10.36,10.44,,1986.0
2018-07-09 11:30,,10.44,300052,10.49,10.39,10.42,,3114.0
2018-07-09 13:30,,10.44,300052,10.54,10.43,10.44,,2611.0
2018-07-09 14:00,,10.47,300052,10.5,10.42,10.44,,2043.0
2018-07-09 14:30,,10.44,300052,10.5,10.43,10.47,,3315.0
2018-07-09 15:00,,10.5,300052,10.5,10.43,10.44,,6955.0
2018-07-10 10:00,,10.49,300052,10.56,10.44,10.55,,4392.0
2018-07-10 10:30,,10.54,300052,10.56,10.48,10.49,,3685.0
2018-07-10 11:00,,10.47,300052,10.54,10.47,10.54,,2969.0
2018-07-10 11:30,,10.53,300052,10.55,10.46,10.47,,2986.0
2018-07-10 13:30,,10.47,300052,10.54,10.47,10.53,,1868.0
2018-07-10 14:00,,10.55,300052,10.71,10.46,10.47,,8379.0
2018-07-10 14:30,,10.59,300052,10.61,10.52,10.55,,3208.0
2018-07-10 15:00,,10.56,300052,10.6,10.55,10.59,,4396.0
2018-07-11 10:00,,10.89,300052,11.07,10.5,10.66,,44757.0
2018-07-11 10:30,,10.9,300052,10.94,10.87,10.89,,9412.0
2018-07-11 11:00,,10.83,300052,10.9,10.81,10.9,,5263.0
2018-07-11 11:30,,10.77,300052,10.85,10.76,10.83,,4308.0
2018-07-11 13:30,,10.69,300052,10.78,10.67,10.77,,3877.0
2018-07-11 14:00,,10.64,300052,10.74,10.63,10.69,,6821.0
2018-07-11 14:30,,10.74,300052,10.78,10.61,10.64,,6313.0
2018-07-11 15:00,,10.82,300052,10.88,10.71,10.74,,10377.0
2018-07-12 10:00,,10.85,300052,10.85,10.6,10.71,,17504.0
2018-07-12 10:30,,10.92,300052,10.94,10.78,10.85,,9665.0
2018-07-12 11:00,,10.95,300052,10.98,10.83,10.92,,9068.0
2018-07-12 11:30,,10.96,300052,10.97,10.9,10.95,,7187.0
2018-07-12 13:30,,10.96,300052,11.03,10.95,10.96,,9913.0
2018-07-12 14:00,,10.96,300052,10.99,10.93,10.96,,4926.0
2018-07-12 14:30,,11.44,300052,11.86,10.94,10.96,,33687.0
2018-07-12 15:00,,11.35,300052,11.46,11.22,11.44,,13508.0
2018-07-13 10:00,,11.17,300052,11.3,11.1,11.28,,18151.0
2018-07-13 10:30,,11.13,300052,11.24,11.13,11.17,,5230.0
2018-07-13 11:00,,11.17,300052,11.22,11.09,11.13,,4491.0
2018-07-13 11:30,,11.21,300052,11.21,11.13,11.17,,3756.0
2018-07-13 13:30,,11.16,300052,11.36,11.14,11.21,,6472.0
2018-07-13 14:00,,11.04,300052,11.18,11.0,11.16,,6600.0
2018-07-13 14:30,,11.12,300052,11.18,11.01,11.04,,4597.0
2018-07-13 15:00,,11.07,300052,11.17,11.07,11.12,,9120.0
2018-07-16 10:00,,11.02,300052,11.18,10.98,11.07,,8696.0
2018-07-16 10:30,,11.09,300052,11.12,11.01,11.04,,3901.0
2018-07-16 11:00,,11.15,300052,11.18,11.07,11.09,,3265.0
2018-07-16 11:30,,11.18,300052,11.21,11.13,11.15,,3269.0
2018-07-16 13:30,,11.05,300052,11.19,11.04,11.18,,2451.0
2018-07-16 14:00,,11.06,300052,11.14,11.05,11.05,,3192.0
2018-07-16 14:30,,10.99,300052,11.08,10.98,11.06,,5189.0
2018-07-16 15:00,,11.05,300052,11.09,10.98,10.99,,7327.0
2018-07-17 10:00,,11.13,300052,11.21,11.01,11.01,,9631.0
2018-07-17 10:30,,11.16,300052,11.28,11.12,11.13,,11764.0
2018-07-17 11:00,,11.14,300052,11.16,11.09,11.16,,4221.0
2018-07-17 11:30,,11.1,300052,11.14,11.07,11.14,,2282.0
2018-07-17 13:30,,11.1,300052,11.13,11.08,11.1,,1744.0
2018-07-17 14:00,,11.05,300052,11.1,11.04,11.1,,1705.0
2018-07-17 14:30,,11.14,300052,11.14,10.95,11.05,,6101.0
2018-07-17 15:00,,11.15,300052,11.18,11.1,11.14,,6348.0
2018-07-18 10:00,,11.08,300052,11.23,11.06,11.11,,11128.0
2018-07-18 10:30,,11.18,300052,11.18,11.07,11.08,,3463.0
2018-07-18 11:00,,11.15,300052,11.18,11.12,11.18,,2338.0
2018-07-18 11:30,,11.14,300052,11.15,11.1,11.15,,1659.0
2018-07-18 13:30,,11.13,300052,11.16,11.11,11.14,,1768.0
2018-07-18 14:00,,11.04,300052,11.14,11.04,11.13,,2718.0
2018-07-18 14:30,,10.95,300052,11.04,10.93,11.04,,7902.0
2018-07-18 15:00,,10.84,300052,10.98,10.82,10.95,,8357.0
2018-07-19 10:00,,10.94,300052,10.96,10.84,10.87,,5285.0
2018-07-19 10:30,,10.94,300052,10.95,10.85,10.94,,2934.0
2018-07-19 11:00,,10.99,300052,11.14,10.94,10.94,,7436.0
2018-07-19 11:30,,10.88,300052,11.0,10.85,10.99,,1675.0
2018-07-19 13:30,,10.89,300052,10.94,10.84,10.88,,1644.0
2018-07-19 14:00,,10.89,300052,10.97,10.83,10.89,,3154.0
2018-07-19 14:30,,10.88,300052,10.94,10.85,10.89,,2792.0
2018-07-19 15:00,,10.86,300052,10.9,10.82,10.88,,4208.0
2018-07-20 10:00,,10.8,300052,10.87,10.63,10.84,,4472.0
2018-07-20 10:30,,10.98,300052,10.98,10.79,10.8,,4709.0
2018-07-20 11:00,,10.95,300052,11.02,10.9,10.98,,3050.0
2018-07-20 11:30,,10.91,300052,10.95,10.85,10.95,,1615.0
2018-07-20 13:30,,10.98,300052,10.98,10.87,10.91,,1928.0
2018-07-20 14:00,,11.06,300052,11.08,10.98,10.98,,6644.0
2018-07-20 14:30,,11.05,300052,11.08,11.02,11.06,,4472.0
2018-07-20 15:00,,11.03,300052,11.05,10.97,11.05,,6335.0
2018-07-23 10:00,,11.09,300052,11.13,10.94,10.96,,7329.0
2018-07-23 10:30,,11.14,300052,11.16,11.07,11.09,,5329.0
2018-07-23 11:00,,11.12,300052,11.2,11.1,11.14,,6515.0
2018-07-23 11:30,,11.14,300052,11.14,11.07,11.12,,2410.0
2018-07-23 13:30,,11.11,300052,11.15,11.09,11.14,,2649.0
2018-07-23 14:00,,11.06,300052,11.11,11.06,11.11,,1952.0
2018-07-23 14:30,,11.14,300052,11.17,11.06,11.06,,2773.0
2018-07-23 15:00,,11.15,300052,11.15,11.08,11.14,,6758.0
2018-07-24 10:00,,11.2,300052,11.23,11.1,11.11,,8728.0
2018-07-24 10:30,,11.39,300052,11.42,11.18,11.2,,16525.0
2018-07-24 11:00,,11.33,300052,11.4,11.27,11.39,,5591.0
2018-07-24 11:30,,11.29,300052,11.33,11.24,11.33,,3416.0
2018-07-24 13:30,,11.32,300052,11.38,11.28,11.29,,2946.0
2018-07-24 14:00,,11.29,300052,11.32,11.27,11.32,,2873.0
2018-07-24 14:30,,11.35,300052,11.45,11.26,11.29,,7328.0
2018-07-24 15:00,,11.25,300052,11.36,11.2,11.35,,8299.0
2018-07-25 10:00,,11.98,300052,12.38,11.91,12.38,,111981.0
2018-07-25 10:30,,11.83,300052,11.99,11.73,11.98,,18848.0
2018-07-25 11:00,,11.9,300052,11.98,11.8,11.83,,9591.0
2018-07-25 11:30,,11.96,300052,11.99,11.87,11.9,,6019.0
2018-07-25 13:30,,11.89,300052,12.0,11.85,11.96,,7155.0
2018-07-25 14:00,,11.82,300052,11.94,11.82,11.89,,4268.0
2018-07-25 14:30,,11.88,300052,12.0,11.79,11.82,,10398.0
2018-07-25 15:00,,11.84,300052,11.94,11.82,11.88,,17260.0
2018-07-26 10:00,,11.3,300052,11.43,11.01,11.18,,51872.0
2018-07-26 10:30,,11.34,300052,11.42,11.24,11.3,,14692.0
2018-07-26 11:00,,11.26,300052,11.37,11.21,11.34,,11067.0
2018-07-26 11:30,,11.26,300052,11.3,11.2,11.26,,8227.0
2018-07-26 13:30,,11.27,300052,11.28,11.2,11.26,,6898.0
2018-07-26 14:00,,11.22,300052,11.29,11.19,11.27,,9343.0
2018-07-26 14:30,,11.23,300052,11.27,11.18,11.22,,6467.0
2018-07-26 15:00,,11.22,300052,11.29,11.18,11.23,,14528.0
2018-07-27 10:00,,11.02,300052,11.14,11.0,11.0,,16514.0
2018-07-27 10:30,,11.0,300052,11.06,10.97,11.02,,11231.0
2018-07-27 11:00,,11.01,300052,11.04,10.93,11.0,,8372.0
2018-07-27 11:30,,11.0,300052,11.07,10.99,11.01,,4088.0
2018-07-27 13:30,,11.04,300052,11.06,11.0,11.0,,1519.0
2018-07-27 14:00,,10.99,300052,11.05,10.96,11.04,,4666.0
2018-07-27 14:30,,10.99,300052,11.01,10.95,10.99,,3085.0
2018-07-27 15:00,,10.92,300052,11.02,10.92,10.99,,8406.0
2018-07-30 10:00,,10.93,300052,10.98,10.87,10.97,,7874.0
2018-07-30 10:30,,10.91,300052,10.98,10.89,10.93,,4702.0
2018-07-30 11:00,,10.74,300052,10.91,10.74,10.91,,6238.0
2018-07-30 11:30,,10.79,300052,10.8,10.68,10.74,,4785.0
2018-07-30 13:30,,10.77,300052,10.8,10.7,10.79,,1945.0
2018-07-30 14:00,,10.65,300052,10.77,10.64,10.77,,5438.0
2018-07-30 14:30,,10.68,300052,10.73,10.65,10.65,,2358.0
2018-07-30 15:00,,10.66,300052,10.74,10.63,10.68,,1563.0
2018-07-31 10:00,,10.74,300052,10.77,10.7,10.76,,4298.0
2018-07-31 10:30,,10.72,300052,10.77,10.7,10.74,,4049.0
2018-07-31 11:00,,10.8,300052,10.87,10.72,10.72,,3790.0
2018-07-31 11:30,,10.79,300052,10.82,10.76,10.8,,1280.0
2018-07-31 13:30,,10.74,300052,10.79,10.72,10.79,,1980.0
2018-07-31 14:00,,10.77,300052,10.8,10.74,10.74,,2094.0
2018-07-31 14:30,,10.73,300052,10.78,10.73,10.77,,1654.0
2018-07-31 15:00,,10.83,300052,10.83,10.7,10.73,,6246.0
2018-08-01 10:00,,10.89,300052,10.9,10.77,10.81,,5285.0
2018-08-01 10:30,,10.88,300052,10.96,10.85,10.89,,5552.0
2018-08-01 11:00,,10.78,300052,10.88,10.76,10.88,,3275.0
2018-08-01 11:30,,10.78,300052,10.8,10.76,10.78,,1780.0
2018-08-01 13:30,,10.75,300052,10.83,10.75,10.78,,960.0
2018-08-01 14:00,,10.72,300052,10.77,10.72,10.75,,2501.0
2018-08-01 14:30,,10.58,300052,10.74,10.58,10.72,,5010.0
2018-08-01 15:00,,10.49,300052,10.6,10.46,10.58,,8888.0
2018-08-02 10:00,,10.19,300052,10.55,10.15,10.44,,9316.0
2018-08-02 10:30,,10.15,300052,10.25,10.02,10.19,,5838.0
2018-08-02 11:00,,10.09,300052,10.15,9.99,10.15,,5486.0
2018-08-02 11:30,,10.05,300052,10.12,10.04,10.09,,2085.0
2018-08-02 13:30,,9.95,300052,10.06,9.85,10.05,,6643.0
2018-08-02 14:00,,10.01,300052,10.04,9.92,9.95,,3030.0
2018-08-02 14:30,,10.09,300052,10.11,9.97,10.01,,3236.0
2018-08-02 15:00,,10.13,300052,10.19,10.08,10.09,,4753.0
2018-08-03 10:00,,10.14,300052,10.21,10.08,10.1,,5037.0
2018-08-03 10:30,,10.17,300052,10.19,10.1,10.14,,2607.0
2018-08-03 11:00,,10.14,300052,10.17,10.06,10.17,,2421.0
2018-08-03 11:30,,10.19,300052,10.21,10.12,10.14,,1650.0
2018-08-03 13:30,,10.16,300052,10.19,10.14,10.19,,1298.0
2018-08-03 14:00,,10.13,300052,10.17,10.11,10.16,,1215.0
2018-08-03 14:30,,10.15,300052,10.16,10.12,10.13,,1671.0
2018-08-03 15:00,,10.0,300052,10.15,10.0,10.15,,4994.0
2018-08-06 10:00,,10.16,300052,10.17,9.92,10.0,,6749.0
2018-08-06 10:30,,10.15,300052,10.2,10.12,10.16,,2275.0
2018-08-06 11:00,,10.04,300052,10.15,10.02,10.15,,3280.0
2018-08-06 11:30,,10.01,300052,10.07,9.99,10.04,,1468.0
2018-08-06 13:30,,10.11,300052,10.11,9.95,10.01,,2263.0
2018-08-06 14:00,,10.05,300052,10.12,10.03,10.11,,1130.0
2018-08-06 14:30,,10.0,300052,10.05,9.96,10.05,,2033.0
2018-08-06 15:00,,10.0,300052,10.09,9.88,10.0,,5575.0
2018-08-07 10:00,,10.14,300052,10.17,10.01,10.01,,5331.0
2018-08-07 10:30,,10.13,300052,10.14,10.03,10.14,,2454.0
2018-08-07 11:00,,10.18,300052,10.24,10.12,10.13,,5195.0
2018-08-07 11:30,,10.21,300052,10.26,10.18,10.18,,3392.0
2018-08-07 13:30,,10.22,300052,10.24,10.2,10.21,,2249.0
2018-08-07 14:00,,10.23,300052,10.24,10.21,10.22,,1301.0
2018-08-07 14:30,,10.26,300052,10.29,10.21,10.23,,4476.0
2018-08-07 15:00,,10.32,300052,10.34,10.24,10.26,,6507.0
2018-08-08 10:00,,10.48,300052,10.56,10.26,10.45,,13340.0
2018-08-08 10:30,,10.5,300052,10.65,10.45,10.48,,9908.0
2018-08-08 11:00,,10.54,300052,10.57,10.46,10.5,,4207.0
2018-08-08 11:30,,10.5,300052,10.54,10.43,10.54,,4746.0
2018-08-08 13:30,,10.38,300052,10.51,10.36,10.5,,2972.0
2018-08-08 14:00,,10.34,300052,10.44,10.34,10.38,,4289.0
2018-08-08 14:30,,10.46,300052,10.46,10.32,10.34,,5225.0
2018-08-08 15:00,,10.3,300052,10.46,10.28,10.46,,4751.0
2018-08-09 10:00,,10.4,300052,10.44,10.18,10.2,,9069.0
2018-08-09 10:30,,10.5,300052,10.56,10.4,10.4,,10081.0
2018-08-09 11:00,,10.56,300052,10.6,10.49,10.5,,5790.0
2018-08-09 11:30,,10.62,300052,10.64,10.51,10.56,,5880.0
2018-08-09 13:30,,10.6,300052,10.64,10.57,10.62,,4811.0
2018-08-09 14:00,,10.59,300052,10.62,10.54,10.6,,4574.0
2018-08-09 14:30,,10.56,300052,10.6,10.54,10.59,,2929.0
2018-08-09 15:00,,10.57,300052,10.62,10.53,10.56,,8416.0
2018-08-10 10:00,,10.61,300052,10.64,10.5,10.55,,8972.0
2018-08-10 10:30,,10.56,300052,10.63,10.56,10.61,,4844.0
2018-08-10 11:00,,10.56,300052,10.57,10.52,10.56,,2191.0
2018-08-10 11:30,,10.55,300052,10.57,10.51,10.56,,2359.0
2018-08-10 13:30,,10.51,300052,10.56,10.51,10.55,,1727.0
2018-08-10 14:00,,10.53,300052,10.54,10.48,10.51,,2915.0
2018-08-10 14:30,,10.78,300052,10.95,10.51,10.53,,26470.0
2018-08-10 15:00,,10.78,300052,10.81,10.77,10.78,,10522.0
2018-08-13 10:00,,10.64,300052,10.7,10.54,10.56,,14068.0
2018-08-13 10:30,,10.74,300052,10.74,10.62,10.64,,5686.0
2018-08-13 11:00,,10.63,300052,10.75,10.63,10.74,,3365.0
2018-08-13 11:30,,10.59,300052,10.64,10.58,10.63,,2028.0
2018-08-13 13:30,,10.62,300052,10.65,10.57,10.59,,3497.0
2018-08-13 14:00,,10.65,300052,10.67,10.59,10.62,,3414.0
2018-08-13 14:30,,10.85,300052,10.92,10.65,10.65,,13198.0
2018-08-13 15:00,,10.98,300052,11.08,10.83,10.85,,17783.0
2018-08-14 10:00,,10.81,300052,10.95,10.74,10.95,,11498.0
2018-08-14 10:30,,10.83,300052,10.86,10.75,10.81,,4331.0
2018-08-14 11:00,,10.75,300052,10.84,10.75,10.83,,5373.0
2018-08-14 11:30,,10.77,300052,10.82,10.75,10.75,,4153.0
2018-08-14 13:30,,10.75,300052,10.79,10.75,10.77,,2400.0
2018-08-14 14:00,,10.77,300052,10.82,10.73,10.75,,2069.0
2018-08-14 14:30,,10.79,300052,10.79,10.73,10.77,,2678.0
2018-08-14 15:00,,10.75,300052,10.81,10.74,10.79,,6340.0
2018-08-15 10:00,,10.73,300052,10.8,10.7,10.7,,5196.0
2018-08-15 10:30,,10.69,300052,10.77,10.69,10.73,,3186.0
2018-08-15 11:00,,10.65,300052,10.7,10.61,10.69,,4663.0
2018-08-15 11:30,,10.52,300052,10.65,10.45,10.65,,4876.0
2018-08-15 13:30,,10.61,300052,10.61,10.51,10.52,,1937.0
2018-08-15 14:00,,10.51,300052,10.61,10.48,10.61,,2881.0
2018-08-15 14:30,,10.49,300052,10.58,10.47,10.51,,1656.0
2018-08-15 15:00,,10.42,300052,10.49,10.33,10.49,,8470.0
2018-08-16 10:00,,10.35,300052,10.37,10.1,10.23,,8757.0
2018-08-16 10:30,,10.35,300052,10.47,10.34,10.35,,4372.0
2018-08-16 11:00,,10.35,300052,10.44,10.3,10.35,,2526.0
2018-08-16 11:30,,10.27,300052,10.35,10.22,10.35,,1447.0
2018-08-16 13:30,,10.52,300052,10.57,10.27,10.27,,4528.0
2018-08-16 14:00,,10.48,300052,10.53,10.4,10.52,,2790.0
2018-08-16 14:30,,10.39,300052,10.48,10.38,10.48,,3288.0
2018-08-16 15:00,,10.32,300052,10.4,10.27,10.39,,3944.0
2018-08-17 10:00,,10.42,300052,10.55,10.39,10.49,,5520.0
2018-08-17 10:30,,10.36,300052,10.43,10.36,10.42,,1626.0
2018-08-17 11:00,,10.37,300052,10.4,10.33,10.36,,1649.0
2018-08-17 11:30,,10.3,300052,10.41,10.3,10.37,,1909.0
2018-08-17 13:30,,10.22,300052,10.3,10.19,10.3,,3087.0
2018-08-17 14:00,,10.28,300052,10.3,10.13,10.22,,3230.0
2018-08-17 14:30,,10.22,300052,10.28,10.15,10.28,,3159.0
2018-08-17 15:00,,10.05,300052,10.22,10.02,10.22,,8991.0
2018-08-20 10:00,,10.11,300052,10.18,9.98,10.0,,6678.0
2018-08-20 10:30,,10.2,300052,10.28,10.1,10.11,,3882.0
2018-08-20 11:00,,10.1,300052,10.21,10.09,10.2,,2056.0
2018-08-20 11:30,,10.17,300052,10.22,10.04,10.1,,2143.0
2018-08-20 13:30,,10.13,300052,10.2,10.08,10.17,,1075.0
2018-08-20 14:00,,10.14,300052,10.17,10.06,10.13,,2106.0
2018-08-20 14:30,,10.31,300052,10.31,10.13,10.14,,4226.0
2018-08-20 15:00,,10.31,300052,10.31,10.25,10.31,,7143.0
2018-08-21 10:00,,10.28,300052,10.33,10.26,10.3,,5062.0
2018-08-21 10:30,,10.32,300052,10.32,10.22,10.28,,2806.0
2018-08-21 11:00,,10.46,300052,10.47,10.31,10.32,,7432.0
2018-08-21 11:30,,10.42,300052,10.49,10.4,10.46,,2260.0
2018-08-21 13:30,,10.43,300052,10.45,10.4,10.42,,1496.0
2018-08-21 14:00,,10.38,300052,10.43,10.36,10.43,,2590.0
2018-08-21 14:30,,10.38,300052,10.46,10.37,10.38,,2569.0
2018-08-21 15:00,,10.39,300052,10.43,10.37,10.38,,4462.0
2018-08-22 10:00,,10.32,300052,10.41,10.26,10.36,,4481.0
2018-08-22 10:30,,10.49,300052,10.58,10.31,10.32,,9116.0
2018-08-22 11:00,,10.4,300052,10.49,10.37,10.49,,2162.0
2018-08-22 11:30,,10.38,300052,10.45,10.36,10.4,,1278.0
2018-08-22 13:30,,10.34,300052,10.39,10.32,10.38,,1628.0
2018-08-22 14:00,,10.34,300052,10.37,10.32,10.34,,1544.0
2018-08-22 14:30,,10.36,300052,10.45,10.34,10.34,,1997.0
2018-08-22 15:00,,10.29,300052,10.42,10.29,10.36,,3694.0
2018-08-23 10:00,,10.36,300052,10.39,10.22,10.22,,4258.0
2018-08-23 10:30,,10.45,300052,10.48,10.36,10.36,,4183.0
2018-08-23 11:00,,10.35,300052,10.45,10.32,10.45,,2683.0
2018-08-23 11:30,,10.31,300052,10.37,10.29,10.35,,1761.0
2018-08-23 13:30,,10.38,300052,10.42,10.27,10.31,,1829.0
2018-08-23 14:00,,10.42,300052,10.43,10.33,10.38,,3519.0
2018-08-23 14:30,,10.4,300052,10.44,10.37,10.42,,2854.0
2018-08-23 15:00,,10.36,300052,10.41,10.33,10.4,,4438.0
2018-08-24 10:00,,10.43,300052,10.46,10.27,10.27,,5841.0
2018-08-24 10:30,,10.37,300052,10.45,10.37,10.43,,3315.0
2018-08-24 11:00,,10.53,300052,10.61,10.36,10.37,,14551.0
2018-08-24 11:30,,10.58,300052,10.58,10.5,10.53,,5461.0
2018-08-24 13:30,,10.57,300052,10.66,10.55,10.58,,5972.0
2018-08-24 14:00,,10.55,300052,10.62,10.55,10.57,,3138.0
2018-08-24 14:30,,10.5,300052,10.55,10.48,10.55,,3549.0
2018-08-24 15:00,,10.5,300052,10.52,10.45,10.5,,4550.0
2018-08-27 10:00,,10.54,300052,10.58,10.38,10.43,,7946.0
2018-08-27 10:30,,10.53,300052,10.63,10.51,10.54,,4304.0
2018-08-27 11:00,,10.6,300052,10.62,10.52,10.53,,6919.0
2018-08-27 11:30,,10.64,300052,10.64,10.6,10.6,,4286.0
2018-08-27 13:30,,10.68,300052,10.74,10.64,10.64,,6114.0
2018-08-27 14:00,,10.71,300052,10.72,10.66,10.68,,4563.0
2018-08-27 14:30,,10.7,300052,10.72,10.66,10.71,,3890.0
2018-08-27 15:00,,10.68,300052,10.71,10.65,10.7,,6917.0
2018-08-28 10:00,,10.67,300052,10.7,10.6,10.66,,9752.0
2018-08-28 10:30,,10.71,300052,10.74,10.61,10.67,,5247.0
2018-08-28 11:00,,10.6,300052,10.71,10.6,10.71,,4228.0
2018-08-28 11:30,,10.64,300052,10.65,10.59,10.6,,1657.0
2018-08-28 13:30,,10.63,300052,10.66,10.59,10.64,,2061.0
2018-08-28 14:00,,10.61,300052,10.69,10.6,10.63,,1665.0
2018-08-28 14:30,,10.56,300052,10.61,10.52,10.61,,4309.0
2018-08-28 15:00,,10.62,300052,10.65,10.54,10.56,,5360.0
2018-08-29 10:00,,10.58,300052,10.63,10.55,10.62,,2361.0
2018-08-29 10:30,,10.59,300052,10.6,10.48,10.58,,6207.0
2018-08-29 11:00,,10.81,300052,10.85,10.55,10.59,,20335.0
2018-08-29 11:30,,10.79,300052,10.84,10.74,10.81,,9868.0
2018-08-29 13:30,,10.74,300052,10.8,10.72,10.79,,2428.0
2018-08-29 14:00,,10.7,300052,10.76,10.7,10.74,,3199.0
2018-08-29 14:30,,10.68,300052,10.73,10.67,10.7,,2580.0
2018-08-29 15:00,,10.73,300052,10.73,10.65,10.68,,5878.0
2018-08-30 10:00,,10.52,300052,10.7,10.41,10.68,,13702.0
2018-08-30 10:30,,10.46,300052,10.56,10.46,10.52,,5116.0
2018-08-30 11:00,,10.4,300052,10.48,10.4,10.46,,5012.0
2018-08-30 11:30,,10.32,300052,10.44,10.31,10.4,,4128.0
2018-08-30 13:30,,10.33,300052,10.38,10.28,10.32,,3620.0
2018-08-30 14:00,,10.31,300052,10.39,10.3,10.33,,2272.0
2018-08-30 14:30,,10.31,300052,10.34,10.22,10.31,,5176.0
2018-08-30 15:00,,10.24,300052,10.32,10.18,10.31,,9728.0
2018-08-31 10:00,,10.22,300052,10.22,10.05,10.08,,7049.0
2018-08-31 10:30,,10.14,300052,10.22,10.07,10.22,,4287.0
2018-08-31 11:00,,10.23,300052,10.23,10.13,10.14,,2586.0
2018-08-31 11:30,,10.18,300052,10.25,10.15,10.23,,1556.0
2018-08-31 13:30,,10.27,300052,10.27,10.17,10.18,,1755.0
2018-08-31 14:00,,10.31,300052,10.36,10.22,10.27,,5753.0
2018-08-31 14:30,,10.29,300052,10.31,10.26,10.31,,1889.0
2018-08-31 15:00,,10.12,300052,10.29,10.1,10.29,,6831.0
2018-09-03 10:00,,10.02,300052,10.16,9.98,10.12,,7000.0
2018-09-03 10:30,,9.93,300052,10.04,9.92,10.02,,5095.0
2018-09-03 11:00,,9.99,300052,10.0,9.91,9.93,,2356.0
2018-09-03 11:30,,9.99,300052,9.99,9.94,9.99,,1509.0
2018-09-03 13:30,,10.0,300052,10.0,9.94,9.99,,1163.0
2018-09-03 14:00,,9.99,300052,10.05,9.99,10.0,,1146.0
2018-09-03 14:30,,10.18,300052,10.22,9.99,9.99,,4819.0
2018-09-03 15:00,,10.21,300052,10.25,10.17,10.18,,5776.0
2018-09-04 10:00,,10.21,300052,10.28,10.1,10.21,,5089.0
2018-09-04 10:30,,10.22,300052,10.22,10.14,10.21,,1677.0
2018-09-04 11:00,,10.15,300052,10.25,10.15,10.22,,2676.0
2018-09-04 11:30,,10.18,300052,10.18,10.12,10.15,,1503.0
2018-09-04 13:30,,10.25,300052,10.26,10.14,10.18,,2541.0
2018-09-04 14:00,,10.32,300052,10.33,10.23,10.25,,3685.0
2018-09-04 14:30,,10.31,300052,10.33,10.26,10.32,,3450.0
2018-09-04 15:00,,10.32,300052,10.37,10.28,10.31,,6982.0
2018-09-05 10:00,,10.32,300052,10.39,10.24,10.32,,6798.0
2018-09-05 10:30,,10.34,300052,10.35,10.29,10.32,,2284.0
2018-09-05 11:00,,10.31,300052,10.35,10.3,10.34,,1505.0
2018-09-05 11:30,,10.24,300052,10.31,10.24,10.31,,2886.0
2018-09-05 13:30,,10.28,300052,10.29,10.23,10.24,,862.0
2018-09-05 14:00,,10.21,300052,10.33,10.21,10.28,,3223.0
2018-09-05 14:30,,10.22,300052,10.29,10.16,10.21,,3037.0
2018-09-05 15:00,,10.07,300052,10.24,10.07,10.22,,4497.0
2018-09-06 10:00,,10.2,300052,10.22,10.05,10.05,,4814.0
2018-09-06 10:30,,10.5,300052,10.6,10.18,10.2,,15204.0
2018-09-06 11:00,,10.32,300052,10.5,10.31,10.5,,4641.0
2018-09-06 11:30,,10.31,300052,10.39,10.24,10.32,,2534.0
2018-09-06 13:30,,10.34,300052,10.34,10.28,10.31,,2132.0
2018-09-06 14:00,,10.24,300052,10.34,10.24,10.34,,2241.0
2018-09-06 14:30,,10.28,300052,10.31,10.2,10.24,,1935.0
2018-09-06 15:00,,10.21,300052,10.34,10.21,10.28,,4005.0
2018-09-07 10:00,,10.31,300052,10.34,10.2,10.21,,5923.0
2018-09-07 10:30,,10.33,300052,10.38,10.31,10.31,,5187.0
2018-09-07 11:00,,10.28,300052,10.34,10.25,10.33,,2549.0
2018-09-07 11:30,,10.14,300052,10.3,10.08,10.28,,2879.0
2018-09-07 13:30,,10.19,300052,10.22,10.07,10.14,,3092.0
2018-09-07 14:00,,10.13,300052,10.19,10.11,10.19,,1846.0
2018-09-07 14:30,,10.15,300052,10.23,10.08,10.13,,3998.0
2018-09-07 15:00,,10.19,300052,10.2,10.13,10.15,,3358.0
2018-09-10 10:00,,10.0,300052,10.19,9.95,10.18,,7650.0
2018-09-10 10:30,,10.0,300052,10.03,9.98,10.0,,4355.0
2018-09-10 11:00,,10.04,300052,10.08,9.98,10.01,,2500.0
2018-09-10 11:30,,9.99,300052,10.05,9.98,10.04,,1924.0
2018-09-10 13:30,,9.98,300052,10.01,9.97,9.99,,2039.0
2018-09-10 14:00,,9.96,300052,9.99,9.89,9.98,,4942.0
2018-09-10 14:30,,9.93,300052,9.96,9.84,9.96,,4323.0
2018-09-10 15:00,,9.86,300052,9.95,9.85,9.93,,4361.0
2018-09-11 10:00,,9.92,300052,9.97,9.85,9.86,,3253.0
2018-09-11 10:30,,9.92,300052,10.0,9.9,9.92,,1762.0
2018-09-11 11:00,,9.95,300052,9.99,9.92,9.92,,1903.0
2018-09-11 11:30,,10.03,300052,10.07,9.95,9.95,,2814.0
2018-09-11 13:30,,9.96,300052,10.05,9.95,10.03,,1410.0
2018-09-11 14:00,,9.97,300052,9.99,9.95,9.96,,695.0
2018-09-11 14:30,,9.95,300052,9.99,9.92,9.97,,1207.0
2018-09-11 15:00,,9.99,300052,10.0,9.94,9.95,,1782.0
2018-09-12 10:00,,9.96,300052,10.02,9.94,10.02,,1842.0
2018-09-12 10:30,,10.06,300052,10.1,9.94,9.96,,3211.0
2018-09-12 11:00,,10.08,300052,10.08,10.03,10.06,,2082.0
2018-09-12 11:30,,10.04,300052,10.08,10.03,10.08,,398.0
2018-09-12 13:30,,10.05,300052,10.05,10.01,10.04,,671.0
2018-09-12 14:00,,10.04,300052,10.08,10.04,10.05,,1252.0
2018-09-12 14:30,,9.96,300052,10.05,9.95,10.04,,2174.0
2018-09-12 15:00,,9.97,300052,9.99,9.91,9.96,,3495.0
2018-09-13 10:00,,10.11,300052,10.15,10.0,10.1,,4877.0
2018-09-13 10:30,,10.03,300052,10.13,10.03,10.11,,1205.0
2018-09-13 11:00,,10.01,300052,10.06,9.98,10.03,,1562.0
2018-09-13 11:30,,10.04,300052,10.09,9.99,10.01,,1715.0
2018-09-13 13:30,,10.0,300052,10.04,9.95,10.04,,1148.0
2018-09-13 14:00,,10.03,300052,10.06,9.99,10.0,,1067.0
2018-09-13 14:30,,10.05,300052,10.09,10.03,10.03,,2348.0
2018-09-13 15:00,,10.08,300052,10.12,10.05,10.05,,5756.0
2018-09-14 10:00,,10.08,300052,10.15,10.03,10.08,,3644.0
2018-09-14 10:30,,10.07,300052,10.13,10.06,10.08,,3008.0
2018-09-14 11:00,,10.02,300052,10.09,10.01,10.07,,2702.0
2018-09-14 11:30,,10.03,300052,10.03,9.97,10.02,,2267.0
2018-09-14 13:30,,10.0,300052,10.04,9.99,10.03,,624.0
2018-09-14 14:00,,10.0,300052,10.06,10.0,10.0,,920.0
2018-09-14 14:30,,9.98,300052,10.03,9.97,10.0,,2071.0
2018-09-14 15:00,,9.89,300052,9.98,9.88,9.98,,4762.0
2018-09-17 10:00,,9.72,300052,9.83,9.7,9.83,,6686.0
2018-09-17 10:30,,9.76,300052,9.77,9.7,9.72,,2164.0
2018-09-17 11:00,,9.72,300052,9.78,9.72,9.76,,1196.0
2018-09-17 11:30,,9.7,300052,9.72,9.66,9.72,,2014.0
2018-09-17 13:30,,9.69,300052,9.72,9.68,9.7,,987.0
2018-09-17 14:00,,9.75,300052,9.76,9.67,9.69,,1731.0
2018-09-17 14:30,,9.73,300052,9.77,9.71,9.75,,1055.0
2018-09-17 15:00,,9.68,300052,9.74,9.68,9.73,,3358.0
2018-09-18 10:00,,9.71,300052,9.75,9.63,9.67,,2669.0
2018-09-18 10:30,,9.71,300052,9.79,9.7,9.71,,1560.0
2018-09-18 11:00,,9.7,300052,9.73,9.68,9.71,,1114.0
2018-09-18 11:30,,9.69,300052,9.72,9.68,9.7,,495.0
2018-09-18 13:30,,9.74,300052,9.76,9.68,9.69,,772.0
2018-09-18 14:00,,9.78,300052,9.79,9.73,9.74,,1821.0
2018-09-18 14:30,,9.87,300052,9.88,9.78,9.78,,4131.0
2018-09-18 15:00,,9.88,300052,9.89,9.84,9.87,,3325.0
2018-09-19 10:00,,9.87,300052,9.9,9.82,9.86,,2413.0
2018-09-19 10:30,,9.92,300052,9.92,9.87,9.87,,2637.0
2018-09-19 11:00,,9.94,300052,9.95,9.9,9.92,,2431.0
2018-09-19 11:30,,9.95,300052,9.99,9.92,9.94,,3035.0
2018-09-19 13:30,,10.0,300052,10.01,9.92,9.95,,3904.0
2018-09-19 14:00,,10.01,300052,10.05,9.99,10.0,,2706.0
2018-09-19 14:30,,9.97,300052,10.02,9.96,10.01,,1696.0
2018-09-19 15:00,,9.95,300052,10.0,9.95,9.97,,3258.0
2018-09-20 10:00,,9.99,300052,10.03,9.92,9.94,,2780.0
2018-09-20 10:30,,9.91,300052,10.0,9.91,9.99,,1985.0
2018-09-20 11:00,,9.92,300052,9.94,9.91,9.91,,1584.0
2018-09-20 11:30,,9.88,300052,9.94,9.88,9.92,,1795.0
2018-09-20 13:30,,9.91,300052,9.92,9.88,9.88,,669.0
2018-09-20 14:00,,9.89,300052,9.94,9.89,9.91,,1158.0
2018-09-20 14:30,,9.89,300052,9.9,9.88,9.89,,1512.0
2018-09-20 15:00,,9.86,300052,9.9,9.85,9.89,,3630.0
2018-09-21 10:00,,9.92,300052,9.96,9.89,9.91,,1949.0
2018-09-21 10:30,,9.86,300052,9.94,9.85,9.92,,1877.0
2018-09-21 11:00,,9.92,300052,9.92,9.86,9.86,,1000.0
2018-09-21 11:30,,9.95,300052,9.97,9.9,9.92,,2046.0
2018-09-21 13:30,,9.97,300052,9.98,9.91,9.95,,3227.0
2018-09-21 14:00,,9.99,300052,10.03,9.97,9.97,,4209.0
2018-09-21 14:30,,10.03,300052,10.04,9.99,9.99,,3630.0
2018-09-21 15:00,,10.01,300052,10.04,10.0,10.03,,5323.0
2018-09-25 10:00,,10.02,300052,10.05,9.9,9.97,,3706.0
2018-09-25 10:30,,10.01,300052,10.06,10.0,10.02,,2033.0
2018-09-25 11:00,,9.99,300052,10.02,9.95,10.01,,2125.0
2018-09-25 11:30,,9.95,300052,9.99,9.93,9.99,,1004.0
2018-09-25 13:30,,9.95,300052,9.98,9.94,9.95,,665.0
2018-09-25 14:00,,9.95,300052,9.96,9.93,9.95,,767.0
2018-09-25 14:30,,9.98,300052,9.99,9.95,9.95,,894.0
2018-09-25 15:00,,9.97,300052,9.99,9.95,9.98,,2860.0
2018-09-26 10:00,,9.99,300052,10.02,9.96,9.99,,2675.0
2018-09-26 10:30,,9.99,300052,10.01,9.95,9.99,,2178.0
2018-09-26 11:00,,10.02,300052,10.03,9.99,9.99,,2351.0
2018-09-26 11:30,,9.99,300052,10.03,9.98,10.02,,1609.0
2018-09-26 13:30,,10.04,300052,10.05,9.98,9.99,,2177.0
2018-09-26 14:00,,10.05,300052,10.06,10.03,10.04,,2551.0
2018-09-26 14:30,,10.02,300052,10.05,10.0,10.05,,1623.0
2018-09-26 15:00,,9.97,300052,10.02,9.97,10.02,,2382.0
2018-09-27 10:00,,10.04,300052,10.04,9.95,9.98,,3295.0
2018-09-27 10:30,,10.0,300052,10.04,9.97,10.04,,2420.0
2018-09-27 11:00,,9.98,300052,10.01,9.98,10.0,,1281.0
2018-09-27 11:30,,9.92,300052,10.0,9.92,9.98,,2562.0
2018-09-27 13:30,,9.89,300052,9.93,9.89,9.92,,1399.0
2018-09-27 14:00,,9.8,300052,9.89,9.74,9.89,,2464.0
2018-09-27 14:30,,9.81,300052,9.84,9.7,9.8,,3756.0
2018-09-27 15:00,,9.66,300052,9.81,9.64,9.81,,8629.0
2018-09-28 10:00,,9.72,300052,9.8,9.69,9.69,,3739.0
2018-09-28 10:30,,9.74,300052,9.77,9.7,9.72,,1117.0
2018-09-28 11:00,,9.75,300052,9.81,9.73,9.74,,1589.0
2018-09-28 11:30,,9.77,300052,9.77,9.74,9.75,,1017.0
2018-09-28 13:30,,9.76,300052,9.77,9.74,9.77,,1303.0
2018-09-28 14:00,,9.94,300052,10.04,9.74,9.76,,9319.0
2018-09-28 14:30,,9.91,300052,9.94,9.86,9.94,,2457.0
2018-09-28 14:30,{},9.91,300052,9.94,9.86,9.94,9.4124,2457.0
2018-09-28 15:00,{},9.9,300052,9.96,9.9,9.91,11.6305,3036.0
2018-09-28 15:00,,9.9,300052,9.96,9.9,9.91,,3036.0
2018-10-08 10:00,{},9.69,300052,9.75,9.62,9.7,15.3962,4019.0
2018-10-08 10:00,,9.69,300052,9.75,9.62,9.7,,4019.0
2018-10-08 10:30,,9.7,300052,9.73,9.68,9.69,,1380.0
2018-10-08 10:30,{},9.7,300052,9.73,9.68,9.69,5.2866,1380.0
2018-10-08 11:00,{},9.59,300052,9.7,9.58,9.7,15.2698,3986.0
2018-10-08 11:00,,9.59,300052,9.7,9.58,9.7,,3986.0
2018-10-08 11:30,{},9.58,300052,9.63,9.56,9.59,7.4625,1948.0
2018-10-08 11:30,,9.58,300052,9.63,9.56,9.59,,1948.0
2018-10-08 13:30,,9.58,300052,9.6,9.58,9.58,,717.0
2018-10-08 13:30,{},9.58,300052,9.6,9.58,9.58,2.7467,717.0
2018-10-08 14:00,,9.56,300052,9.64,9.55,9.58,,2087.0
2018-10-08 14:00,{},9.56,300052,9.64,9.55,9.58,7.995,2087.0
2018-10-08 14:30,,9.48,300052,9.57,9.46,9.56,,3562.0
2018-10-08 14:30,{},9.48,300052,9.57,9.46,9.56,13.6455,3562.0
2018-10-08 15:00,{},9.34,300052,9.49,9.3,9.48,21.2076,5536.0
2018-10-08 15:00,,9.34,300052,9.49,9.3,9.48,,5536.0
2018-10-09 10:00,,9.43,300052,9.45,9.38,9.4,,2129.0
2018-10-09 10:00,{},9.43,300052,9.45,9.38,9.4,8.1559,2129.0
2018-10-09 10:30,,9.46,300052,9.48,9.42,9.43,,1017.0
2018-10-09 10:30,{},9.46,300052,9.48,9.42,9.43,3.8960000000000004,1017.0
2018-10-09 11:00,,9.4,300052,9.46,9.35,9.46,,1665.0
2018-10-09 11:00,{},9.4,300052,9.46,9.35,9.46,6.3784,1665.0
2018-10-09 11:30,,9.4,300052,9.41,9.36,9.4,,1045.0
2018-10-09 11:30,{},9.4,300052,9.41,9.36,9.4,4.0032,1045.0
2018-10-09 13:30,{},9.4,300052,9.42,9.35,9.4,3.4937,912.0
2018-10-09 13:30,,9.4,300052,9.42,9.35,9.4,,912.0
2018-10-09 14:00,{},9.36,300052,9.4,9.35,9.4,4.145,1082.0
2018-10-09 14:00,,9.36,300052,9.4,9.35,9.4,,1082.0
2018-10-09 14:30,{},9.34,300052,9.36,9.31,9.36,7.8073,2038.0
2018-10-09 14:30,,9.34,300052,9.36,9.31,9.36,,2038.0
2018-10-09 15:00,,9.36,300052,9.37,9.33,9.34,,2205.0
2018-10-09 15:00,{},9.36,300052,9.37,9.33,9.34,8.447000000000001,2205.0
2018-10-10 10:00,,9.4,300052,9.45,9.32,9.44,,2768.0
2018-10-10 10:00,{},9.4,300052,9.45,9.32,9.44,10.6038,2768.0
2018-10-10 10:30,,9.41,300052,9.5,9.4,9.4,,3088.0
2018-10-10 10:30,{},9.41,300052,9.5,9.4,9.4,11.8297,3088.0
2018-10-10 11:00,,9.36,300052,9.41,9.35,9.41,,1118.0
2018-10-10 11:00,{},9.36,300052,9.41,9.35,9.41,4.2829,1118.0
2018-10-10 11:30,,9.45,300052,9.45,9.35,9.36,,1506.0
2018-10-10 11:30,{},9.45,300052,9.45,9.35,9.36,5.7693,1506.0
2018-10-10 13:30,{},9.45,300052,9.45,9.41,9.45,2.513,656.0
2018-10-10 13:30,,9.45,300052,9.45,9.41,9.45,,656.0
2018-10-10 14:00,{},9.42,300052,9.45,9.41,9.45,2.0763,542.0
2018-10-10 14:00,,9.42,300052,9.45,9.41,9.45,,542.0
2018-10-10 14:30,,9.42,300052,9.44,9.4,9.42,,1136.0
2018-10-10 14:30,{},9.42,300052,9.44,9.4,9.42,4.3518,1136.0
2018-10-10 15:00,,9.4,300052,9.43,9.38,9.42,,2289.0
2018-10-10 15:00,{},9.4,300052,9.43,9.38,9.42,8.7688,2289.0
2018-10-11 10:00,,8.99,300052,9.09,8.93,9.08,,7390.0
2018-10-11 10:00,{},8.99,300052,9.09,8.93,9.08,28.31,7390.0
2018-10-11 10:30,,8.93,300052,8.99,8.82,8.99,,4342.0
2018-10-11 10:30,{},8.93,300052,8.99,8.82,8.99,16.6336,4342.0
2018-10-11 11:00,{},8.71,300052,8.93,8.65,8.93,19.0815,4981.0
2018-10-11 11:00,,8.71,300052,8.93,8.65,8.93,,4981.0
2018-10-11 11:30,,8.55,300052,8.75,8.48,8.71,,6165.0
2018-10-11 11:30,{},8.55,300052,8.75,8.48,8.71,23.6172,6165.0
2018-10-11 13:30,{},8.57,300052,8.57,8.52,8.55,10.2973,2688.0
2018-10-11 13:30,,8.57,300052,8.57,8.52,8.55,,2688.0
2018-10-11 14:00,{},8.55,300052,8.61,8.55,8.57,7.7881,2033.0
2018-10-11 14:00,,8.55,300052,8.61,8.55,8.57,,2033.0
2018-10-11 14:30,,8.46,300052,8.55,8.46,8.55,,5552.0
2018-10-11 14:30,{},8.46,300052,8.55,8.46,8.55,21.2689,5552.0
2018-10-11 15:00,,8.46,300052,8.47,8.46,8.46,,2429.0
2018-10-11 15:00,{},8.46,300052,8.47,8.46,8.46,9.3051,2429.0
2018-10-12 10:00,{},8.12,300052,8.48,8.12,8.48,26.2911,6863.0
2018-10-12 10:00,,8.12,300052,8.48,8.12,8.48,,6863.0
2018-10-12 10:30,,7.88,300052,8.12,7.76,8.12,,9248.0
2018-10-12 10:30,{},7.88,300052,8.12,7.76,8.12,35.4277,9248.0
2018-10-12 11:00,,7.81,300052,7.9,7.72,7.88,,8458.0
2018-10-12 11:00,{},7.81,300052,7.9,7.72,7.88,32.4013,8458.0
2018-10-12 11:30,{},8.05,300052,8.08,7.75,7.81,21.5485,5625.0
2018-10-12 11:30,,8.05,300052,8.08,7.75,7.81,,5625.0
2018-10-12 13:30,,8.11,300052,8.17,8.05,8.05,,3703.0
2018-10-12 13:30,{},8.11,300052,8.17,8.05,8.05,14.1856,3703.0
2018-10-12 14:00,{},8.1,300052,8.14,8.06,8.11,5.0069,1307.0
2018-10-12 14:00,,8.1,300052,8.14,8.06,8.11,,1307.0
2018-10-12 14:30,{},8.22,300052,8.22,8.09,8.1,10.2858,2685.0
2018-10-12 14:30,,8.22,300052,8.22,8.09,8.1,,2685.0
2018-10-12 15:00,{},8.12,300052,8.23,8.11,8.22,15.8597,4140.0
2018-10-12 15:00,,8.12,300052,8.23,8.11,8.22,,4140.0
2018-10-15 10:00,{},8.25,300052,8.26,8.1,8.16,31.7846,8297.0
2018-10-15 10:00,,8.25,300052,8.26,8.1,8.16,,8297.0
2018-10-15 10:30,{},8.2,300052,8.25,8.18,8.25,15.967,4168.0
2018-10-15 10:30,,8.2,300052,8.25,8.18,8.25,,4168.0
2018-10-15 11:00,,8.15,300052,8.21,8.13,8.2,,4157.0
2018-10-15 11:00,{},8.15,300052,8.21,8.13,8.2,15.9248,4157.0
2018-10-15 11:30,{},8.12,300052,8.18,8.11,8.15,4.2982,1122.0
2018-10-15 11:30,,8.12,300052,8.18,8.11,8.15,,1122.0
2018-10-15 13:30,,8.13,300052,8.15,8.11,8.12,,687.0
2018-10-15 13:30,{},8.13,300052,8.15,8.11,8.12,2.6318,687.0
2018-10-15 14:00,{},8.07,300052,8.15,8.07,8.13,9.807,2560.0
2018-10-15 14:00,,8.07,300052,8.15,8.07,8.13,,2560.0
2018-10-15 14:30,{},7.98,300052,8.07,7.92,8.07,10.8988,2845.0
2018-10-15 14:30,,7.98,300052,8.07,7.92,8.07,,2845.0
2018-10-15 15:00,{},7.92,300052,8.0,7.89,7.98,17.8633,4663.0
2018-10-15 15:00,,7.92,300052,8.0,7.89,7.98,,4663.0
2018-10-16 10:00,,8.13,300052,8.18,7.81,7.9,,7077.0
2018-10-16 10:00,{},8.13,300052,8.18,7.81,7.9,27.1109,7077.0
2018-10-16 10:30,,8.03,300052,8.15,8.03,8.13,,4196.0
2018-10-16 10:30,{},8.03,300052,8.15,8.03,8.13,16.0743,4196.0
2018-10-16 11:00,,7.97,300052,8.03,7.95,8.03,,1821.0
2018-10-16 11:00,{},7.97,300052,8.03,7.95,8.03,6.976,1821.0
2018-10-16 11:30,{},7.96,300052,7.99,7.92,7.97,4.6392,1211.0
2018-10-16 11:30,,7.96,300052,7.99,7.92,7.97,,1211.0
2018-10-16 13:30,{},7.99,300052,8.01,7.94,7.96,4.2791,1117.0
2018-10-16 13:30,,7.99,300052,8.01,7.94,7.96,,1117.0
2018-10-16 14:00,{},7.85,300052,7.99,7.84,7.99,6.8342,1784.0
2018-10-16 14:00,,7.85,300052,7.99,7.84,7.99,,1784.0
2018-10-16 14:30,,7.81,300052,7.86,7.75,7.85,,3746.0
2018-10-16 14:30,{},7.81,300052,7.86,7.75,7.85,14.3504,3746.0
2018-10-16 15:00,,7.81,300052,7.83,7.75,7.81,,3507.0
2018-10-16 15:00,{},7.81,300052,7.83,7.75,7.81,13.4348,3507.0
2018-10-17 10:00,{},7.93,300052,7.99,7.9,7.92,21.924,5723.0
2018-10-17 10:00,,7.93,300052,7.99,7.9,7.92,,5723.0
2018-10-17 10:30,{},7.95,300052,7.97,7.86,7.93,10.7226,2799.0
2018-10-17 10:30,,7.95,300052,7.97,7.86,7.93,,2799.0
2018-10-17 11:00,{},8.07,300052,8.17,7.95,7.95,50.9388,13297.0
2018-10-17 11:00,,8.07,300052,8.17,7.95,7.95,,13297.0
2018-10-17 11:30,,8.05,300052,8.09,7.98,8.07,,2650.0
2018-10-17 11:30,{},8.05,300052,8.09,7.98,8.07,10.1518,2650.0
2018-10-17 13:30,,7.96,300052,8.05,7.91,8.05,,1871.0
2018-10-17 13:30,{},7.96,300052,8.05,7.91,8.05,7.1675,1871.0
2018-10-17 14:00,,8.14,300052,8.14,7.92,7.96,,5310.0
2018-10-17 14:00,{},8.14,300052,8.14,7.92,7.96,20.3418,5310.0
2018-10-17 14:30,{},8.17,300052,8.21,8.1,8.14,22.1347,5778.0
2018-10-17 14:30,,8.17,300052,8.21,8.1,8.14,,5778.0
2018-10-17 15:00,{},8.17,300052,8.18,8.11,8.17,24.4447,6381.0
2018-10-17 15:00,,8.17,300052,8.18,8.11,8.17,,6381.0
2018-10-18 10:00,,7.85,300052,8.12,7.83,8.12,,10918.0
2018-10-18 10:00,{},7.85,300052,8.12,7.83,8.12,41.8252,10918.0
2018-10-18 10:30,{},7.92,300052,8.01,7.77,7.85,22.92,5983.0
2018-10-18 10:30,,7.92,300052,8.01,7.77,7.85,,5983.0
2018-10-18 11:00,,7.97,300052,8.02,7.91,7.92,,2290.0
2018-10-18 11:00,{},7.97,300052,8.02,7.91,7.92,8.7726,2290.0
2018-10-18 11:30,{},7.91,300052,7.97,7.85,7.97,11.4504,2989.0
2018-10-18 11:30,,7.91,300052,7.97,7.85,7.97,,2989.0
2018-10-18 13:30,{},7.89,300052,7.98,7.88,7.91,3.85,1005.0
2018-10-18 13:30,,7.89,300052,7.98,7.88,7.91,,1005.0
2018-10-18 14:00,{},7.95,300052,7.98,7.87,7.89,9.0217,2355.0
2018-10-18 14:00,,7.95,300052,7.98,7.87,7.89,,2355.0
2018-10-18 14:30,,7.94,300052,7.95,7.86,7.95,,2600.0
2018-10-18 14:30,{},7.94,300052,7.95,7.86,7.95,9.9602,2600.0
2018-10-18 15:00,,7.84,300052,7.97,7.8,7.94,,5704.0
2018-10-18 15:00,{},7.84,300052,7.97,7.8,7.94,21.8512,5704.0
2018-10-19 10:00,{},7.94,300052,7.95,7.62,7.7,31.6926,8273.0
2018-10-19 10:00,,7.94,300052,7.95,7.62,7.7,,8273.0
2018-10-19 10:30,{},7.96,300052,7.96,7.81,7.94,13.2969,3471.0
2018-10-19 10:30,,7.96,300052,7.96,7.81,7.94,,3471.0
2018-10-19 11:00,,8.0,300052,8.07,7.95,7.96,,4862.0
2018-10-19 11:00,{},8.0,300052,8.07,7.95,7.96,18.6256,4862.0
2018-10-19 11:30,{},7.94,300052,8.0,7.93,8.0,8.7803,2292.0
2018-10-19 11:30,,7.94,300052,8.0,7.93,8.0,,2292.0
2018-10-19 13:30,{},8.0,300052,8.01,7.93,7.94,8.1176,2119.0
2018-10-19 13:30,,8.0,300052,8.01,7.93,7.94,,2119.0
2018-10-19 14:00,{},8.09,300052,8.09,7.98,8.0,17.3729,4535.0
2018-10-19 14:00,,8.09,300052,8.09,7.98,8.0,,4535.0
2018-10-19 14:30,,8.06,300052,8.11,8.04,8.09,,4376.0
2018-10-19 14:30,{},8.06,300052,8.11,8.04,8.09,16.7638,4376.0
2018-10-19 15:00,,8.09,300052,8.11,8.05,8.06,,4975.0
2018-10-19 15:00,{},8.09,300052,8.11,8.05,8.06,19.0585,4975.0
2018-10-22 10:00,,8.27,300052,8.31,8.12,8.13,,15933.0
2018-10-22 10:00,{},8.27,300052,8.31,8.12,8.13,61.037,15933.0
2018-10-22 10:30,{},8.32,300052,8.43,8.27,8.27,27.1186,7079.0
2018-10-22 10:30,,8.32,300052,8.43,8.27,8.27,,7079.0
2018-10-22 11:00,{},8.45,300052,8.45,8.31,8.32,18.5107,4832.0
2018-10-22 11:00,,8.45,300052,8.45,8.31,8.32,,4832.0
2018-10-22 11:30,{},8.7,300052,8.9,8.44,8.45,48.9468,12777.0
2018-10-22 11:30,,8.7,300052,8.9,8.44,8.45,,12777.0
2018-10-22 13:30,,8.71,300052,8.75,8.65,8.7,,5001.0
2018-10-22 13:30,{},8.71,300052,8.75,8.65,8.7,19.1581,5001.0
2018-10-22 14:00,{},8.64,300052,8.71,8.61,8.71,8.1061,2116.0
2018-10-22 14:00,,8.64,300052,8.71,8.61,8.71,,2116.0
2018-10-22 14:30,{},8.56,300052,8.64,8.56,8.64,11.0712,2890.0
2018-10-22 14:30,,8.56,300052,8.64,8.56,8.64,,2890.0
2018-10-22 15:00,,8.53,300052,8.56,8.52,8.56,,6378.0
2018-10-22 15:00,{},8.53,300052,8.56,8.52,8.56,24.4332,6378.0
2018-10-23 10:00,{},8.45,300052,8.55,8.4,8.47,34.3206,8959.0
2018-10-23 10:00,,8.45,300052,8.55,8.4,8.47,,8959.0
2018-10-23 10:30,,8.46,300052,8.48,8.4,8.45,,5316.0
2018-10-23 10:30,{},8.46,300052,8.48,8.4,8.45,20.3648,5316.0
2018-10-23 11:00,,8.42,300052,8.49,8.41,8.46,,2692.0
2018-10-23 11:00,{},8.42,300052,8.49,8.41,8.46,10.3127,2692.0
2018-10-23 11:30,{},8.41,300052,8.44,8.36,8.42,13.9673,3646.0
2018-10-23 11:30,,8.41,300052,8.44,8.36,8.42,,3646.0
2018-10-23 13:30,,8.38,300052,8.41,8.35,8.41,,1845.0
2018-10-23 13:30,{},8.38,300052,8.41,8.35,8.41,7.0679,1845.0
2018-10-23 14:00,{},8.39,300052,8.42,8.35,8.38,11.3815,2971.0
2018-10-23 14:00,,8.39,300052,8.42,8.35,8.38,,2971.0
2018-10-23 14:30,{},8.34,300052,8.39,8.28,8.39,19.4837,5086.0
2018-10-23 14:30,,8.34,300052,8.39,8.28,8.39,,5086.0
2018-10-23 15:00,,8.35,300052,8.36,8.29,8.34,,3502.0
2018-10-23 15:00,{},8.35,300052,8.36,8.29,8.34,13.4156,3502.0
2018-10-24 10:00,,8.44,300052,8.5,8.3,8.34,,7128.0
2018-10-24 10:00,{},8.44,300052,8.5,8.3,8.34,27.3063,7128.0
2018-10-24 10:30,,8.43,300052,8.49,8.36,8.44,,3575.0
2018-10-24 10:30,{},8.43,300052,8.49,8.36,8.44,13.6953,3575.0
2018-10-24 11:00,{},8.39,300052,8.43,8.36,8.43,8.8148,2301.0
2018-10-24 11:00,,8.39,300052,8.43,8.36,8.43,,2301.0
2018-10-24 11:30,,8.49,300052,8.51,8.39,8.39,,2682.0
2018-10-24 11:30,{},8.49,300052,8.51,8.39,8.39,10.2743,2682.0
2018-10-24 13:30,,8.45,300052,8.53,8.45,8.49,,2757.0
2018-10-24 13:30,{},8.45,300052,8.53,8.45,8.49,10.5617,2757.0
2018-10-24 14:00,,8.37,300052,8.45,8.37,8.45,,1934.0
2018-10-24 14:00,{},8.37,300052,8.45,8.37,8.45,7.4089,1934.0
2018-10-24 14:30,,8.39,300052,8.41,8.35,8.37,,1606.0
2018-10-24 14:30,{},8.39,300052,8.41,8.35,8.37,6.1523,1606.0
2018-10-24 15:00,{},8.38,300052,8.39,8.33,8.39,9.489,2477.0
2018-10-24 15:00,{},8.38,300052,8.39,8.33,8.39,9.488999999999999,2477.0
2018-10-24 15:00,,8.38,300052,8.39,8.33,8.39,,2477.0
2018-10-25 10:00,{},8.07,300052,8.14,7.96,8.09,43.9667,11477.0
2018-10-25 10:00,,8.07,300052,8.14,7.96,8.09,,11477.0
2018-10-25 10:30,,8.12,300052,8.19,8.07,8.07,,2282.0
2018-10-25 10:30,{},8.12,300052,8.19,8.07,8.07,8.742,2282.0
2018-10-25 11:00,,8.11,300052,8.12,8.05,8.12,,2601.0
2018-10-25 11:00,{},8.11,300052,8.12,8.05,8.12,9.964,2601.0
2018-10-25 11:30,{},8.11,300052,8.14,8.08,8.11,2.6778,699.0
2018-10-25 11:30,,8.11,300052,8.14,8.08,8.11,,699.0
2018-10-25 13:30,,8.09,300052,8.14,8.09,8.11,,1364.0
2018-10-25 13:30,{},8.09,300052,8.14,8.09,8.11,5.2253,1364.0
2018-10-25 14:00,,8.17,300052,8.17,8.09,8.09,,1539.0
2018-10-25 14:00,{},8.17,300052,8.17,8.09,8.09,5.8957,1539.0
2018-10-25 14:30,{},8.27,300052,8.29,8.16,8.17,16.9017,4412.0
2018-10-25 14:30,,8.27,300052,8.29,8.16,8.17,,4412.0
2018-10-25 15:00,{},8.27,300052,8.33,8.24,8.27,18.9091,4936.0
2018-10-25 15:00,,8.27,300052,8.33,8.24,8.27,,4936.0
2018-10-26 10:00,,8.48,300052,8.51,8.34,8.34,,7634.0
2018-10-26 10:00,{},8.48,300052,8.51,8.34,8.34,29.2447,7634.0
2018-10-26 10:30,{},8.38,300052,8.49,8.38,8.48,13.1973,3445.0
2018-10-26 10:30,,8.38,300052,8.49,8.38,8.48,,3445.0
2018-10-26 11:00,{},8.39,300052,8.44,8.38,8.38,8.2402,2151.0
2018-10-26 11:00,,8.39,300052,8.44,8.38,8.38,,2151.0
2018-10-26 11:30,,8.34,300052,8.4,8.32,8.39,,2121.0
2018-10-26 11:30,{},8.34,300052,8.4,8.32,8.39,8.1252,2121.0
2018-10-26 13:30,{},8.39,300052,8.45,8.34,8.34,5.5969,1461.0
2018-10-26 13:30,,8.39,300052,8.45,8.34,8.34,,1461.0
2018-10-26 14:00,{},8.4,300052,8.44,8.33,8.39,7.405,1933.0
2018-10-26 14:00,,8.4,300052,8.44,8.33,8.39,,1933.0
2018-10-26 14:30,{},8.33,300052,8.4,8.33,8.4,4.9495,1292.0
2018-10-26 14:30,,8.33,300052,8.4,8.33,8.4,,1292.0
2018-10-26 15:00,,8.31,300052,8.39,8.29,8.33,,3540.0
2018-10-26 15:00,{},8.31,300052,8.39,8.29,8.33,13.5612,3540.0
2018-10-29 10:00,,8.42,300052,8.43,8.21,8.29,,4963.0
2018-10-29 10:00,{},8.42,300052,8.43,8.21,8.29,19.0125,4963.0
2018-10-29 10:30,{},8.37,300052,8.45,8.37,8.42,8.5045,2220.0
2018-10-29 10:30,,8.37,300052,8.45,8.37,8.42,,2220.0
2018-10-29 11:00,,8.4,300052,8.41,8.34,8.37,,1613.0
2018-10-29 11:00,{},8.4,300052,8.41,8.34,8.37,6.1792,1613.0
2018-10-29 11:30,,8.37,300052,8.41,8.37,8.4,,639.0
2018-10-29 11:30,{},8.37,300052,8.41,8.37,8.4,2.4479,639.0
2018-10-29 13:30,{},8.34,300052,8.37,8.32,8.37,3.4018,888.0
2018-10-29 13:30,,8.34,300052,8.37,8.32,8.37,,888.0
2018-10-29 14:00,{},8.28,300052,8.35,8.26,8.34,5.6773,1482.0
2018-10-29 14:00,,8.28,300052,8.35,8.26,8.34,,1482.0
2018-10-29 14:30,,8.24,300052,8.29,8.23,8.28,,2132.0
2018-10-29 14:30,{},8.24,300052,8.29,8.23,8.28,8.1674,2132.0
2018-10-29 15:00,,8.22,300052,8.29,8.21,8.24,,3417.0
2018-10-29 15:00,{},8.22,300052,8.29,8.21,8.24,13.09,3417.0
2018-10-30 10:00,,8.18,300052,8.33,8.17,8.22,,4291.0
2018-10-30 10:00,{},8.18,300052,8.33,8.17,8.22,16.4382,4291.0
2018-10-30 10:30,{},8.25,300052,8.25,8.12,8.18,14.8905,3887.0
2018-10-30 10:30,,8.25,300052,8.25,8.12,8.18,,3887.0
2018-10-30 11:00,,8.31,300052,8.31,8.23,8.25,,1680.0
2018-10-30 11:00,{},8.31,300052,8.31,8.23,8.25,6.4358,1680.0
2018-10-30 11:30,{},8.42,300052,8.43,8.31,8.31,20.1886,5270.0
2018-10-30 11:30,,8.42,300052,8.43,8.31,8.31,,5270.0
2018-10-30 13:30,,8.53,300052,8.56,8.42,8.42,,10870.0
2018-10-30 13:30,{},8.53,300052,8.56,8.42,8.42,41.6414,10870.0
2018-10-30 14:00,,8.5,300052,8.55,8.47,8.53,,3115.0
2018-10-30 14:00,{},8.5,300052,8.55,8.47,8.53,11.9331,3115.0
2018-10-30 14:30,{},8.48,300052,8.5,8.46,8.5,5.9723,1559.0
2018-10-30 14:30,,8.48,300052,8.5,8.46,8.5,,1559.0
2018-10-30 15:00,,8.42,300052,8.48,8.4,8.48,,4608.0
2018-10-30 15:00,{},8.42,300052,8.48,8.4,8.48,17.6526,4608.0
2018-10-31 10:00,,8.73,300052,9.0,8.63,8.8,,28077.0
2018-10-31 10:00,{},8.73,300052,9.0,8.63,8.8,107.5588,28077.0
2018-10-31 10:30,,8.71,300052,8.73,8.67,8.73,,4955.0
2018-10-31 10:30,{},8.71,300052,8.73,8.67,8.73,18.9819,4955.0
2018-10-31 11:00,{},8.72,300052,8.74,8.69,8.71,16.3271,4262.0
2018-10-31 11:00,,8.72,300052,8.74,8.69,8.71,,4262.0
2018-10-31 11:30,,8.73,300052,8.73,8.7,8.72,,2658.0
2018-10-31 11:30,{},8.73,300052,8.73,8.7,8.72,10.1824,2658.0
2018-10-31 13:30,{},8.74,300052,8.76,8.71,8.73,11.324000000000002,2956.0
2018-10-31 13:30,,8.74,300052,8.76,8.71,8.73,,2956.0
2018-10-31 14:00,,8.78,300052,8.95,8.73,8.74,,10544.0
2018-10-31 14:00,{},8.78,300052,8.95,8.73,8.74,40.3925,10544.0
2018-10-31 14:30,,8.73,300052,8.78,8.72,8.78,,2461.0
2018-10-31 14:30,{},8.73,300052,8.78,8.72,8.78,9.4277,2461.0
2018-10-31 15:00,,8.75,300052,8.76,8.69,8.73,,14280.0
2018-10-31 15:00,{},8.75,300052,8.76,8.69,8.73,54.7046,14280.0
2018-11-01 10:00,,8.95,300052,9.07,8.82,8.9,,23060.0
2018-11-01 10:00,{},8.95,300052,9.07,8.82,8.9,88.3394,23060.0
2018-11-01 10:30,{},8.97,300052,8.97,8.95,8.95,19.6255,5123.0
2018-11-01 10:30,,8.97,300052,8.97,8.95,8.95,,5123.0
2018-11-01 11:00,,8.97,300052,9.0,8.96,8.97,,3801.0
2018-11-01 11:00,{},8.97,300052,9.0,8.96,8.97,14.5611,3801.0
2018-11-01 11:30,{},9.63,300052,9.63,8.95,8.97,116.795,30488.0
2018-11-01 11:30,,9.63,300052,9.63,8.95,8.97,,30488.0
2018-11-01 13:30,{},9.63,300052,9.63,9.63,9.63,17.9092,4675.0
2018-11-01 13:30,,9.63,300052,9.63,9.63,9.63,,4675.0
2018-11-01 14:00,,9.63,300052,9.63,9.63,9.63,,4183.0
2018-11-01 14:00,{},9.63,300052,9.63,9.63,9.63,16.0245,4183.0
2018-11-01 14:30,,9.63,300052,9.63,9.63,9.63,,1883.0
2018-11-01 14:30,{},9.63,300052,9.63,9.63,9.63,7.2135,1883.0
2018-11-01 15:00,{},9.63,300052,9.63,9.63,9.63,9.8874,2581.0
2018-11-01 15:00,,9.63,300052,9.63,9.63,9.63,,2581.0
2018-11-02 10:00,,9.78,300052,10.0,9.48,9.55,,58670.0
2018-11-02 10:00,{},9.78,300052,10.0,9.48,9.55,224.75599999999997,58670.0
2018-11-02 10:00,{},9.78,300052,10.0,9.48,9.55,224.756,58670.0
2018-11-02 10:30,{},9.64,300052,9.79,9.55,9.78,80.467,21005.0
2018-11-02 10:30,,9.64,300052,9.79,9.55,9.78,,21005.0
2018-11-02 11:00,,9.65,300052,9.67,9.61,9.64,,8570.0
2018-11-02 11:00,{},9.65,300052,9.67,9.61,9.64,32.8304,8570.0
2018-11-02 11:30,{},9.5,300052,9.65,9.49,9.65,49.4333,12904.0
2018-11-02 11:30,,9.5,300052,9.65,9.49,9.65,,12904.0
2018-11-02 13:30,{},9.6,300052,9.78,9.5,9.5,46.6751,12184.0
2018-11-02 13:30,,9.6,300052,9.78,9.5,9.5,,12184.0
2018-11-02 14:00,,9.62,300052,9.68,9.56,9.6,,9137.0
2018-11-02 14:00,{},9.62,300052,9.68,9.56,9.6,35.0025,9137.0
2018-11-02 14:30,,9.69,300052,9.7,9.56,9.62,,10180.0
2018-11-02 14:30,{},9.69,300052,9.7,9.56,9.62,38.9981,10180.0
2018-11-02 15:00,,9.65,300052,9.69,9.59,9.69,,11308.0
2018-11-02 15:00,{},9.65,300052,9.69,9.59,9.69,43.3193,11308.0
2018-11-05 10:00,,9.57,300052,9.66,9.45,9.66,,33233.0
2018-11-05 10:00,{},9.57,300052,9.66,9.45,9.66,127.3107,33233.0
2018-11-05 10:30,{},9.56,300052,9.62,9.52,9.57,40.1435,10479.0
2018-11-05 10:30,,9.56,300052,9.62,9.52,9.57,,10479.0
2018-11-05 11:00,{},9.51,300052,9.57,9.46,9.56,34.8416,9095.0
2018-11-05 11:00,,9.51,300052,9.57,9.46,9.56,,9095.0
2018-11-05 11:30,,9.45,300052,9.51,9.43,9.51,,7028.0
2018-11-05 11:30,{},9.45,300052,9.51,9.43,9.51,26.9232,7028.0
2018-11-05 13:30,{},9.35,300052,9.46,9.26,9.45,53.3216,13919.0
2018-11-05 13:30,,9.35,300052,9.46,9.26,9.45,,13919.0
2018-11-05 14:00,,9.41,300052,9.44,9.34,9.35,,6005.0
2018-11-05 14:00,{},9.41,300052,9.44,9.34,9.35,23.0043,6005.0
2018-11-05 14:30,,9.47,300052,9.5,9.41,9.41,,5607.0
2018-11-05 14:30,{},9.47,300052,9.5,9.41,9.41,21.4796,5607.0
2018-11-05 15:00,{},9.47,300052,9.52,9.44,9.47,31.6696,8267.0
2018-11-05 15:00,,9.47,300052,9.52,9.44,9.47,,8267.0
2018-11-06 10:00,{},9.22,300052,9.46,9.17,9.41,84.0834,21949.0
2018-11-06 10:00,,9.22,300052,9.46,9.17,9.41,,21949.0
2018-11-06 10:30,{},9.21,300052,9.27,9.2,9.22,22.8664,5969.0
2018-11-06 10:30,,9.21,300052,9.27,9.2,9.22,,5969.0
2018-11-06 11:00,,9.27,300052,9.29,9.2,9.21,,2728.0
2018-11-06 11:00,{},9.27,300052,9.29,9.2,9.21,10.4506,2728.0
2018-11-06 11:30,{},9.22,300052,9.29,9.21,9.27,9.8185,2563.0
2018-11-06 11:30,,9.22,300052,9.29,9.21,9.27,,2563.0
2018-11-06 13:30,,9.18,300052,9.22,9.13,9.22,,6790.0
2018-11-06 13:30,{},9.18,300052,9.22,9.13,9.22,26.0115,6790.0
2018-11-06 14:00,{},9.27,300052,9.28,9.14,9.18,20.7785,5424.0
2018-11-06 14:00,,9.27,300052,9.28,9.14,9.18,,5424.0
2018-11-06 14:30,{},9.23,300052,9.28,9.2,9.27,14.7449,3849.0
2018-11-06 14:30,,9.23,300052,9.28,9.2,9.27,,3849.0
2018-11-06 15:00,,9.23,300052,9.29,9.23,9.23,,8957.0
2018-11-06 15:00,{},9.23,300052,9.29,9.23,9.23,34.3129,8957.0
2018-11-07 10:00,{},9.37,300052,9.42,9.24,9.32,54.5245,14233.0
2018-11-07 10:00,,9.37,300052,9.42,9.24,9.32,,14233.0
2018-11-07 10:30,,9.27,300052,9.39,9.25,9.37,,6858.0
2018-11-07 10:30,{},9.27,300052,9.39,9.25,9.37,26.272,6858.0
2018-11-07 11:00,,9.3,300052,9.32,9.26,9.27,,2758.0
2018-11-07 11:00,{},9.3,300052,9.32,9.26,9.27,10.5655,2758.0
2018-11-07 11:30,,9.36,300052,9.37,9.3,9.3,,4236.0
2018-11-07 11:30,{},9.36,300052,9.37,9.3,9.3,16.2275,4236.0
2018-11-07 13:30,,9.31,300052,9.39,9.3,9.36,,4520.0
2018-11-07 13:30,{},9.31,300052,9.39,9.3,9.36,17.3154,4520.0
2018-11-07 14:00,{},9.27,300052,9.34,9.23,9.31,26.3448,6877.0
2018-11-07 14:00,,9.27,300052,9.34,9.23,9.31,,6877.0
2018-11-07 14:30,,9.27,300052,9.3,9.26,9.27,,2544.0
2018-11-07 14:30,{},9.27,300052,9.3,9.26,9.27,9.7457,2544.0
2018-11-07 15:00,{},9.19,300052,9.27,9.18,9.27,28.4556,7428.0
2018-11-07 15:00,,9.19,300052,9.27,9.18,9.27,,7428.0
2018-11-08 10:00,,9.31,300052,9.35,9.22,9.3,,11600.0
2018-11-08 10:00,{},9.31,300052,9.35,9.22,9.3,44.4379,11600.0
2018-11-08 10:30,,9.33,300052,9.35,9.3,9.31,,6976.0
2018-11-08 10:30,{},9.33,300052,9.35,9.3,9.31,26.724,6976.0
2018-11-08 11:00,,9.32,300052,9.34,9.3,9.33,,3073.0
2018-11-08 11:00,{},9.32,300052,9.34,9.3,9.33,11.7722,3073.0
2018-11-08 11:30,{},9.34,300052,9.34,9.31,9.32,6.5814,1718.0
2018-11-08 11:30,,9.34,300052,9.34,9.31,9.32,,1718.0
2018-11-08 13:30,{},9.32,300052,9.37,9.31,9.34,11.8258,3087.0
2018-11-08 13:30,,9.32,300052,9.37,9.31,9.34,,3087.0
2018-11-08 14:00,,9.32,300052,9.35,9.31,9.32,,5910.0
2018-11-08 14:00,{},9.32,300052,9.35,9.31,9.32,22.6403,5910.0
2018-11-08 14:30,,9.33,300052,9.43,9.31,9.32,,12812.0
2018-11-08 14:30,{},9.33,300052,9.43,9.31,9.32,49.0809,12812.0
2018-11-08 15:00,,9.26,300052,9.35,9.26,9.33,,7989.0
2018-11-08 15:00,{},9.26,300052,9.35,9.26,9.33,30.6047,7989.0
2018-11-09 10:00,{},9.32,300052,9.32,9.18,9.18,29.9611,7821.0
2018-11-09 10:00,,9.32,300052,9.32,9.18,9.18,,7821.0
2018-11-09 10:30,{},9.24,300052,9.33,9.21,9.32,15.9517,4164.0
2018-11-09 10:30,,9.24,300052,9.33,9.21,9.32,,4164.0
2018-11-09 11:00,{},9.26,300052,9.28,9.23,9.24,7.0756,1847.0
2018-11-09 11:00,,9.26,300052,9.28,9.23,9.24,,1847.0
2018-11-09 11:30,,9.23,300052,9.26,9.21,9.26,,2273.0
2018-11-09 11:30,{},9.23,300052,9.26,9.21,9.26,8.7075,2273.0
2018-11-09 13:30,{},9.24,300052,9.27,9.21,9.23,7.0718,1846.0
2018-11-09 13:30,,9.24,300052,9.27,9.21,9.23,,1846.0
2018-11-09 14:00,{},9.24,300052,9.29,9.23,9.24,9.0217,2355.0
2018-11-09 14:00,,9.24,300052,9.29,9.23,9.24,,2355.0
2018-11-09 14:30,,9.25,300052,9.26,9.22,9.24,,1910.0
2018-11-09 14:30,{},9.25,300052,9.26,9.22,9.24,7.3169,1910.0
2018-11-09 15:00,,9.24,300052,9.29,9.22,9.25,,5299.0
2018-11-09 15:00,{},9.24,300052,9.29,9.22,9.25,20.2997,5299.0
2018-11-12 10:00,{},9.19,300052,9.29,9.13,9.18,22.5139,5877.0
2018-11-12 10:00,,9.19,300052,9.29,9.13,9.18,,5877.0
2018-11-12 10:30,,9.35,300052,9.36,9.19,9.19,,7477.0
2018-11-12 10:30,{},9.35,300052,9.36,9.19,9.19,28.6433,7477.0
2018-11-12 11:00,,9.36,300052,9.39,9.3,9.35,,5012.0
2018-11-12 11:00,{},9.36,300052,9.39,9.3,9.35,19.2002,5012.0
2018-11-12 11:30,{},9.43,300052,9.45,9.35,9.36,20.3533,5313.0
2018-11-12 11:30,,9.43,300052,9.45,9.35,9.36,,5313.0
2018-11-12 13:30,,9.45,300052,9.45,9.38,9.43,,8386.0
2018-11-12 13:30,{},9.45,300052,9.45,9.38,9.43,32.1255,8386.0
2018-11-12 14:00,{},9.42,300052,9.45,9.4,9.45,19.8821,5190.0
2018-11-12 14:00,,9.42,300052,9.45,9.4,9.45,,5190.0
2018-11-12 14:30,,9.46,300052,9.49,9.4,9.42,,9520.0
2018-11-12 14:30,{},9.46,300052,9.49,9.4,9.42,36.4697,9520.0
2018-11-12 15:00,,9.45,300052,9.47,9.41,9.46,,16772.0
2018-11-12 15:00,{},9.45,300052,9.47,9.41,9.46,64.251,16772.0
2018-11-13 10:00,,9.4,300052,9.46,9.29,9.33,,13124.0
2018-11-13 10:00,{},9.4,300052,9.46,9.29,9.33,50.2761,13124.0
2018-11-13 10:30,{},9.58,300052,9.73,9.4,9.4,94.0934,24562.0
2018-11-13 10:30,,9.58,300052,9.73,9.4,9.4,,24562.0
2018-11-13 11:00,{},9.49,300052,9.66,9.48,9.58,37.4581,9778.0
2018-11-13 11:00,,9.49,300052,9.66,9.48,9.58,,9778.0
2018-11-13 11:30,,9.57,300052,9.57,9.43,9.49,,6060.0
2018-11-13 11:30,{},9.57,300052,9.57,9.43,9.49,23.215,6060.0
2018-11-13 13:30,,9.7,300052,9.74,9.57,9.57,,10329.0
2018-11-13 13:30,{},9.7,300052,9.74,9.57,9.57,39.5689,10329.0
2018-11-13 14:00,,9.68,300052,9.7,9.62,9.7,,5752.0
2018-11-13 14:00,{},9.68,300052,9.7,9.62,9.7,22.0351,5752.0
2018-11-13 14:30,{},9.6,300052,9.71,9.59,9.68,24.5979,6421.0
2018-11-13 14:30,,9.6,300052,9.71,9.59,9.68,,6421.0
2018-11-13 15:00,{},9.62,300052,9.64,9.58,9.6,26.0766,6807.0
2018-11-13 15:00,,9.62,300052,9.64,9.58,9.6,,6807.0
2018-11-14 10:00,,9.44,300052,9.7,9.44,9.6,,16892.0
2018-11-14 10:00,{},9.44,300052,9.7,9.44,9.6,64.7107,16892.0
2018-11-14 10:30,{},9.79,300052,9.98,9.43,9.44,140.9677,36798.0
2018-11-14 10:30,,9.79,300052,9.98,9.43,9.44,,36798.0
2018-11-14 11:00,{},9.8,300052,9.85,9.76,9.79,23.621,6166.0
2018-11-14 11:00,,9.8,300052,9.85,9.76,9.79,,6166.0
2018-11-14 11:30,{},9.81,300052,9.82,9.74,9.8,16.7561,4374.0
2018-11-14 11:30,,9.81,300052,9.82,9.74,9.8,,4374.0
2018-11-14 13:30,,9.76,300052,9.88,9.76,9.81,,6294.0
2018-11-14 13:30,{},9.76,300052,9.88,9.76,9.81,24.1114,6294.0
2018-11-14 14:00,,9.63,300052,9.82,9.55,9.76,,7456.0
2018-11-14 14:00,{},9.63,300052,9.82,9.55,9.76,28.5628,7456.0
2018-11-14 14:30,,9.6,300052,9.64,9.56,9.63,,4988.0
2018-11-14 14:30,{},9.6,300052,9.64,9.56,9.63,19.1083,4988.0
2018-11-14 15:00,,9.53,300052,9.62,9.51,9.6,,8110.0
2018-11-14 15:00,{},9.53,300052,9.62,9.51,9.6,31.0682,8110.0
2018-11-15 10:00,{},9.54,300052,9.71,9.43,9.44,62.6344,16350.0
2018-11-15 10:00,,9.54,300052,9.71,9.43,9.44,,16350.0
2018-11-15 10:30,{},9.64,300052,9.65,9.48,9.54,23.8394,6223.0
2018-11-15 10:30,,9.64,300052,9.65,9.48,9.54,,6223.0
2018-11-15 11:00,{},9.52,300052,9.67,9.52,9.64,20.4299,5333.0
2018-11-15 11:00,,9.52,300052,9.67,9.52,9.64,,5333.0
2018-11-15 11:30,{},9.57,300052,9.57,9.51,9.52,11.7454,3066.0
2018-11-15 11:30,,9.57,300052,9.57,9.51,9.52,,3066.0
2018-11-15 13:30,,9.66,300052,9.7,9.57,9.57,,6075.0
2018-11-15 13:30,{},9.66,300052,9.7,9.57,9.57,23.2724,6075.0
2018-11-15 14:00,{},9.68,300052,9.74,9.61,9.66,46.4491,12125.0
2018-11-15 14:00,,9.68,300052,9.74,9.61,9.66,,12125.0
2018-11-15 14:30,{},9.79,300052,9.85,9.65,9.68,48.1998,12582.0
2018-11-15 14:30,,9.79,300052,9.85,9.65,9.68,,12582.0
2018-11-15 15:00,,9.76,300052,9.79,9.72,9.79,,9366.0
2018-11-15 15:00,{},9.76,300052,9.79,9.72,9.79,35.8798,9366.0
2018-11-16 10:00,,9.71,300052,9.8,9.67,9.75,,10906.0
2018-11-16 10:00,{},9.71,300052,9.8,9.67,9.75,41.7793,10906.0
2018-11-16 10:30,,9.64,300052,9.73,9.62,9.71,,8148.0
2018-11-16 10:30,{},9.64,300052,9.73,9.62,9.71,31.2138,8148.0
2018-11-16 11:00,,9.7,300052,9.74,9.61,9.64,,6782.0
2018-11-16 11:00,{},9.7,300052,9.74,9.61,9.64,25.9808,6782.0
2018-11-16 11:30,,9.76,300052,9.78,9.68,9.7,,5703.0
2018-11-16 11:30,{},9.76,300052,9.78,9.68,9.7,21.8473,5703.0
2018-11-16 13:30,{},9.71,300052,9.84,9.69,9.76,37.2167,9715.0
2018-11-16 13:30,,9.71,300052,9.84,9.69,9.76,,9715.0
2018-11-16 14:00,,9.8,300052,9.82,9.71,9.71,,8848.0
2018-11-16 14:00,{},9.8,300052,9.82,9.71,9.71,33.8954,8848.0
2018-11-16 14:30,{},9.73,300052,9.82,9.7,9.8,23.7474,6199.0
2018-11-16 14:30,,9.73,300052,9.82,9.7,9.8,,6199.0
2018-11-16 15:00,{},9.75,300052,9.81,9.73,9.73,41.8214,10917.0
2018-11-16 15:00,,9.75,300052,9.81,9.73,9.73,,10917.0
2018-11-19 10:00,,9.67,300052,9.87,9.61,9.75,,17475.0
2018-11-19 10:00,{},9.67,300052,9.87,9.61,9.75,66.9441,17475.0
2018-11-19 10:30,,9.59,300052,9.69,9.47,9.67,,12240.0
2018-11-19 10:30,{},9.59,300052,9.69,9.47,9.67,46.8896,12240.0
2018-11-19 11:00,{},9.55,300052,9.59,9.5,9.59,17.8901,4670.0
2018-11-19 11:00,,9.55,300052,9.59,9.5,9.59,,4670.0
2018-11-19 11:30,{},9.52,300052,9.58,9.49,9.55,13.6417,3561.0
2018-11-19 11:30,,9.52,300052,9.58,9.49,9.55,,3561.0
2018-11-19 13:30,,9.52,300052,9.56,9.47,9.52,,5735.0
2018-11-19 13:30,{},9.52,300052,9.56,9.47,9.52,21.9699,5735.0
2018-11-19 14:00,{},9.5,300052,9.56,9.47,9.52,17.6411,4605.0
2018-11-19 14:00,,9.5,300052,9.56,9.47,9.52,,4605.0
2018-11-19 14:30,,9.56,300052,9.58,9.5,9.5,,4965.0
2018-11-19 14:30,{},9.56,300052,9.58,9.5,9.5,19.0202,4965.0
2018-11-19 15:00,,9.61,300052,9.62,9.54,9.56,,8923.0
2018-11-19 15:00,{},9.61,300052,9.62,9.54,9.56,34.1827,8923.0
2018-11-20 10:00,,9.51,300052,9.58,9.4,9.58,,10668.0
2018-11-20 10:00,{},9.51,300052,9.58,9.4,9.58,40.8675,10668.0
2018-11-20 10:30,,9.48,300052,9.56,9.47,9.51,,5070.0
2018-11-20 10:30,{},9.48,300052,9.56,9.47,9.51,19.4224,5070.0
2018-11-20 11:00,,9.5,300052,9.52,9.47,9.48,,2304.0
2018-11-20 11:00,{},9.5,300052,9.52,9.47,9.48,8.8263,2304.0
2018-11-20 11:30,{},9.42,300052,9.5,9.42,9.5,16.1739,4222.0
2018-11-20 11:30,,9.42,300052,9.5,9.42,9.5,,4222.0
2018-11-20 13:30,{},9.41,300052,9.45,9.41,9.42,14.0209,3660.0
2018-11-20 13:30,,9.41,300052,9.45,9.41,9.42,,3660.0
2018-11-20 14:00,,9.37,300052,9.42,9.35,9.41,,4465.0
2018-11-20 14:00,{},9.37,300052,9.42,9.35,9.41,17.1048,4465.0
2018-11-20 14:30,,9.31,300052,9.39,9.3,9.37,,4467.0
2018-11-20 14:30,{},9.31,300052,9.39,9.3,9.37,17.1124,4467.0
2018-11-20 15:00,{},9.25,300052,9.33,9.23,9.31,32.2021,8406.0
2018-11-20 15:00,,9.25,300052,9.33,9.23,9.31,,8406.0
2018-11-21 10:00,,9.25,300052,9.29,9.06,9.12,,8605.0
2018-11-21 10:00,{},9.25,300052,9.29,9.06,9.12,32.9645,8605.0
2018-11-21 10:30,{},9.26,300052,9.35,9.23,9.25,23.2801,6077.0
2018-11-21 10:30,,9.26,300052,9.35,9.23,9.25,,6077.0
2018-11-21 11:00,,9.31,300052,9.33,9.24,9.26,,2774.0
2018-11-21 11:00,{},9.31,300052,9.33,9.24,9.26,10.6268,2774.0
2018-11-21 11:30,{},9.35,300052,9.36,9.31,9.31,13.2662,3463.0
2018-11-21 11:30,,9.35,300052,9.36,9.31,9.31,,3463.0
2018-11-21 13:30,{},9.32,300052,9.36,9.32,9.35,8.9412,2334.0
2018-11-21 13:30,,9.32,300052,9.36,9.32,9.35,,2334.0
2018-11-21 14:00,{},9.36,300052,9.42,9.32,9.32,19.2615,5028.0
2018-11-21 14:00,,9.36,300052,9.42,9.32,9.32,,5028.0
2018-11-21 14:30,,9.35,300052,9.37,9.31,9.36,,2150.0
2018-11-21 14:30,{},9.35,300052,9.37,9.31,9.36,8.2363,2150.0
2018-11-21 15:00,,9.39,300052,9.4,9.32,9.35,,4409.0
2018-11-21 15:00,{},9.39,300052,9.4,9.32,9.35,16.8902,4409.0
2018-11-22 10:00,,9.39,300052,9.45,9.37,9.42,,5498.0
2018-11-22 10:00,{},9.39,300052,9.45,9.37,9.42,21.062,5498.0
2018-11-22 10:00,{},9.39,300052,9.45,9.37,9.42,21.061999999999998,5498.0
2018-11-22 10:30,,9.38,300052,9.41,9.35,9.39,,3119.0
2018-11-22 10:30,{},9.38,300052,9.41,9.35,9.39,11.9484,3119.0
2018-11-22 11:00,{},9.43,300052,9.47,9.37,9.38,10.825999999999999,2826.0
2018-11-22 11:00,,9.43,300052,9.47,9.37,9.38,,2826.0
2018-11-22 11:00,{},9.43,300052,9.47,9.37,9.38,10.826,2826.0
2018-11-22 11:30,,9.38,300052,9.46,9.38,9.43,,1832.0
2018-11-22 11:30,{},9.38,300052,9.46,9.38,9.43,7.0181,1832.0
2018-11-22 13:30,{},9.59,300052,9.8,9.35,9.38,133.8001,34927.0
2018-11-22 13:30,,9.59,300052,9.8,9.35,9.38,,34927.0
2018-11-22 14:00,,9.65,300052,9.66,9.58,9.59,,6612.0
2018-11-22 14:00,{},9.65,300052,9.66,9.58,9.59,25.3296,6612.0
2018-11-22 14:30,{},9.61,300052,9.65,9.61,9.65,8.4202,2198.0
2018-11-22 14:30,,9.61,300052,9.65,9.61,9.65,,2198.0
2018-11-22 15:00,{},9.55,300052,9.62,9.52,9.61,22.2994,5821.0
2018-11-22 15:00,,9.55,300052,9.62,9.52,9.61,,5821.0
2018-11-23 10:00,,9.18,300052,9.53,9.13,9.48,,18897.0
2018-11-23 10:00,{},9.18,300052,9.53,9.13,9.48,72.3916,18897.0
2018-11-23 10:30,,9.13,300052,9.21,9.1,9.18,,9059.0
2018-11-23 10:30,{},9.13,300052,9.21,9.1,9.18,34.7037,9059.0
2018-11-23 11:00,,9.1,300052,9.2,9.04,9.13,,6215.0
2018-11-23 11:00,{},9.1,300052,9.2,9.04,9.13,23.8087,6215.0
2018-11-23 11:30,,9.06,300052,9.11,9.01,9.1,,6126.0
2018-11-23 11:30,{},9.06,300052,9.11,9.01,9.1,23.4678,6126.0
2018-11-23 13:30,,8.98,300052,9.09,8.96,9.06,,4894.0
2018-11-23 13:30,{},8.98,300052,9.09,8.96,9.06,18.7482,4894.0
2018-11-23 14:00,{},8.77,300052,8.99,8.71,8.98,36.5233,9534.0
2018-11-23 14:00,,8.77,300052,8.99,8.71,8.98,,9534.0
2018-11-23 14:30,{},8.95,300052,8.97,8.77,8.77,16.4842,4303.0
2018-11-23 14:30,,8.95,300052,8.97,8.77,8.77,,4303.0
2018-11-23 15:00,,8.74,300052,8.97,8.74,8.95,,7662.0
2018-11-23 15:00,{},8.74,300052,8.97,8.74,8.95,29.351999999999997,7662.0
2018-11-23 15:00,{},8.74,300052,8.97,8.74,8.95,29.352,7662.0
2018-11-26 10:00,,8.83,300052,8.87,8.7,8.7,,9188.0
2018-11-26 10:00,{},8.83,300052,8.87,8.7,8.7,35.1979,9188.0
2018-11-26 10:30,,8.82,300052,8.86,8.8,8.83,,2557.0
2018-11-26 10:30,{},8.82,300052,8.86,8.8,8.83,9.7955,2557.0
2018-11-26 11:00,{},8.74,300052,8.82,8.71,8.82,10.5387,2751.0
2018-11-26 11:00,,8.74,300052,8.82,8.71,8.82,,2751.0
2018-11-26 11:30,{},8.81,300052,8.84,8.73,8.74,5.0797,1326.0
2018-11-26 11:30,,8.81,300052,8.84,8.73,8.74,,1326.0
2018-11-26 13:30,{},8.77,300052,8.81,8.77,8.81,4.2829,1118.0
2018-11-26 13:30,,8.77,300052,8.81,8.77,8.81,,1118.0
2018-11-26 14:00,,8.75,300052,8.79,8.73,8.77,,1267.0
2018-11-26 14:00,{},8.75,300052,8.79,8.73,8.77,4.8537,1267.0
2018-11-26 14:30,{},8.74,300052,8.79,8.72,8.75,7.6157,1988.0
2018-11-26 14:30,,8.74,300052,8.79,8.72,8.75,,1988.0
2018-11-26 15:00,{},8.76,300052,8.76,8.67,8.74,19.1159,4990.0
2018-11-26 15:00,,8.76,300052,8.76,8.67,8.74,,4990.0
2018-11-27 10:00,{},9.07,300052,9.16,8.81,8.83,55.1068,14385.0
2018-11-27 10:00,,9.07,300052,9.16,8.81,8.83,,14385.0
2018-11-27 10:30,,9.09,300052,9.13,9.04,9.07,,9108.0
2018-11-27 10:30,{},9.09,300052,9.13,9.04,9.07,34.8914,9108.0
2018-11-27 11:00,,9.04,300052,9.11,9.04,9.09,,2472.0
2018-11-27 11:00,{},9.04,300052,9.11,9.04,9.09,9.4699,2472.0
2018-11-27 11:30,,9.03,300052,9.07,8.98,9.04,,2382.0
2018-11-27 11:30,{},9.03,300052,9.07,8.98,9.04,9.1251,2382.0
2018-11-27 13:30,,9.05,300052,9.06,9.02,9.03,,1217.0
2018-11-27 13:30,{},9.05,300052,9.06,9.02,9.03,4.6621,1217.0
2018-11-27 14:00,{},8.96,300052,9.05,8.96,9.05,6.1370000000000005,1602.0
2018-11-27 14:00,,8.96,300052,9.05,8.96,9.05,,1602.0
2018-11-27 14:30,{},8.86,300052,8.97,8.86,8.96,13.0977,3419.0
2018-11-27 14:30,,8.86,300052,8.97,8.86,8.96,,3419.0
2018-11-27 15:00,,8.93,300052,8.93,8.86,8.86,,2622.0
2018-11-27 15:00,{},8.93,300052,8.93,8.86,8.86,10.0445,2622.0
2018-11-28 10:00,{},9.48,300052,9.66,8.95,8.95,213.4703,55724.0
2018-11-28 10:00,,9.48,300052,9.66,8.95,8.95,,55724.0
2018-11-28 10:30,{},9.52,300052,9.6,9.4,9.48,47.108000000000004,12297.0
2018-11-28 10:30,,9.52,300052,9.6,9.4,9.48,,12297.0
2018-11-28 10:30,{},9.52,300052,9.6,9.4,9.48,47.108,12297.0
2018-11-28 11:00,,9.65,300052,9.74,9.52,9.52,,17940.0
2018-11-28 11:00,{},9.65,300052,9.74,9.52,9.52,68.7255,17940.0
2018-11-28 11:30,{},9.82,300052,9.82,9.65,9.65,212.2215,55398.0
2018-11-28 11:30,,9.82,300052,9.82,9.65,9.65,,55398.0
2018-11-28 13:30,,9.82,300052,9.82,9.82,9.82,,6635.0
2018-11-28 13:30,{},9.82,300052,9.82,9.82,9.82,25.4177,6635.0
2018-11-28 14:00,,9.82,300052,9.82,9.82,9.82,,3559.0
2018-11-28 14:00,{},9.82,300052,9.82,9.82,9.82,13.634,3559.0
2018-11-28 14:30,,9.72,300052,9.82,9.69,9.82,,22610.0
2018-11-28 14:30,{},9.72,300052,9.82,9.69,9.82,86.6155,22610.0
2018-11-28 15:00,{},9.56,300052,9.78,9.55,9.72,74.5254,19454.0
2018-11-28 15:00,,9.56,300052,9.78,9.55,9.72,,19454.0
2018-11-29 10:00,{},9.55,300052,9.68,9.43,9.46,233.046,60834.0
2018-11-29 10:00,,9.55,300052,9.68,9.43,9.46,,60834.0
2018-11-29 10:30,{},9.59,300052,9.62,9.5,9.55,64.4617,16827.0
2018-11-29 10:30,,9.59,300052,9.62,9.5,9.55,,16827.0
2018-11-29 11:00,,9.56,300052,9.59,9.51,9.59,,9245.0
2018-11-29 11:00,{},9.56,300052,9.59,9.51,9.59,35.4162,9245.0
2018-11-29 11:30,,9.56,300052,9.57,9.52,9.56,,4615.0
2018-11-29 11:30,{},9.56,300052,9.57,9.52,9.56,17.6794,4615.0
2018-11-29 13:30,,9.57,300052,9.57,9.51,9.56,,6921.0
2018-11-29 13:30,{},9.57,300052,9.57,9.51,9.56,26.5133,6921.0
2018-11-29 14:00,{},9.67,300052,9.76,9.49,9.57,57.2214,14937.0
2018-11-29 14:00,,9.67,300052,9.76,9.49,9.57,,14937.0
2018-11-29 14:30,{},9.56,300052,9.7,9.46,9.67,53.4978,13965.0
2018-11-29 14:30,,9.56,300052,9.7,9.46,9.67,,13965.0
2018-11-29 15:00,,9.18,300052,9.56,9.15,9.56,,25054.0
2018-11-29 15:00,{},9.18,300052,9.56,9.15,9.56,95.9781,25054.0
2018-11-30 10:00,{},9.76,300052,10.1,9.33,9.39,366.9074,95777.0
2018-11-30 10:00,,9.76,300052,10.1,9.33,9.39,,95777.0
2018-11-30 10:30,,9.54,300052,9.79,9.46,9.76,,18838.0
2018-11-30 10:30,{},9.54,300052,9.79,9.46,9.76,72.1656,18838.0
2018-11-30 11:00,{},9.64,300052,9.69,9.51,9.54,29.5359,7710.0
2018-11-30 11:00,,9.64,300052,9.69,9.51,9.54,,7710.0
2018-11-30 11:30,{},9.53,300052,9.67,9.51,9.64,14.3657,3750.0
2018-11-30 11:30,,9.53,300052,9.67,9.51,9.64,,3750.0
2018-11-30 13:30,{},9.5,300052,9.61,9.47,9.53,22.5254,5880.0
2018-11-30 13:30,,9.5,300052,9.61,9.47,9.53,,5880.0
2018-11-30 14:00,,9.52,300052,9.55,9.4,9.5,,6003.0
2018-11-30 14:00,{},9.52,300052,9.55,9.4,9.5,22.9966,6003.0
2018-11-30 14:30,,9.64,300052,9.69,9.52,9.52,,7086.0
2018-11-30 14:30,{},9.64,300052,9.69,9.52,9.52,27.1454,7086.0
2018-11-30 15:00,,9.67,300052,9.73,9.57,9.64,,13466.0
2018-11-30 15:00,{},9.67,300052,9.73,9.57,9.64,51.5862,13466.0
2018-12-03 10:00,{},9.78,300052,10.0,9.66,9.81,210.0762,54838.0
2018-12-03 10:00,,9.78,300052,10.0,9.66,9.81,,54838.0
2018-12-03 10:30,,9.86,300052,10.02,9.78,9.78,,27920.0
2018-12-03 10:30,{},9.86,300052,10.02,9.78,9.78,106.9574,27920.0
2018-12-03 11:00,{},9.9,300052,9.96,9.8,9.86,47.3991,12373.0
2018-12-03 11:00,,9.9,300052,9.96,9.8,9.86,,12373.0
2018-12-03 11:30,,9.93,300052,9.98,9.87,9.9,,5855.0
2018-12-03 11:30,{},9.93,300052,9.98,9.87,9.9,22.4296,5855.0
2018-12-03 13:30,{},9.98,300052,10.0,9.91,9.93,36.7685,9598.0
2018-12-03 13:30,,9.98,300052,10.0,9.91,9.93,,9598.0
2018-12-03 14:00,{},10.27,300052,10.4,9.9,9.98,157.0189,40988.0
2018-12-03 14:00,,10.27,300052,10.4,9.9,9.98,,40988.0
2018-12-03 14:30,,10.2,300052,10.28,10.19,10.27,,13971.0
2018-12-03 14:30,{},10.2,300052,10.28,10.19,10.27,53.5208,13971.0
2018-12-03 15:00,,10.24,300052,10.25,10.15,10.2,,24429.0
2018-12-03 15:00,{},10.24,300052,10.25,10.15,10.2,93.5839,24429.0
2018-12-04 10:00,,9.98,300052,10.13,9.9,10.01,,37797.0
2018-12-04 10:00,{},9.98,300052,10.13,9.9,10.01,144.7947,37797.0
2018-12-04 10:30,,9.97,300052,10.03,9.94,9.98,,11367.0
2018-12-04 10:30,{},9.97,300052,10.03,9.94,9.98,43.5453,11367.0
2018-12-04 11:00,,10.01,300052,10.07,9.96,9.97,,8048.0
2018-12-04 11:00,{},10.01,300052,10.07,9.96,9.97,30.8307,8048.0
2018-12-04 11:30,,10.02,300052,10.03,9.97,10.01,,5933.0
2018-12-04 11:30,{},10.02,300052,10.03,9.97,10.01,22.7284,5933.0
2018-12-04 13:30,,9.98,300052,10.05,9.96,10.02,,6402.0
2018-12-04 13:30,{},9.98,300052,10.05,9.96,10.02,24.5251,6402.0
2018-12-04 14:00,{},9.99,300052,10.01,9.95,9.98,22.5484,5886.0
2018-12-04 14:00,,9.99,300052,10.01,9.95,9.98,,5886.0
2018-12-04 14:30,{},10.06,300052,10.12,9.97,9.99,42.4918,11092.0
2018-12-04 14:30,,10.06,300052,10.12,9.97,9.99,,11092.0
2018-12-04 15:00,,10.05,300052,10.06,9.99,10.06,,18654.0
2018-12-04 15:00,{},10.05,300052,10.06,9.99,10.06,71.4607,18654.0
2018-12-05 10:00,{},9.91,300052,9.95,9.8,9.82,71.568,18682.0
2018-12-05 10:00,,9.91,300052,9.95,9.8,9.82,,18682.0
2018-12-05 10:30,{},9.92,300052,9.95,9.85,9.91,36.236,9459.0
2018-12-05 10:30,,9.92,300052,9.95,9.85,9.91,,9459.0
2018-12-05 11:00,{},9.97,300052,9.97,9.89,9.92,19.7595,5158.0
2018-12-05 11:00,,9.97,300052,9.97,9.89,9.92,,5158.0
2018-12-05 11:30,,10.01,300052,10.02,9.92,9.97,,5764.0
2018-12-05 11:30,{},10.01,300052,10.02,9.92,9.97,22.081,5764.0
2018-12-05 13:30,{},9.9,300052,10.01,9.88,10.01,28.4824,7435.0
2018-12-05 13:30,,9.9,300052,10.01,9.88,10.01,,7435.0
2018-12-05 14:00,{},9.79,300052,9.92,9.75,9.9,44.9321,11729.0
2018-12-05 14:00,,9.79,300052,9.92,9.75,9.9,,11729.0
2018-12-05 14:30,{},9.83,300052,9.86,9.75,9.79,32.2826,8427.0
2018-12-05 14:30,,9.83,300052,9.86,9.75,9.79,,8427.0
2018-12-05 15:00,,9.9,300052,9.91,9.81,9.83,,9120.0
2018-12-05 15:00,{},9.9,300052,9.91,9.81,9.83,34.9374,9120.0
2018-12-06 10:00,{},9.84,300052,9.89,9.74,9.89,36.8221,9612.0
2018-12-06 10:00,,9.84,300052,9.89,9.74,9.89,,9612.0
2018-12-06 10:30,{},9.79,300052,9.9,9.74,9.84,25.2798,6599.0
2018-12-06 10:30,,9.79,300052,9.9,9.74,9.84,,6599.0
2018-12-06 11:00,,9.78,300052,9.83,9.76,9.79,,3942.0
2018-12-06 11:00,{},9.78,300052,9.83,9.76,9.79,15.1012,3942.0
2018-12-06 11:30,{},9.74,300052,9.82,9.7,9.78,26.3448,6877.0
2018-12-06 11:30,,9.74,300052,9.82,9.7,9.78,,6877.0
2018-12-06 13:30,,9.64,300052,9.77,9.6,9.74,,7615.0
2018-12-06 13:30,{},9.64,300052,9.77,9.6,9.74,29.1719,7615.0
2018-12-06 14:00,{},9.61,300052,9.69,9.55,9.64,31.6007,8249.0
2018-12-06 14:00,,9.61,300052,9.69,9.55,9.64,,8249.0
2018-12-06 14:30,,9.64,300052,9.7,9.57,9.61,,5945.0
2018-12-06 14:30,{},9.64,300052,9.7,9.57,9.61,22.7744,5945.0
2018-12-06 15:00,,9.63,300052,9.69,9.61,9.64,,9917.0
2018-12-06 15:00,{},9.63,300052,9.69,9.61,9.64,37.9906,9917.0
2018-12-07 10:00,,9.67,300052,9.77,9.63,9.69,,8315.0
2018-12-07 10:00,{},9.67,300052,9.77,9.63,9.69,31.8535,8315.0
2018-12-07 10:30,,9.7,300052,9.74,9.66,9.67,,3223.0
2018-12-07 10:30,{},9.7,300052,9.74,9.66,9.67,12.3468,3223.0
2018-12-07 11:00,{},9.65,300052,9.7,9.65,9.7,7.1254,1860.0
2018-12-07 11:00,,9.65,300052,9.7,9.65,9.7,,1860.0
2018-12-07 11:30,,9.73,300052,9.76,9.63,9.65,,4076.0
2018-12-07 11:30,{},9.73,300052,9.76,9.63,9.65,15.6145,4076.0
2018-12-07 13:30,{},9.72,300052,9.76,9.69,9.73,11.2282,2931.0
2018-12-07 13:30,,9.72,300052,9.76,9.69,9.73,,2931.0
2018-12-07 14:00,,9.69,300052,9.72,9.67,9.72,,2646.0
2018-12-07 14:00,{},9.69,300052,9.72,9.67,9.72,10.1364,2646.0
2018-12-07 14:30,{},9.66,300052,9.7,9.63,9.69,17.235,4499.0
2018-12-07 14:30,,9.66,300052,9.7,9.63,9.69,,4499.0
2018-12-07 15:00,,9.59,300052,9.68,9.58,9.66,,10553.0
2018-12-07 15:00,{},9.59,300052,9.68,9.58,9.66,40.427,10553.0
2018-12-10 10:00,{},9.68,300052,9.71,9.48,9.5,37.6151,9819.0
2018-12-10 10:00,,9.68,300052,9.71,9.48,9.5,,9819.0
2018-12-10 10:30,{},9.7,300052,9.7,9.6,9.68,22.1768,5789.0
2018-12-10 10:30,,9.7,300052,9.7,9.6,9.68,,5789.0
2018-12-10 11:00,{},9.73,300052,9.77,9.67,9.7,23.1728,6049.0
2018-12-10 11:00,,9.73,300052,9.77,9.67,9.7,,6049.0
2018-12-10 11:30,,9.65,300052,9.73,9.64,9.72,,2853.0
2018-12-10 11:30,{},9.65,300052,9.73,9.64,9.72,10.9294,2853.0
2018-12-10 13:30,,9.67,300052,9.69,9.64,9.65,,2263.0
2018-12-10 13:30,{},9.67,300052,9.69,9.64,9.65,8.6692,2263.0
2018-12-10 14:00,{},9.63,300052,9.68,9.59,9.67,12.7299,3323.0
2018-12-10 14:00,,9.63,300052,9.68,9.59,9.67,,3323.0
2018-12-10 14:30,{},9.71,300052,9.71,9.62,9.63,15.967,4168.0
2018-12-10 14:30,,9.71,300052,9.71,9.62,9.63,,4168.0
2018-12-10 15:00,,9.61,300052,9.71,9.56,9.71,,6522.0
2018-12-10 15:00,{},9.61,300052,9.71,9.56,9.71,24.9848,6522.0
2018-12-11 10:00,,9.61,300052,9.72,9.53,9.66,,9299.0
2018-12-11 10:00,{},9.61,300052,9.72,9.53,9.66,35.6231,9299.0
2018-12-11 10:30,{},9.54,300052,9.65,9.51,9.61,25.1993,6578.0
2018-12-11 10:30,,9.54,300052,9.65,9.51,9.61,,6578.0
2018-12-11 11:00,{},9.49,300052,9.58,9.48,9.54,29.0953,7595.0
2018-12-11 11:00,,9.49,300052,9.58,9.48,9.54,,7595.0
2018-12-11 11:30,{},9.51,300052,9.56,9.48,9.49,14.8867,3886.0
2018-12-11 11:30,,9.51,300052,9.56,9.48,9.49,,3886.0
2018-12-11 13:30,{},9.52,300052,9.54,9.49,9.51,12.3277,3218.0
2018-12-11 13:30,,9.52,300052,9.54,9.49,9.51,,3218.0
2018-12-11 14:00,{},9.35,300052,9.52,9.32,9.52,36.3778,9496.0
2018-12-11 14:00,,9.35,300052,9.52,9.32,9.52,,9496.0
2018-12-11 14:30,,9.34,300052,9.39,9.31,9.35,,10856.0
2018-12-11 14:30,{},9.34,300052,9.39,9.31,9.35,41.5877,10856.0
2018-12-11 15:00,{},9.42,300052,9.42,9.34,9.34,38.0289,9927.0
2018-12-11 15:00,,9.42,300052,9.42,9.34,9.34,,9927.0
2018-12-12 10:00,,9.4,300052,9.49,9.38,9.44,,7685.0
2018-12-12 10:00,{},9.4,300052,9.49,9.38,9.44,29.4401,7685.0
2018-12-12 10:30,,9.35,300052,9.42,9.35,9.4,,4133.0
2018-12-12 10:30,{},9.35,300052,9.42,9.35,9.4,15.8329,4133.0
2018-12-12 11:00,,9.33,300052,9.35,9.28,9.35,,5580.0
2018-12-12 11:00,{},9.33,300052,9.35,9.28,9.35,21.3761,5580.0
2018-12-12 11:30,{},9.36,300052,9.37,9.31,9.33,8.2861,2163.0
2018-12-12 11:30,,9.36,300052,9.37,9.31,9.33,,2163.0
2018-12-12 13:30,{},9.4,300052,9.41,9.34,9.36,5.5317,1444.0
2018-12-12 13:30,,9.4,300052,9.41,9.34,9.36,,1444.0
2018-12-12 14:00,{},9.32,300052,9.41,9.32,9.4,10.5808,2762.0
2018-12-12 14:00,,9.32,300052,9.41,9.32,9.4,,2762.0
2018-12-12 14:30,{},9.39,300052,9.4,9.28,9.32,17.1431,4475.0
2018-12-12 14:30,,9.39,300052,9.4,9.28,9.32,,4475.0
2018-12-12 15:00,,9.34,300052,9.39,9.33,9.39,,5044.0
2018-12-12 15:00,{},9.34,300052,9.39,9.33,9.39,19.3228,5044.0
2018-12-13 10:00,{},9.35,300052,9.43,9.28,9.4,21.4106,5589.0
2018-12-13 10:00,,9.35,300052,9.43,9.28,9.4,,5589.0
2018-12-13 10:30,{},9.44,300052,9.45,9.33,9.35,21.2574,5549.0
2018-12-13 10:30,,9.44,300052,9.45,9.33,9.35,,5549.0
2018-12-13 11:00,,9.48,300052,9.49,9.42,9.44,,7755.0
2018-12-13 11:00,{},9.48,300052,9.49,9.42,9.44,29.7083,7755.0
2018-12-13 11:30,{},9.47,300052,9.49,9.45,9.48,14.7105,3840.0
2018-12-13 11:30,,9.47,300052,9.49,9.45,9.48,,3840.0
2018-12-13 13:30,{},9.46,300052,9.5,9.45,9.47,15.7716,4117.0
2018-12-13 13:30,,9.46,300052,9.5,9.45,9.47,,4117.0
2018-12-13 14:00,{},9.45,300052,9.47,9.42,9.46,12.9674,3385.0
2018-12-13 14:00,,9.45,300052,9.47,9.42,9.46,,3385.0
2018-12-13 14:30,,9.44,300052,9.49,9.42,9.45,,3831.0
2018-12-13 14:30,{},9.44,300052,9.49,9.42,9.45,14.675999999999998,3831.0
2018-12-13 15:00,{},9.42,300052,9.47,9.41,9.44,25.6054,6684.0
2018-12-13 15:00,,9.42,300052,9.47,9.41,9.44,,6684.0
2018-12-14 10:00,{},9.37,300052,9.46,9.35,9.37,19.5373,5100.0
2018-12-14 10:30,{},9.28,300052,9.37,9.26,9.37,25.8391,6745.0
2018-12-14 11:00,{},9.27,300052,9.32,9.23,9.28,20.6483,5390.0
2018-12-14 11:30,{},9.27,300052,9.3,9.26,9.27,7.7958,2035.0
2018-12-14 13:30,{},9.27,300052,9.31,9.21,9.27,12.638,3299.0
2018-12-14 14:00,{},9.13,300052,9.27,9.1,9.27,23.8739,6232.0
2018-12-14 14:30,{},8.98,300052,9.16,8.95,9.13,49.4754,12915.0
2018-12-14 15:00,{},8.97,300052,9.06,8.89,8.98,53.0228,13841.0
2018-12-17 10:00,{},8.93,300052,9.05,8.88,8.91,24.8469,6486.0
2018-12-17 10:30,{},9.02,300052,9.05,8.93,8.93,16.1739,4222.0
2018-12-17 11:00,{},9.07,300052,9.09,9.01,9.02,10.2207,2668.0
2018-12-17 11:30,{},9.05,300052,9.08,9.03,9.07,3.5474,926.0
2018-12-17 13:30,{},9.03,300052,9.05,9.0,9.05,4.2637,1113.0
2018-12-17 14:00,{},9.04,300052,9.08,9.03,9.03,5.8612,1530.0
2018-12-17 14:30,{},9.03,300052,9.06,9.02,9.04,3.8155,996.0
2018-12-17 15:00,{},9.06,300052,9.06,8.98,9.03,22.9123,5981.0
2018-12-18 10:00,{},9.07,300052,9.07,8.97,9.01,18.2387,4761.0
2018-12-18 10:30,{},8.97,300052,9.07,8.95,9.07,13.0632,3410.0
2018-12-18 11:00,{},8.92,300052,8.99,8.92,8.97,14.7296,3845.0
2018-12-18 11:30,{},8.86,300052,8.92,8.81,8.92,19.1543,5000.0
2018-12-18 13:30,{},8.9,300052,8.92,8.85,8.86,9.2975,2427.0
2018-12-18 14:00,{},8.89,300052,8.91,8.87,8.9,4.2944,1121.0
2018-12-18 14:30,{},8.96,300052,8.99,8.89,8.89,5.8076,1516.0
2018-12-18 15:00,{},8.95,300052,9.01,8.95,8.96,12.7682,3333.0
2018-12-19 10:00,{},8.97,300052,9.01,8.91,9.0,12.0174,3137.0
2018-12-19 10:30,{},8.93,300052,8.98,8.92,8.97,6.8611,1791.0
2018-12-19 11:00,{},8.91,300052,8.93,8.88,8.93,6.7998,1775.0
2018-12-19 11:30,{},8.95,300052,8.96,8.91,8.91,5.5547,1450.0
2018-12-19 13:30,{},8.92,300052,8.95,8.91,8.95,3.7542,980.0
2018-12-19 14:00,{},8.9,300052,8.92,8.88,8.92,3.6163,944.0
2018-12-19 14:30,{},8.88,300052,8.9,8.86,8.9,6.7576,1764.0
2018-12-19 15:00,{},8.84,300052,8.88,8.82,8.88,18.3881,4800.0
2018-12-20 10:00,{},8.95,300052,8.97,8.81,8.86,16.4535,4295.0
2018-12-20 10:30,{},8.97,300052,9.02,8.94,8.95,14.1856,3703.0
2018-12-20 11:00,{},8.96,300052,9.0,8.92,8.97,9.1404,2386.0
2018-12-20 11:30,{},8.91,300052,8.97,8.91,8.96,4.7234,1233.0
2018-12-20 13:30,{},8.88,300052,8.92,8.88,8.91,6.2251,1625.0
2018-12-20 14:00,{},8.96,300052,8.98,8.88,8.88,8.6424,2256.0
2018-12-20 14:30,{},8.96,300052,8.96,8.93,8.96,4.3518,1136.0
2018-12-20 15:00,{},8.94,300052,8.98,8.93,8.96,10.213,2666.0
2018-12-21 10:00,{},9.19,300052,9.24,8.95,8.97,84.6733,22103.0
2018-12-21 10:30,{},9.3,300052,9.33,9.19,9.19,62.4275,16296.0
2018-12-21 11:00,{},9.83,300052,9.83,9.27,9.3,185.4592,48412.0
2018-12-21 11:30,{},9.83,300052,9.83,9.83,9.83,25.7931,6733.0
2018-12-21 13:30,{},9.83,300052,9.83,9.83,9.83,19.0202,4965.0
2018-12-21 14:00,{},9.83,300052,9.83,9.83,9.83,9.6844,2528.0
2018-12-21 14:30,{},9.83,300052,9.83,9.83,9.83,8.9833,2345.0
2018-12-21 15:00,{},9.83,300052,9.83,9.83,9.83,13.7298,3584.0
2018-12-24 10:00,{},10.02,300052,10.19,9.9,10.12,408.273,106575.0
2018-12-24 10:30,{},9.98,300052,10.23,9.93,10.02,128.4561,33532.0
2018-12-24 11:00,{},10.0,300052,10.04,9.94,9.98,40.9135,10680.0
2018-12-24 11:30,{},9.92,300052,10.0,9.9,10.0,32.6848,8532.0
2018-12-24 13:30,{},9.86,300052,9.97,9.86,9.92,23.9505,6252.0
2018-12-24 14:00,{},9.76,300052,9.88,9.76,9.86,32.3554,8446.0
2018-12-24 14:30,{},9.74,300052,9.79,9.7,9.76,31.7424,8286.0
2018-12-24 15:00,{},9.78,300052,9.8,9.68,9.74,58.137,15176.0
2018-12-25 10:00,{},9.49,300052,9.64,9.45,9.46,178.5368,46605.0
2018-12-25 10:30,{},9.23,300052,9.49,9.22,9.49,97.545,25463.0
2018-12-25 11:00,{},9.23,300052,9.28,9.09,9.23,54.3291,14182.0
2018-12-25 11:30,{},9.23,300052,9.27,9.13,9.23,19.9357,5204.0
2018-12-25 13:30,{},9.28,300052,9.36,9.23,9.23,21.085,5504.0
2018-12-25 14:00,{},9.46,300052,9.47,9.26,9.28,41.354,10795.0
2018-12-25 14:30,{},9.55,300052,9.63,9.46,9.46,37.2397,9721.0
2018-12-25 15:00,{},9.6,300052,9.61,9.48,9.55,46.9394,12253.0
2018-12-26 10:00,{},9.49,300052,9.6,9.41,9.5,76.6609,19935.0
2018-12-26 10:30,{},9.84,300052,9.96,9.45,9.49,194.7999,50656.0
2018-12-26 11:00,{},9.84,300052,9.93,9.8,9.84,57.1448,14860.0
2018-12-26 11:30,{},10.05,300052,10.11,9.84,9.84,83.2291,21643.0
2018-12-26 13:30,{},9.92,300052,10.07,9.9,10.05,43.4162,11290.0
2018-12-26 14:00,{},9.84,300052,9.96,9.81,9.92,39.1323,10176.0
2018-12-26 14:30,{},9.84,300052,9.93,9.82,9.84,24.6192,6402.0
2018-12-26 15:00,{},9.8,300052,9.86,9.77,9.84,57.7486,15017.0
2018-12-27 10:00,{},9.84,300052,10.15,9.72,9.98,132.306,34405.0
2018-12-27 10:30,{},9.73,300052,9.85,9.68,9.84,33.8523,8803.0
2018-12-27 11:00,{},9.72,300052,9.83,9.72,9.73,12.4596,3240.0
2018-12-27 11:30,{},9.66,300052,9.74,9.6,9.72,35.4175,9210.0
2018-12-27 13:30,{},9.63,300052,9.72,9.62,9.66,15.5437,4042.0
2018-12-27 14:00,{},9.51,300052,9.68,9.51,9.63,37.5594,9767.0
2018-12-27 14:30,{},9.5,300052,9.59,9.49,9.51,35.5982,9257.0
2018-12-27 15:00,{},9.4,300052,9.58,9.4,9.5,51.761,13460.0
2018-12-28 10:00,{},10.11,300052,10.34,9.41,9.49,409.8697,106583.0
2018-12-28 10:30,{},10.01,300052,10.12,9.99,10.11,84.9173,22082.0
2018-12-28 11:00,{},10.04,300052,10.1,9.99,10.01,37.2595,9689.0
2018-12-28 11:30,{},10.0,300052,10.04,9.97,10.04,21.511999999999997,5594.0
2018-12-28 11:30,{},10.0,300052,10.04,9.97,10.04,21.512,5594.0
2018-12-28 13:30,{},10.1,300052,10.15,10.0,10.0,36.8096,9572.0
2018-12-28 14:00,{},10.02,300052,10.11,10.0,10.1,23.6193,6142.0
2018-12-28 14:30,{},9.98,300052,10.08,9.97,10.02,36.4365,9475.0
2018-12-28 15:00,{},10.1,300052,10.1,9.94,9.98,73.2653,19052.0
2019-01-02 10:00,{},10.23,300052,10.46,10.09,10.35,370.54900000000004,96358.0
2019-01-02 10:00,{},10.23,300052,10.46,10.09,10.35,370.549,96358.0
2019-01-02 10:30,{},10.2,300052,10.3,10.11,10.23,53.1531,13822.0
2019-01-02 11:00,{},10.23,300052,10.4,10.1,10.2,81.2948,21140.0
2019-01-02 11:30,{},10.24,300052,10.28,10.19,10.23,18.0395,4691.0
2019-01-02 13:30,{},10.16,300052,10.33,10.07,10.24,37.1095,9650.0
2019-01-02 14:00,{},10.07,300052,10.19,10.07,10.16,23.9962,6240.0
2019-01-02 14:30,{},10.2,300052,10.23,10.07,10.07,26.3074,6841.0
2019-01-02 15:00,{},10.03,300052,10.21,10.03,10.2,59.0445,15354.0
2019-01-03 10:00,{},10.07,300052,10.28,9.94,9.94,186.5436,48509.0
2019-01-03 10:30,{},9.85,300052,10.16,9.83,10.07,133.6327,34750.0
2019-01-03 11:00,{},9.92,300052,9.93,9.84,9.85,37.2633,9690.0
2019-01-03 11:30,{},9.98,300052,9.99,9.84,9.92,18.1241,4713.0
2019-01-03 13:30,{},9.99,300052,9.99,9.89,9.98,16.3166,4243.0
2019-01-03 14:00,{},9.99,300052,10.02,9.92,9.99,25.346,6591.0
2019-01-03 14:30,{},9.89,300052,10.0,9.86,9.99,28.4916,7409.0
2019-01-03 15:00,{},9.93,300052,9.94,9.83,9.89,59.0214,15348.0
2019-01-04 10:00,{},9.83,300052,9.93,9.6,9.68,99.9957,26003.0
2019-01-04 10:30,{},9.88,300052,9.95,9.76,9.83,36.5135,9495.0
2019-01-04 11:00,{},10.08,300052,10.1,9.86,9.88,59.1214,15374.0
2019-01-04 11:30,{},10.16,300052,10.16,10.04,10.1,54.3068,14122.0
2019-01-04 13:30,{},10.21,300052,10.26,10.16,10.16,92.4315,24036.0
2019-01-04 14:00,{},10.23,300052,10.35,10.21,10.21,76.4802,19888.0
2019-01-04 14:30,{},10.23,300052,10.27,10.21,10.23,47.7771,12424.0
2019-01-04 15:00,{},10.53,300052,10.57,10.22,10.23,150.5146,39140.0
2019-01-07 10:00,{},10.44,300052,10.48,10.26,10.38,172.6727,44902.0
2019-01-07 10:30,{},10.49,300052,10.56,10.38,10.44,73.4153,19091.0
2019-01-07 11:00,{},10.5,300052,10.56,10.44,10.49,54.7798,14245.0
2019-01-07 11:30,{},10.48,300052,10.54,10.41,10.5,37.5787,9772.0
2019-01-07 13:30,{},10.5,300052,10.66,10.44,10.48,58.6792,15259.0
2019-01-07 14:00,{},10.56,300052,10.59,10.47,10.5,30.1837,7849.0
2019-01-07 14:30,{},10.57,300052,10.58,10.45,10.56,46.6426,12129.0
2019-01-07 15:00,{},10.53,300052,10.63,10.5,10.57,84.6251,22006.0
2019-01-08 10:00,{},10.23,300052,10.39,10.21,10.39,117.9121,30662.0
2019-01-08 10:30,{},10.17,300052,10.29,10.12,10.23,86.5401,22504.0
2019-01-08 11:00,{},10.13,300052,10.18,10.08,10.17,46.6195,12123.0
2019-01-08 11:30,{},10.24,300052,10.25,10.12,10.13,18.8893,4912.0
2019-01-08 13:30,{},10.13,300052,10.25,10.12,10.24,18.1356,4716.0
2019-01-08 14:00,{},10.17,300052,10.19,10.12,10.13,17.9741,4674.0
2019-01-08 14:30,{},10.17,300052,10.23,10.16,10.17,18.9662,4932.0
2019-01-08 15:00,{},10.16,300052,10.19,10.11,10.17,48.6154,12642.0
2019-01-09 10:00,{},10.21,300052,10.25,10.12,10.17,55.2682,14372.0
2019-01-09 10:30,{},10.31,300052,10.37,10.2,10.21,65.8319,17119.0
2019-01-09 11:00,{},10.4,300052,10.46,10.28,10.31,55.2297,14362.0
2019-01-09 11:30,{},10.41,300052,10.42,10.33,10.4,43.8661,11407.0
2019-01-09 13:30,{},10.45,300052,10.53,10.4,10.41,62.9823,16378.0
2019-01-09 14:00,{},10.43,300052,10.6,10.42,10.45,65.5935,17057.0
2019-01-09 14:30,{},10.33,300052,10.49,10.31,10.43,44.7198,11629.0
2019-01-09 15:00,{},10.17,300052,10.35,10.15,10.33,78.2761,20355.0
2019-01-10 10:00,{},10.3,300052,10.37,10.12,10.14,92.943,24169.0
2019-01-10 10:30,{},10.11,300052,10.33,10.1,10.3,43.5854,11334.0
2019-01-10 11:00,{},10.22,300052,10.23,10.11,10.11,23.8616,6205.0
2019-01-10 11:30,{},10.28,300052,10.35,10.17,10.22,29.1569,7582.0
2019-01-10 13:30,{},10.24,300052,10.32,10.24,10.28,17.6357,4586.0
2019-01-10 14:00,{},10.22,300052,10.24,10.13,10.24,32.491,8449.0
2019-01-10 14:30,{},10.17,300052,10.24,10.15,10.22,22.50800000000001,5853.0
2019-01-10 15:00,{},10.07,300052,10.17,10.05,10.17,64.7936,16849.0
2019-01-11 10:00,{},10.09,300052,10.12,9.98,10.02,57.7447,15016.0
2019-01-11 10:30,{},9.92,300052,10.09,9.91,10.09,62.4132,16230.0
2019-01-11 11:00,{},9.92,300052,9.98,9.88,9.92,41.9857,10918.0
2019-01-11 11:30,{},9.93,300052,9.96,9.89,9.92,26.6342,6926.0
2019-01-11 13:30,{},10.02,300052,10.04,9.93,9.93,21.4235,5571.0
2019-01-11 14:00,{},9.99,300052,10.04,9.96,10.02,15.686,4079.0
2019-01-11 14:30,{},10.07,300052,10.07,9.98,9.99,18.7547,4877.0
2019-01-11 15:00,{},10.03,300052,10.08,10.01,10.08,45.6851,11880.0
2019-01-14 10:00,{},9.92,300052,10.04,9.9,10.02,37.171,9666.0
2019-01-14 10:30,{},9.92,300052,9.96,9.9,9.92,24.0193,6246.0
2019-01-14 11:00,{},9.83,300052,9.96,9.8,9.92,49.7729,12943.0
2019-01-14 11:30,{},9.79,300052,9.84,9.76,9.83,26.5689,6909.0
2019-01-14 13:30,{},9.84,300052,9.86,9.78,9.79,11.4174,2969.0
2019-01-14 14:00,{},9.81,300052,9.85,9.77,9.84,17.9087,4657.0
2019-01-14 14:30,{},9.79,300052,9.84,9.79,9.81,13.7863,3585.0
2019-01-14 15:00,{},9.86,300052,9.86,9.77,9.79,39.5245,10278.0
2019-01-15 10:00,{},9.83,300052,9.94,9.78,9.82,48.4769,12606.0
2019-01-15 10:30,{},9.86,300052,9.9,9.82,9.83,21.8273,5676.0
2019-01-15 11:00,{},9.88,300052,9.91,9.81,9.86,17.5126,4554.0
2019-01-15 11:30,{},10.07,300052,10.12,9.87,9.88,89.7627,23342.0
2019-01-15 13:30,{},10.04,300052,10.11,10.03,10.07,24.6884,6420.0
2019-01-15 14:00,{},10.08,300052,10.11,10.02,10.04,24.0423,6252.0
2019-01-15 14:30,{},10.14,300052,10.17,10.07,10.08,40.1167,10432.0
2019-01-15 15:00,{},10.21,300052,10.24,10.1,10.14,99.7611,25942.0
2019-01-16 10:00,{},10.25,300052,10.28,10.09,10.13,96.50399999999999,25095.0
2019-01-16 10:00,{},10.25,300052,10.28,10.09,10.13,96.504,25095.0
2019-01-16 10:30,{},10.2,300052,10.25,10.17,10.25,36.8596,9585.0
2019-01-16 11:00,{},10.19,300052,10.21,10.14,10.2,33.5793,8732.0
2019-01-16 11:30,{},10.18,300052,10.19,10.15,10.19,12.0212,3126.0
2019-01-16 13:30,{},10.19,300052,10.21,10.16,10.18,12.7749,3322.0
2019-01-16 14:00,{},10.19,300052,10.21,10.16,10.19,21.3466,5551.0
2019-01-16 14:30,{},10.18,300052,10.21,10.17,10.19,14.5285,3778.0
2019-01-16 15:00,{},10.22,300052,10.22,10.15,10.18,59.056,15357.0
2019-01-16 15:00,{},10.22,300052,10.22,10.15,10.18,59.056000000000004,15357.0
2019-01-17 10:00,{},10.09,300052,10.3,10.02,10.24,50.1382,13038.0
2019-01-17 10:30,{},10.1,300052,10.22,10.08,10.09,22.2273,5780.0
2019-01-17 11:00,{},10.1,300052,10.13,10.05,10.1,18.424,4791.0
2019-01-17 11:30,{},10.08,300052,10.14,10.07,10.1,11.9943,3119.0
2019-01-17 13:30,{},10.1,300052,10.13,10.05,10.08,21.6466,5629.0
2019-01-17 14:00,{},10.02,300052,10.1,9.98,10.1,37.3864,9722.0
2019-01-17 14:30,{},9.98,300052,10.03,9.95,10.02,25.2768,6573.0
2019-01-17 15:00,{},10.12,300052,10.12,9.94,9.99,44.1699,11486.0
2019-01-18 10:00,{},10.14,300052,10.2,10.0,10.07,37.5594,9767.0
2019-01-18 10:30,{},10.03,300052,10.17,9.99,10.14,25.0845,6523.0
2019-01-18 11:00,{},10.02,300052,10.03,9.99,10.03,12.898,3354.0
2019-01-18 11:30,{},10.04,300052,10.09,10.01,10.02,8.0718,2099.0
2019-01-18 13:30,{},10.06,300052,10.09,10.03,10.04,4.9185,1279.0
2019-01-18 14:00,{},10.09,300052,10.09,10.04,10.06,8.5102,2213.0
2019-01-18 14:30,{},10.11,300052,10.14,10.06,10.09,16.059,4176.0
2019-01-18 15:00,{},10.14,300052,10.18,10.11,10.11,43.4662,11303.0
2019-01-21 10:00,{},10.12,300052,10.2,10.08,10.11,23.7232,6169.0
2019-01-21 10:30,{},10.06,300052,10.12,10.03,10.12,27.3995,7125.0
2019-01-21 11:00,{},10.16,300052,10.16,10.05,10.06,16.5089,4293.0
2019-01-21 11:30,{},10.12,300052,10.16,10.1,10.16,13.0941,3405.0
2019-01-21 13:30,{},10.09,300052,10.15,10.09,10.12,11.3597,2954.0
2019-01-21 14:00,{},10.04,300052,10.1,10.03,10.09,18.9585,4930.0
2019-01-21 14:30,{},10.06,300052,10.06,10.02,10.04,14.9053,3876.0
2019-01-21 15:00,{},10.05,300052,10.08,10.05,10.06,20.7813,5404.0
2019-01-22 10:00,{},9.88,300052,10.07,9.78,10.05,67.0086,17425.0
2019-01-22 10:30,{},10.09,300052,10.17,9.88,9.88,97.5384,25364.0
2019-01-22 11:00,{},10.04,300052,10.1,10.03,10.09,11.279000000000002,2933.0
2019-01-22 11:30,{},10.0,300052,10.04,9.96,10.04,8.8448,2300.0
2019-01-22 13:30,{},9.95,300052,10.01,9.93,10.0,7.0335,1829.0
2019-01-22 14:00,{},9.97,300052,9.98,9.93,9.95,8.7986,2288.0
2019-01-22 14:30,{},9.89,300052,9.98,9.86,9.97,15.113,3930.0
2019-01-22 15:00,{},9.89,300052,9.95,9.88,9.89,17.0742,4440.0
2019-01-23 10:00,{},9.78,300052,9.89,9.74,9.85,49.1499,12781.0
2019-01-23 10:30,{},9.75,300052,9.78,9.64,9.78,45.2159,11758.0
2019-01-23 11:00,{},9.68,300052,9.76,9.67,9.75,13.7324,3571.0
2019-01-23 11:30,{},9.7,300052,9.71,9.67,9.68,8.4487,2197.0
2019-01-23 13:30,{},9.65,300052,9.72,9.63,9.7,15.759,4098.0
2019-01-23 14:00,{},9.62,300052,9.68,9.58,9.65,34.3792,8940.0
2019-01-23 14:30,{},9.67,300052,9.7,9.62,9.62,14.0978,3666.0
2019-01-23 15:00,{},9.63,300052,9.7,9.62,9.67,33.3409,8670.0
2019-01-24 10:00,{},9.62,300052,9.74,9.6,9.63,24.6576,6412.0
2019-01-24 10:30,{},9.71,300052,9.71,9.6,9.62,14.3862,3741.0
2019-01-24 11:00,{},9.78,300052,9.81,9.68,9.71,23.5347,6120.0
2019-01-24 11:30,{},9.79,300052,9.8,9.76,9.78,16.7358,4352.0
2019-01-24 13:30,{},9.74,300052,9.79,9.73,9.79,8.9178,2319.0
2019-01-24 14:00,{},9.78,300052,9.79,9.74,9.74,12.6865,3299.0
2019-01-24 14:30,{},9.78,300052,9.84,9.77,9.78,17.0319,4429.0
2019-01-24 15:00,{},9.76,300052,9.8,9.75,9.78,29.0108,7544.0
2019-01-25 10:00,{},9.73,300052,9.81,9.71,9.75,23.6962,6162.0
2019-01-25 10:30,{},9.71,300052,9.73,9.66,9.73,16.7281,4350.0
2019-01-25 11:00,{},9.72,300052,9.77,9.69,9.71,9.4254,2451.0
2019-01-25 11:30,{},9.75,300052,9.77,9.67,9.72,9.1063,2368.0
2019-01-25 13:30,{},9.77,300052,9.78,9.71,9.75,10.0676,2618.0
2019-01-25 14:00,{},9.76,300052,9.78,9.74,9.77,6.7297,1750.0
2019-01-25 14:30,{},9.72,300052,9.76,9.72,9.76,10.906,2836.0
2019-01-25 14:30,{},9.72,300052,9.76,9.72,9.76,10.905999999999999,2836.0
2019-01-25 15:00,{},9.58,300052,9.72,9.58,9.72,32.0795,8342.0
2019-01-28 10:00,{},9.76,300052,9.8,9.65,9.75,36.5596,9507.0
2019-01-28 10:30,{},9.83,300052,9.87,9.75,9.76,26.1497,6800.0
2019-01-28 11:00,{},9.76,300052,9.86,9.76,9.83,18.9432,4926.0
2019-01-28 11:30,{},9.72,300052,9.76,9.71,9.76,11.479000000000001,2985.0
2019-01-28 11:30,{},9.72,300052,9.76,9.71,9.76,11.479,2985.0
2019-01-28 13:30,{},9.7,300052,9.72,9.67,9.72,7.8372,2038.0
2019-01-28 14:00,{},9.65,300052,9.7,9.64,9.7,8.6755,2256.0
2019-01-28 14:30,{},9.64,300052,9.66,9.62,9.65,6.8605,1784.0
2019-01-28 15:00,{},9.68,300052,9.73,9.64,9.64,19.0585,4956.0
2019-01-29 10:00,{},9.25,300052,9.68,9.2,9.67,56.1411,14599.0
2019-01-29 10:30,{},9.0,300052,9.25,8.94,9.25,89.0936,23168.0
2019-01-29 11:00,{},9.09,300052,9.14,8.99,9.0,26.3381,6849.0
2019-01-29 11:30,{},9.14,300052,9.16,9.06,9.09,11.2559,2927.0
2019-01-29 13:30,{},9.23,300052,9.24,9.12,9.14,8.7986,2288.0
2019-01-29 14:00,{},9.23,300052,9.28,9.2,9.23,10.4753,2724.0
2019-01-29 14:30,{},9.18,300052,9.26,9.17,9.23,13.1248,3413.0
2019-01-29 15:00,{},9.11,300052,9.19,9.06,9.18,27.6572,7192.0
2019-01-30 10:00,{},9.17,300052,9.19,9.01,9.12,25.8305,6717.0
2019-01-30 10:30,{},9.14,300052,9.2,9.14,9.17,7.0566,1835.0
2019-01-30 11:00,{},9.11,300052,9.15,9.09,9.14,5.7645,1499.0
2019-01-30 11:30,{},9.12,300052,9.17,9.1,9.11,5.1069,1328.0
2019-01-30 13:30,{},9.06,300052,9.14,9.06,9.12,8.863999999999997,2305.0
2019-01-30 14:00,{},9.01,300052,9.09,8.98,9.06,17.727999999999994,4610.0
2019-01-30 14:30,{},9.06,300052,9.1,9.01,9.01,9.3254,2425.0
2019-01-30 15:00,{},8.99,300052,9.06,8.98,9.06,26.5612,6907.0
2019-01-31 10:00,{},8.98,300052,9.06,8.9,8.99,28.9954,7540.0
2019-01-31 10:30,{},8.95,300052,9.0,8.92,8.98,12.9326,3363.0
2019-01-31 11:00,{},9.06,300052,9.1,8.95,8.95,16.7512,4356.0
2019-01-31 11:30,{},8.98,300052,9.07,8.98,9.06,6.8412,1779.0
2019-01-31 13:30,{},8.86,300052,9.0,8.85,8.98,19.0701,4959.0
2019-01-31 14:00,{},8.45,300052,8.86,8.2,8.86,54.6721,14217.0
2019-01-31 14:30,{},8.49,300052,8.57,8.39,8.45,39.0938,10166.0
2019-01-31 15:00,{},8.45,300052,8.69,8.44,8.49,41.1781,10708.0
2019-02-01 10:00,{},8.61,300052,8.66,8.48,8.48,35.1829,9149.0
2019-02-01 10:30,{},8.66,300052,8.68,8.58,8.61,11.4559,2979.0
2019-02-01 11:00,{},8.7,300052,8.72,8.62,8.66,10.9329,2843.0
2019-02-01 11:30,{},8.76,300052,8.79,8.67,8.7,12.9826,3376.0
2019-02-01 13:30,{},8.73,300052,8.77,8.7,8.76,5.0646,1317.0
2019-02-01 14:00,{},8.77,300052,8.77,8.72,8.73,11.402,2965.0
2019-02-01 14:00,{},8.77,300052,8.77,8.72,8.73,11.402000000000001,2965.0
2019-02-01 14:30,{},8.75,300052,8.81,8.75,8.77,18.7547,4877.0
2019-02-01 15:00,{},8.8,300052,8.85,8.75,8.75,24.0,6241.0
2019-02-11 10:00,{},8.97,300052,8.99,8.81,8.81,30.5067,7933.0
2019-02-11 10:30,{},8.98,300052,9.05,8.96,8.97,17.2434,4484.0
2019-02-11 11:00,{},9.01,300052,9.04,8.97,8.98,11.079,2881.0
2019-02-11 11:30,{},9.02,300052,9.03,8.98,9.01,8.9447,2326.0
2019-02-11 13:30,{},9.02,300052,9.05,9.01,9.02,10.5214,2736.0
2019-02-11 14:00,{},9.0,300052,9.02,8.99,9.02,10.3945,2703.0
2019-02-11 14:30,{},9.04,300052,9.05,8.98,9.0,17.4319,4533.0
2019-02-11 15:00,{},9.06,300052,9.08,9.02,9.04,21.6773,5637.0
2019-02-12 10:00,{},9.11,300052,9.13,8.97,9.06,20.7429,5394.0
2019-02-12 10:30,{},9.14,300052,9.15,9.08,9.11,18.897,4914.0
2019-02-12 10:30,{},9.14,300052,9.15,9.08,9.11,18.897000000000002,4914.0
2019-02-12 11:00,{},9.16,300052,9.16,9.11,9.14,11.429,2972.0
2019-02-12 11:30,{},9.16,300052,9.17,9.13,9.16,9.6908,2520.0
2019-02-12 13:30,{},9.13,300052,9.18,9.12,9.16,15.7167,4087.0
2019-02-12 14:00,{},9.07,300052,9.13,9.03,9.13,19.5584,5086.0
2019-02-12 14:30,{},9.04,300052,9.09,9.03,9.07,14.7515,3836.0
2019-02-12 15:00,{},9.12,300052,9.12,9.04,9.04,31.4912,8189.0
2019-02-13 10:00,{},9.12,300052,9.15,9.03,9.11,27.1226,7053.0
2019-02-13 10:30,{},9.16,300052,9.21,9.11,9.12,33.4947,8710.0
2019-02-13 11:00,{},9.21,300052,9.32,9.15,9.16,25.7728,6702.0
2019-02-13 11:30,{},9.21,300052,9.23,9.18,9.21,14.6938,3821.0
2019-02-13 13:30,{},9.27,300052,9.29,9.21,9.21,28.7301,7471.0
2019-02-13 14:00,{},9.34,300052,9.35,9.27,9.27,29.5299,7679.0
2019-02-13 14:30,{},9.34,300052,9.35,9.28,9.34,22.5887,5874.0
2019-02-13 15:00,{},9.31,300052,9.34,9.3,9.34,25.5536,6645.0
2019-02-14 10:00,{},9.27,300052,9.33,9.26,9.27,30.8413,8020.0
2019-02-14 10:30,{},9.39,300052,9.42,9.24,9.27,33.287,8656.0
2019-02-14 11:00,{},9.28,300052,9.4,9.28,9.39,20.4083,5307.0
2019-02-14 11:30,{},9.36,300052,9.37,9.28,9.28,9.9484,2587.0
2019-02-14 13:30,{},9.37,300052,9.37,9.33,9.36,4.9992,1300.0
2019-02-14 14:00,{},9.34,300052,9.37,9.3,9.37,10.4176,2709.0
2019-02-14 14:30,{},9.45,300052,9.53,9.33,9.34,34.5868,8994.0
2019-02-14 15:00,{},9.34,300052,9.46,9.34,9.45,34.3484,8932.0
2019-02-15 10:00,{},9.38,300052,9.44,9.29,9.37,34.283,8915.0
2019-02-15 10:30,{},9.33,300052,9.38,9.31,9.38,21.8773,5689.0
2019-02-15 11:00,{},9.4,300052,9.45,9.32,9.33,17.6088,4579.0
2019-02-15 11:30,{},9.36,300052,9.4,9.34,9.4,9.4177,2449.0
2019-02-15 13:30,{},9.33,300052,9.39,9.32,9.36,7.2988,1898.0
2019-02-15 14:00,{},9.37,300052,9.39,9.33,9.33,10.6252,2763.0
2019-02-15 14:30,{},9.37,300052,9.38,9.31,9.37,15.4399,4015.0
2019-02-15 15:00,{},9.35,300052,9.38,9.32,9.37,18.5125,4814.0
2019-02-18 10:00,{},9.49,300052,9.52,9.4,9.42,43.9161,11420.0
2019-02-18 10:30,{},9.56,300052,9.6,9.45,9.49,30.375999999999998,7899.0
2019-02-18 10:30,{},9.56,300052,9.6,9.45,9.49,30.376,7899.0
2019-02-18 11:00,{},9.59,300052,9.59,9.53,9.56,21.6043,5618.0
2019-02-18 11:30,{},9.58,300052,9.63,9.56,9.59,16.7473,4355.0
2019-02-18 13:30,{},9.63,300052,9.65,9.58,9.58,19.4315,5053.0
2019-02-18 14:00,{},9.63,300052,9.67,9.62,9.63,25.4037,6606.0
2019-02-18 14:30,{},9.7,300052,9.72,9.62,9.63,25.296,6578.0
2019-02-18 15:00,{},9.68,300052,9.71,9.65,9.7,41.1127,10691.0
2019-02-19 10:00,{},9.83,300052,9.9,9.64,9.7,58.9291,15324.0
2019-02-19 10:30,{},9.73,300052,9.84,9.71,9.83,36.2058,9415.0
2019-02-19 11:00,{},9.88,300052,9.91,9.72,9.73,59.6829,15520.0
2019-02-19 11:30,{},9.86,300052,10.07,9.86,9.88,64.4321,16755.0
2019-02-19 13:30,{},9.76,300052,9.88,9.7,9.86,34.9791,9096.0
2019-02-19 14:00,{},9.73,300052,9.79,9.73,9.76,17.1088,4449.0
2019-02-19 14:30,{},9.78,300052,9.79,9.7,9.73,17.9472,4667.0
2019-02-19 15:00,{},9.82,300052,9.83,9.78,9.78,32.6102,8480.0
2019-02-20 10:00,{},9.65,300052,9.83,9.65,9.74,48.9884,12739.0
2019-02-20 10:30,{},9.69,300052,9.71,9.58,9.65,31.2874,8136.0
2019-02-20 11:00,{},9.66,300052,9.79,9.66,9.69,15.7321,4091.0
2019-02-20 11:30,{},9.66,300052,9.74,9.66,9.66,9.51,2473.0
2019-02-20 13:30,{},9.62,300052,9.66,9.61,9.66,17.7549,4617.0
2019-02-20 14:00,{},9.62,300052,9.66,9.54,9.62,21.5466,5603.0
2019-02-20 14:30,{},9.7,300052,9.7,9.61,9.62,19.0547,4955.0
2019-02-20 15:00,{},9.74,300052,9.74,9.69,9.7,28.334,7368.0
2019-02-21 10:00,{},9.8,300052,9.83,9.63,9.7,46.3811,12061.0
2019-02-21 10:30,{},9.93,300052,9.97,9.79,9.8,71.1118,18492.0
2019-02-21 11:00,{},9.99,300052,10.01,9.9,9.93,43.3239,11266.0
2019-02-21 11:30,{},9.96,300052,10.0,9.89,9.99,37.3902,9723.0
2019-02-21 13:30,{},10.05,300052,10.05,9.96,9.96,53.4339,13895.0
2019-02-21 14:00,{},10.01,300052,10.28,10.0,10.05,97.2423,25287.0
2019-02-21 14:30,{},9.88,300052,10.06,9.85,10.01,43.074,11201.0
2019-02-21 15:00,{},9.9,300052,9.91,9.82,9.88,50.8612,13226.0
2019-02-22 10:00,{},9.9,300052,9.96,9.8,9.8,58.8099,15293.0
2019-02-22 10:30,{},9.89,300052,9.95,9.87,9.9,34.8791,9070.0
2019-02-22 11:00,{},9.96,300052,10.01,9.86,9.89,34.5791,8992.0
2019-02-22 11:30,{},9.97,300052,10.04,9.93,9.96,29.1223,7573.0
2019-02-22 13:30,{},10.09,300052,10.14,9.96,9.97,48.6346,12647.0
2019-02-22 14:00,{},10.18,300052,10.18,10.0,10.09,54.6375,14208.0
2019-02-22 14:30,{},10.18,300052,10.24,10.16,10.18,59.6906,15522.0
2019-02-22 15:00,{},10.16,300052,10.21,10.11,10.18,66.9048,17398.0
2019-02-25 10:00,{},10.26,300052,10.46,10.21,10.43,151.2991,39344.0
2019-02-25 10:30,{},10.77,300052,11.07,10.26,10.26,190.8198,49621.0
2019-02-25 11:00,{},10.67,300052,10.86,10.66,10.77,54.8336,14259.0
2019-02-25 11:30,{},10.79,300052,10.81,10.66,10.67,36.4558,9480.0
2019-02-25 13:30,{},11.01,300052,11.18,10.79,10.79,187.5511,48771.0
2019-02-25 14:00,{},10.98,300052,11.04,10.9,11.01,42.9047,11157.0
2019-02-25 14:30,{},11.03,300052,11.09,10.98,10.98,36.275,9433.0
2019-02-25 15:00,{},11.18,300052,11.18,11.0,11.03,126.9338,33008.0
2019-02-26 10:00,{},11.03,300052,11.12,10.85,11.11,217.9194,56668.0
2019-02-26 10:30,{},10.87,300052,11.08,10.85,11.03,102.1761,26570.0
2019-02-26 11:00,{},10.88,300052,10.94,10.75,10.87,74.5036,19374.0
2019-02-26 11:30,{},10.95,300052,10.95,10.8,10.88,28.0033,7282.0
2019-02-26 13:30,{},11.38,300052,11.55,10.95,10.95,201.8065,52478.0
2019-02-26 14:00,{},11.41,300052,11.5,11.26,11.38,86.6632,22536.0
2019-02-26 14:30,{},11.28,300052,11.48,11.28,11.41,46.7811,12165.0
2019-02-26 15:00,{},11.04,300052,11.33,11.0,11.28,81.6486,21232.0
2019-02-27 10:00,{},11.13,300052,11.25,10.91,10.98,115.0626,29921.0
2019-02-27 10:30,{},10.98,300052,11.15,10.9,11.13,57.6409,14989.0
2019-02-27 11:00,{},11.03,300052,11.1,10.98,10.98,39.2207,10199.0
2019-02-27 11:30,{},10.97,300052,11.09,10.95,11.03,47.8847,12452.0
2019-02-27 13:30,{},11.06,300052,11.13,10.97,10.97,46.1581,12003.0
2019-02-27 14:00,{},10.91,300052,11.1,10.83,11.06,70.8234,18417.0
2019-02-27 14:30,{},10.85,300052,10.92,10.71,10.91,63.6899,16562.0
2019-02-27 15:00,{},10.86,300052,10.88,10.68,10.85,69.3429,18032.0
2019-02-28 10:00,{},10.92,300052,10.99,10.73,10.73,66.3626,17257.0
2019-02-28 10:30,{},10.95,300052,11.0,10.86,10.92,35.6905,9281.0
2019-02-28 11:00,{},10.84,300052,10.95,10.82,10.95,28.0994,7307.0
2019-02-28 11:30,{},10.83,300052,10.85,10.74,10.84,25.7805,6704.0
2019-02-28 13:30,{},10.91,300052,10.96,10.74,10.83,31.8334,8278.0
2019-02-28 14:00,{},10.78,300052,10.92,10.76,10.91,20.4968,5330.0
2019-02-28 14:30,{},10.84,300052,10.91,10.78,10.78,21.0467,5473.0
2019-02-28 15:00,{},10.88,300052,10.9,10.84,10.84,41.9549,10910.0
2019-03-01 10:00,{},10.71,300052,10.98,10.67,10.93,60.5289,15740.0
2019-03-01 10:30,{},10.7,300052,10.82,10.68,10.71,38.74,10074.0
2019-03-01 11:00,{},10.85,300052,10.95,10.69,10.7,32.9256,8562.0
2019-03-01 11:30,{},10.62,300052,10.87,10.6,10.85,40.7859,10606.0
2019-03-01 13:30,{},10.66,300052,10.73,10.57,10.62,27.015,7025.0
2019-03-01 14:00,{},10.65,300052,10.69,10.58,10.66,21.3389,5549.0
2019-03-01 14:30,{},10.83,300052,10.9,10.6,10.65,47.9809,12477.0
2019-03-01 15:00,{},10.81,300052,10.83,10.74,10.83,62.8939,16355.0
2019-03-04 10:00,{},10.96,300052,11.09,10.76,10.9,94.9504,24691.0
2019-03-04 10:30,{},10.95,300052,11.06,10.95,10.96,64.2668,16712.0
2019-03-04 11:00,{},11.0,300052,11.07,10.84,10.95,69.8659,18168.0
2019-03-04 11:30,{},11.09,300052,11.09,10.99,11.0,64.4706,16765.0
2019-03-04 13:30,{},11.05,300052,11.17,11.01,11.09,72.67699999999998,18899.0
2019-03-04 14:00,{},11.09,300052,11.11,11.02,11.05,45.0198,11707.0
2019-03-04 14:30,{},10.97,300052,11.09,10.91,11.09,63.7745,16584.0
2019-03-04 15:00,{},10.96,300052,10.98,10.81,10.97,68.2238,17741.0
2019-03-05 10:00,{},11.05,300052,11.1,10.84,10.85,109.6442,28512.0
2019-03-05 10:30,{},11.06,300052,11.16,11.03,11.05,65.4858,17029.0
2019-03-05 11:00,{},11.42,300052,11.48,11.06,11.06,109.9057,28580.0
2019-03-05 11:30,{},11.2,300052,11.42,11.16,11.42,80.6988,20985.0
2019-03-05 13:30,{},11.28,300052,11.34,11.16,11.2,51.7034,13445.0
2019-03-05 14:00,{},11.2,300052,11.34,11.1,11.28,66.0934,17187.0
2019-03-05 14:30,{},11.24,300052,11.3,11.19,11.2,45.2275,11761.0
2019-03-05 15:00,{},11.5,300052,11.6,11.24,11.24,172.6919,44907.0
2019-03-06 10:00,{},11.19,300052,11.7,11.19,11.5,177.5642,46174.0
2019-03-06 10:30,{},11.29,300052,11.31,11.1,11.19,95.7079,24888.0
2019-03-06 11:00,{},11.23,300052,11.35,11.16,11.29,54.2645,14111.0
2019-03-06 11:30,{},11.62,300052,11.65,11.2,11.23,89.5781,23294.0
2019-03-06 13:30,{},11.62,300052,11.7,11.49,11.62,81.3256,21148.0
2019-03-06 14:00,{},11.54,300052,11.63,11.45,11.62,67.0279,17430.0
2019-03-06 14:30,{},11.62,300052,11.62,11.37,11.54,93.8928,24416.0
2019-03-06 15:00,{},11.72,300052,11.85,11.6,11.62,137.1437,35663.0
2019-03-07 10:00,{},11.6,300052,11.65,11.4,11.63,145.5039,37837.0
2019-03-07 10:30,{},11.6,300052,11.77,11.57,11.6,76.7071,19947.0
2019-03-07 11:00,{},11.56,300052,11.6,11.43,11.6,69.0083,17945.0
2019-03-07 11:30,{},11.83,300052,12.15,11.51,11.56,178.71400000000003,46473.0
2019-03-07 13:30,{},12.13,300052,12.13,11.77,11.83,70.9503,18450.0
2019-03-07 14:00,{},12.07,300052,12.15,11.9,12.13,83.2099,21638.0
2019-03-07 14:30,{},12.08,300052,12.15,12.01,12.07,53.7876,13987.0
2019-03-07 15:00,{},11.95,300052,12.34,11.95,12.08,147.3959,38329.0
2019-03-08 10:00,{},11.63,300052,11.68,11.4,11.56,158.7056,41270.0
2019-03-08 10:30,{},11.88,300052,11.95,11.63,11.63,88.0937,22908.0
2019-03-08 11:00,{},11.98,300052,12.32,11.88,11.88,132.8174,34538.0
2019-03-08 11:30,{},11.79,300052,12.07,11.75,11.98,55.0374,14312.0
2019-03-08 13:30,{},12.05,300052,12.25,11.7,11.79,96.9193,25203.0
2019-03-08 14:00,{},11.9,300052,12.15,11.85,12.05,55.4605,14422.0
2019-03-08 14:30,{},12.07,300052,12.29,11.9,11.9,110.2326,28665.0
2019-03-08 15:00,{},11.65,300052,12.07,11.65,12.07,114.7818,29848.0
2019-03-11 10:00,{},11.87,300052,12.28,11.64,12.15,198.1033,51515.0
2019-03-11 10:30,{},11.79,300052,11.88,11.65,11.87,68.9622,17933.0
2019-03-11 11:00,{},11.94,300052,12.0,11.78,11.79,49.0922,12766.0
2019-03-11 11:30,{},12.04,300052,12.11,11.88,11.94,41.055,10676.0
2019-03-11 13:30,{},11.98,300052,12.1,11.94,12.04,48.9692,12734.0
2019-03-11 14:00,{},11.91,300052,12.08,11.9,11.98,44.4968,11571.0
2019-03-11 14:30,{},11.98,300052,12.01,11.79,11.91,44.2084,11496.0
2019-03-11 15:00,{},12.1,300052,12.14,11.95,11.98,102.5184,26659.0
2019-03-12 10:00,{},12.68,300052,12.8,12.04,12.15,275.2487,71576.0
2019-03-12 10:30,{},12.93,300052,13.2,12.63,12.68,186.1859,48416.0
2019-03-12 11:00,{},12.81,300052,13.06,12.75,12.93,61.721,16050.0
2019-03-12 11:00,{},12.81,300052,13.06,12.75,12.93,61.721000000000004,16050.0
2019-03-12 11:30,{},12.93,300052,12.98,12.79,12.81,26.4343,6874.0
2019-03-12 13:30,{},12.94,300052,13.3,12.91,12.93,127.9951,33284.0
2019-03-12 14:00,{},12.72,300052,13.0,12.61,12.94,80.5911,20957.0
2019-03-12 14:30,{},12.57,300052,12.74,12.41,12.72,91.9547,23912.0
2019-03-12 15:00,{},12.75,300052,12.77,12.55,12.57,69.6121,18102.0
2019-03-13 10:00,{},12.34,300052,12.58,12.26,12.58,182.05200000000002,47341.0
2019-03-13 10:00,{},12.34,300052,12.58,12.26,12.58,182.052,47341.0
2019-03-13 10:30,{},12.27,300052,12.42,12.22,12.34,79.572,20692.0
2019-03-13 11:00,{},12.3,300052,12.47,12.22,12.27,44.7006,11624.0
2019-03-13 11:30,{},12.35,300052,12.42,12.21,12.3,52.7724,13723.0
2019-03-13 13:30,{},12.07,300052,12.35,11.86,12.35,129.8564,33768.0
2019-03-13 14:00,{},12.07,300052,12.15,11.97,12.07,62.516999999999996,16257.0
2019-03-13 14:00,{},12.07,300052,12.15,11.97,12.07,62.517,16257.0
2019-03-13 14:30,{},11.79,300052,12.1,11.67,12.07,89.4897,23271.0
2019-03-13 15:00,{},11.82,300052,11.84,11.63,11.79,99.0574,25759.0
2019-03-14 10:00,{},11.75,300052,12.0,11.68,11.72,106.2563,27631.0
2019-03-14 10:30,{},11.37,300052,11.75,11.31,11.75,88.1514,22923.0
2019-03-14 11:00,{},11.3,300052,11.4,11.07,11.37,94.7504,24639.0
2019-03-14 11:30,{},11.21,300052,11.38,11.18,11.3,18.4279,4792.0
2019-03-14 13:30,{},11.2,300052,11.28,11.11,11.21,41.2512,10727.0
2019-03-14 14:00,{},11.24,300052,11.34,11.14,11.2,24.1539,6281.0
2019-03-14 14:30,{},11.11,300052,11.27,11.08,11.24,29.9568,7790.0
2019-03-14 15:00,{},11.3,300052,11.31,11.09,11.11,49.7267,12931.0
2019-03-15 10:00,{},11.42,300052,11.48,11.3,11.39,74.9766,19497.0
2019-03-15 10:30,{},11.34,300052,11.46,11.3,11.42,36.3289,9447.0
2019-03-15 11:00,{},11.41,300052,11.44,11.31,11.34,21.362,5555.0
2019-03-15 11:30,{},11.43,300052,11.5,11.4,11.41,28.2801,7354.0
2019-03-15 13:30,{},11.32,300052,11.46,11.26,11.43,26.3881,6862.0
2019-03-15 14:00,{},11.17,300052,11.32,11.08,11.32,39.6591,10313.0
2019-03-15 14:30,{},11.24,300052,11.3,11.1,11.17,21.612,5620.0
2019-03-15 15:00,{},11.3,300052,11.39,11.22,11.24,35.2752,9173.0
2019-03-18 10:00,{},11.49,300052,11.64,11.32,11.32,95.7002,24886.0
2019-03-18 10:30,{},11.48,300052,11.51,11.41,11.49,30.1414,7838.0
2019-03-18 11:00,{},11.47,300052,11.56,11.47,11.48,23.976999999999997,6235.0
2019-03-18 11:00,{},11.47,300052,11.56,11.47,11.48,23.977,6235.0
2019-03-18 11:30,{},11.45,300052,11.53,11.42,11.47,13.8247,3595.0
2019-03-18 13:30,{},11.43,300052,11.49,11.43,11.45,10.3945,2703.0
2019-03-18 14:00,{},11.43,300052,11.46,11.38,11.43,16.5282,4298.0
2019-03-18 14:30,{},11.53,300052,11.55,11.42,11.43,25.0845,6523.0
2019-03-18 15:00,{},11.57,300052,11.57,11.48,11.53,43.0393,11192.0
2019-03-19 10:00,{},11.58,300052,11.74,11.52,11.61,76.584,19915.0
2019-03-19 10:30,{},11.8,300052,11.8,11.58,11.58,57.0333,14831.0
2019-03-19 11:00,{},11.71,300052,11.85,11.63,11.8,34.6791,9018.0
2019-03-19 11:30,{},11.64,300052,11.72,11.63,11.71,15.9398,4145.0
2019-03-19 13:30,{},11.72,300052,11.73,11.61,11.64,19.5777,5091.0
2019-03-19 14:00,{},11.55,300052,11.72,11.52,11.72,33.5524,8725.0
2019-03-19 14:30,{},11.54,300052,11.64,11.52,11.55,20.2083,5255.0
2019-03-19 15:00,{},11.64,300052,11.7,11.54,11.54,38.4555,10000.0
2019-03-20 10:00,{},11.8,300052,11.96,11.6,11.64,101.1109,26293.0
2019-03-20 10:30,{},11.74,300052,11.82,11.64,11.8,42.7355,11113.0
2019-03-20 11:00,{},11.74,300052,11.8,11.7,11.74,15.9436,4146.0
2019-03-20 11:30,{},11.4,300052,11.76,11.38,11.74,38.516999999999996,10016.0
2019-03-20 11:30,{},11.4,300052,11.76,11.38,11.74,38.517,10016.0
2019-03-20 13:30,{},11.51,300052,11.53,11.38,11.4,33.5562,8726.0
2019-03-20 14:00,{},11.46,300052,11.6,11.42,11.51,18.6547,4851.0
2019-03-20 14:30,{},11.69,300052,11.69,11.45,11.46,20.3814,5300.0
2019-03-20 15:00,{},11.72,300052,11.73,11.64,11.69,41.8626,10886.0
2019-03-21 10:00,{},11.78,300052,11.91,11.76,11.87,63.8399,16601.0
2019-03-21 10:30,{},12.0,300052,12.15,11.78,11.78,139.1395,36182.0
2019-03-21 11:00,{},11.98,300052,12.2,11.97,12.0,78.7606,20481.0
2019-03-21 11:30,{},11.98,300052,12.0,11.89,11.98,28.6147,7441.0
2019-03-21 13:30,{},12.14,300052,12.16,11.98,11.98,71.0657,18480.0
2019-03-21 14:00,{},11.93,300052,12.17,11.91,12.14,54.5952,14197.0
2019-03-21 14:30,{},12.03,300052,12.11,11.93,11.93,50.3536,13094.0
2019-03-21 15:00,{},11.99,300052,12.1,11.95,12.03,58.7138,15268.0
2019-03-22 10:00,{},11.78,300052,12.05,11.78,11.99,90.5049,23535.0
2019-03-22 10:30,{},11.72,300052,11.79,11.65,11.78,55.0298,14310.0
2019-03-22 11:00,{},11.61,300052,11.73,11.6,11.72,33.5524,8725.0
2019-03-22 11:30,{},11.72,300052,11.72,11.57,11.61,21.662,5633.0
2019-03-22 13:30,{},11.74,300052,11.76,11.65,11.72,16.8781,4389.0
2019-03-22 14:00,{},11.82,300052,11.87,11.74,11.74,22.8002,5929.0
2019-03-22 14:30,{},11.86,300052,11.99,11.8,11.82,22.9694,5973.0
2019-03-22 15:00,{},11.97,300052,11.98,11.74,11.86,41.1935,10712.0
2019-03-25 10:00,{},11.68,300052,11.73,11.52,11.52,60.4789,15727.0
2019-03-25 10:30,{},11.73,300052,11.74,11.62,11.68,25.6267,6664.0
2019-03-25 11:00,{},11.68,300052,11.79,11.68,11.73,14.7746,3842.0
2019-03-25 11:30,{},11.6,300052,11.7,11.56,11.68,26.0305,6769.0
2019-03-25 13:30,{},11.68,300052,11.71,11.6,11.6,13.544,3522.0
2019-03-25 14:00,{},11.65,300052,11.73,11.65,11.68,15.5322,4039.0
2019-03-25 14:30,{},11.56,300052,11.71,11.55,11.65,27.6187,7182.0
2019-03-25 15:00,{},11.39,300052,11.6,11.32,11.56,97.1154,25254.0
2019-03-26 10:00,{},11.39,300052,11.52,11.35,11.38,41.9741,10915.0
2019-03-26 10:30,{},11.5,300052,11.58,11.36,11.39,32.7294,8511.0
2019-03-26 11:00,{},11.5,300052,11.6,11.46,11.5,21.5504,5604.0
2019-03-26 11:30,{},11.36,300052,11.55,11.36,11.5,19.6623,5113.0
2019-03-26 13:30,{},11.42,300052,11.45,11.3,11.36,22.6272,5884.0
2019-03-26 14:00,{},11.3,300052,11.43,11.3,11.42,22.9156,5959.0
2019-03-26 14:30,{},11.26,300052,11.34,11.18,11.3,28.2648,7350.0
2019-03-26 15:00,{},11.09,300052,11.26,10.97,11.26,72.4731,18846.0
2019-03-27 10:00,{},11.14,300052,11.28,11.11,11.19,40.1052,10429.0
2019-03-27 10:30,{},10.93,300052,11.14,10.73,11.14,44.4737,11565.0
2019-03-27 11:00,{},11.12,300052,11.14,10.88,10.93,25.969,6753.0
2019-03-27 11:30,{},11.04,300052,11.18,11.0,11.12,14.8669,3866.0
2019-03-27 13:30,{},10.96,300052,11.07,10.95,11.04,10.956,2849.0
2019-03-27 14:00,{},10.94,300052,10.97,10.86,10.96,34.533,8980.0
2019-03-27 14:30,{},11.01,300052,11.13,10.94,10.94,26.4766,6885.0
2019-03-27 15:00,{},11.08,300052,11.12,10.96,11.01,30.0991,7827.0
2019-03-28 10:00,{},11.04,300052,11.08,10.8,11.05,64.5244,16779.0
2019-03-28 10:30,{},11.12,300052,11.17,11.03,11.04,30.4567,7920.0
2019-03-28 11:00,{},11.15,300052,11.23,11.04,11.12,24.4961,6370.0
2019-03-28 11:30,{},11.27,300052,11.58,11.15,11.15,116.9123,30402.0
2019-03-28 13:30,{},11.12,300052,11.28,11.08,11.27,13.2556,3447.0
2019-03-28 14:00,{},11.16,300052,11.22,11.08,11.12,10.456,2719.0
2019-03-28 14:30,{},11.26,300052,11.32,11.08,11.16,18.3548,4773.0
2019-03-28 15:00,{},11.08,300052,11.31,11.05,11.26,39.6899,10321.0
2019-03-29 10:00,{},10.83,300052,11.12,10.81,10.98,53.7261,13971.0
2019-03-29 10:30,{},11.0,300052,11.06,10.83,10.83,21.1582,5502.0
2019-03-29 11:00,{},11.1,300052,11.15,10.95,11.0,28.4263,7392.0
2019-03-29 11:30,{},11.22,300052,11.29,11.1,11.1,31.8488,8282.0
2019-03-29 13:30,{},11.23,300052,11.3,11.2,11.22,32.7025,8504.0
2019-03-29 14:00,{},11.28,300052,11.33,11.22,11.23,46.3119,12043.0
2019-03-29 14:30,{},11.39,300052,11.41,11.18,11.28,56.5026,14693.0
2019-03-29 15:00,{},11.39,300052,11.41,11.32,11.39,45.239,11764.0
2019-04-01 10:00,{},11.67,300052,11.75,11.54,11.58,125.8109,32716.0
2019-04-01 10:30,{},11.74,300052,11.75,11.62,11.67,46.5234,12098.0
2019-04-01 11:00,{},11.77,300052,11.86,11.68,11.74,44.2084,11496.0
2019-04-01 11:30,{},11.76,300052,11.81,11.71,11.77,21.8658,5686.0
2019-04-01 13:30,{},11.81,300052,11.88,11.76,11.76,39.8014,10350.0
2019-04-01 14:00,{},11.79,300052,11.99,11.78,11.81,70.212,18258.0
2019-04-01 14:30,{},11.82,300052,11.83,11.73,11.79,30.1529,7841.0
2019-04-01 15:00,{},11.83,300052,11.83,11.75,11.82,53.2031,13835.0
2019-04-02 10:00,{},12.07,300052,12.15,11.85,12.03,151.1761,39312.0
2019-04-02 10:30,{},12.03,300052,12.11,11.91,12.07,67.4932,17551.0
2019-04-02 11:00,{},11.97,300052,12.08,11.88,12.03,47.6078,12380.0
2019-04-02 11:30,{},12.05,300052,12.09,11.95,11.97,25.7229,6689.0
2019-04-02 13:30,{},12.17,300052,12.2,12.05,12.05,110.2595,28672.0
2019-04-02 14:00,{},12.09,300052,12.2,12.06,12.17,59.1791,15389.0
2019-04-02 14:30,{},12.1,300052,12.1,11.97,12.09,50.7727,13203.0
2019-04-02 15:00,{},12.13,300052,12.3,12.04,12.1,114.0127,29648.0
2019-04-03 10:00,{},13.34,300052,13.34,12.65,12.65,358.2048,93148.0
2019-04-03 10:30,{},13.34,300052,13.34,13.34,13.34,14.6669,3814.0
2019-04-03 11:00,{},13.34,300052,13.34,13.34,13.34,9.014,2344.0
2019-04-03 11:30,{},13.34,300052,13.34,13.34,13.34,6.2182,1617.0
2019-04-03 13:30,{},13.34,300052,13.34,13.34,13.34,5.2376,1362.0
2019-04-03 14:00,{},13.34,300052,13.34,13.34,13.34,3.2956,857.0
2019-04-03 14:30,{},13.34,300052,13.34,13.34,13.34,3.0188,785.0
2019-04-03 15:00,{},13.34,300052,13.34,13.34,13.34,6.3913,1662.0
2019-04-04 10:00,{},13.68,300052,14.4,13.61,14.4,822.1929,213804.0
2019-04-04 10:30,{},13.57,300052,13.76,13.52,13.68,166.1737,43212.0
2019-04-04 11:00,{},13.51,300052,13.57,13.32,13.57,143.2043,37239.0
2019-04-04 11:30,{},13.51,300052,13.6,13.34,13.51,58.9061,15318.0
2019-04-04 13:30,{},13.48,300052,13.59,13.39,13.51,42.0972,10947.0
2019-04-04 14:00,{},13.4,300052,13.5,13.31,13.48,67.1509,17462.0
2019-04-04 14:30,{},13.33,300052,13.43,13.31,13.4,53.0416,13793.0
2019-04-04 15:00,{},13.01,300052,13.34,12.99,13.33,174.6724,45422.0
2019-04-08 10:00,{},12.41,300052,12.8,12.35,12.68,362.75800000000004,94332.0
2019-04-08 10:00,{},12.41,300052,12.8,12.35,12.68,362.758,94332.0
2019-04-08 10:30,{},12.38,300052,12.49,12.37,12.41,91.4932,23792.0
2019-04-08 11:00,{},12.43,300052,12.44,12.27,12.38,112.6975,29306.0
2019-04-08 11:30,{},12.21,300052,12.45,12.2,12.43,58.1946,15133.0
2019-04-08 13:30,{},12.2,300052,12.29,12.11,12.21,55.3643,14397.0
2019-04-08 14:00,{},12.27,300052,12.3,12.18,12.2,28.7301,7471.0
2019-04-08 14:30,{},12.22,300052,12.35,12.22,12.27,45.3044,11781.0
2019-04-08 15:00,{},12.23,300052,12.35,12.2,12.22,70.0312,18211.0
2019-04-09 10:00,{},12.23,300052,12.38,12.07,12.08,123.2997,32063.0
2019-04-09 10:30,{},12.17,300052,12.26,12.11,12.23,48.3308,12568.0
2019-04-09 11:00,{},12.24,300052,12.29,12.16,12.17,40.1013,10428.0
2019-04-09 11:30,{},12.31,300052,12.32,12.21,12.24,31.8142,8273.0
2019-04-09 13:30,{},12.19,300052,12.33,12.18,12.31,26.2728,6832.0
2019-04-09 14:00,{},12.16,300052,12.22,12.11,12.19,43.2278,11241.0
2019-04-09 14:30,{},12.19,300052,12.2,12.05,12.16,50.5189,13137.0
2019-04-09 15:00,{},12.1,300052,12.36,12.1,12.19,77.9492,20270.0
2019-04-10 10:00,{},11.98,300052,12.27,11.93,12.13,122.0691,31743.0
2019-04-10 10:30,{},11.99,300052,12.02,11.92,11.98,52.4994,13652.0
2019-04-10 11:00,{},12.1,300052,12.12,11.93,11.99,31.8642,8286.0
2019-04-10 11:30,{},12.12,300052,12.23,12.09,12.1,27.1726,7066.0
2019-04-10 13:30,{},12.11,300052,12.2,12.08,12.12,20.4698,5323.0
2019-04-10 14:00,{},12.1,300052,12.12,12.05,12.11,17.3588,4514.0
2019-04-10 14:30,{},12.16,300052,12.25,12.1,12.1,39.5514,10285.0
2019-04-10 15:00,{},12.15,300052,12.18,12.07,12.16,48.8038,12691.0
2019-04-11 10:00,{},12.02,300052,12.15,11.97,12.04,77.6954,20204.0
2019-04-11 10:30,{},11.94,300052,12.03,11.9,12.02,45.3005,11780.0
2019-04-11 11:00,{},11.98,300052,12.1,11.92,11.94,28.5801,7432.0
2019-04-11 11:30,{},11.91,300052,11.98,11.85,11.98,34.0754,8861.0
2019-04-11 13:30,{},11.87,300052,11.98,11.86,11.91,29.8376,7759.0
2019-04-11 14:00,{},11.95,300052,12.0,11.85,11.87,33.9639,8832.0
2019-04-11 14:30,{},11.93,300052,12.01,11.9,11.95,23.6847,6159.0
2019-04-11 15:00,{},11.74,300052,11.94,11.74,11.93,70.1735,18248.0
2019-04-12 10:00,{},11.7,300052,11.85,11.66,11.77,56.2065,14616.0
2019-04-12 10:30,{},11.74,300052,11.79,11.68,11.7,31.3604,8155.0
2019-04-12 11:00,{},11.71,300052,11.74,11.63,11.74,23.4886,6108.0
2019-04-12 11:30,{},11.6,300052,11.71,11.56,11.71,26.7496,6956.0
2019-04-12 13:30,{},11.73,300052,11.77,11.58,11.6,26.2382,6823.0
2019-04-12 14:00,{},11.68,300052,11.74,11.66,11.73,10.0176,2605.0
2019-04-12 14:30,{},11.7,300052,11.75,11.62,11.68,18.6317,4845.0
2019-04-12 15:00,{},11.8,300052,11.87,11.69,11.7,40.059,10417.0
2019-04-15 10:00,{},11.99,300052,12.06,11.9,11.99,75.215,19559.0
2019-04-15 10:30,{},11.97,300052,12.03,11.95,11.99,28.8993,7515.0
2019-04-15 11:00,{},11.93,300052,11.97,11.91,11.97,13.9247,3621.0
2019-04-15 11:30,{},11.87,300052,11.97,11.86,11.93,24.5461,6383.0
2019-04-15 13:30,{},11.89,300052,11.93,11.85,11.87,18.4202,4790.0
2019-04-15 14:00,{},11.81,300052,11.91,11.78,11.89,17.228,4480.0
2019-04-15 14:00,{},11.81,300052,11.91,11.78,11.89,17.227999999999998,4480.0
2019-04-15 14:30,{},11.75,300052,11.84,11.73,11.81,14.7284,3830.0
2019-04-15 15:00,{},11.59,300052,11.8,11.58,11.75,52.6994,13704.0
2019-04-16 10:00,{},11.44,300052,11.56,11.39,11.5,58.7061,15266.0
2019-04-16 10:30,{},11.45,300052,11.48,11.32,11.44,30.3875,7902.0
2019-04-16 11:00,{},11.46,300052,11.54,11.42,11.45,20.3391,5289.0
2019-04-16 11:30,{},11.68,300052,11.68,11.41,11.46,21.1543,5501.0
2019-04-16 13:30,{},11.7,300052,11.77,11.58,11.68,29.1685,7585.0
2019-04-16 14:00,{},11.76,300052,11.8,11.66,11.7,23.8116,6192.0
2019-04-16 14:30,{},11.81,300052,11.85,11.76,11.76,32.8294,8537.0
2019-04-16 15:00,{},11.84,300052,11.85,11.79,11.81,39.2861,10216.0
2019-04-17 10:00,{},11.88,300052,11.94,11.71,11.78,46.085,11984.0
2019-04-17 10:30,{},11.78,300052,11.88,11.76,11.88,32.6987,8503.0
2019-04-17 11:00,{},11.84,300052,11.89,11.77,11.78,20.0661,5218.0
2019-04-17 11:30,{},11.93,300052,11.93,11.77,11.84,17.5588,4566.0
2019-04-17 13:30,{},11.94,300052,12.05,11.91,11.93,52.5609,13668.0
2019-04-17 14:00,{},12.0,300052,12.05,11.93,11.94,43.0778,11202.0
2019-04-17 14:30,{},11.91,300052,12.03,11.9,12.0,29.6222,7703.0
2019-04-17 15:00,{},11.96,300052,11.96,11.91,11.91,29.2915,7617.0
2019-04-18 10:00,{},11.8,300052,11.94,11.8,11.92,42.2433,10985.0
2019-04-18 10:30,{},11.79,300052,11.82,11.71,11.8,37.7286,9811.0
2019-04-18 11:00,{},11.82,300052,11.87,11.77,11.79,19.2893,5016.0
2019-04-18 11:30,{},11.85,300052,11.85,11.77,11.82,16.1705,4205.0
2019-04-18 13:30,{},11.82,300052,11.9,11.79,11.85,12.7057,3304.0
2019-04-18 14:00,{},11.93,300052,11.98,11.77,11.82,23.0464,5993.0
2019-04-18 14:30,{},11.82,300052,11.94,11.81,11.93,20.2545,5267.0
2019-04-18 15:00,{},11.76,300052,11.84,11.76,11.82,34.8752,9069.0
2019-04-19 10:00,{},11.81,300052,11.88,11.71,11.75,29.03,7549.0
2019-04-19 10:30,{},11.76,300052,11.81,11.71,11.81,23.8539,6203.0
2019-04-19 11:00,{},11.77,300052,11.8,11.73,11.76,17.0242,4427.0
2019-04-19 11:30,{},11.83,300052,11.83,11.74,11.77,8.8832,2310.0
2019-04-19 13:30,{},11.84,300052,11.85,11.77,11.83,16.9127,4398.0
2019-04-19 14:00,{},11.84,300052,11.95,11.8,11.84,43.3201,11265.0
2019-04-19 14:30,{},11.89,300052,11.92,11.84,11.84,16.0898,4184.0
2019-04-19 15:00,{},12.28,300052,12.3,11.88,11.89,207.1826,53876.0
2019-04-22 10:00,{},12.39,300052,12.64,12.03,12.31,261.3702,67967.0
2019-04-22 10:30,{},12.47,300052,12.51,12.31,12.39,56.7103,14747.0
2019-04-22 11:00,{},12.4,300052,12.49,12.36,12.47,29.1031,7568.0
2019-04-22 11:30,{},12.25,300052,12.45,12.25,12.4,26.2305,6821.0
2019-04-22 13:30,{},12.27,300052,12.35,12.18,12.25,24.8345,6458.0
2019-04-22 14:00,{},12.34,300052,12.34,12.24,12.27,18.0625,4697.0
2019-04-22 14:30,{},12.24,300052,12.39,12.24,12.34,21.0351,5470.0
2019-04-22 15:00,{},12.25,300052,12.3,12.16,12.24,53.5031,13913.0
2019-04-23 10:00,{},11.75,300052,12.1,11.49,12.0,133.6673,34759.0
2019-04-23 10:30,{},11.67,300052,11.78,11.65,11.75,29.6261,7704.0
2019-04-23 11:00,{},11.56,300052,11.68,11.51,11.67,36.5442,9503.0
2019-04-23 11:30,{},11.66,300052,11.67,11.55,11.56,11.6366,3026.0
2019-04-23 13:30,{},11.66,300052,11.69,11.59,11.66,15.1284,3934.0
2019-04-23 14:00,{},11.7,300052,11.8,11.64,11.66,30.0991,7827.0
2019-04-23 14:30,{},11.65,300052,11.75,11.65,11.7,13.0672,3398.0
2019-04-23 15:00,{},11.57,300052,11.65,11.55,11.65,41.0397,10672.0
2019-04-24 10:00,{},11.43,300052,11.7,11.41,11.57,46.7388,12154.0
2019-04-24 10:30,{},11.49,300052,11.53,11.43,11.43,16.0667,4178.0
2019-04-24 11:00,{},11.47,300052,11.49,11.42,11.49,15.3091,3981.0
2019-04-24 11:30,{},11.42,300052,11.47,11.3,11.47,25.6306,6665.0
2019-04-24 13:30,{},11.6,300052,11.6,11.42,11.42,22.5772,5871.0
2019-04-24 14:00,{},11.67,300052,11.72,11.6,11.6,27.6879,7200.0
2019-04-24 14:30,{},11.63,300052,11.7,11.6,11.67,18.6663,4854.0
2019-04-24 15:00,{},11.7,300052,11.72,11.59,11.63,28.88,7510.0
2019-04-25 10:00,{},11.59,300052,11.64,11.52,11.64,28.5493,7424.0
2019-04-25 10:30,{},11.59,300052,11.65,11.56,11.59,16.1013,4187.0
2019-04-25 11:00,{},11.56,300052,11.6,11.51,11.59,11.3944,2963.0
2019-04-25 11:30,{},11.73,300052,11.86,11.55,11.56,59.7559,15539.0
2019-04-25 13:30,{},11.71,300052,11.77,11.63,11.73,23.1502,6020.0
2019-04-25 14:00,{},11.73,300052,11.82,11.65,11.71,35.5136,9235.0
2019-04-25 14:30,{},11.44,300052,11.73,11.35,11.73,39.2938,10218.0
2019-04-25 15:00,{},11.21,300052,11.48,11.13,11.44,55.2336,14363.0
2019-04-26 10:00,{},11.4,300052,11.48,11.14,11.19,62.2401,16185.0
2019-04-26 10:30,{},11.49,300052,11.61,11.3,11.4,45.412,11809.0
2019-04-26 11:00,{},11.58,300052,11.65,11.43,11.49,45.6928,11882.0
2019-04-26 11:30,{},11.5,300052,11.74,11.46,11.58,28.4109,7388.0
2019-04-26 13:30,{},11.7,300052,11.75,11.5,11.5,28.8262,7496.0
2019-04-26 14:00,{},11.55,300052,11.71,11.5,11.7,24.7038,6424.0
2019-04-26 14:30,{},11.47,300052,11.56,11.41,11.55,21.1697,5505.0
2019-04-26 15:00,{},11.35,300052,11.55,11.34,11.47,32.1641,8364.0
2019-04-29 10:00,{},10.93,300052,11.54,10.73,11.45,99.1881,25793.0
2019-04-29 10:30,{},10.71,300052,11.0,10.7,10.93,43.5123,11315.0
2019-04-29 11:00,{},10.73,300052,10.84,10.42,10.71,45.7235,11890.0
2019-04-29 11:30,{},10.78,300052,10.83,10.64,10.73,12.3288,3206.0
2019-04-29 13:30,{},10.94,300052,10.94,10.7,10.78,14.7284,3830.0
2019-04-29 14:00,{},10.79,300052,10.95,10.79,10.94,14.6246,3803.0
2019-04-29 14:30,{},10.73,300052,10.82,10.66,10.79,20.566,5348.0
2019-04-29 15:00,{},10.63,300052,10.79,10.47,10.73,33.9177,8820.0
2019-04-30 10:00,{},10.85,300052,10.87,10.52,10.52,39.3322,10228.0
2019-04-30 10:30,{},10.81,300052,10.9,10.78,10.85,14.0285,3648.0
2019-04-30 11:00,{},10.88,300052,10.93,10.81,10.81,13.271,3451.0
2019-04-30 11:00,{},10.88,300052,10.93,10.81,10.81,13.270999999999999,3451.0
2019-04-30 11:30,{},10.82,300052,10.88,10.82,10.88,3.8109,991.0
2019-04-30 13:30,{},10.8,300052,10.85,10.77,10.82,8.7948,2287.0
2019-04-30 14:00,{},10.71,300052,10.81,10.7,10.8,8.2141,2136.0
2019-04-30 14:30,{},10.73,300052,10.77,10.63,10.71,9.7946,2547.0
2019-04-30 15:00,{},10.71,300052,10.76,10.69,10.73,17.105,4448.0
2019-05-06 10:00,{},10.08,300052,10.28,9.65,10.19,80.6257,20966.0
2019-05-06 10:30,{},9.87,300052,10.1,9.85,10.08,32.1065,8349.0
2019-05-06 11:00,{},9.7,300052,9.94,9.67,9.87,29.9568,7790.0
2019-05-06 11:30,{},9.81,300052,9.84,9.7,9.7,15.786,4105.0
2019-05-06 13:30,{},9.76,300052,9.81,9.72,9.81,13.9593,3630.0
2019-05-06 14:00,{},9.66,300052,9.78,9.64,9.76,30.125999999999998,7834.0
2019-05-06 14:00,{},9.66,300052,9.78,9.64,9.76,30.126,7834.0
2019-05-06 14:30,{},9.64,300052,9.7,9.64,9.66,25.0114,6504.0
2019-05-06 15:00,{},9.64,300052,9.65,9.64,9.64,13.1325,3415.0
2019-05-07 10:00,{},9.77,300052,9.81,9.66,9.68,35.3867,9202.0
2019-05-07 10:30,{},9.83,300052,9.87,9.77,9.77,17.701,4603.0
2019-05-07 11:00,{},9.78,300052,9.83,9.71,9.83,13.4479,3497.0
2019-05-07 11:30,{},9.79,300052,9.83,9.76,9.78,5.8222,1514.0
2019-05-07 13:30,{},9.62,300052,9.8,9.55,9.79,13.0825,3402.0
2019-05-07 14:00,{},9.71,300052,9.75,9.62,9.62,7.4104,1927.0
2019-05-07 14:30,{},9.76,300052,9.76,9.6,9.71,12.8018,3329.0
2019-05-07 15:00,{},9.78,300052,9.84,9.76,9.76,17.8895,4652.0
2019-05-08 10:00,{},9.6,300052,9.66,9.42,9.6,25.9959,6760.0
2019-05-08 10:30,{},9.8,300052,9.83,9.6,9.6,18.5355,4820.0
2019-05-08 11:00,{},9.79,300052,9.92,9.78,9.8,21.4581,5580.0
2019-05-08 11:30,{},9.87,300052,9.91,9.79,9.79,9.1985,2392.0
2019-05-08 13:30,{},9.86,300052,9.87,9.8,9.87,6.0183,1565.0
2019-05-08 14:00,{},9.85,300052,9.88,9.81,9.86,6.8951,1793.0
2019-05-08 14:30,{},9.79,300052,9.85,9.74,9.85,9.5485,2483.0
2019-05-08 15:00,{},9.71,300052,9.79,9.7,9.79,13.7324,3571.0
2019-05-09 10:00,{},9.8,300052,9.92,9.6,9.6,37.521,9757.0
2019-05-09 10:30,{},9.81,300052,9.87,9.8,9.8,8.3564,2173.0
2019-05-09 11:00,{},9.82,300052,9.86,9.74,9.81,12.1442,3158.0
2019-05-09 11:30,{},9.8,300052,9.84,9.78,9.82,3.7956,987.0
2019-05-09 13:30,{},9.86,300052,9.91,9.79,9.8,16.2205,4218.0
2019-05-09 14:00,{},9.87,300052,9.88,9.84,9.86,6.622000000000001,1722.0
2019-05-09 14:00,{},9.87,300052,9.88,9.84,9.86,6.622,1722.0
2019-05-09 14:30,{},9.8,300052,9.87,9.75,9.87,6.2913,1636.0
2019-05-09 15:00,{},9.71,300052,9.81,9.71,9.8,11.6981,3042.0
2019-05-10 10:00,{},10.02,300052,10.05,9.76,9.76,41.105,10689.0
2019-05-10 10:30,{},9.96,300052,10.06,9.96,10.02,22.3849,5821.0
2019-05-10 11:00,{},9.91,300052,9.97,9.89,9.96,10.6406,2767.0
2019-05-10 11:30,{},9.9,300052,9.92,9.87,9.91,8.0103,2083.0
2019-05-10 13:30,{},9.88,300052,9.93,9.64,9.9,28.9723,7534.0
2019-05-10 14:00,{},9.99,300052,10.01,9.88,9.88,19.9853,5197.0
2019-05-10 14:30,{},10.03,300052,10.06,9.96,9.99,23.7885,6186.0
2019-05-10 15:00,{},10.12,300052,10.14,9.99,10.03,30.5067,7933.0
2019-05-13 10:00,{},10.17,300052,10.24,10.01,10.01,45.8543,11924.0
2019-05-13 10:30,{},10.11,300052,10.19,10.05,10.17,18.9124,4918.0
2019-05-13 11:00,{},10.12,300052,10.14,10.07,10.11,5.5491,1443.0
2019-05-13 11:30,{},10.1,300052,10.12,10.07,10.12,9.0793,2361.0
2019-05-13 13:30,{},10.08,300052,10.11,10.06,10.1,5.576,1450.0
2019-05-13 13:30,{},10.08,300052,10.11,10.06,10.1,5.5760000000000005,1450.0
2019-05-13 14:00,{},10.11,300052,10.18,10.06,10.08,15.436,4014.0
2019-05-13 14:30,{},10.07,300052,10.12,10.01,10.11,12.7326,3311.0
2019-05-13 15:00,{},10.16,300052,10.19,10.03,10.07,23.5347,6120.0
2019-05-14 10:00,{},10.16,300052,10.19,9.91,9.92,38.6746,10057.0
2019-05-14 10:30,{},10.2,300052,10.25,10.12,10.16,21.3505,5552.0
2019-05-14 11:00,{},10.14,300052,10.23,10.12,10.2,15.4283,4012.0
2019-05-14 11:30,{},10.09,300052,10.18,10.01,10.14,12.2442,3184.0
2019-05-14 13:30,{},10.15,300052,10.17,10.07,10.09,9.4139,2448.0
2019-05-14 14:00,{},10.11,300052,10.15,10.06,10.15,11.652,3030.0
2019-05-14 14:00,{},10.11,300052,10.15,10.06,10.15,11.652000000000001,3030.0
2019-05-14 14:30,{},10.1,300052,10.17,10.07,10.11,8.1526,2120.0
2019-05-14 15:00,{},10.05,300052,10.1,9.98,10.1,26.092,6785.0
2019-05-15 10:00,{},10.17,300052,10.24,10.1,10.16,33.7524,8777.0
2019-05-15 10:30,{},10.14,300052,10.2,10.13,10.17,11.2674,2930.0
2019-05-15 11:00,{},10.17,300052,10.18,10.11,10.14,9.3254,2425.0
2019-05-15 11:30,{},10.18,300052,10.18,10.13,10.17,5.926,1541.0
2019-05-15 13:30,{},10.22,300052,10.23,10.15,10.18,15.9167,4139.0
2019-05-15 14:00,{},10.25,300052,10.27,10.2,10.22,17.0627,4437.0
2019-05-15 14:30,{},10.25,300052,10.26,10.21,10.25,22.0388,5731.0
2019-05-15 15:00,{},10.22,300052,10.25,10.2,10.25,22.9002,5955.0
2019-05-16 10:00,{},10.2,300052,10.26,10.17,10.22,30.0106,7804.0
2019-05-16 10:30,{},10.29,300052,10.32,10.17,10.2,28.6839,7459.0
2019-05-16 11:00,{},10.29,300052,10.33,10.25,10.29,17.4818,4546.0
2019-05-16 11:30,{},10.4,300052,10.4,10.27,10.29,19.5008,5071.0
2019-05-16 13:30,{},10.36,300052,10.44,10.33,10.4,14.7438,3834.0
2019-05-16 14:00,{},10.36,300052,10.39,10.34,10.36,8.1833,2128.0
2019-05-16 14:30,{},10.28,300052,10.36,10.24,10.36,16.1436,4198.0
2019-05-16 15:00,{},10.34,300052,10.35,10.27,10.28,17.1704,4465.0
2019-05-17 10:00,{},10.35,300052,10.46,10.25,10.34,30.2337,7862.0
2019-05-17 10:30,{},10.28,300052,10.36,10.23,10.35,16.0321,4169.0
2019-05-17 11:00,{},10.16,300052,10.28,10.14,10.28,18.1856,4729.0
2019-05-17 11:30,{},10.12,300052,10.16,10.06,10.16,16.6089,4319.0
2019-05-17 13:30,{},10.02,300052,10.15,10.0,10.12,19.0008,4941.0
2019-05-17 14:00,{},10.01,300052,10.05,9.97,10.02,16.6551,4331.0
2019-05-17 14:30,{},9.99,300052,10.06,9.98,10.01,17.3703,4517.0
2019-05-17 15:00,{},9.95,300052,10.0,9.85,9.99,25.0268,6508.0
2019-05-20 10:00,{},9.82,300052,10.0,9.73,10.0,36.9249,9602.0
2019-05-20 10:30,{},9.9,300052,9.91,9.78,9.82,11.029000000000002,2868.0
2019-05-20 10:30,{},9.9,300052,9.91,9.78,9.82,11.029,2868.0
2019-05-20 11:00,{},9.99,300052,10.09,9.87,9.9,15.9898,4158.0
2019-05-20 11:30,{},9.95,300052,10.05,9.9,9.99,11.3482,2951.0
2019-05-20 13:30,{},9.93,300052,9.99,9.87,9.95,6.349,1651.0
2019-05-20 14:00,{},9.94,300052,9.98,9.88,9.93,9.2101,2395.0
2019-05-20 14:30,{},9.92,300052,9.95,9.9,9.94,5.1953,1351.0
2019-05-20 15:00,{},10.0,300052,10.03,9.92,9.92,17.2011,4473.0
2019-05-21 10:00,{},10.06,300052,10.09,9.93,10.0,21.8081,5671.0
2019-05-21 10:30,{},10.12,300052,10.14,10.02,10.06,19.32,5024.0
2019-05-21 11:00,{},10.2,300052,10.2,10.11,10.12,20.7006,5383.0
2019-05-21 11:30,{},10.19,300052,10.21,10.13,10.2,13.5902,3534.0
2019-05-21 13:30,{},10.14,300052,10.21,10.13,10.19,9.6446,2508.0
2019-05-21 14:00,{},10.15,300052,10.18,10.13,10.14,9.287,2415.0
2019-05-21 14:30,{},10.15,300052,10.16,10.12,10.15,10.2445,2664.0
2019-05-21 15:00,{},10.2,300052,10.2,10.13,10.15,18.4125,4788.0
2019-05-22 10:00,{},10.36,300052,10.38,10.21,10.29,43.0163,11186.0
2019-05-22 10:30,{},10.28,300052,10.42,10.26,10.36,26.0613,6777.0
2019-05-22 11:00,{},10.25,300052,10.28,10.22,10.28,14.8323,3857.0
2019-05-22 11:30,{},10.28,300052,10.28,10.23,10.25,5.6107,1459.0
2019-05-22 13:30,{},10.23,300052,10.28,10.2,10.28,12.1288,3154.0
2019-05-22 14:00,{},10.22,300052,10.25,10.16,10.23,14.7015,3823.0
2019-05-22 14:30,{},10.1,300052,10.24,10.05,10.22,19.7046,5124.0
2019-05-22 15:00,{},10.19,300052,10.2,10.1,10.1,21.1005,5487.0
2019-05-23 10:00,{},10.08,300052,10.15,10.01,10.12,35.1752,9147.0
2019-05-23 10:30,{},10.11,300052,10.16,10.05,10.08,9.0793,2361.0
2019-05-23 11:00,{},10.1,300052,10.19,10.08,10.11,10.0061,2602.0
2019-05-23 11:30,{},10.07,300052,10.13,10.03,10.09,10.3022,2679.0
2019-05-23 13:30,{},10.06,300052,10.12,10.04,10.07,6.7105,1745.0
2019-05-23 14:00,{},10.03,300052,10.09,9.95,10.06,12.8826,3350.0
2019-05-23 14:30,{},9.93,300052,10.04,9.93,10.03,11.2405,2923.0
2019-05-23 15:00,{},9.86,300052,9.97,9.85,9.93,37.2403,9684.0
2019-05-24 10:00,{},9.93,300052,10.03,9.79,9.8,19.0354,4950.0
2019-05-24 10:30,{},9.93,300052,9.99,9.85,9.93,13.3325,3467.0
2019-05-24 11:00,{},9.98,300052,10.0,9.86,9.93,9.087,2363.0
2019-05-24 11:30,{},9.87,300052,9.98,9.87,9.98,5.3568,1393.0
2019-05-24 13:30,{},9.9,300052,9.91,9.83,9.87,9.487,2467.0
2019-05-24 14:00,{},9.86,300052,9.91,9.83,9.9,6.026,1567.0
2019-05-24 14:30,{},9.89,300052,9.91,9.81,9.86,11.4405,2975.0
2019-05-24 15:00,{},9.83,300052,9.89,9.81,9.89,9.2062,2394.0
2019-05-27 10:00,{},9.95,300052,9.98,9.76,9.87,19.5085,5073.0
2019-05-27 10:30,{},9.87,300052,9.95,9.86,9.95,8.9793,2335.0
2019-05-27 11:00,{},9.85,300052,9.99,9.85,9.87,12.4211,3230.0
2019-05-27 11:30,{},9.93,300052,9.96,9.79,9.85,8.4525,2198.0
2019-05-27 13:30,{},10.08,300052,10.1,9.93,9.93,24.8845,6471.0
2019-05-27 14:00,{},10.1,300052,10.13,10.04,10.08,14.0901,3664.0
2019-05-27 14:30,{},10.13,300052,10.15,10.08,10.1,17.0319,4429.0
2019-05-27 15:00,{},10.15,300052,10.15,10.1,10.13,19.7276,5130.0
2019-05-28 10:00,{},10.31,300052,10.32,10.09,10.15,34.0408,8852.0
2019-05-28 10:30,{},10.25,300052,10.31,10.21,10.31,16.8704,4387.0
2019-05-28 11:00,{},10.25,300052,10.27,10.17,10.25,16.8743,4388.0
2019-05-28 11:30,{},10.23,300052,10.26,10.2,10.25,8.0641,2097.0
2019-05-28 13:30,{},10.27,300052,10.28,10.21,10.23,9.7638,2539.0
2019-05-28 14:00,{},10.18,300052,10.27,10.17,10.27,9.4639,2461.0
2019-05-28 14:30,{},10.13,300052,10.2,10.12,10.18,14.117,3671.0
2019-05-28 15:00,{},10.12,300052,10.14,10.05,10.13,21.1774,5507.0
2019-05-29 10:00,{},10.06,300052,10.22,10.06,10.06,22.358,5814.0
2019-05-29 10:30,{},10.23,300052,10.23,10.06,10.06,10.0984,2626.0
2019-05-29 11:00,{},10.24,300052,10.27,10.2,10.23,16.5051,4292.0
2019-05-29 11:30,{},10.24,300052,10.29,10.2,10.24,13.7786,3583.0
2019-05-29 13:30,{},10.22,300052,10.25,10.2,10.24,4.9877,1297.0
2019-05-29 14:00,{},10.19,300052,10.27,10.19,10.22,8.2756,2152.0
2019-05-29 14:30,{},10.16,300052,10.19,10.13,10.19,8.1602,2122.0
2019-05-29 15:00,{},10.14,300052,10.17,10.11,10.16,16.8358,4378.0
2019-05-30 10:00,{},9.95,300052,10.17,9.93,10.15,33.7293,8771.0
2019-05-30 10:30,{},9.98,300052,10.06,9.95,9.95,10.956,2849.0
2019-05-30 11:00,{},9.96,300052,10.03,9.94,9.98,10.0023,2601.0
2019-05-30 11:30,{},9.98,300052,10.03,9.96,9.96,8.541,2221.0
2019-05-30 13:30,{},9.97,300052,10.03,9.95,9.98,9.6831,2518.0
2019-05-30 14:00,{},9.99,300052,9.99,9.92,9.97,8.0526,2094.0
2019-05-30 14:30,{},10.06,300052,10.06,9.96,9.99,8.2679,2150.0
2019-05-30 15:00,{},10.1,300052,10.1,10.02,10.06,11.4597,2980.0
2019-05-31 10:00,{},10.16,300052,10.17,10.03,10.1,20.3929,5303.0
2019-05-31 10:30,{},10.15,300052,10.18,10.14,10.16,15.5706,4049.0
2019-05-31 11:00,{},10.1,300052,10.15,10.08,10.15,7.2181,1877.0
2019-05-31 11:30,{},10.09,300052,10.14,10.07,10.1,6.8028,1769.0
2019-05-31 13:30,{},10.08,300052,10.13,10.07,10.09,7.2335,1881.0
2019-05-31 14:00,{},10.01,300052,10.09,9.98,10.08,12.4826,3246.0
2019-05-31 14:30,{},10.59,300052,11.07,10.0,10.01,146.5883,38119.0
2019-05-31 15:00,{},10.46,300052,10.59,10.45,10.59,51.5111,13395.0
2019-06-03 10:00,{},10.21,300052,10.37,10.17,10.31,57.7524,15018.0
2019-06-03 10:30,{},10.08,300052,10.25,10.06,10.21,35.2021,9154.0
2019-06-03 11:00,{},10.1,300052,10.13,10.05,10.08,16.7473,4355.0
2019-06-03 11:30,{},10.07,300052,10.12,10.05,10.1,9.4485,2457.0
2019-06-03 13:30,{},10.11,300052,10.17,10.07,10.07,12.8249,3335.0
2019-06-03 14:00,{},10.12,300052,10.18,10.07,10.11,12.4134,3228.0
2019-06-03 14:30,{},10.1,300052,10.15,10.06,10.12,10.7252,2789.0
2019-06-03 15:00,{},10.03,300052,10.1,10.03,10.1,22.058,5736.0
2019-06-04 10:00,{},9.93,300052,9.99,9.91,9.94,33.7908,8787.0
2019-06-04 10:30,{},9.88,300052,9.93,9.84,9.93,25.8651,6726.0
2019-06-04 11:00,{},9.88,300052,9.89,9.83,9.88,13.1518,3420.0
2019-06-04 11:30,{},9.87,300052,9.88,9.82,9.88,6.449,1677.0
2019-06-04 13:30,{},9.87,300052,9.9,9.84,9.87,8.7255,2269.0
2019-06-04 14:00,{},9.86,300052,9.87,9.83,9.87,7.0835,1842.0
2019-06-04 14:30,{},9.82,300052,9.86,9.77,9.86,12.6634,3293.0
2019-06-04 15:00,{},9.77,300052,9.83,9.72,9.82,19.147,4979.0
2019-06-05 10:00,{},9.85,300052,9.93,9.82,9.88,14.9476,3887.0
2019-06-05 10:30,{},9.84,300052,9.87,9.81,9.85,6.1221,1592.0
2019-06-05 11:00,{},9.78,300052,9.85,9.77,9.84,8.1256,2113.0
2019-06-05 11:30,{},9.85,300052,9.85,9.77,9.78,5.553,1444.0
2019-06-05 13:30,{},9.82,300052,9.87,9.82,9.85,8.0257,2087.0
2019-06-05 14:00,{},9.81,300052,9.85,9.8,9.82,8.5333,2219.0
2019-06-05 14:30,{},9.78,300052,9.82,9.78,9.81,9.6023,2497.0
2019-06-05 15:00,{},9.74,300052,9.79,9.71,9.78,15.759,4098.0
2019-06-06 10:00,{},9.54,300052,9.82,9.52,9.82,26.0997,6787.0
2019-06-06 10:30,{},9.59,300052,9.64,9.54,9.54,7.8103,2031.0
2019-06-06 11:00,{},9.47,300052,9.6,9.47,9.59,9.2678,2410.0
2019-06-06 11:30,{},9.53,300052,9.54,9.37,9.47,15.5245,4037.0
2019-06-06 13:30,{},9.41,300052,9.53,9.41,9.53,4.3262,1125.0
2019-06-06 14:00,{},9.39,300052,9.45,9.37,9.41,6.6989,1742.0
2019-06-06 14:30,{},9.39,300052,9.41,9.37,9.39,9.66,2512.0
2019-06-06 15:00,{},9.39,300052,9.46,9.34,9.39,18.5701,4829.0
2019-06-10 10:00,{},9.39,300052,9.46,9.34,9.4,15.0284,3908.0
2019-06-10 10:30,{},9.47,300052,9.48,9.39,9.39,8.391,2182.0
2019-06-10 11:00,{},9.52,300052,9.52,9.43,9.47,6.049,1573.0
2019-06-10 11:30,{},9.53,300052,9.55,9.48,9.52,5.4299,1412.0
2019-06-10 13:30,{},9.54,300052,9.54,9.51,9.53,5.3991,1404.0
2019-06-10 14:00,{},9.52,300052,9.54,9.5,9.54,2.615,680.0
2019-06-10 14:30,{},9.45,300052,9.52,9.44,9.52,3.3879,881.0
2019-06-10 15:00,{},9.46,300052,9.49,9.43,9.45,6.9604,1810.0
2019-06-11 10:00,{},9.55,300052,9.56,9.43,9.47,10.8983,2834.0
2019-06-11 10:30,{},9.64,300052,9.65,9.55,9.55,15.3437,3990.0
2019-06-11 11:00,{},9.76,300052,9.79,9.63,9.64,17.6895,4600.0
2019-06-11 11:30,{},9.79,300052,9.79,9.7,9.76,10.7214,2788.0
2019-06-11 13:30,{},9.76,300052,9.83,9.76,9.79,9.387,2441.0
2019-06-11 14:00,{},9.83,300052,9.83,9.76,9.76,7.3296,1906.0
2019-06-11 14:30,{},9.82,300052,9.85,9.8,9.83,12.025,3127.0
2019-06-11 15:00,{},9.83,300052,9.85,9.82,9.82,9.5485,2483.0
2019-06-12 10:00,{},9.93,300052,9.97,9.76,9.78,29.1915,7591.0
2019-06-12 10:30,{},9.93,300052,9.94,9.91,9.93,9.4331,2453.0
2019-06-12 11:00,{},9.82,300052,9.93,9.8,9.93,15.9206,4140.0
2019-06-12 11:30,{},9.86,300052,9.86,9.81,9.82,8.018,2085.0
2019-06-12 13:30,{},9.83,300052,9.86,9.81,9.86,8.1718,2125.0
2019-06-12 14:00,{},9.86,300052,9.86,9.81,9.83,4.3185,1123.0
2019-06-12 14:30,{},9.86,300052,9.88,9.84,9.86,5.0761,1320.0
2019-06-12 15:00,{},9.82,300052,9.87,9.82,9.86,9.4062,2446.0
2019-06-13 10:00,{},10.27,300052,10.56,10.0,10.0,162.6281,42290.0
2019-06-13 10:30,{},10.29,300052,10.32,10.18,10.27,36.3481,9452.0
2019-06-13 11:00,{},10.29,300052,10.33,10.26,10.29,17.1511,4460.0
2019-06-13 11:30,{},10.26,300052,10.29,10.22,10.29,13.494,3509.0
2019-06-13 13:30,{},10.23,300052,10.3,10.23,10.26,9.7984,2548.0
2019-06-13 14:00,{},10.29,300052,10.29,10.22,10.23,8.6563,2251.0
2019-06-13 14:30,{},10.22,300052,10.29,10.21,10.29,8.5833,2232.0
2019-06-13 15:00,{},10.17,300052,10.27,10.17,10.22,27.861,7245.0
2019-06-14 10:00,{},10.3,300052,10.54,9.99,10.01,121.4077,31571.0
2019-06-14 10:30,{},10.29,300052,10.35,10.2,10.3,21.0274,5468.0
2019-06-14 11:00,{},10.31,300052,10.32,10.24,10.29,10.5868,2753.0
2019-06-14 11:30,{},10.25,300052,10.31,10.2,10.31,8.9101,2317.0
2019-06-14 13:30,{},10.24,300052,10.27,10.21,10.25,6.2721,1631.0
2019-06-14 14:00,{},10.17,300052,10.25,10.15,10.24,12.9441,3366.0
2019-06-14 14:30,{},10.17,300052,10.24,10.14,10.17,13.4286,3492.0
2019-06-14 15:00,{},10.21,300052,10.26,10.16,10.17,33.2986,8659.0
2019-06-17 10:00,{},10.42,300052,10.78,10.07,10.07,118.289,30760.0
2019-06-17 10:30,{},10.38,300052,10.44,10.32,10.42,29.1608,7583.0
2019-06-17 11:00,{},10.4,300052,10.43,10.36,10.38,17.428,4532.0
2019-06-17 11:30,{},10.4,300052,10.44,10.35,10.4,16.8589,4384.0
2019-06-17 13:30,{},10.37,300052,10.46,10.36,10.4,13.8632,3605.0
2019-06-17 14:00,{},10.81,300052,11.08,10.36,10.37,159.5171,41481.0
2019-06-17 14:30,{},10.67,300052,10.89,10.67,10.81,42.1549,10962.0
2019-06-17 15:00,{},10.72,300052,10.76,10.63,10.67,62.7208,16310.0
2019-06-18 10:00,{},10.79,300052,11.03,10.39,10.5,228.0293,59297.0
2019-06-18 10:30,{},11.06,300052,11.2,10.76,10.79,150.8761,39234.0
2019-06-18 11:00,{},11.11,300052,11.16,11.0,11.06,45.7466,11896.0
2019-06-18 11:30,{},11.09,300052,11.13,11.01,11.11,20.0776,5221.0
2019-06-18 13:30,{},11.11,300052,11.15,11.08,11.09,33.5178,8716.0
2019-06-18 14:00,{},11.28,300052,11.68,11.1,11.11,124.238,32307.0
2019-06-18 14:30,{},11.43,300052,11.47,11.23,11.28,45.9273,11943.0
2019-06-18 15:00,{},11.27,300052,11.43,11.16,11.43,71.3656,18558.0
2019-06-19 10:00,{},11.44,300052,11.87,11.01,11.58,265.158,68952.0
2019-06-19 10:30,{},11.28,300052,11.46,11.21,11.44,62.394,16225.0
2019-06-19 11:00,{},11.35,300052,11.42,11.27,11.28,34.0138,8845.0
2019-06-19 11:30,{},11.51,300052,11.54,11.29,11.35,56.1296,14596.0
2019-06-19 13:30,{},11.31,300052,11.55,11.3,11.51,44.9583,11691.0
2019-06-19 14:00,{},11.27,300052,11.4,11.27,11.31,31.4758,8185.0
2019-06-19 14:30,{},11.27,300052,11.37,11.15,11.27,58.3254,15167.0
2019-06-19 15:00,{},11.2,300052,11.28,11.14,11.27,67.7508,17618.0
2019-06-20 10:00,{},10.89,300052,11.17,10.86,11.04,144.9001,37680.0
2019-06-20 10:30,{},10.79,300052,10.95,10.73,10.89,100.6072,26162.0
2019-06-20 11:00,{},10.79,300052,10.89,10.62,10.79,73.573,19132.0
2019-06-20 11:30,{},10.94,300052,10.97,10.79,10.79,36.8288,9577.0
2019-06-20 13:30,{},10.9,300052,11.06,10.9,10.94,34.7637,9040.0
2019-06-20 14:00,{},10.93,300052,10.96,10.87,10.9,31.6911,8241.0
2019-06-20 14:30,{},10.91,300052,10.95,10.89,10.93,24.3423,6330.0
2019-06-20 15:00,{},10.95,300052,10.95,10.83,10.91,57.3717,14919.0
2019-06-21 10:00,{},11.2,300052,11.3,11.02,11.15,168.1349,43722.0
2019-06-21 10:30,{},11.42,300052,11.58,11.19,11.2,159.9901,41604.0
2019-06-21 11:00,{},11.4,300052,11.54,11.36,11.42,71.8079,18673.0
2019-06-21 11:30,{},11.43,300052,11.49,11.33,11.4,33.8793,8810.0
2019-06-21 13:30,{},11.25,300052,11.47,11.22,11.43,32.6756,8497.0
2019-06-21 14:00,{},11.3,300052,11.38,11.23,11.25,18.0933,4705.0
2019-06-21 14:30,{},11.23,300052,11.3,11.16,11.3,25.6959,6682.0
2019-06-21 15:00,{},11.57,300052,11.58,11.23,11.23,110.0134,28608.0
2019-06-24 10:00,{},11.2,300052,11.43,11.14,11.37,147.6382,38392.0
2019-06-24 10:30,{},11.18,300052,11.21,11.07,11.2,52.907,13758.0
2019-06-24 11:00,{},11.14,300052,11.21,11.13,11.18,28.0263,7288.0
2019-06-24 11:30,{},10.97,300052,11.19,10.89,11.14,57.8947,15055.0
2019-06-24 13:30,{},11.04,300052,11.08,10.97,10.97,17.1934,4471.0
2019-06-24 14:00,{},10.99,300052,11.13,10.98,11.04,17.5857,4573.0
2019-06-24 14:30,{},11.08,300052,11.12,10.98,10.99,19.8507,5162.0
2019-06-24 15:00,{},11.13,300052,11.16,11.02,11.08,41.9049,10897.0
2019-06-25 10:00,{},10.8,300052,10.98,10.79,10.96,73.9537,19231.0
2019-06-25 10:30,{},10.7,300052,10.81,10.67,10.8,55.2874,14377.0
2019-06-25 11:00,{},10.62,300052,10.71,10.61,10.7,37.3825,9721.0
2019-06-25 11:30,{},10.68,300052,10.7,10.61,10.62,18.0894,4704.0
2019-06-25 13:30,{},10.71,300052,10.74,10.63,10.68,16.9858,4417.0
2019-06-25 14:00,{},10.8,300052,10.85,10.7,10.71,19.5431,5082.0
2019-06-25 14:30,{},10.75,300052,10.85,10.74,10.8,17.9318,4663.0
2019-06-25 15:00,{},10.8,300052,10.84,10.71,10.75,37.794,9828.0
2019-06-26 10:00,{},10.79,300052,10.86,10.63,10.75,41.4473,10778.0
2019-06-26 10:30,{},10.95,300052,11.03,10.77,10.79,76.0418,19774.0
2019-06-26 11:00,{},10.95,300052,10.99,10.91,10.95,25.2537,6567.0
2019-06-26 11:30,{},11.0,300052,11.03,10.91,10.95,24.0539,6255.0
2019-06-26 13:30,{},10.86,300052,11.02,10.85,11.0,15.5129,4034.0
2019-06-26 14:00,{},10.89,300052,10.96,10.83,10.86,22.7079,5905.0
2019-06-26 14:30,{},10.89,300052,10.95,10.86,10.89,11.8327,3077.0
2019-06-26 15:00,{},10.95,300052,10.99,10.88,10.89,46.881,12191.0
2019-06-27 10:00,{},11.03,300052,11.08,10.86,10.96,57.9908,15080.0
2019-06-27 10:30,{},10.9,300052,11.05,10.87,11.03,35.4559,9220.0
2019-06-27 11:00,{},10.83,300052,10.9,10.8,10.9,27.2418,7084.0
2019-06-27 11:30,{},10.95,300052,10.97,10.83,10.83,15.5745,4050.0
2019-06-27 13:30,{},10.87,300052,10.95,10.85,10.95,14.9784,3895.0
2019-06-27 14:00,{},10.86,300052,10.89,10.84,10.87,11.2021,2913.0
2019-06-27 14:30,{},10.8,300052,10.86,10.76,10.86,26.392,6863.0
2019-06-27 15:00,{},10.79,300052,10.81,10.71,10.8,42.501,11052.0
2019-06-28 10:00,{},10.53,300052,10.67,10.48,10.67,75.4342,19616.0
2019-06-28 10:30,{},10.48,300052,10.56,10.44,10.53,37.0595,9637.0
2019-06-28 11:00,{},10.4,300052,10.49,10.38,10.48,32.0565,8336.0
2019-06-28 11:30,{},10.43,300052,10.44,10.36,10.4,10.3522,2692.0
2019-06-28 13:30,{},10.34,300052,10.43,10.32,10.43,22.7579,5918.0
2019-06-28 14:00,{},10.28,300052,10.4,10.28,10.34,27.7418,7214.0
2019-06-28 14:30,{},10.4,300052,10.4,10.18,10.28,49.2345,12803.0
2019-06-28 15:00,{},10.38,300052,10.44,10.33,10.4,26.8227,6975.0
2019-07-01 10:00,{},10.67,300052,10.75,10.52,10.52,82.9023,21558.0
2019-07-01 10:30,{},10.63,300052,10.72,10.63,10.67,23.9039,6216.0
2019-07-01 11:00,{},10.69,300052,10.7,10.59,10.63,20.9505,5448.0
2019-07-01 11:30,{},10.66,300052,10.73,10.66,10.69,17.7241,4609.0
2019-07-01 13:30,{},10.68,300052,10.7,10.65,10.66,9.1562,2381.0
2019-07-01 14:00,{},10.66,300052,10.68,10.63,10.68,12.9941,3379.0
2019-07-01 14:30,{},10.71,300052,10.75,10.66,10.66,31.6719,8236.0
2019-07-01 15:00,{},10.68,300052,10.73,10.65,10.71,40.1513,10441.0
2019-07-02 10:00,{},10.7,300052,10.86,10.63,10.73,64.1668,16686.0
2019-07-02 10:30,{},10.64,300052,10.73,10.58,10.7,25.2037,6554.0
2019-07-02 11:00,{},10.67,300052,10.69,10.62,10.64,9.4408,2455.0
2019-07-02 11:30,{},10.68,300052,10.68,10.64,10.67,5.6683,1474.0
2019-07-02 13:30,{},10.53,300052,10.68,10.52,10.68,16.2359,4222.0
2019-07-02 14:00,{},10.48,300052,10.55,10.48,10.53,24.0039,6242.0
2019-07-02 14:30,{},10.56,300052,10.56,10.45,10.48,15.3091,3981.0
2019-07-02 15:00,{},10.53,300052,10.62,10.5,10.56,27.2111,7076.0
2019-07-03 10:00,{},10.26,300052,10.5,10.24,10.5,51.6649,13435.0
2019-07-03 10:30,{},10.31,300052,10.32,10.21,10.26,25.4767,6625.0
2019-07-03 11:00,{},10.27,300052,10.31,10.24,10.31,14.5169,3775.0
2019-07-03 11:30,{},10.31,300052,10.32,10.27,10.27,6.8028,1769.0
2019-07-03 13:30,{},10.31,300052,10.37,10.3,10.31,5.7875,1505.0
2019-07-03 14:00,{},10.33,300052,10.34,10.29,10.31,9.5677,2488.0
2019-07-03 14:30,{},10.28,300052,10.34,10.25,10.33,12.8787,3349.0
2019-07-03 15:00,{},10.29,300052,10.3,10.26,10.28,21.9658,5712.0
2019-07-04 10:00,{},10.3,300052,10.39,10.27,10.36,20.3237,5285.0
2019-07-04 10:30,{},10.32,300052,10.34,10.27,10.3,9.4754,2464.0
2019-07-04 11:00,{},10.24,300052,10.32,10.21,10.32,11.0944,2885.0
2019-07-04 11:30,{},10.22,300052,10.28,10.21,10.24,8.9486,2327.0
2019-07-04 13:30,{},10.22,300052,10.24,10.18,10.22,7.1796,1867.0
2019-07-04 14:00,{},10.24,300052,10.26,10.22,10.22,6.0721,1579.0
2019-07-04 14:30,{},10.17,300052,10.24,10.1,10.24,23.4078,6087.0
2019-07-04 15:00,{},10.18,300052,10.22,10.14,10.17,20.5044,5332.0
2019-07-05 10:00,{},10.18,300052,10.28,10.16,10.18,12.2481,3185.0
2019-07-05 10:30,{},10.25,300052,10.25,10.12,10.18,12.1135,3150.0
2019-07-05 11:00,{},10.22,300052,10.29,10.21,10.25,10.1176,2631.0
2019-07-05 11:30,{},10.21,300052,10.25,10.2,10.22,3.1764,826.0
2019-07-05 13:30,{},10.25,300052,10.27,10.2,10.21,7.1719,1865.0
2019-07-05 14:00,{},10.29,300052,10.3,10.23,10.25,9.2562,2407.0
2019-07-05 14:30,{},10.25,300052,10.29,10.23,10.29,7.195,1871.0
2019-07-05 15:00,{},10.25,300052,10.27,10.23,10.25,20.4506,5318.0
