date,amount,close,code,high,low,open,turnoverratio,volume
2018-01-29 14:30,,7.82,601377,7.84,7.78,7.83,,59246.0
2018-01-29 15:00,,7.77,601377,7.82,7.74,7.82,,113009.0
2018-01-30 10:00,,7.79,601377,7.82,7.75,7.77,,80146.0
2018-01-30 10:30,,7.76,601377,7.8,7.74,7.79,,50037.0
2018-01-30 11:00,,7.72,601377,7.77,7.72,7.76,,34821.0
2018-01-30 11:30,,7.7,601377,7.75,7.7,7.72,,50499.0
2018-01-30 13:30,,7.75,601377,7.77,7.7,7.7,,59699.0
2018-01-30 14:00,,7.72,601377,7.76,7.72,7.75,,25640.0
2018-01-30 14:30,,7.73,601377,7.75,7.7,7.72,,42253.0
2018-01-30 15:00,,7.71,601377,7.74,7.68,7.73,,101417.0
2018-01-31 10:00,,7.74,601377,7.77,7.7,7.72,,85786.0
2018-01-31 10:30,,7.72,601377,7.75,7.71,7.74,,39484.0
2018-01-31 11:00,,7.73,601377,7.74,7.7,7.72,,32862.0
2018-01-31 11:30,,7.8,601377,7.83,7.73,7.73,,107534.0
2018-01-31 13:30,,7.75,601377,7.82,7.74,7.8,,38139.0
2018-01-31 14:00,,7.69,601377,7.75,7.67,7.75,,81223.0
2018-01-31 14:30,,7.67,601377,7.7,7.63,7.69,,92809.0
2018-01-31 15:00,,7.7,601377,7.73,7.67,7.69,,51758.0
2018-02-01 10:00,,7.72,601377,7.76,7.7,7.7,,60197.0
2018-02-01 10:30,,7.72,601377,7.76,7.71,7.72,,66161.0
2018-02-01 11:00,,7.69,601377,7.77,7.68,7.71,,74138.0
2018-02-01 11:30,,7.68,601377,7.73,7.64,7.69,,52825.0
2018-02-01 13:30,,7.72,601377,7.72,7.64,7.68,,53133.0
2018-02-01 14:00,,7.68,601377,7.73,7.67,7.72,,32751.0
2018-02-01 14:30,,7.48,601377,7.69,7.48,7.67,,119199.0
2018-02-01 15:00,,7.52,601377,7.61,7.46,7.47,,108590.0
2018-02-02 10:00,,7.49,601377,7.55,7.4,7.49,,133126.0
2018-02-02 10:30,,7.54,601377,7.56,7.46,7.49,,50987.0
2018-02-02 11:00,,7.55,601377,7.57,7.52,7.55,,33247.0
2018-02-02 11:30,,7.52,601377,7.55,7.5,7.55,,24061.0
2018-02-02 13:30,,7.54,601377,7.56,7.48,7.51,,25589.0
2018-02-02 14:00,,7.52,601377,7.56,7.51,7.54,,22664.0
2018-02-02 14:30,,7.61,601377,7.63,7.51,7.52,,49804.0
2018-02-02 15:00,,7.61,601377,7.63,7.57,7.6,,57604.0
2018-02-05 10:00,,7.57,601377,7.6,7.46,7.5,,64787.0
2018-02-05 10:30,,7.56,601377,7.61,7.55,7.57,,32725.0
2018-02-05 11:00,,7.52,601377,7.57,7.48,7.56,,65164.0
2018-02-05 11:30,,7.53,601377,7.56,7.49,7.52,,21134.0
2018-02-05 13:30,,7.54,601377,7.57,7.52,7.53,,18078.0
2018-02-05 14:00,,7.62,601377,7.62,7.54,7.55,,42667.0
2018-02-05 14:30,,7.63,601377,7.65,7.58,7.62,,38868.0
2018-02-05 15:00,,7.65,601377,7.68,7.62,7.63,,57893.0
2018-02-06 10:00,,7.49,601377,7.57,7.48,7.51,,105754.0
2018-02-06 10:30,,7.51,601377,7.55,7.48,7.49,,32449.0
2018-02-06 11:00,,7.51,601377,7.54,7.49,7.51,,37662.0
2018-02-06 11:30,,7.49,601377,7.54,7.49,7.51,,40344.0
2018-02-06 13:30,,7.36,601377,7.49,7.32,7.49,,124502.0
2018-02-06 14:00,,7.4,601377,7.43,7.33,7.35,,33770.0
2018-02-06 14:30,,7.33,601377,7.42,7.29,7.41,,65386.0
2018-02-06 15:00,,7.29,601377,7.34,7.24,7.33,,101351.0
2018-02-07 10:00,,7.33,601377,7.45,7.33,7.41,,104770.0
2018-02-07 10:30,,7.3,601377,7.4,7.29,7.33,,98214.0
2018-02-07 11:00,,7.25,601377,7.33,7.23,7.3,,73106.0
2018-02-07 11:30,,7.33,601377,7.33,7.18,7.25,,78375.0
2018-02-07 13:30,,7.29,601377,7.35,7.27,7.33,,23881.0
2018-02-07 14:00,,7.29,601377,7.33,7.26,7.29,,21125.0
2018-02-07 14:30,,7.27,601377,7.32,7.25,7.29,,19649.0
2018-02-07 15:00,,7.23,601377,7.28,7.2,7.27,,44722.0
2018-02-08 10:00,,7.3,601377,7.33,7.23,7.24,,56025.0
2018-02-08 10:30,,7.26,601377,7.31,7.26,7.3,,41032.0
2018-02-08 11:00,,7.26,601377,7.29,7.24,7.25,,37330.0
2018-02-08 11:30,,7.22,601377,7.28,7.21,7.26,,33054.0
2018-02-08 13:30,,7.24,601377,7.28,7.21,7.22,,27582.0
2018-02-08 14:00,,7.25,601377,7.28,7.23,7.25,,25745.0
2018-02-08 14:30,,7.25,601377,7.29,7.2,7.25,,53836.0
2018-02-08 15:00,,7.26,601377,7.29,7.25,7.25,,26906.0
2018-02-09 10:00,,7.04,601377,7.15,7.01,7.12,,141553.0
2018-02-09 10:30,,6.9,601377,7.05,6.88,7.05,,154434.0
2018-02-09 11:00,,6.78,601377,6.94,6.68,6.9,,115482.0
2018-02-09 11:30,,6.85,601377,6.87,6.77,6.78,,36954.0
2018-02-09 13:30,,6.79,601377,6.85,6.76,6.85,,30346.0
2018-02-09 14:00,,6.72,601377,6.83,6.69,6.79,,60361.0
2018-02-09 14:30,,6.69,601377,6.74,6.63,6.72,,67931.0
2018-02-09 15:00,,6.73,601377,6.78,6.66,6.69,,75104.0
2018-02-12 10:00,,6.73,601377,6.81,6.69,6.79,,70085.0
2018-02-12 10:30,,6.73,601377,6.75,6.71,6.73,,27442.0
2018-02-12 11:00,,6.75,601377,6.76,6.72,6.74,,17474.0
2018-02-12 11:30,,6.78,601377,6.78,6.74,6.74,,20402.0
2018-02-12 13:30,,6.75,601377,6.79,6.73,6.78,,38018.0
2018-02-12 14:00,,6.75,601377,6.78,6.73,6.75,,33204.0
2018-02-12 14:30,,6.78,601377,6.78,6.72,6.75,,44821.0
2018-02-12 15:00,,6.73,601377,6.79,6.72,6.78,,44949.0
2018-02-13 10:00,,6.82,601377,6.82,6.76,6.79,,57753.0
2018-02-13 10:30,,6.82,601377,6.85,6.81,6.82,,54636.0
2018-02-13 11:00,,6.82,601377,6.85,6.81,6.81,,31276.0
2018-02-13 11:30,,6.82,601377,6.83,6.81,6.82,,15589.0
2018-02-13 13:30,,6.82,601377,6.84,6.81,6.82,,30192.0
2018-02-13 14:00,,6.8,601377,6.82,6.79,6.81,,23763.0
2018-02-13 14:30,,6.74,601377,6.8,6.73,6.8,,49807.0
2018-02-13 15:00,,6.68,601377,6.75,6.67,6.74,,97988.0
2018-02-14 10:00,,6.67,601377,6.72,6.66,6.7,,34212.0
2018-02-14 10:30,,6.66,601377,6.68,6.64,6.68,,25822.0
2018-02-14 11:00,,6.67,601377,6.67,6.65,6.66,,22965.0
2018-02-14 11:30,,6.67,601377,6.67,6.65,6.66,,14498.0
2018-02-14 13:30,,6.69,601377,6.7,6.66,6.66,,12900.0
2018-02-14 14:00,,6.7,601377,6.71,6.68,6.69,,14050.0
2018-02-14 14:30,,6.7,601377,6.71,6.68,6.7,,15346.0
2018-02-14 15:00,,6.71,601377,6.71,6.69,6.69,,46649.0
2018-02-22 10:00,,6.75,601377,6.79,6.72,6.75,,49766.0
2018-02-22 10:30,,6.78,601377,6.8,6.74,6.75,,42252.0
2018-02-22 11:00,,6.78,601377,6.79,6.76,6.78,,19672.0
2018-02-22 11:30,,6.8,601377,6.81,6.77,6.78,,28602.0
2018-02-22 13:30,,6.79,601377,6.81,6.78,6.8,,29185.0
2018-02-22 14:00,,6.78,601377,6.8,6.77,6.79,,36034.0
2018-02-22 14:30,,6.75,601377,6.79,6.73,6.78,,59370.0
2018-02-22 15:00,,6.77,601377,6.77,6.72,6.74,,52381.0
2018-02-23 10:00,,6.81,601377,6.82,6.74,6.78,,47421.0
2018-02-23 10:30,,6.81,601377,6.83,6.8,6.82,,44582.0
2018-02-23 11:00,,6.81,601377,6.84,6.8,6.81,,36269.0
2018-02-23 11:30,,6.73,601377,6.81,6.73,6.81,,91893.0
2018-02-23 13:30,,6.75,601377,6.76,6.72,6.72,,17856.0
2018-02-23 14:00,,6.77,601377,6.78,6.75,6.75,,10665.0
2018-02-23 14:30,,6.78,601377,6.78,6.76,6.77,,15399.0
2018-02-23 15:00,,6.79,601377,6.8,6.77,6.78,,28376.0
2018-02-26 10:00,,6.78,601377,6.83,6.77,6.8,,83787.0
2018-02-26 10:30,,6.78,601377,6.79,6.77,6.78,,25256.0
2018-02-26 11:00,,6.81,601377,6.81,6.77,6.78,,24913.0
2018-02-26 11:30,,6.83,601377,6.85,6.8,6.8,,44874.0
2018-02-26 13:30,,6.87,601377,6.87,6.83,6.84,,39306.0
2018-02-26 14:00,,6.96,601377,6.96,6.84,6.87,,88886.0
2018-02-26 14:30,,6.97,601377,7.02,6.94,6.95,,87519.0
2018-02-26 15:00,,6.96,601377,6.98,6.94,6.97,,41021.0
2018-02-27 10:00,,6.93,601377,6.96,6.91,6.96,,60809.0
2018-02-27 10:30,,6.89,601377,6.93,6.85,6.92,,55417.0
2018-02-27 11:00,,6.88,601377,6.9,6.85,6.88,,34942.0
2018-02-27 11:30,,6.88,601377,6.89,6.86,6.88,,19169.0
2018-02-27 13:30,,6.87,601377,6.9,6.86,6.89,,16275.0
2018-02-27 14:00,,6.87,601377,6.88,6.86,6.86,,16641.0
2018-02-27 14:30,,6.87,601377,6.89,6.86,6.87,,20845.0
2018-02-27 15:00,,6.88,601377,6.88,6.86,6.87,,36823.0
2018-02-28 10:00,,6.83,601377,6.83,6.79,6.83,,53837.0
2018-02-28 10:30,,6.84,601377,6.85,6.82,6.83,,15608.0
2018-02-28 11:00,,6.85,601377,6.85,6.82,6.84,,17027.0
2018-02-28 11:30,,6.83,601377,6.85,6.82,6.85,,15942.0
2018-02-28 13:30,,6.93,601377,6.96,6.82,6.83,,98709.0
2018-02-28 14:00,,6.93,601377,6.94,6.91,6.94,,34131.0
2018-02-28 14:30,,6.9,601377,6.94,6.89,6.93,,30264.0
2018-02-28 15:00,,6.91,601377,6.92,6.89,6.9,,22918.0
2018-03-01 10:00,,6.9,601377,6.92,6.82,6.86,,37548.0
2018-03-01 10:30,,6.9,601377,6.92,6.88,6.9,,21742.0
2018-03-01 11:00,,6.9,601377,6.92,6.88,6.9,,21418.0
2018-03-01 11:30,,6.92,601377,6.93,6.89,6.9,,14128.0
2018-03-01 13:30,,6.89,601377,6.93,6.89,6.92,,19926.0
2018-03-01 14:00,,6.9,601377,6.91,6.88,6.89,,20235.0
2018-03-01 14:30,,6.91,601377,6.92,6.88,6.9,,23056.0
2018-03-01 15:00,,6.91,601377,6.92,6.89,6.91,,37547.0
2018-03-02 10:00,,6.88,601377,6.9,6.84,6.84,,38776.0
2018-03-02 10:30,,6.92,601377,6.95,6.87,6.88,,31714.0
2018-03-02 11:00,,6.91,601377,6.93,6.89,6.92,,15167.0
2018-03-02 11:30,,6.92,601377,6.93,6.9,6.91,,10983.0
2018-03-02 13:30,,6.9,601377,6.92,6.9,6.92,,10519.0
2018-03-02 14:00,,6.89,601377,6.92,6.88,6.9,,17941.0
2018-03-02 14:30,,6.88,601377,6.9,6.87,6.89,,16962.0
2018-03-02 15:00,,6.87,601377,6.89,6.87,6.88,,21687.0
2018-03-05 10:00,,6.89,601377,6.92,6.87,6.87,,24215.0
2018-03-05 10:30,,6.89,601377,6.9,6.88,6.89,,19494.0
2018-03-05 11:00,,6.88,601377,6.9,6.88,6.9,,11559.0
2018-03-05 11:30,,6.89,601377,6.89,6.87,6.88,,11867.0
2018-03-05 13:30,,6.89,601377,6.89,6.87,6.89,,17545.0
2018-03-05 14:00,,6.89,601377,6.9,6.87,6.89,,19254.0
2018-03-05 14:30,,6.88,601377,6.89,6.87,6.89,,18912.0
2018-03-05 15:00,,6.89,601377,6.9,6.87,6.88,,19040.0
2018-03-06 10:00,,6.91,601377,6.94,6.9,6.92,,32684.0
2018-03-06 10:30,,6.93,601377,6.95,6.9,6.91,,48877.0
2018-03-06 11:00,,6.93,601377,6.94,6.91,6.93,,25259.0
2018-03-06 11:30,,6.96,601377,6.96,6.92,6.93,,24839.0
2018-03-06 13:30,,7.03,601377,7.04,6.96,6.96,,80303.0
2018-03-06 14:00,,6.99,601377,7.04,6.98,7.04,,44460.0
2018-03-06 14:30,,6.99,601377,7.01,6.97,6.99,,29246.0
2018-03-06 15:00,,7.0,601377,7.01,6.98,6.99,,26559.0
2018-03-07 10:00,,6.96,601377,6.96,6.91,6.93,,77563.0
2018-03-07 10:30,,6.94,601377,6.99,6.93,6.96,,43587.0
2018-03-07 11:00,,6.95,601377,6.96,6.93,6.94,,24400.0
2018-03-07 11:30,,6.93,601377,6.96,6.92,6.95,,26287.0
2018-03-07 13:30,,6.91,601377,6.93,6.9,6.93,,30924.0
2018-03-07 14:00,,6.92,601377,6.92,6.9,6.91,,20530.0
2018-03-07 14:30,,6.88,601377,6.92,6.88,6.92,,31292.0
2018-03-07 15:00,,6.85,601377,6.89,6.81,6.89,,68507.0
2018-03-08 10:00,,6.85,601377,6.88,6.82,6.82,,33683.0
2018-03-08 10:30,,6.87,601377,6.87,6.84,6.84,,18112.0
2018-03-08 11:00,,6.85,601377,6.88,6.84,6.87,,19249.0
2018-03-08 11:30,,6.86,601377,6.87,6.84,6.85,,10210.0
2018-03-08 13:30,,6.84,601377,6.86,6.84,6.86,,17713.0
2018-03-08 14:00,,6.83,601377,6.86,6.83,6.84,,16225.0
2018-03-08 14:30,,6.85,601377,6.85,6.83,6.84,,18201.0
2018-03-08 15:00,,6.86,601377,6.86,6.83,6.85,,26156.0
2018-03-09 10:00,,6.84,601377,6.88,6.83,6.86,,34255.0
2018-03-09 10:30,,6.84,601377,6.86,6.83,6.83,,17818.0
2018-03-09 11:00,,6.86,601377,6.86,6.83,6.84,,16163.0
2018-03-09 11:30,,6.86,601377,6.86,6.83,6.86,,17381.0
2018-03-09 13:30,,6.9,601377,6.93,6.83,6.85,,77040.0
2018-03-09 14:00,,6.9,601377,6.9,6.88,6.9,,31790.0
2018-03-09 14:30,,6.92,601377,6.92,6.88,6.89,,40222.0
2018-03-09 15:00,,6.93,601377,6.96,6.91,6.92,,96273.0
2018-03-12 10:00,,6.95,601377,6.99,6.94,6.96,,61276.0
2018-03-12 10:30,,6.94,601377,6.96,6.93,6.95,,39892.0
2018-03-12 11:00,,7.02,601377,7.04,6.93,6.94,,105259.0
2018-03-12 11:30,,7.0,601377,7.02,6.98,7.02,,33978.0
2018-03-12 13:30,,7.0,601377,7.01,6.98,7.0,,17422.0
2018-03-12 14:00,,6.99,601377,7.01,6.98,7.0,,18725.0
2018-03-12 14:30,,6.99,601377,7.01,6.99,7.0,,35043.0
2018-03-12 15:00,,7.0,601377,7.02,6.98,6.99,,50213.0
2018-03-13 10:00,,6.96,601377,6.99,6.96,6.99,,41941.0
2018-03-13 10:30,,6.96,601377,6.97,6.94,6.96,,27299.0
2018-03-13 11:00,,6.96,601377,6.97,6.94,6.95,,19691.0
2018-03-13 11:30,,6.96,601377,6.96,6.94,6.96,,16399.0
2018-03-13 13:30,,6.96,601377,6.96,6.95,6.96,,10913.0
2018-03-13 14:00,,6.96,601377,6.97,6.94,6.96,,18476.0
2018-03-13 14:30,,6.94,601377,6.97,6.93,6.96,,27127.0
2018-03-13 15:00,,6.92,601377,6.95,6.92,6.94,,29970.0
2018-03-14 10:00,,6.93,601377,6.95,6.91,6.93,,27093.0
2018-03-14 10:30,,6.93,601377,6.96,6.92,6.93,,26165.0
2018-03-14 11:00,,6.92,601377,6.94,6.92,6.93,,11478.0
2018-03-14 11:30,,6.89,601377,6.93,6.88,6.92,,16028.0
2018-03-14 13:30,,6.88,601377,6.89,6.87,6.89,,17763.0
2018-03-14 14:00,,6.9,601377,6.9,6.87,6.88,,10985.0
2018-03-14 14:30,,6.89,601377,6.91,6.87,6.9,,15532.0
2018-03-14 15:00,,6.87,601377,6.9,6.86,6.89,,27154.0
2018-03-15 10:00,,6.87,601377,6.89,6.84,6.86,,31153.0
2018-03-15 10:30,,6.85,601377,6.88,6.85,6.88,,11259.0
2018-03-15 11:00,,6.85,601377,6.86,6.82,6.85,,24630.0
2018-03-15 11:30,,6.84,601377,6.86,6.83,6.85,,10246.0
2018-03-15 13:30,,6.82,601377,6.86,6.82,6.84,,17214.0
2018-03-15 14:00,,6.83,601377,6.84,6.79,6.83,,35513.0
2018-03-15 14:30,,6.81,601377,6.83,6.8,6.83,,23023.0
2018-03-15 15:00,,6.85,601377,6.85,6.8,6.81,,17560.0
2018-03-16 10:00,,6.86,601377,6.87,6.83,6.84,,21299.0
2018-03-16 10:30,,6.85,601377,6.86,6.83,6.86,,14561.0
2018-03-16 11:00,,6.83,601377,6.85,6.82,6.84,,17186.0
2018-03-16 11:30,,6.83,601377,6.85,6.82,6.83,,12132.0
2018-03-16 13:30,,6.84,601377,6.85,6.82,6.83,,9873.0
2018-03-16 14:00,,6.84,601377,6.85,6.83,6.84,,20464.0
2018-03-16 14:30,,6.83,601377,6.84,6.82,6.84,,17780.0
2018-03-16 15:00,,6.79,601377,6.83,6.78,6.83,,43795.0
2018-03-19 10:00,,6.82,601377,6.82,6.76,6.8,,23844.0
2018-03-19 10:30,,6.81,601377,6.83,6.8,6.82,,15185.0
2018-03-19 11:00,,6.8,601377,6.82,6.8,6.8,,10805.0
2018-03-19 11:30,,6.82,601377,6.82,6.8,6.81,,9419.0
2018-03-19 13:30,,6.8,601377,6.82,6.79,6.82,,8645.0
2018-03-19 14:00,,6.79,601377,6.8,6.79,6.8,,6849.0
2018-03-19 14:30,,6.81,601377,6.82,6.79,6.79,,11249.0
2018-03-19 15:00,,6.8,601377,6.82,6.79,6.81,,17534.0
2018-03-20 10:00,,6.76,601377,6.78,6.73,6.77,,33164.0
2018-03-20 10:30,,6.73,601377,6.76,6.73,6.76,,20719.0
2018-03-20 11:00,,6.73,601377,6.74,6.72,6.73,,14013.0
2018-03-20 11:30,,6.74,601377,6.75,6.73,6.73,,7583.0
2018-03-20 13:30,,6.76,601377,6.76,6.72,6.74,,16336.0
2018-03-20 14:00,,6.77,601377,6.77,6.74,6.76,,17058.0
2018-03-20 14:30,,6.78,601377,6.79,6.76,6.77,,14757.0
2018-03-20 15:00,,6.79,601377,6.79,6.76,6.78,,14178.0
2018-03-21 10:00,,6.85,601377,6.85,6.79,6.79,,31756.0
2018-03-21 10:30,,6.84,601377,6.86,6.83,6.85,,25414.0
2018-03-21 11:00,,6.91,601377,6.93,6.84,6.84,,78474.0
2018-03-21 11:30,,6.9,601377,6.92,6.87,6.9,,38706.0
2018-03-21 13:30,,6.89,601377,6.92,6.89,6.9,,20327.0
2018-03-21 14:00,,6.86,601377,6.9,6.86,6.89,,16091.0
2018-03-21 14:30,,6.84,601377,6.87,6.83,6.86,,17910.0
2018-03-21 15:00,,6.81,601377,6.84,6.8,6.84,,29519.0
2018-03-22 10:00,,6.85,601377,6.89,6.81,6.81,,61148.0
2018-03-22 10:30,,6.81,601377,6.85,6.81,6.85,,24705.0
2018-03-22 11:00,,6.8,601377,6.82,6.77,6.81,,27637.0
2018-03-22 11:30,,6.82,601377,6.84,6.79,6.79,,16080.0
2018-03-22 13:30,,6.84,601377,6.85,6.82,6.83,,17288.0
2018-03-22 14:00,,6.84,601377,6.86,6.84,6.84,,25385.0
2018-03-22 14:30,,6.82,601377,6.85,6.82,6.84,,12411.0
2018-03-22 15:00,,6.8,601377,6.83,6.8,6.83,,19682.0
2018-03-23 10:00,,6.67,601377,6.69,6.6,6.65,,88006.0
2018-03-23 10:30,,6.68,601377,6.69,6.66,6.66,,33062.0
2018-03-23 11:00,,6.65,601377,6.68,6.63,6.68,,42169.0
2018-03-23 11:30,,6.55,601377,6.66,6.54,6.65,,72185.0
2018-03-23 13:30,,6.51,601377,6.57,6.48,6.55,,62997.0
2018-03-23 14:00,,6.44,601377,6.53,6.42,6.51,,52568.0
2018-03-23 14:30,,6.39,601377,6.45,6.31,6.44,,73093.0
2018-03-23 15:00,,6.41,601377,6.44,6.38,6.38,,47523.0
2018-03-26 10:00,,6.35,601377,6.37,6.23,6.33,,68764.0
2018-03-26 10:30,,6.35,601377,6.36,6.31,6.35,,30071.0
2018-03-26 11:00,,6.35,601377,6.38,6.34,6.36,,18434.0
2018-03-26 11:30,,6.34,601377,6.37,6.33,6.35,,16466.0
2018-03-26 13:30,,6.38,601377,6.38,6.33,6.34,,12544.0
2018-03-26 14:00,,6.35,601377,6.38,6.34,6.38,,12448.0
2018-03-26 14:30,,6.42,601377,6.45,6.34,6.35,,23207.0
2018-03-26 15:00,,6.42,601377,6.44,6.4,6.42,,27889.0
2018-03-27 10:00,,6.49,601377,6.53,6.48,6.5,,59255.0
2018-03-27 10:30,,6.47,601377,6.51,6.47,6.49,,22037.0
2018-03-27 11:00,,6.49,601377,6.5,6.47,6.47,,15541.0
2018-03-27 11:30,,6.5,601377,6.51,6.49,6.49,,22719.0
2018-03-27 13:30,,6.5,601377,6.52,6.49,6.5,,16397.0
2018-03-27 14:00,,6.48,601377,6.5,6.47,6.5,,20715.0
2018-03-27 14:30,,6.46,601377,6.49,6.45,6.48,,14201.0
2018-03-27 15:00,,6.51,601377,6.51,6.45,6.46,,31917.0
2018-03-28 10:00,,6.51,601377,6.51,6.42,6.43,,29615.0
2018-03-28 10:30,,6.47,601377,6.52,6.47,6.5,,20352.0
2018-03-28 11:00,,6.48,601377,6.49,6.47,6.47,,9588.0
2018-03-28 11:30,,6.44,601377,6.48,6.44,6.48,,17250.0
2018-03-28 13:30,,6.44,601377,6.45,6.43,6.44,,14734.0
2018-03-28 14:00,,6.44,601377,6.45,6.42,6.44,,13932.0
2018-03-28 14:30,,6.44,601377,6.45,6.42,6.45,,15513.0
2018-03-28 15:00,,6.43,601377,6.46,6.42,6.44,,22746.0
2018-03-29 10:00,,6.43,601377,6.49,6.42,6.48,,23721.0
2018-03-29 10:30,,6.45,601377,6.45,6.42,6.43,,11856.0
2018-03-29 11:00,,6.6,601377,6.63,6.43,6.45,,88571.0
2018-03-29 11:30,,6.56,601377,6.6,6.54,6.6,,29089.0
2018-03-29 13:30,,6.56,601377,6.59,6.55,6.56,,15109.0
2018-03-29 14:00,,6.56,601377,6.6,6.56,6.56,,16916.0
2018-03-29 14:30,,6.58,601377,6.58,6.55,6.56,,11355.0
2018-03-29 15:00,,6.56,601377,6.58,6.54,6.58,,26798.0
2018-03-30 10:00,,6.55,601377,6.6,6.55,6.58,,25465.0
2018-03-30 10:30,,6.55,601377,6.57,6.54,6.55,,12207.0
2018-03-30 11:00,,6.57,601377,6.58,6.55,6.56,,17426.0
2018-03-30 11:30,,6.56,601377,6.58,6.56,6.57,,9942.0
2018-03-30 13:30,,6.61,601377,6.61,6.55,6.56,,20513.0
2018-03-30 14:00,,6.58,601377,6.62,6.57,6.61,,16713.0
2018-03-30 14:30,,6.58,601377,6.59,6.57,6.58,,16542.0
2018-03-30 15:00,,6.58,601377,6.59,6.57,6.58,,22917.0
2018-04-02 10:00,,6.71,601377,6.72,6.57,6.57,,79776.0
2018-04-02 10:30,,6.78,601377,6.82,6.72,6.72,,108845.0
2018-04-02 11:00,,6.76,601377,6.79,6.75,6.78,,35984.0
2018-04-02 11:30,,6.74,601377,6.77,6.74,6.76,,28868.0
2018-04-02 13:30,,6.76,601377,6.78,6.74,6.74,,20530.0
2018-04-02 14:00,,6.79,601377,6.8,6.75,6.76,,42611.0
2018-04-02 14:30,,6.76,601377,6.81,6.74,6.79,,51187.0
2018-04-02 15:00,,6.73,601377,6.77,6.72,6.76,,26583.0
2018-04-03 10:00,,6.73,601377,6.76,6.63,6.66,,60851.0
2018-04-03 10:30,,6.7,601377,6.73,6.69,6.73,,20199.0
2018-04-03 11:00,,6.73,601377,6.75,6.67,6.69,,32543.0
2018-04-03 11:30,,6.75,601377,6.78,6.73,6.73,,29211.0
2018-04-03 13:30,,6.72,601377,6.76,6.7,6.76,,23540.0
2018-04-03 14:00,,6.74,601377,6.75,6.71,6.72,,17552.0
2018-04-03 14:30,,6.75,601377,6.75,6.71,6.74,,21362.0
2018-04-03 15:00,,6.75,601377,6.76,6.74,6.75,,34597.0
2018-04-04 10:00,,6.76,601377,6.79,6.72,6.75,,46788.0
2018-04-04 10:30,,6.74,601377,6.78,6.72,6.76,,30103.0
2018-04-04 11:00,,6.75,601377,6.76,6.73,6.74,,17395.0
2018-04-04 11:30,,6.77,601377,6.77,6.74,6.75,,18456.0
2018-04-04 13:30,,6.77,601377,6.78,6.75,6.77,,16595.0
2018-04-04 14:00,,6.73,601377,6.77,6.73,6.77,,18319.0
2018-04-04 14:30,,6.71,601377,6.75,6.7,6.73,,27181.0
2018-04-04 15:00,,6.68,601377,6.72,6.67,6.71,,51522.0
2018-04-09 10:00,,6.67,601377,6.68,6.58,6.66,,73680.0
2018-04-09 10:30,,6.64,601377,6.68,6.63,6.68,,20704.0
2018-04-09 11:00,,6.64,601377,6.65,6.63,6.63,,17288.0
2018-04-09 11:30,,6.67,601377,6.67,6.63,6.64,,19319.0
2018-04-09 13:30,,6.66,601377,6.68,6.65,6.67,,15755.0
2018-04-09 14:00,,6.67,601377,6.68,6.65,6.66,,25543.0
2018-04-09 14:30,,6.7,601377,6.73,6.67,6.68,,33665.0
2018-04-09 15:00,,6.69,601377,6.7,6.67,6.7,,26437.0
2018-04-10 10:00,,6.76,601377,6.8,6.67,6.7,,63044.0
2018-04-10 10:30,,6.74,601377,6.77,6.73,6.76,,23700.0
2018-04-10 11:00,,6.77,601377,6.78,6.74,6.74,,24091.0
2018-04-10 11:30,,6.76,601377,6.77,6.74,6.77,,15759.0
2018-04-10 13:30,,6.72,601377,6.76,6.71,6.75,,14176.0
2018-04-10 14:00,,6.73,601377,6.74,6.71,6.72,,10061.0
2018-04-10 14:30,,6.76,601377,6.76,6.72,6.73,,18980.0
2018-04-10 15:00,,6.79,601377,6.79,6.75,6.76,,64748.0
2018-04-11 10:00,,6.72,601377,6.78,6.7,6.7,,65755.0
2018-04-11 10:30,,6.75,601377,6.77,6.71,6.72,,21730.0
2018-04-11 11:00,,6.75,601377,6.78,6.74,6.75,,28161.0
2018-04-11 11:30,,6.76,601377,6.78,6.74,6.75,,19554.0
2018-04-11 13:30,,6.75,601377,6.78,6.75,6.76,,15842.0
2018-04-11 14:00,,6.75,601377,6.77,6.75,6.75,,13137.0
2018-04-11 14:30,,6.74,601377,6.77,6.74,6.76,,20541.0
2018-04-11 15:00,,6.75,601377,6.76,6.73,6.74,,23924.0
2018-04-12 10:00,,6.8,601377,6.8,6.73,6.76,,44881.0
2018-04-12 10:30,,6.77,601377,6.8,6.75,6.79,,21820.0
2018-04-12 11:00,,6.74,601377,6.78,6.74,6.77,,14404.0
2018-04-12 11:30,,6.72,601377,6.75,6.72,6.74,,9892.0
2018-04-12 13:30,,6.73,601377,6.74,6.72,6.72,,9184.0
2018-04-12 14:00,,6.72,601377,6.75,6.72,6.73,,10640.0
2018-04-12 14:30,,6.69,601377,6.73,6.69,6.72,,21146.0
2018-04-12 15:00,,6.7,601377,6.72,6.68,6.69,,20126.0
2018-04-13 10:00,,6.71,601377,6.74,6.7,6.74,,24249.0
2018-04-13 10:30,,6.69,601377,6.72,6.68,6.7,,14269.0
2018-04-13 11:00,,6.7,601377,6.71,6.68,6.69,,13403.0
2018-04-13 11:30,,6.7,601377,6.71,6.68,6.7,,9295.0
2018-04-13 13:30,,6.71,601377,6.71,6.68,6.69,,8858.0
2018-04-13 14:00,,6.7,601377,6.72,6.69,6.71,,11453.0
2018-04-13 14:30,,6.67,601377,6.7,6.67,6.7,,17285.0
2018-04-13 15:00,,6.65,601377,6.67,6.64,6.66,,23955.0
2018-04-16 10:00,,6.61,601377,6.65,6.6,6.64,,33812.0
2018-04-16 10:30,,6.61,601377,6.63,6.59,6.62,,16134.0
2018-04-16 11:00,,6.59,601377,6.61,6.58,6.6,,15688.0
2018-04-16 11:30,,6.53,601377,6.59,6.47,6.59,,36570.0
2018-04-16 13:30,,6.52,601377,6.53,6.51,6.52,,13298.0
2018-04-16 14:00,,6.5,601377,6.52,6.47,6.52,,34834.0
2018-04-16 14:30,,6.49,601377,6.53,6.49,6.5,,20622.0
2018-04-16 15:00,,6.5,601377,6.55,6.49,6.5,,30911.0
2018-04-17 10:00,,6.51,601377,6.55,6.51,6.52,,21371.0
2018-04-17 10:30,,6.57,601377,6.59,6.5,6.51,,39891.0
2018-04-17 11:00,,6.58,601377,6.6,6.56,6.58,,17471.0
2018-04-17 11:30,,6.56,601377,6.58,6.54,6.58,,7949.0
2018-04-17 13:30,,6.51,601377,6.57,6.51,6.56,,14451.0
2018-04-17 14:00,,6.52,601377,6.54,6.5,6.51,,17216.0
2018-04-17 14:30,,6.5,601377,6.54,6.5,6.52,,12373.0
2018-04-17 15:00,,6.47,601377,6.51,6.46,6.5,,34214.0
2018-04-18 10:00,,6.53,601377,6.58,6.5,6.54,,40688.0
2018-04-18 10:30,,6.54,601377,6.56,6.51,6.53,,23337.0
2018-04-18 11:00,,6.51,601377,6.54,6.47,6.54,,17709.0
2018-04-18 11:30,,6.5,601377,6.52,6.48,6.52,,8635.0
2018-04-18 13:30,,6.51,601377,6.53,6.5,6.5,,11723.0
2018-04-18 14:00,,6.54,601377,6.56,6.5,6.51,,15155.0
2018-04-18 14:30,,6.54,601377,6.57,6.51,6.54,,13350.0
2018-04-18 15:00,,6.54,601377,6.57,6.53,6.54,,25963.0
2018-04-19 10:00,,6.58,601377,6.58,6.5,6.56,,20721.0
2018-04-19 10:30,,6.55,601377,6.58,6.54,6.58,,15222.0
2018-04-19 11:00,,6.52,601377,6.56,6.52,6.55,,22977.0
2018-04-19 11:30,,6.57,601377,6.58,6.51,6.52,,42969.0
2018-04-19 13:30,,6.57,601377,6.59,6.55,6.58,,35195.0
2018-04-19 14:00,,6.55,601377,6.57,6.55,6.55,,12737.0
2018-04-19 14:30,,6.55,601377,6.56,6.53,6.56,,11290.0
2018-04-19 15:00,,6.56,601377,6.56,6.53,6.54,,17746.0
2018-04-20 10:00,,6.51,601377,6.54,6.5,6.54,,21242.0
2018-04-20 10:30,,6.5,601377,6.53,6.5,6.51,,13501.0
2018-04-20 11:00,,6.47,601377,6.51,6.46,6.5,,24927.0
2018-04-20 11:30,,6.45,601377,6.48,6.44,6.47,,22597.0
2018-04-20 13:30,,6.44,601377,6.46,6.42,6.45,,17939.0
2018-04-20 14:00,,6.43,601377,6.44,6.41,6.44,,17044.0
2018-04-20 14:30,,6.41,601377,6.43,6.41,6.43,,21725.0
2018-04-20 15:00,,6.33,601377,6.43,6.33,6.42,,58258.0
2018-04-23 10:00,,6.36,601377,6.43,6.33,6.33,,28042.0
2018-04-23 10:30,,6.34,601377,6.38,6.34,6.36,,20008.0
2018-04-23 11:00,,6.38,601377,6.38,6.33,6.34,,23979.0
2018-04-23 11:30,,6.34,601377,6.38,6.32,6.37,,13541.0
2018-04-23 13:30,,6.34,601377,6.38,6.33,6.35,,18383.0
2018-04-23 14:00,,6.33,601377,6.37,6.33,6.34,,10147.0
2018-04-23 14:30,,6.31,601377,6.34,6.27,6.33,,25527.0
2018-04-23 15:00,,6.34,601377,6.36,6.3,6.31,,22746.0
2018-04-24 10:00,,6.48,601377,6.48,6.35,6.38,,57025.0
2018-04-24 10:30,,6.46,601377,6.47,6.43,6.47,,23930.0
2018-04-24 11:00,,6.47,601377,6.49,6.45,6.46,,30816.0
2018-04-24 11:30,,6.47,601377,6.5,6.46,6.48,,23645.0
2018-04-24 13:30,,6.48,601377,6.49,6.47,6.48,,12951.0
2018-04-24 14:00,,6.49,601377,6.49,6.46,6.48,,9735.0
2018-04-24 14:30,,6.49,601377,6.5,6.46,6.47,,25459.0
2018-04-24 15:00,,6.49,601377,6.5,6.46,6.5,,20369.0
2018-04-25 10:00,,6.47,601377,6.51,6.45,6.45,,29139.0
2018-04-25 10:30,,6.47,601377,6.48,6.44,6.47,,21614.0
2018-04-25 11:00,,6.47,601377,6.48,6.44,6.47,,16993.0
2018-04-25 11:30,,6.46,601377,6.49,6.45,6.47,,17794.0
2018-04-25 13:30,,6.46,601377,6.48,6.45,6.46,,9390.0
2018-04-25 14:00,,6.46,601377,6.48,6.45,6.46,,8120.0
2018-04-25 14:30,,6.47,601377,6.49,6.45,6.46,,12872.0
2018-04-25 15:00,,6.47,601377,6.48,6.45,6.47,,12070.0
2018-04-26 10:00,,6.44,601377,6.5,6.44,6.48,,22688.0
2018-04-26 10:30,,6.43,601377,6.46,6.43,6.44,,18696.0
2018-04-26 11:00,,6.42,601377,6.46,6.42,6.43,,17040.0
2018-04-26 11:30,,6.44,601377,6.44,6.41,6.42,,10307.0
2018-04-26 13:30,,6.41,601377,6.44,6.41,6.44,,9281.0
2018-04-26 14:00,,6.41,601377,6.43,6.4,6.41,,10672.0
2018-04-26 14:30,,6.39,601377,6.41,6.38,6.41,,18610.0
2018-04-26 15:00,,6.34,601377,6.39,6.33,6.39,,34874.0
2018-04-27 10:00,,6.37,601377,6.41,6.36,6.36,,22953.0
2018-04-27 10:30,,6.45,601377,6.47,6.36,6.38,,35870.0
2018-04-27 11:00,,6.41,601377,6.46,6.4,6.44,,10302.0
2018-04-27 11:30,,6.37,601377,6.42,6.37,6.41,,12452.0
2018-04-27 13:30,,6.4,601377,6.42,6.37,6.37,,12982.0
2018-04-27 14:00,,6.41,601377,6.41,6.38,6.4,,4951.0
2018-04-27 14:30,,6.4,601377,6.43,6.39,6.41,,9665.0
2018-04-27 15:00,,6.4,601377,6.41,6.39,6.4,,16325.0
2018-05-02 10:00,,6.45,601377,6.5,6.44,6.46,,47132.0
2018-05-02 10:30,,6.43,601377,6.46,6.41,6.45,,16387.0
2018-05-02 11:00,,6.41,601377,6.44,6.38,6.42,,20260.0
2018-05-02 11:30,,6.4,601377,6.42,6.39,6.39,,14287.0
2018-05-02 13:30,,6.4,601377,6.42,6.38,6.4,,16984.0
2018-05-02 14:00,,6.4,601377,6.43,6.39,6.41,,20928.0
2018-05-02 14:30,,6.38,601377,6.42,6.37,6.41,,23933.0
2018-05-02 15:00,,6.4,601377,6.41,6.37,6.38,,23085.0
2018-05-03 10:00,,6.5,601377,6.5,6.37,6.4,,64924.0
2018-05-03 10:30,,6.47,601377,6.54,6.47,6.5,,77904.0
2018-05-03 11:00,,6.49,601377,6.5,6.47,6.47,,31869.0
2018-05-03 11:30,,6.5,601377,6.51,6.48,6.5,,25677.0
2018-05-03 13:30,,6.5,601377,6.52,6.49,6.5,,25267.0
2018-05-03 14:00,,6.53,601377,6.54,6.5,6.5,,37889.0
2018-05-03 14:30,,6.52,601377,6.55,6.52,6.53,,35228.0
2018-05-03 15:00,,6.54,601377,6.54,6.5,6.52,,38337.0
2018-05-04 10:00,,6.53,601377,6.55,6.49,6.5,,42496.0
2018-05-04 10:30,,6.52,601377,6.54,6.51,6.53,,20760.0
2018-05-04 11:00,,6.52,601377,6.54,6.51,6.52,,12900.0
2018-05-04 11:30,,6.52,601377,6.53,6.51,6.51,,7939.0
2018-05-04 13:30,,6.52,601377,6.52,6.5,6.51,,14489.0
2018-05-04 14:00,,6.51,601377,6.54,6.51,6.52,,14554.0
2018-05-04 14:30,,6.49,601377,6.52,6.47,6.51,,22512.0
2018-05-04 15:00,,6.49,601377,6.51,6.47,6.48,,19353.0
2018-05-07 10:00,,6.52,601377,6.56,6.51,6.53,,29972.0
2018-05-07 10:30,,6.53,601377,6.54,6.52,6.52,,21687.0
2018-05-07 11:00,,6.53,601377,6.53,6.51,6.52,,24776.0
2018-05-07 11:30,,6.54,601377,6.55,6.52,6.53,,23556.0
2018-05-07 13:30,,6.53,601377,6.55,6.52,6.54,,19342.0
2018-05-07 14:00,,6.52,601377,6.55,6.52,6.54,,17748.0
2018-05-07 14:30,,6.52,601377,6.54,6.5,6.52,,34835.0
2018-05-07 15:00,,6.54,601377,6.54,6.52,6.52,,27072.0
2018-05-08 10:00,,6.53,601377,6.54,6.5,6.53,,36507.0
2018-05-08 10:30,,6.53,601377,6.56,6.51,6.53,,31531.0
2018-05-08 11:00,,6.54,601377,6.55,6.52,6.53,,15986.0
2018-05-08 11:30,,6.55,601377,6.55,6.54,6.54,,7078.0
2018-05-08 13:30,,6.54,601377,6.56,6.53,6.55,,19669.0
2018-05-08 14:00,,6.53,601377,6.54,6.53,6.54,,8609.0
2018-05-08 14:30,,6.55,601377,6.56,6.52,6.53,,31339.0
2018-05-08 15:00,,6.55,601377,6.55,6.53,6.55,,20979.0
2018-05-09 10:00,,6.53,601377,6.56,6.52,6.56,,22813.0
2018-05-09 10:30,,6.51,601377,6.54,6.5,6.53,,21215.0
2018-05-09 11:00,,6.5,601377,6.51,6.49,6.51,,15961.0
2018-05-09 11:30,,6.52,601377,6.52,6.49,6.5,,4974.0
2018-05-09 13:30,,6.5,601377,6.52,6.5,6.52,,8369.0
2018-05-09 14:00,,6.5,601377,6.51,6.49,6.51,,8488.0
2018-05-09 14:30,,6.49,601377,6.51,6.48,6.5,,16302.0
2018-05-09 15:00,,6.5,601377,6.5,6.48,6.49,,24007.0
2018-05-10 10:00,,6.51,601377,6.55,6.5,6.52,,22436.0
2018-05-10 10:30,,6.5,601377,6.52,6.49,6.51,,18062.0
2018-05-10 11:00,,6.49,601377,6.52,6.49,6.5,,16856.0
2018-05-10 11:30,,6.49,601377,6.51,6.49,6.49,,11355.0
2018-05-10 13:30,,6.48,601377,6.51,6.48,6.49,,12854.0
2018-05-10 14:00,,6.47,601377,6.5,6.47,6.48,,15287.0
2018-05-10 14:30,,6.5,601377,6.51,6.47,6.47,,26498.0
2018-05-10 15:00,,6.52,601377,6.53,6.49,6.5,,27499.0
2018-05-11 10:00,,6.49,601377,6.52,6.49,6.52,,22344.0
2018-05-11 10:30,,6.49,601377,6.51,6.48,6.49,,15788.0
2018-05-11 11:00,,6.48,601377,6.5,6.48,6.49,,8067.0
2018-05-11 11:30,,6.49,601377,6.49,6.48,6.49,,3813.0
2018-05-11 13:30,,6.48,601377,6.49,6.47,6.49,,4785.0
2018-05-11 14:00,,6.49,601377,6.5,6.47,6.48,,14279.0
2018-05-11 14:30,,6.46,601377,6.49,6.46,6.49,,21065.0
2018-05-11 15:00,,6.44,601377,6.48,6.44,6.46,,29849.0
2018-05-14 10:00,,6.47,601377,6.49,6.44,6.45,,26643.0
2018-05-14 10:30,,6.47,601377,6.48,6.46,6.47,,12009.0
2018-05-14 11:00,,6.45,601377,6.48,6.44,6.47,,53054.0
2018-05-14 11:30,,6.44,601377,6.46,6.43,6.45,,14303.0
2018-05-14 13:30,,6.45,601377,6.46,6.44,6.44,,11902.0
2018-05-14 14:00,,6.44,601377,6.46,6.43,6.45,,8824.0
2018-05-14 14:30,,6.44,601377,6.45,6.43,6.43,,14486.0
2018-05-14 15:00,,6.43,601377,6.44,6.41,6.44,,21697.0
2018-05-15 10:00,,6.44,601377,6.47,6.42,6.44,,22644.0
2018-05-15 10:30,,6.43,601377,6.45,6.42,6.44,,16322.0
2018-05-15 11:00,,6.42,601377,6.45,6.41,6.44,,14785.0
2018-05-15 11:30,,6.41,601377,6.42,6.41,6.42,,9174.0
2018-05-15 13:30,,6.41,601377,6.42,6.4,6.41,,9433.0
2018-05-15 14:00,,6.42,601377,6.43,6.4,6.41,,11953.0
2018-05-15 14:30,,6.43,601377,6.44,6.41,6.42,,6196.0
2018-05-15 15:00,,6.46,601377,6.46,6.43,6.43,,18199.0
2018-05-16 10:00,,6.41,601377,6.45,6.39,6.45,,25827.0
2018-05-16 10:30,,6.4,601377,6.43,6.39,6.41,,27656.0
2018-05-16 11:00,,6.4,601377,6.42,6.37,6.4,,34856.0
2018-05-16 11:30,,6.39,601377,6.41,6.38,6.38,,23958.0
2018-05-16 13:30,,6.4,601377,6.41,6.39,6.39,,7581.0
2018-05-16 14:00,,6.4,601377,6.42,6.4,6.4,,11864.0
2018-05-16 14:30,,6.4,601377,6.41,6.38,6.4,,16488.0
2018-05-16 15:00,,6.35,601377,6.38,6.34,6.38,,76327.0
2018-05-17 10:00,,6.36,601377,6.38,6.35,6.37,,21868.0
2018-05-17 10:30,,6.36,601377,6.38,6.35,6.36,,13714.0
2018-05-17 11:00,,6.35,601377,6.38,6.34,6.36,,13689.0
2018-05-17 11:30,,6.35,601377,6.36,6.34,6.35,,9901.0
2018-05-17 13:30,,6.34,601377,6.35,6.33,6.34,,13646.0
2018-05-17 14:00,,6.32,601377,6.35,6.32,6.35,,20025.0
2018-05-17 14:30,,6.32,601377,6.34,6.31,6.32,,27161.0
2018-05-17 15:00,,6.33,601377,6.34,6.32,6.32,,14363.0
2018-05-18 10:00,,6.33,601377,6.35,6.32,6.33,,15000.0
2018-05-18 10:30,,6.35,601377,6.36,6.32,6.33,,12106.0
2018-05-18 11:00,,6.36,601377,6.36,6.34,6.35,,12054.0
2018-05-18 11:30,,6.34,601377,6.36,6.33,6.36,,5285.0
2018-05-18 13:30,,6.34,601377,6.35,6.33,6.34,,5868.0
2018-05-18 14:00,,6.35,601377,6.35,6.32,6.34,,14449.0
2018-05-18 14:30,,6.38,601377,6.38,6.34,6.35,,23302.0
2018-05-18 15:00,,6.38,601377,6.39,6.37,6.38,,23785.0
2018-05-21 10:00,,6.4,601377,6.43,6.39,6.41,,41091.0
2018-05-21 10:30,,6.42,601377,6.42,6.39,6.4,,23565.0
2018-05-21 11:00,,6.42,601377,6.43,6.41,6.41,,16762.0
2018-05-21 11:30,,6.44,601377,6.44,6.42,6.42,,23219.0
2018-05-21 13:30,,6.44,601377,6.45,6.43,6.44,,15601.0
2018-05-21 14:00,,6.45,601377,6.45,6.43,6.43,,18644.0
2018-05-21 14:30,,6.43,601377,6.46,6.42,6.44,,19669.0
2018-05-21 15:00,,6.44,601377,6.44,6.42,6.43,,11044.0
2018-05-22 10:00,,6.42,601377,6.45,6.41,6.45,,21963.0
2018-05-22 10:30,,6.4,601377,6.43,6.39,6.42,,23210.0
2018-05-22 11:00,,6.38,601377,6.41,6.38,6.4,,27109.0
2018-05-22 11:30,,6.4,601377,6.4,6.38,6.38,,9904.0
2018-05-22 13:30,,6.4,601377,6.4,6.38,6.39,,6669.0
2018-05-22 14:00,,6.39,601377,6.41,6.39,6.4,,9985.0
2018-05-22 14:30,,6.4,601377,6.42,6.39,6.39,,13811.0
2018-05-22 15:00,,6.41,601377,6.42,6.4,6.4,,16306.0
2018-05-23 10:00,,6.36,601377,6.43,6.36,6.42,,23471.0
2018-05-23 10:30,,6.37,601377,6.39,6.36,6.36,,13129.0
2018-05-23 11:00,,6.38,601377,6.4,6.37,6.37,,11862.0
2018-05-23 11:30,,6.38,601377,6.39,6.37,6.38,,5814.0
2018-05-23 13:30,,6.36,601377,6.39,6.36,6.38,,12855.0
2018-05-23 14:00,,6.36,601377,6.38,6.35,6.36,,12384.0
2018-05-23 14:30,,6.36,601377,6.37,6.35,6.36,,16969.0
2018-05-23 15:00,,6.34,601377,6.36,6.33,6.36,,27291.0
2018-05-24 10:00,,6.34,601377,6.36,6.33,6.34,,13267.0
2018-05-24 10:30,,6.34,601377,6.36,6.34,6.35,,9100.0
2018-05-24 11:00,,6.35,601377,6.36,6.34,6.34,,13608.0
2018-05-24 11:30,,6.35,601377,6.36,6.34,6.35,,9348.0
2018-05-24 13:30,,6.33,601377,6.36,6.33,6.35,,13008.0
2018-05-24 14:00,,6.34,601377,6.35,6.32,6.33,,13489.0
2018-05-24 14:30,,6.33,601377,6.34,6.32,6.33,,16533.0
2018-05-24 15:00,,6.31,601377,6.33,6.31,6.33,,19441.0
2018-05-25 10:00,,6.32,601377,6.33,6.31,6.31,,18796.0
2018-05-25 10:30,,6.32,601377,6.33,6.31,6.32,,11195.0
2018-05-25 11:00,,6.29,601377,6.32,6.28,6.31,,20943.0
2018-05-25 11:30,,6.31,601377,6.31,6.28,6.29,,7259.0
2018-05-25 13:30,,6.29,601377,6.31,6.29,6.31,,6352.0
2018-05-25 14:00,,6.28,601377,6.3,6.27,6.3,,15162.0
2018-05-25 14:30,,6.26,601377,6.29,6.25,6.28,,33290.0
2018-05-25 15:00,,6.26,601377,6.27,6.25,6.26,,26026.0
2018-05-28 10:00,,6.23,601377,6.26,6.21,6.26,,35960.0
2018-05-28 10:30,,6.26,601377,6.27,6.22,6.23,,19395.0
2018-05-28 11:00,,6.25,601377,6.27,6.24,6.26,,6838.0
2018-05-28 11:30,,6.27,601377,6.27,6.24,6.24,,8313.0
2018-05-28 13:30,,6.25,601377,6.27,6.24,6.27,,10198.0
2018-05-28 14:00,,6.22,601377,6.25,6.22,6.25,,11541.0
2018-05-28 14:30,,6.21,601377,6.24,6.21,6.22,,16309.0
2018-05-28 15:00,,6.22,601377,6.25,6.21,6.22,,25311.0
2018-05-29 10:00,,6.23,601377,6.24,6.2,6.22,,14190.0
2018-05-29 10:30,,6.21,601377,6.24,6.21,6.23,,8464.0
2018-05-29 11:00,,6.21,601377,6.23,6.21,6.21,,14832.0
2018-05-29 11:30,,6.16,601377,6.21,6.15,6.21,,31705.0
2018-05-29 13:30,,6.15,601377,6.17,6.14,6.16,,24628.0
2018-05-29 14:00,,6.15,601377,6.16,6.14,6.15,,15497.0
2018-05-29 14:30,,6.16,601377,6.17,6.14,6.15,,22073.0
2018-05-29 15:00,,6.15,601377,6.17,6.14,6.16,,20199.0
2018-05-30 10:00,,6.02,601377,6.1,5.98,6.1,,89676.0
2018-05-30 10:30,,5.98,601377,6.03,5.97,6.02,,34312.0
2018-05-30 11:00,,5.94,601377,6.0,5.92,5.98,,42751.0
2018-05-30 11:30,,5.96,601377,5.97,5.93,5.94,,20953.0
2018-05-30 13:30,,5.97,601377,5.97,5.95,5.95,,17212.0
2018-05-30 14:00,,5.96,601377,5.97,5.94,5.97,,20110.0
2018-05-30 14:30,,5.95,601377,5.97,5.94,5.96,,20114.0
2018-05-30 15:00,,5.91,601377,5.95,5.91,5.95,,45985.0
2018-05-31 10:00,,5.91,601377,5.96,5.91,5.93,,45309.0
2018-05-31 10:30,,5.87,601377,5.94,5.87,5.92,,41592.0
2018-05-31 11:00,,5.83,601377,5.87,5.81,5.87,,64165.0
2018-05-31 11:30,,5.86,601377,5.87,5.83,5.83,,32777.0
2018-05-31 13:30,,5.86,601377,5.88,5.84,5.86,,35424.0
2018-05-31 14:00,,5.87,601377,5.88,5.84,5.86,,38890.0
2018-05-31 14:30,,5.89,601377,5.9,5.85,5.87,,36748.0
2018-05-31 15:00,,5.91,601377,5.92,5.84,5.89,,68500.0
2018-06-01 10:00,,5.83,601377,5.87,5.82,5.86,,41214.0
2018-06-01 10:30,,5.85,601377,5.87,5.81,5.83,,43112.0
2018-06-01 11:00,,5.85,601377,5.88,5.85,5.85,,18927.0
2018-06-01 11:30,,5.85,601377,5.87,5.84,5.85,,13551.0
2018-06-01 13:30,,5.83,601377,5.85,5.82,5.85,,22581.0
2018-06-01 14:00,,5.93,601377,5.98,5.83,5.84,,132314.0
2018-06-01 14:30,,5.89,601377,5.93,5.86,5.93,,34608.0
2018-06-01 15:00,,5.9,601377,5.91,5.86,5.89,,28670.0
2018-06-04 10:00,,5.89,601377,5.92,5.84,5.9,,39941.0
2018-06-04 10:30,,5.86,601377,5.9,5.84,5.89,,29726.0
2018-06-04 11:00,,5.86,601377,5.88,5.85,5.86,,14260.0
2018-06-04 11:30,,5.84,601377,5.87,5.83,5.86,,13113.0
2018-06-04 13:30,,5.87,601377,5.87,5.83,5.84,,16696.0
2018-06-04 14:00,,5.85,601377,5.87,5.83,5.87,,18086.0
2018-06-04 14:30,,5.84,601377,5.86,5.83,5.85,,22330.0
2018-06-04 15:00,,5.82,601377,5.84,5.81,5.84,,35750.0
2018-06-05 10:00,,5.84,601377,5.85,5.82,5.82,,21472.0
2018-06-05 10:30,,5.81,601377,5.84,5.8,5.84,,23220.0
2018-06-05 11:00,,5.8,601377,5.81,5.78,5.81,,21915.0
2018-06-05 11:30,,5.82,601377,5.82,5.79,5.8,,13601.0
2018-06-05 13:30,,5.81,601377,5.83,5.8,5.82,,15039.0
2018-06-05 14:00,,5.83,601377,5.83,5.8,5.81,,16837.0
2018-06-05 14:30,,5.81,601377,5.83,5.8,5.83,,18424.0
2018-06-05 15:00,,5.84,601377,5.84,5.81,5.81,,37067.0
2018-06-06 10:00,,5.8,601377,5.83,5.8,5.83,,23872.0
2018-06-06 10:30,,5.81,601377,5.82,5.8,5.82,,21291.0
2018-06-06 11:00,,5.79,601377,5.82,5.79,5.81,,22201.0
2018-06-06 11:30,,5.79,601377,5.8,5.78,5.79,,13357.0
2018-06-06 13:30,,5.81,601377,5.85,5.78,5.79,,52431.0
2018-06-06 14:00,,5.81,601377,5.82,5.8,5.81,,19988.0
2018-06-06 14:30,,5.81,601377,5.82,5.78,5.81,,28401.0
2018-06-06 15:00,,5.8,601377,5.81,5.78,5.81,,31431.0
2018-06-07 10:00,,5.9,601377,5.91,5.86,5.88,,122812.0
2018-06-07 10:30,,6.14,601377,6.22,5.9,5.9,,364264.0
2018-06-07 11:00,,6.1,601377,6.15,6.09,6.15,,75479.0
2018-06-07 11:30,,6.09,601377,6.11,6.07,6.1,,31900.0
2018-06-07 13:30,,6.06,601377,6.09,6.05,6.09,,35583.0
2018-06-07 14:00,,6.08,601377,6.08,6.05,6.06,,36226.0
2018-06-07 14:30,,6.05,601377,6.09,6.04,6.08,,30113.0
2018-06-07 15:00,,6.05,601377,6.08,6.03,6.05,,59586.0
2018-06-08 10:00,,5.91,601377,6.0,5.91,5.99,,163066.0
2018-06-08 10:30,,5.89,601377,5.93,5.87,5.91,,89310.0
2018-06-08 11:00,,5.89,601377,5.9,5.86,5.89,,41235.0
2018-06-08 11:30,,5.88,601377,5.9,5.85,5.89,,36848.0
2018-06-08 13:30,,5.89,601377,5.9,5.86,5.88,,21749.0
2018-06-08 14:00,,5.87,601377,5.91,5.87,5.89,,28417.0
2018-06-08 14:30,,5.88,601377,5.88,5.85,5.87,,43010.0
2018-06-08 15:00,,5.89,601377,5.9,5.86,5.88,,43136.0
2018-06-11 10:00,,5.92,601377,5.95,5.84,5.85,,62566.0
2018-06-11 10:30,,5.92,601377,5.96,5.91,5.92,,52650.0
2018-06-11 11:00,,5.92,601377,5.93,5.9,5.91,,17375.0
2018-06-11 11:30,,5.87,601377,5.92,5.85,5.92,,25867.0
2018-06-11 13:30,,5.86,601377,5.89,5.86,5.87,,13923.0
2018-06-11 14:00,,5.85,601377,5.87,5.83,5.87,,26095.0
2018-06-11 14:30,,5.86,601377,5.87,5.83,5.85,,15101.0
2018-06-11 15:00,,5.88,601377,5.89,5.84,5.86,,25950.0
2018-06-12 10:00,,5.87,601377,5.88,5.84,5.86,,30729.0
2018-06-12 10:30,,5.85,601377,5.87,5.8,5.87,,33967.0
2018-06-12 11:00,,5.86,601377,5.88,5.85,5.85,,19992.0
2018-06-12 11:30,,5.9,601377,5.92,5.86,5.86,,16706.0
2018-06-12 13:30,,5.86,601377,5.91,5.86,5.9,,13789.0
2018-06-12 14:00,,5.87,601377,5.88,5.86,5.86,,15605.0
2018-06-12 14:30,,5.88,601377,5.89,5.87,5.88,,16195.0
2018-06-12 15:00,,5.87,601377,5.9,5.86,5.88,,41693.0
2018-06-13 10:00,,5.84,601377,5.87,5.83,5.85,,26979.0
2018-06-13 10:30,,5.84,601377,5.86,5.82,5.84,,17862.0
2018-06-13 11:00,,5.84,601377,5.86,5.84,5.84,,6929.0
2018-06-13 11:30,,5.82,601377,5.85,5.82,5.84,,21724.0
2018-06-13 13:30,,5.82,601377,5.84,5.8,5.82,,25628.0
2018-06-13 14:00,,5.82,601377,5.84,5.82,5.83,,12034.0
2018-06-13 14:30,,5.81,601377,5.83,5.81,5.82,,18916.0
2018-06-13 15:00,,5.79,601377,5.82,5.78,5.81,,48507.0
2018-06-14 10:00,,5.86,601377,5.88,5.78,5.79,,57252.0
2018-06-14 10:30,,5.84,601377,5.87,5.83,5.86,,21447.0
2018-06-14 11:00,,5.82,601377,5.84,5.81,5.84,,18606.0
2018-06-14 11:30,,5.82,601377,5.83,5.81,5.81,,8426.0
2018-06-14 13:30,,5.86,601377,5.89,5.81,5.82,,45684.0
2018-06-14 14:00,,5.85,601377,5.86,5.83,5.86,,16681.0
2018-06-14 14:30,,5.85,601377,5.85,5.82,5.85,,14991.0
2018-06-14 15:00,,5.84,601377,5.85,5.82,5.85,,26230.0
2018-06-15 10:00,,5.81,601377,5.86,5.81,5.85,,28595.0
2018-06-15 10:30,,5.81,601377,5.84,5.8,5.82,,33117.0
2018-06-15 11:00,,5.8,601377,5.82,5.78,5.81,,36432.0
2018-06-15 11:30,,5.77,601377,5.81,5.75,5.8,,28000.0
2018-06-15 13:30,,5.79,601377,5.82,5.76,5.77,,31162.0
2018-06-15 14:00,,5.79,601377,5.82,5.79,5.79,,10211.0
2018-06-15 14:30,,5.77,601377,5.8,5.77,5.79,,14722.0
2018-06-15 15:00,,5.77,601377,5.79,5.75,5.77,,47923.0
2018-06-19 10:00,,5.72,601377,5.74,5.66,5.73,,57153.0
2018-06-19 10:30,,5.67,601377,5.72,5.66,5.71,,32140.0
2018-06-19 11:00,,5.6,601377,5.67,5.6,5.67,,52235.0
2018-06-19 11:30,,5.51,601377,5.6,5.51,5.6,,50955.0
2018-06-19 13:30,,5.48,601377,5.54,5.48,5.52,,45510.0
2018-06-19 14:00,,5.44,601377,5.52,5.44,5.49,,42348.0
2018-06-19 14:30,,5.27,601377,5.44,5.27,5.44,,86129.0
2018-06-19 15:00,,5.33,601377,5.34,5.19,5.28,,101817.0
2018-06-20 10:00,,5.39,601377,5.4,5.3,5.32,,68911.0
2018-06-20 10:30,,5.36,601377,5.4,5.35,5.39,,33160.0
2018-06-20 11:00,,5.32,601377,5.37,5.31,5.36,,24561.0
2018-06-20 11:30,,5.37,601377,5.37,5.28,5.31,,32379.0
2018-06-20 13:30,,5.38,601377,5.39,5.35,5.37,,22161.0
2018-06-20 14:00,,5.36,601377,5.39,5.3,5.38,,34362.0
2018-06-20 14:30,,5.37,601377,5.38,5.34,5.36,,21121.0
2018-06-20 15:00,,5.33,601377,5.37,5.33,5.37,,29655.0
2018-06-21 10:00,,5.29,601377,5.35,5.26,5.35,,55679.0
2018-06-21 10:30,,5.34,601377,5.35,5.27,5.29,,34340.0
2018-06-21 11:00,,5.35,601377,5.37,5.33,5.34,,26949.0
2018-06-21 11:30,,5.3,601377,5.35,5.29,5.35,,15121.0
2018-06-21 13:30,,5.26,601377,5.31,5.25,5.3,,34675.0
2018-06-21 14:00,,5.25,601377,5.28,5.23,5.26,,28875.0
2018-06-21 14:30,,5.2,601377,5.25,5.19,5.25,,56612.0
2018-06-21 15:00,,5.19,601377,5.22,5.15,5.2,,57025.0
2018-06-22 10:00,,5.2,601377,5.22,5.1,5.17,,68799.0
2018-06-22 10:30,,5.19,601377,5.22,5.18,5.2,,33654.0
2018-06-22 11:00,,5.22,601377,5.22,5.17,5.19,,22026.0
2018-06-22 11:30,,5.2,601377,5.24,5.2,5.22,,31013.0
2018-06-22 13:30,,5.21,601377,5.23,5.2,5.2,,25617.0
2018-06-22 14:00,,5.19,601377,5.21,5.17,5.21,,17944.0
2018-06-22 14:30,,5.2,601377,5.2,5.17,5.19,,18343.0
2018-06-22 15:00,,5.24,601377,5.24,5.19,5.19,,42587.0
2018-06-25 10:00,,5.21,601377,5.28,5.21,5.26,,59238.0
2018-06-25 10:30,,5.23,601377,5.23,5.2,5.22,,14688.0
2018-06-25 11:00,,5.23,601377,5.23,5.2,5.23,,11974.0
2018-06-25 11:30,,5.23,601377,5.23,5.21,5.22,,8628.0
2018-06-25 13:30,,5.23,601377,5.24,5.19,5.23,,26132.0
2018-06-25 14:00,,5.19,601377,5.23,5.18,5.23,,15257.0
2018-06-25 14:30,,5.17,601377,5.21,5.17,5.19,,20550.0
2018-06-25 15:00,,5.13,601377,5.18,5.12,5.17,,47116.0
2018-06-26 10:00,,5.11,601377,5.14,5.06,5.09,,55055.0
2018-06-26 10:30,,5.15,601377,5.15,5.09,5.11,,34576.0
2018-06-26 11:00,,5.17,601377,5.17,5.12,5.15,,34248.0
2018-06-26 11:30,,5.15,601377,5.18,5.15,5.16,,19164.0
2018-06-26 13:30,,5.15,601377,5.18,5.15,5.15,,22224.0
2018-06-26 14:00,,5.14,601377,5.16,5.13,5.15,,10744.0
2018-06-26 14:30,,5.14,601377,5.15,5.13,5.15,,14393.0
2018-06-26 15:00,,5.19,601377,5.2,5.12,5.14,,47785.0
2018-06-27 10:00,,5.16,601377,5.19,5.15,5.16,,34575.0
2018-06-27 10:30,,5.18,601377,5.18,5.15,5.16,,36930.0
2018-06-27 11:00,,5.15,601377,5.18,5.15,5.18,,7791.0
2018-06-27 11:30,,5.15,601377,5.17,5.14,5.15,,11988.0
2018-06-27 13:30,,5.13,601377,5.16,5.12,5.15,,21139.0
2018-06-27 14:00,,5.11,601377,5.15,5.11,5.13,,17120.0
2018-06-27 14:30,,5.11,601377,5.14,5.11,5.11,,22608.0
2018-06-27 15:00,,5.15,601377,5.17,5.11,5.11,,35818.0
2018-06-28 10:00,,5.17,601377,5.17,5.13,5.13,,32978.0
2018-06-28 10:30,,5.17,601377,5.18,5.15,5.17,,19141.0
2018-06-28 11:00,,5.29,601377,5.32,5.16,5.17,,97889.0
2018-06-28 11:30,,5.28,601377,5.32,5.25,5.3,,59817.0
2018-06-28 13:30,,5.23,601377,5.29,5.23,5.28,,17970.0
2018-06-28 14:00,,5.22,601377,5.24,5.21,5.23,,18938.0
2018-06-28 14:30,,5.2,601377,5.23,5.2,5.22,,19899.0
2018-06-28 15:00,,5.19,601377,5.2,5.17,5.2,,42367.0
2018-06-29 10:00,,5.22,601377,5.22,5.18,5.19,,27168.0
2018-06-29 10:30,,5.26,601377,5.26,5.22,5.22,,27332.0
2018-06-29 11:00,,5.26,601377,5.27,5.24,5.25,,20293.0
2018-06-29 11:30,,5.27,601377,5.27,5.24,5.26,,16588.0
2018-06-29 13:30,,5.27,601377,5.28,5.26,5.27,,28086.0
2018-06-29 14:00,,5.29,601377,5.29,5.26,5.27,,34044.0
2018-06-29 14:30,,5.3,601377,5.31,5.26,5.29,,39598.0
2018-06-29 15:00,,5.27,601377,5.3,5.27,5.29,,39772.0
2018-07-02 10:00,,5.25,601377,5.28,5.25,5.27,,25654.0
2018-07-02 10:30,,5.23,601377,5.27,5.23,5.25,,23349.0
2018-07-02 11:00,,5.23,601377,5.25,5.22,5.24,,21230.0
2018-07-02 11:30,,5.22,601377,5.25,5.21,5.24,,11464.0
2018-07-02 13:30,,5.22,601377,5.24,5.21,5.22,,14816.0
2018-07-02 14:00,,5.22,601377,5.23,5.21,5.22,,30767.0
2018-07-02 14:30,,5.16,601377,5.23,5.16,5.22,,50695.0
2018-07-02 15:00,,5.16,601377,5.17,5.13,5.16,,39711.0
2018-07-03 10:00,,5.19,601377,5.22,5.15,5.15,,23849.0
2018-07-03 10:30,,5.21,601377,5.23,5.17,5.19,,38633.0
2018-07-03 11:00,,5.18,601377,5.22,5.17,5.21,,15569.0
2018-07-03 11:30,,5.15,601377,5.19,5.11,5.18,,29131.0
2018-07-03 13:30,,5.22,601377,5.22,5.15,5.15,,16190.0
2018-07-03 14:00,,5.23,601377,5.25,5.21,5.22,,36792.0
2018-07-03 14:30,,5.24,601377,5.25,5.21,5.23,,24630.0
2018-07-03 15:00,,5.25,601377,5.26,5.23,5.24,,24391.0
2018-07-04 10:00,,5.22,601377,5.26,5.21,5.23,,32490.0
2018-07-04 10:30,,5.22,601377,5.24,5.21,5.21,,15290.0
2018-07-04 11:00,,5.23,601377,5.24,5.21,5.22,,7168.0
2018-07-04 11:30,,5.22,601377,5.23,5.21,5.23,,14316.0
2018-07-04 13:30,,5.22,601377,5.23,5.21,5.22,,11484.0
2018-07-04 14:00,,5.2,601377,5.22,5.18,5.22,,21921.0
2018-07-04 14:30,,5.19,601377,5.2,5.17,5.2,,19227.0
2018-07-04 15:00,,5.18,601377,5.19,5.16,5.19,,17755.0
2018-07-05 10:00,,5.19,601377,5.24,5.18,5.2,,25614.0
2018-07-05 10:30,,5.17,601377,5.21,5.17,5.19,,15875.0
2018-07-05 11:00,,5.19,601377,5.2,5.17,5.17,,11057.0
2018-07-05 11:30,,5.17,601377,5.2,5.16,5.19,,8461.0
2018-07-05 13:30,,5.14,601377,5.17,5.14,5.17,,21784.0
2018-07-05 14:00,,5.13,601377,5.16,5.12,5.14,,26624.0
2018-07-05 14:30,,5.12,601377,5.15,5.11,5.13,,27134.0
2018-07-05 15:00,,5.11,601377,5.14,5.09,5.12,,42250.0
2018-07-06 10:00,,5.12,601377,5.15,5.09,5.12,,36571.0
2018-07-06 10:30,,5.1,601377,5.13,5.1,5.12,,14548.0
2018-07-06 11:00,,5.07,601377,5.1,5.06,5.1,,19431.0
2018-07-06 11:30,,5.12,601377,5.12,5.03,5.07,,25176.0
2018-07-06 13:30,,5.17,601377,5.19,5.09,5.12,,37107.0
2018-07-06 14:00,,5.22,601377,5.26,5.14,5.17,,50564.0
2018-07-06 14:30,,5.18,601377,5.23,5.17,5.21,,19236.0
2018-07-06 15:00,,5.13,601377,5.18,5.12,5.18,,41144.0
2018-07-09 10:00,,5.19,601377,5.21,5.12,5.16,,45245.0
2018-07-09 10:30,,5.19,601377,5.22,5.18,5.19,,22233.0
2018-07-09 11:00,,5.2,601377,5.21,5.18,5.19,,13187.0
2018-07-09 11:30,,5.19,601377,5.21,5.19,5.2,,8426.0
2018-07-09 13:30,,5.21,601377,5.22,5.19,5.2,,20953.0
2018-07-09 14:00,,5.2,601377,5.21,5.19,5.21,,10674.0
2018-07-09 14:30,,5.2,601377,5.22,5.2,5.2,,10668.0
2018-07-09 15:00,,5.2,601377,5.22,5.19,5.2,,53776.0
2018-07-10 10:00,,5.26,601377,5.3,5.23,5.27,,94745.0
2018-07-10 10:30,,5.24,601377,5.27,5.24,5.26,,22368.0
2018-07-10 11:00,,5.23,601377,5.25,5.22,5.24,,16910.0
2018-07-10 11:30,,5.24,601377,5.24,5.22,5.23,,8363.0
2018-07-10 13:30,,5.22,601377,5.24,5.22,5.24,,10318.0
2018-07-10 14:00,,5.21,601377,5.25,5.21,5.22,,24276.0
2018-07-10 14:30,,5.23,601377,5.23,5.2,5.21,,12471.0
2018-07-10 15:00,,5.23,601377,5.24,5.22,5.23,,18985.0
2018-07-11 10:00,,5.15,601377,5.16,5.12,5.16,,59563.0
2018-07-11 10:30,,5.15,601377,5.16,5.14,5.14,,19938.0
2018-07-11 11:00,,5.14,601377,5.17,5.13,5.15,,15604.0
2018-07-11 11:30,,5.12,601377,5.14,5.11,5.14,,19833.0
2018-07-11 13:30,,5.12,601377,5.14,5.11,5.12,,15012.0
2018-07-11 14:00,,5.1,601377,5.13,5.09,5.12,,34842.0
2018-07-11 14:30,,5.12,601377,5.13,5.08,5.1,,20488.0
2018-07-11 15:00,,5.13,601377,5.13,5.11,5.12,,16024.0
2018-07-12 10:00,,5.21,601377,5.21,5.12,5.13,,40066.0
2018-07-12 10:30,,5.21,601377,5.22,5.19,5.21,,25233.0
2018-07-12 11:00,,5.23,601377,5.24,5.2,5.21,,27652.0
2018-07-12 11:30,,5.25,601377,5.26,5.21,5.23,,41391.0
2018-07-12 13:30,,5.29,601377,5.31,5.25,5.25,,91659.0
2018-07-12 14:00,,5.27,601377,5.29,5.25,5.28,,33257.0
2018-07-12 14:30,,5.27,601377,5.28,5.26,5.28,,17818.0
2018-07-12 15:00,,5.28,601377,5.3,5.27,5.27,,45598.0
2018-07-13 10:00,,5.26,601377,5.28,5.24,5.26,,32841.0
2018-07-13 10:30,,5.25,601377,5.27,5.24,5.27,,16090.0
2018-07-13 11:00,,5.26,601377,5.27,5.24,5.25,,16210.0
2018-07-13 11:30,,5.26,601377,5.27,5.25,5.26,,9490.0
2018-07-13 13:30,,5.26,601377,5.26,5.24,5.26,,19604.0
2018-07-13 14:00,,5.25,601377,5.26,5.25,5.26,,8173.0
2018-07-13 14:30,,5.27,601377,5.28,5.25,5.25,,19304.0
2018-07-13 15:00,,5.27,601377,5.28,5.26,5.27,,22994.0
2018-07-16 10:00,,5.23,601377,5.28,5.22,5.27,,37974.0
2018-07-16 10:30,,5.24,601377,5.25,5.22,5.23,,11202.0
2018-07-16 11:00,,5.23,601377,5.24,5.22,5.24,,15715.0
2018-07-16 11:30,,5.25,601377,5.25,5.22,5.23,,7471.0
2018-07-16 13:30,,5.22,601377,5.25,5.22,5.25,,8645.0
2018-07-16 14:00,,5.22,601377,5.24,5.22,5.22,,8857.0
2018-07-16 14:30,,5.23,601377,5.24,5.22,5.24,,15475.0
2018-07-16 15:00,,5.23,601377,5.23,5.21,5.22,,21495.0
2018-07-17 10:00,,5.2,601377,5.23,5.18,5.22,,22793.0
2018-07-17 10:30,,5.18,601377,5.2,5.18,5.2,,13086.0
2018-07-17 11:00,,5.17,601377,5.19,5.16,5.18,,35250.0
2018-07-17 11:30,,5.16,601377,5.18,5.15,5.17,,19736.0
2018-07-17 13:30,,5.16,601377,5.18,5.14,5.16,,23121.0
2018-07-17 14:00,,5.15,601377,5.16,5.15,5.16,,9977.0
2018-07-17 14:30,,5.17,601377,5.17,5.14,5.15,,22182.0
2018-07-17 15:00,,5.18,601377,5.19,5.16,5.17,,18573.0
2018-07-18 10:00,,5.18,601377,5.21,5.18,5.18,,31202.0
2018-07-18 10:30,,5.2,601377,5.2,5.17,5.18,,18502.0
2018-07-18 11:00,,5.19,601377,5.2,5.18,5.2,,19291.0
2018-07-18 11:30,,5.19,601377,5.2,5.18,5.19,,11839.0
2018-07-18 13:30,,5.19,601377,5.2,5.19,5.2,,13111.0
2018-07-18 14:00,,5.18,601377,5.2,5.17,5.19,,16635.0
2018-07-18 14:30,,5.18,601377,5.18,5.16,5.18,,16476.0
2018-07-18 15:00,,5.16,601377,5.18,5.15,5.18,,18403.0
2018-07-19 10:00,,5.18,601377,5.2,5.15,5.17,,28106.0
2018-07-19 10:30,,5.16,601377,5.19,5.15,5.18,,16994.0
2018-07-19 11:00,,5.17,601377,5.17,5.15,5.16,,5246.0
2018-07-19 11:30,,5.13,601377,5.17,5.13,5.16,,12361.0
2018-07-19 13:30,,5.13,601377,5.16,5.12,5.14,,26043.0
2018-07-19 14:00,,5.14,601377,5.15,5.12,5.13,,12772.0
2018-07-19 14:30,,5.14,601377,5.15,5.12,5.14,,18203.0
2018-07-19 15:00,,5.14,601377,5.15,5.13,5.14,,27238.0
2018-07-20 10:00,,5.12,601377,5.14,5.1,5.14,,25519.0
2018-07-20 10:30,,5.15,601377,5.16,5.11,5.12,,15977.0
2018-07-20 11:00,,5.16,601377,5.17,5.14,5.15,,13091.0
2018-07-20 11:30,,5.14,601377,5.16,5.13,5.16,,5929.0
2018-07-20 13:30,,5.19,601377,5.19,5.13,5.14,,34568.0
2018-07-20 14:00,,5.27,601377,5.29,5.19,5.19,,103612.0
2018-07-20 14:30,,5.28,601377,5.29,5.25,5.28,,62090.0
2018-07-20 15:00,,5.27,601377,5.29,5.25,5.28,,53137.0
2018-07-23 10:00,,5.25,601377,5.25,5.2,5.23,,54339.0
2018-07-23 10:30,,5.24,601377,5.26,5.23,5.25,,27763.0
2018-07-23 11:00,,5.25,601377,5.27,5.24,5.24,,24450.0
2018-07-23 11:30,,5.28,601377,5.28,5.23,5.24,,27781.0
2018-07-23 13:30,,5.31,601377,5.33,5.28,5.28,,80425.0
2018-07-23 14:00,,5.31,601377,5.33,5.3,5.31,,25058.0
2018-07-23 14:30,,5.32,601377,5.33,5.3,5.31,,26297.0
2018-07-23 15:00,,5.33,601377,5.33,5.3,5.32,,52970.0
2018-07-24 10:00,,5.17,601377,5.2,5.05,5.06,,504169.0
2018-07-24 10:30,,5.35,601377,5.4,5.14,5.17,,303603.0
2018-07-24 11:00,,5.26,601377,5.36,5.24,5.35,,130505.0
2018-07-24 11:30,,5.24,601377,5.27,5.21,5.26,,88321.0
2018-07-24 13:30,,5.22,601377,5.24,5.21,5.24,,160931.0
2018-07-24 14:00,,5.28,601377,5.32,5.21,5.21,,142125.0
2018-07-24 14:30,,5.27,601377,5.3,5.26,5.28,,77435.0
2018-07-24 15:00,,5.28,601377,5.32,5.26,5.27,,192179.0
2018-07-25 10:00,,5.12,601377,5.18,5.08,5.14,,451990.0
2018-07-25 10:30,,5.11,601377,5.14,5.1,5.14,,135506.0
2018-07-25 11:00,,5.14,601377,5.15,5.11,5.11,,76441.0
2018-07-25 11:30,,5.14,601377,5.16,5.14,5.14,,52427.0
2018-07-25 13:30,,5.13,601377,5.15,5.13,5.14,,57287.0
2018-07-25 14:00,,5.12,601377,5.15,5.12,5.13,,56583.0
2018-07-25 14:30,,5.15,601377,5.15,5.12,5.12,,83273.0
2018-07-25 15:00,,5.13,601377,5.15,5.12,5.14,,89529.0
2018-07-26 10:00,,5.09,601377,5.14,5.08,5.12,,142473.0
2018-07-26 10:30,,5.12,601377,5.13,5.08,5.09,,78102.0
2018-07-26 11:00,,5.11,601377,5.12,5.09,5.11,,46787.0
2018-07-26 11:30,,5.1,601377,5.12,5.1,5.11,,27222.0
2018-07-26 13:30,,5.1,601377,5.1,5.07,5.1,,57242.0
2018-07-26 14:00,,5.1,601377,5.11,5.09,5.1,,35232.0
2018-07-26 14:30,,5.09,601377,5.1,5.08,5.1,,38351.0
2018-07-26 15:00,,5.1,601377,5.1,5.08,5.1,,52497.0
2018-07-27 10:00,,5.07,601377,5.09,5.06,5.08,,67452.0
2018-07-27 10:30,,5.08,601377,5.09,5.06,5.06,,43738.0
2018-07-27 11:00,,5.09,601377,5.09,5.07,5.08,,15484.0
2018-07-27 11:30,,5.08,601377,5.1,5.08,5.08,,24140.0
2018-07-27 13:30,,5.07,601377,5.09,5.06,5.08,,21887.0
2018-07-27 14:00,,5.07,601377,5.08,5.06,5.07,,20305.0
2018-07-27 14:30,,5.06,601377,5.08,5.06,5.07,,31039.0
2018-07-27 15:00,,5.06,601377,5.07,5.05,5.06,,63301.0
2018-07-30 10:00,,4.87,601377,4.99,4.8,4.98,,300069.0
2018-07-30 10:30,,4.82,601377,4.89,4.81,4.87,,141885.0
2018-07-30 11:00,,4.77,601377,4.82,4.76,4.82,,122935.0
2018-07-30 11:30,,4.78,601377,4.8,4.76,4.77,,55052.0
2018-07-30 13:30,,4.85,601377,4.86,4.78,4.78,,90903.0
2018-07-30 14:00,,4.85,601377,4.87,4.84,4.86,,28051.0
2018-07-30 14:30,,4.85,601377,4.86,4.83,4.85,,30576.0
2018-07-30 15:00,,4.85,601377,4.86,4.83,4.85,,56987.0
2018-07-31 10:00,,4.82,601377,4.84,4.8,4.83,,66164.0
2018-07-31 10:30,,4.82,601377,4.83,4.81,4.82,,31356.0
2018-07-31 11:00,,4.84,601377,4.85,4.82,4.82,,31151.0
2018-07-31 11:30,,4.85,601377,4.86,4.83,4.84,,25117.0
2018-07-31 13:30,,4.83,601377,4.85,4.83,4.85,,18483.0
2018-07-31 14:00,,4.84,601377,4.87,4.83,4.83,,37867.0
2018-07-31 14:30,,4.85,601377,4.87,4.84,4.84,,30612.0
2018-07-31 15:00,,4.85,601377,4.86,4.83,4.85,,40101.0
2018-08-01 10:00,,4.87,601377,4.87,4.84,4.85,,49875.0
2018-08-01 10:30,,4.87,601377,4.88,4.86,4.86,,28401.0
2018-08-01 11:00,,4.85,601377,4.87,4.84,4.87,,28445.0
2018-08-01 11:30,,4.83,601377,4.85,4.83,4.84,,18329.0
2018-08-01 13:30,,4.84,601377,4.85,4.83,4.83,,15486.0
2018-08-01 14:00,,4.83,601377,4.84,4.82,4.84,,26262.0
2018-08-01 14:30,,4.8,601377,4.83,4.79,4.83,,44344.0
2018-08-01 15:00,,4.78,601377,4.81,4.77,4.81,,41776.0
2018-08-02 10:00,,4.72,601377,4.79,4.72,4.78,,64517.0
2018-08-02 10:30,,4.7,601377,4.72,4.69,4.72,,49219.0
2018-08-02 11:00,,4.7,601377,4.71,4.68,4.7,,36266.0
2018-08-02 11:30,,4.66,601377,4.7,4.65,4.7,,24084.0
2018-08-02 13:30,,4.6,601377,4.67,4.57,4.66,,59532.0
2018-08-02 14:00,,4.6,601377,4.61,4.58,4.6,,54923.0
2018-08-02 14:30,,4.62,601377,4.62,4.58,4.6,,54772.0
2018-08-02 15:00,,4.65,601377,4.67,4.61,4.62,,53561.0
2018-08-03 10:00,,4.66,601377,4.68,4.61,4.63,,40001.0
2018-08-03 10:30,,4.66,601377,4.67,4.64,4.66,,14521.0
2018-08-03 11:00,,4.66,601377,4.66,4.63,4.66,,15108.0
2018-08-03 11:30,,4.67,601377,4.68,4.64,4.66,,20836.0
2018-08-03 13:30,,4.64,601377,4.66,4.63,4.66,,12977.0
2018-08-03 14:00,,4.63,601377,4.65,4.62,4.64,,16250.0
2018-08-03 14:30,,4.63,601377,4.64,4.62,4.63,,19243.0
2018-08-03 15:00,,4.58,601377,4.64,4.58,4.63,,45554.0
2018-08-06 10:00,,4.63,601377,4.63,4.57,4.58,,36049.0
2018-08-06 10:30,,4.63,601377,4.64,4.6,4.63,,26359.0
2018-08-06 11:00,,4.6,601377,4.63,4.58,4.63,,15848.0
2018-08-06 11:30,,4.56,601377,4.61,4.56,4.6,,23211.0
2018-08-06 13:30,,4.56,601377,4.57,4.53,4.56,,32179.0
2018-08-06 14:00,,4.56,601377,4.56,4.54,4.56,,14500.0
2018-08-06 14:30,,4.53,601377,4.56,4.52,4.56,,22681.0
2018-08-06 15:00,,4.52,601377,4.55,4.5,4.53,,49363.0
2018-08-07 10:00,,4.52,601377,4.55,4.5,4.52,,62836.0
2018-08-07 10:30,,4.54,601377,4.54,4.5,4.52,,31329.0
2018-08-07 11:00,,4.56,601377,4.58,4.52,4.54,,31087.0
2018-08-07 11:30,,4.56,601377,4.57,4.55,4.56,,23483.0
2018-08-07 13:30,,4.55,601377,4.57,4.55,4.56,,15638.0
2018-08-07 14:00,,4.57,601377,4.58,4.55,4.55,,16290.0
2018-08-07 14:30,,4.6,601377,4.6,4.56,4.57,,36018.0
2018-08-07 15:00,,4.62,601377,4.63,4.59,4.6,,44996.0
2018-08-08 10:00,,4.59,601377,4.61,4.58,4.6,,52530.0
2018-08-08 10:30,,4.59,601377,4.6,4.58,4.59,,20708.0
2018-08-08 11:00,,4.6,601377,4.61,4.58,4.59,,11207.0
2018-08-08 11:30,,4.6,601377,4.6,4.58,4.6,,4589.0
2018-08-08 13:30,,4.59,601377,4.61,4.58,4.59,,14043.0
2018-08-08 14:00,,4.58,601377,4.59,4.57,4.59,,9210.0
2018-08-08 14:30,,4.57,601377,4.58,4.55,4.57,,24799.0
2018-08-08 15:00,,4.55,601377,4.58,4.54,4.57,,25171.0
2018-08-09 10:00,,4.58,601377,4.59,4.51,4.54,,30969.0
2018-08-09 10:30,,4.6,601377,4.62,4.57,4.58,,32989.0
2018-08-09 11:00,,4.64,601377,4.65,4.6,4.6,,47143.0
2018-08-09 11:30,,4.63,601377,4.65,4.62,4.64,,23047.0
2018-08-09 13:30,,4.63,601377,4.66,4.63,4.63,,44474.0
2018-08-09 14:00,,4.65,601377,4.66,4.63,4.63,,31638.0
2018-08-09 14:30,,4.64,601377,4.66,4.64,4.65,,17809.0
2018-08-09 15:00,,4.64,601377,4.66,4.63,4.64,,26536.0
2018-08-10 10:00,,4.66,601377,4.66,4.62,4.64,,27810.0
2018-08-10 10:30,,4.62,601377,4.66,4.62,4.66,,28316.0
2018-08-10 11:00,,4.62,601377,4.64,4.61,4.62,,15615.0
2018-08-10 11:30,,4.62,601377,4.63,4.61,4.62,,11922.0
2018-08-10 13:30,,4.61,601377,4.63,4.61,4.62,,6565.0
2018-08-10 14:00,,4.62,601377,4.63,4.61,4.62,,8443.0
2018-08-10 14:30,,4.63,601377,4.64,4.62,4.62,,6471.0
2018-08-10 15:00,,4.64,601377,4.65,4.63,4.63,,18258.0
2018-08-13 10:00,,4.55,601377,4.59,4.54,4.59,,59648.0
2018-08-13 10:30,,4.56,601377,4.57,4.54,4.55,,12114.0
2018-08-13 11:00,,4.55,601377,4.57,4.55,4.56,,12783.0
2018-08-13 11:30,,4.56,601377,4.57,4.55,4.56,,9730.0
2018-08-13 13:30,,4.58,601377,4.58,4.55,4.56,,18716.0
2018-08-13 14:00,,4.59,601377,4.59,4.56,4.58,,13658.0
2018-08-13 14:30,,4.6,601377,4.6,4.58,4.59,,23042.0
2018-08-13 15:00,,4.59,601377,4.61,4.58,4.6,,23792.0
2018-08-14 10:00,,4.61,601377,4.61,4.57,4.58,,23598.0
2018-08-14 10:30,,4.62,601377,4.63,4.6,4.61,,19615.0
2018-08-14 11:00,,4.61,601377,4.63,4.61,4.62,,23677.0
2018-08-14 11:30,,4.61,601377,4.62,4.6,4.61,,10362.0
2018-08-14 13:30,,4.61,601377,4.62,4.6,4.61,,6385.0
2018-08-14 14:00,,4.62,601377,4.62,4.59,4.61,,29721.0
2018-08-14 14:30,,4.61,601377,4.62,4.59,4.62,,20719.0
2018-08-14 15:00,,4.62,601377,4.63,4.6,4.61,,19847.0
2018-08-15 10:00,,4.63,601377,4.65,4.62,4.63,,38290.0
2018-08-15 10:30,,4.63,601377,4.64,4.62,4.63,,20263.0
2018-08-15 11:00,,4.62,601377,4.63,4.61,4.63,,12512.0
2018-08-15 11:30,,4.6,601377,4.63,4.6,4.62,,18183.0
2018-08-15 13:30,,4.61,601377,4.61,4.59,4.6,,10381.0
2018-08-15 14:00,,4.59,601377,4.61,4.58,4.6,,26949.0
2018-08-15 14:30,,4.59,601377,4.61,4.58,4.59,,12045.0
2018-08-15 15:00,,4.58,601377,4.6,4.57,4.59,,22540.0
2018-08-16 10:00,,4.59,601377,4.59,4.53,4.55,,46782.0
2018-08-16 10:30,,4.58,601377,4.6,4.57,4.59,,22180.0
2018-08-16 11:00,,4.59,601377,4.61,4.58,4.58,,15152.0
2018-08-16 11:30,,4.58,601377,4.59,4.57,4.59,,12859.0
2018-08-16 13:30,,4.64,601377,4.66,4.57,4.58,,64867.0
2018-08-16 14:00,,4.65,601377,4.67,4.63,4.64,,34053.0
2018-08-16 14:30,,4.61,601377,4.65,4.61,4.65,,17123.0
2018-08-16 15:00,,4.61,601377,4.62,4.6,4.61,,22342.0
2018-08-17 10:00,,4.62,601377,4.65,4.62,4.62,,46028.0
2018-08-17 10:30,,4.64,601377,4.65,4.62,4.62,,19059.0
2018-08-17 11:00,,4.62,601377,4.64,4.61,4.64,,14487.0
2018-08-17 11:30,,4.61,601377,4.64,4.61,4.62,,17852.0
2018-08-17 13:30,,4.6,601377,4.62,4.6,4.61,,15720.0
2018-08-17 14:00,,4.62,601377,4.63,4.59,4.6,,10814.0
2018-08-17 14:30,,4.6,601377,4.63,4.6,4.62,,30170.0
2018-08-17 15:00,,4.59,601377,4.61,4.58,4.6,,24928.0
2018-08-20 10:00,,4.59,601377,4.64,4.57,4.57,,38805.0
2018-08-20 10:30,,4.62,601377,4.63,4.59,4.59,,13958.0
2018-08-20 11:00,,4.59,601377,4.63,4.59,4.62,,15924.0
2018-08-20 11:30,,4.6,601377,4.61,4.58,4.59,,12909.0
2018-08-20 13:30,,4.59,601377,4.61,4.58,4.6,,8153.0
2018-08-20 14:00,,4.6,601377,4.6,4.58,4.59,,11150.0
2018-08-20 14:30,,4.62,601377,4.62,4.59,4.6,,22537.0
2018-08-20 15:00,,4.63,601377,4.64,4.61,4.62,,28124.0
2018-08-21 10:00,,4.62,601377,4.64,4.61,4.63,,28075.0
2018-08-21 10:30,,4.63,601377,4.63,4.62,4.62,,24349.0
2018-08-21 11:00,,4.65,601377,4.65,4.62,4.63,,22531.0
2018-08-21 11:30,,4.68,601377,4.69,4.65,4.65,,47831.0
2018-08-21 13:30,,4.67,601377,4.69,4.66,4.68,,29720.0
2018-08-21 14:00,,4.66,601377,4.67,4.65,4.67,,15130.0
2018-08-21 14:30,,4.65,601377,4.67,4.65,4.66,,11979.0
2018-08-21 15:00,,4.66,601377,4.67,4.65,4.65,,29130.0
2018-08-22 10:00,,4.52,601377,4.53,4.5,4.53,,48778.0
2018-08-22 10:30,,4.53,601377,4.53,4.51,4.52,,13191.0
2018-08-22 11:00,,4.51,601377,4.53,4.51,4.53,,9839.0
2018-08-22 11:30,,4.53,601377,4.53,4.51,4.51,,10684.0
2018-08-22 13:30,,4.52,601377,4.53,4.51,4.53,,7290.0
2018-08-22 14:00,,4.5,601377,4.52,4.5,4.52,,14534.0
2018-08-22 14:30,,4.49,601377,4.51,4.49,4.5,,27965.0
2018-08-22 15:00,,4.49,601377,4.51,4.49,4.49,,15971.0
2018-08-23 10:00,,4.5,601377,4.51,4.48,4.5,,30077.0
2018-08-23 10:30,,4.5,601377,4.51,4.49,4.5,,8886.0
2018-08-23 11:00,,4.49,601377,4.51,4.49,4.5,,11060.0
2018-08-23 11:30,,4.49,601377,4.51,4.48,4.49,,7830.0
2018-08-23 13:30,,4.5,601377,4.5,4.48,4.49,,15488.0
2018-08-23 14:00,,4.53,601377,4.54,4.5,4.5,,43396.0
2018-08-23 14:30,,4.54,601377,4.55,4.51,4.53,,36358.0
2018-08-23 15:00,,4.52,601377,4.54,4.52,4.54,,9656.0
2018-08-24 10:00,,4.52,601377,4.52,4.5,4.51,,19925.0
2018-08-24 10:30,,4.52,601377,4.53,4.51,4.52,,12523.0
2018-08-24 11:00,,4.54,601377,4.54,4.51,4.51,,14005.0
2018-08-24 11:30,,4.53,601377,4.54,4.52,4.54,,6065.0
2018-08-24 13:30,,4.53,601377,4.54,4.52,4.53,,9219.0
2018-08-24 14:00,,4.56,601377,4.57,4.53,4.53,,36086.0
2018-08-24 14:30,,4.55,601377,4.56,4.54,4.56,,13519.0
2018-08-24 15:00,,4.53,601377,4.55,4.53,4.55,,22581.0
2018-08-27 10:00,,4.56,601377,4.56,4.53,4.54,,20783.0
2018-08-27 10:30,,4.54,601377,4.56,4.54,4.56,,11511.0
2018-08-27 11:00,,4.56,601377,4.56,4.54,4.54,,15239.0
2018-08-27 11:30,,4.59,601377,4.59,4.56,4.56,,29454.0
2018-08-27 13:30,,4.59,601377,4.6,4.58,4.59,,30191.0
2018-08-27 14:00,,4.59,601377,4.6,4.58,4.59,,10815.0
2018-08-27 14:30,,4.58,601377,4.6,4.58,4.59,,14453.0
2018-08-27 15:00,,4.59,601377,4.6,4.57,4.58,,21529.0
2018-08-28 10:00,,4.58,601377,4.61,4.58,4.61,,36692.0
2018-08-28 10:30,,4.58,601377,4.59,4.57,4.58,,16229.0
2018-08-28 11:00,,4.57,601377,4.59,4.57,4.58,,10774.0
2018-08-28 11:30,,4.57,601377,4.58,4.57,4.57,,11252.0
2018-08-28 13:30,,4.58,601377,4.58,4.56,4.57,,8448.0
2018-08-28 14:00,,4.59,601377,4.59,4.57,4.58,,9936.0
2018-08-28 14:30,,4.57,601377,4.59,4.56,4.59,,16130.0
2018-08-28 15:00,,4.57,601377,4.58,4.56,4.57,,19644.0
2018-08-29 10:00,,4.56,601377,4.58,4.55,4.58,,14425.0
2018-08-29 10:30,,4.57,601377,4.57,4.55,4.56,,15959.0
2018-08-29 11:00,,4.57,601377,4.57,4.55,4.57,,9198.0
2018-08-29 11:30,,4.56,601377,4.57,4.55,4.57,,9725.0
2018-08-29 13:30,,4.57,601377,4.57,4.55,4.56,,9056.0
2018-08-29 14:00,,4.55,601377,4.58,4.55,4.57,,14358.0
2018-08-29 14:30,,4.56,601377,4.56,4.55,4.55,,10661.0
2018-08-29 15:00,,4.56,601377,4.56,4.54,4.56,,19920.0
2018-08-30 10:00,,4.6,601377,4.61,4.55,4.56,,49560.0
2018-08-30 10:30,,4.57,601377,4.61,4.57,4.59,,30747.0
2018-08-30 11:00,,4.56,601377,4.58,4.56,4.57,,15252.0
2018-08-30 11:30,,4.56,601377,4.58,4.56,4.56,,15335.0
2018-08-30 13:30,,4.55,601377,4.57,4.54,4.56,,23446.0
2018-08-30 14:00,,4.54,601377,4.57,4.54,4.55,,11340.0
2018-08-30 14:30,,4.55,601377,4.56,4.54,4.54,,11733.0
2018-08-30 15:00,,4.53,601377,4.56,4.52,4.55,,24870.0
2018-08-31 10:00,,4.51,601377,4.53,4.5,4.52,,34314.0
2018-08-31 10:30,,4.52,601377,4.52,4.49,4.51,,24609.0
2018-08-31 11:00,,4.54,601377,4.54,4.5,4.52,,15091.0
2018-08-31 11:30,,4.52,601377,4.55,4.52,4.54,,12458.0
2018-08-31 13:30,,4.52,601377,4.54,4.51,4.52,,10331.0
2018-08-31 14:00,,4.51,601377,4.54,4.51,4.53,,10059.0
2018-08-31 14:30,,4.52,601377,4.53,4.51,4.51,,17929.0
2018-08-31 15:00,,4.53,601377,4.53,4.49,4.52,,40633.0
2018-09-03 10:00,,4.5,601377,4.52,4.49,4.52,,21093.0
2018-09-03 10:30,,4.46,601377,4.5,4.46,4.5,,26238.0
2018-09-03 11:00,,4.44,601377,4.47,4.44,4.46,,24101.0
2018-09-03 11:30,,4.43,601377,4.46,4.41,4.44,,17457.0
2018-09-03 13:30,,4.44,601377,4.45,4.43,4.43,,12016.0
2018-09-03 14:00,,4.44,601377,4.45,4.43,4.44,,10225.0
2018-09-03 14:30,,4.47,601377,4.47,4.43,4.44,,14685.0
2018-09-03 15:00,,4.46,601377,4.47,4.44,4.47,,13665.0
2018-09-04 10:00,,4.46,601377,4.48,4.44,4.45,,19896.0
2018-09-04 10:30,,4.47,601377,4.47,4.45,4.46,,13054.0
2018-09-04 11:00,,4.46,601377,4.47,4.45,4.47,,11665.0
2018-09-04 11:30,,4.46,601377,4.46,4.45,4.46,,7438.0
2018-09-04 13:30,,4.49,601377,4.49,4.45,4.46,,24873.0
2018-09-04 14:00,,4.49,601377,4.5,4.46,4.49,,31713.0
2018-09-04 14:30,,4.49,601377,4.5,4.48,4.49,,27499.0
2018-09-04 15:00,,4.48,601377,4.49,4.47,4.49,,21704.0
2018-09-05 10:00,,4.48,601377,4.48,4.46,4.47,,26261.0
2018-09-05 10:30,,4.48,601377,4.49,4.47,4.48,,21268.0
2018-09-05 11:00,,4.49,601377,4.5,4.48,4.48,,15175.0
2018-09-05 11:30,,4.48,601377,4.5,4.48,4.49,,13012.0
2018-09-05 13:30,,4.48,601377,4.5,4.48,4.48,,11246.0
2018-09-05 14:00,,4.47,601377,4.49,4.47,4.48,,11568.0
2018-09-05 14:30,,4.46,601377,4.48,4.46,4.47,,11324.0
2018-09-05 15:00,,4.44,601377,4.47,4.44,4.46,,21746.0
2018-09-06 10:00,,4.48,601377,4.49,4.43,4.44,,29434.0
2018-09-06 10:30,,4.48,601377,4.49,4.46,4.49,,18744.0
2018-09-06 11:00,,4.47,601377,4.48,4.46,4.48,,6703.0
2018-09-06 11:30,,4.47,601377,4.48,4.46,4.47,,7371.0
2018-09-06 13:30,,4.47,601377,4.47,4.45,4.46,,7647.0
2018-09-06 14:00,,4.45,601377,4.47,4.44,4.47,,13362.0
2018-09-06 14:30,,4.46,601377,4.46,4.42,4.45,,20769.0
2018-09-06 15:00,,4.43,601377,4.46,4.43,4.46,,11783.0
2018-09-07 10:00,,4.48,601377,4.48,4.44,4.44,,32560.0
2018-09-07 10:30,,4.45,601377,4.49,4.45,4.48,,20406.0
2018-09-07 11:00,,4.45,601377,4.46,4.44,4.45,,15604.0
2018-09-07 11:30,,4.42,601377,4.45,4.41,4.45,,19542.0
2018-09-07 13:30,,4.42,601377,4.44,4.41,4.42,,19961.0
2018-09-07 14:00,,4.41,601377,4.43,4.4,4.42,,18565.0
2018-09-07 14:30,,4.41,601377,4.43,4.39,4.41,,24178.0
2018-09-07 15:00,,4.42,601377,4.43,4.41,4.41,,9065.0
2018-09-10 10:00,,4.42,601377,4.43,4.36,4.43,,39901.0
2018-09-10 10:30,,4.38,601377,4.42,4.38,4.42,,18674.0
2018-09-10 11:00,,4.38,601377,4.41,4.38,4.38,,11965.0
2018-09-10 11:30,,4.38,601377,4.41,4.38,4.38,,5362.0
2018-09-10 13:30,,4.39,601377,4.39,4.38,4.38,,8285.0
2018-09-10 14:00,,4.37,601377,4.39,4.35,4.39,,22614.0
2018-09-10 14:30,,4.34,601377,4.37,4.33,4.37,,26806.0
2018-09-10 15:00,,4.31,601377,4.35,4.3,4.34,,40439.0
2018-09-11 10:00,,4.32,601377,4.34,4.31,4.32,,27336.0
2018-09-11 10:30,,4.33,601377,4.33,4.31,4.32,,13554.0
2018-09-11 11:00,,4.31,601377,4.33,4.31,4.33,,11127.0
2018-09-11 11:30,,4.34,601377,4.34,4.31,4.31,,20541.0
2018-09-11 13:30,,4.34,601377,4.34,4.33,4.34,,8875.0
2018-09-11 14:00,,4.33,601377,4.34,4.32,4.34,,14093.0
2018-09-11 14:30,,4.31,601377,4.33,4.31,4.33,,15620.0
2018-09-11 15:00,,4.33,601377,4.33,4.31,4.31,,15292.0
2018-09-12 10:00,,4.32,601377,4.33,4.31,4.32,,21553.0
2018-09-12 10:30,,4.34,601377,4.36,4.31,4.32,,34583.0
2018-09-12 11:00,,4.35,601377,4.35,4.33,4.34,,6594.0
2018-09-12 11:30,,4.34,601377,4.35,4.33,4.35,,5680.0
2018-09-12 13:30,,4.35,601377,4.35,4.33,4.34,,8614.0
2018-09-12 14:00,,4.35,601377,4.36,4.34,4.35,,13431.0
2018-09-12 14:30,,4.34,601377,4.36,4.33,4.35,,8398.0
2018-09-12 15:00,,4.32,601377,4.34,4.32,4.34,,22311.0
2018-09-13 10:00,,4.35,601377,4.38,4.34,4.35,,34347.0
2018-09-13 10:30,,4.33,601377,4.36,4.33,4.35,,21148.0
2018-09-13 11:00,,4.34,601377,4.34,4.33,4.33,,17094.0
2018-09-13 11:30,,4.33,601377,4.35,4.33,4.34,,19410.0
2018-09-13 13:30,,4.33,601377,4.35,4.33,4.33,,14166.0
2018-09-13 14:00,,4.37,601377,4.38,4.33,4.33,,36980.0
2018-09-13 14:30,,4.36,601377,4.38,4.35,4.37,,21055.0
2018-09-13 15:00,,4.38,601377,4.39,4.35,4.36,,37831.0
2018-09-14 10:00,,4.4,601377,4.4,4.37,4.39,,59650.0
2018-09-14 10:30,,4.42,601377,4.43,4.39,4.4,,34461.0
2018-09-14 11:00,,4.42,601377,4.43,4.41,4.42,,15299.0
2018-09-14 11:30,,4.41,601377,4.42,4.4,4.42,,23412.0
2018-09-14 13:30,,4.42,601377,4.42,4.4,4.41,,8401.0
2018-09-14 14:00,,4.4,601377,4.42,4.4,4.42,,12050.0
2018-09-14 14:30,,4.39,601377,4.41,4.39,4.4,,30127.0
2018-09-14 15:00,,4.38,601377,4.4,4.38,4.39,,23066.0
2018-09-17 10:00,,4.37,601377,4.4,4.37,4.38,,32839.0
2018-09-17 10:30,,4.38,601377,4.39,4.37,4.37,,10859.0
2018-09-17 11:00,,4.38,601377,4.39,4.36,4.38,,14293.0
2018-09-17 11:30,,4.39,601377,4.4,4.36,4.38,,10900.0
2018-09-17 13:30,,4.38,601377,4.39,4.36,4.39,,15253.0
2018-09-17 14:00,,4.42,601377,4.42,4.37,4.38,,30158.0
2018-09-17 14:30,,4.41,601377,4.43,4.38,4.42,,27830.0
2018-09-17 15:00,,4.39,601377,4.41,4.38,4.41,,14343.0
2018-09-18 10:00,,4.39,601377,4.4,4.37,4.38,,21531.0
2018-09-18 10:30,,4.4,601377,4.42,4.39,4.39,,37133.0
2018-09-18 11:00,,4.4,601377,4.4,4.38,4.4,,6935.0
2018-09-18 11:30,,4.39,601377,4.4,4.38,4.4,,7516.0
2018-09-18 13:30,,4.4,601377,4.4,4.38,4.39,,6865.0
2018-09-18 14:00,,4.43,601377,4.44,4.39,4.4,,49665.0
2018-09-18 14:30,,4.47,601377,4.48,4.43,4.44,,78833.0
2018-09-18 15:00,,4.48,601377,4.48,4.46,4.47,,22322.0
2018-09-19 10:00,,4.45,601377,4.49,4.44,4.48,,46801.0
2018-09-19 10:30,,4.48,601377,4.49,4.45,4.46,,25885.0
2018-09-19 11:00,,4.5,601377,4.51,4.48,4.49,,42326.0
2018-09-19 11:30,,4.49,601377,4.5,4.47,4.5,,26689.0
2018-09-19 13:30,,4.5,601377,4.51,4.48,4.49,,19822.0
2018-09-19 14:00,,4.51,601377,4.54,4.5,4.5,,45286.0
2018-09-19 14:30,,4.49,601377,4.52,4.49,4.51,,22741.0
2018-09-19 15:00,,4.48,601377,4.51,4.48,4.49,,23789.0
2018-09-20 10:00,,4.5,601377,4.51,4.48,4.48,,35988.0
2018-09-20 10:30,,4.48,601377,4.5,4.47,4.5,,25996.0
2018-09-20 11:00,,4.48,601377,4.49,4.47,4.48,,16378.0
2018-09-20 11:30,,4.49,601377,4.49,4.48,4.48,,12867.0
2018-09-20 13:30,,4.49,601377,4.5,4.48,4.49,,16726.0
2018-09-20 14:00,,4.49,601377,4.5,4.48,4.49,,11399.0
2018-09-20 14:30,,4.49,601377,4.49,4.47,4.49,,21253.0
2018-09-20 15:00,,4.48,601377,4.5,4.48,4.49,,15749.0
2018-09-21 10:00,,4.49,601377,4.51,4.47,4.49,,24635.0
2018-09-21 10:30,,4.47,601377,4.49,4.46,4.49,,14087.0
2018-09-21 11:00,,4.49,601377,4.49,4.46,4.47,,15243.0
2018-09-21 11:30,,4.51,601377,4.54,4.48,4.49,,44553.0
2018-09-21 13:30,,4.55,601377,4.56,4.51,4.51,,65222.0
2018-09-21 14:00,,4.55,601377,4.56,4.54,4.55,,45224.0
2018-09-21 14:30,,4.57,601377,4.58,4.54,4.55,,54063.0
2018-09-21 15:00,,4.58,601377,4.58,4.56,4.57,,45938.0
2018-09-25 10:00,,4.53,601377,4.56,4.52,4.54,,52942.0
2018-09-25 10:30,,4.55,601377,4.55,4.53,4.53,,13450.0
2018-09-25 11:00,,4.52,601377,4.56,4.52,4.55,,28387.0
2018-09-25 11:30,,4.53,601377,4.54,4.52,4.52,,12066.0
2018-09-25 13:30,,4.53,601377,4.54,4.52,4.53,,13911.0
2018-09-25 14:00,,4.53,601377,4.54,4.51,4.53,,18341.0
2018-09-25 14:30,,4.55,601377,4.55,4.53,4.53,,7727.0
2018-09-25 15:00,,4.54,601377,4.55,4.53,4.55,,13902.0
2018-09-26 10:00,,4.54,601377,4.55,4.53,4.54,,21447.0
2018-09-26 10:30,,4.56,601377,4.56,4.52,4.54,,28811.0
2018-09-26 11:00,,4.6,601377,4.6,4.55,4.56,,56974.0
2018-09-26 11:30,,4.58,601377,4.61,4.56,4.6,,43671.0
2018-09-26 13:30,,4.58,601377,4.59,4.56,4.58,,35479.0
2018-09-26 14:00,,4.57,601377,4.58,4.56,4.58,,17137.0
2018-09-26 14:30,,4.56,601377,4.58,4.55,4.57,,25851.0
2018-09-26 15:00,,4.55,601377,4.56,4.54,4.56,,17237.0
2018-09-27 10:00,,4.51,601377,4.55,4.5,4.55,,43614.0
2018-09-27 10:30,,4.54,601377,4.54,4.5,4.51,,21003.0
2018-09-27 11:00,,4.53,601377,4.55,4.52,4.54,,12380.0
2018-09-27 11:30,,4.51,601377,4.54,4.51,4.53,,10696.0
2018-09-27 13:30,,4.53,601377,4.53,4.51,4.51,,9401.0
2018-09-27 14:00,,4.51,601377,4.53,4.5,4.53,,25209.0
2018-09-27 14:30,,4.51,601377,4.52,4.5,4.5,,25509.0
2018-09-27 15:00,,4.5,601377,4.52,4.5,4.51,,19699.0
2018-09-28 10:00,,4.51,601377,4.53,4.49,4.5,,22090.0
2018-09-28 10:30,,4.51,601377,4.52,4.5,4.51,,11363.0
2018-09-28 11:00,,4.53,601377,4.55,4.51,4.51,,25483.0
2018-09-28 11:30,,4.53,601377,4.54,4.51,4.53,,17419.0
2018-09-28 13:30,,4.54,601377,4.56,4.52,4.54,,26503.0
2018-09-28 14:00,,4.54,601377,4.55,4.53,4.54,,7966.0
2018-09-28 14:30,{},4.54,601377,4.54,4.52,4.54,1.8157,12159.0
2018-09-28 14:30,,4.54,601377,4.54,4.52,4.54,,12159.0
2018-09-28 15:00,,4.54,601377,4.54,4.52,4.54,,35578.0
2018-09-28 15:00,{},4.54,601377,4.54,4.52,4.54,5.3128,35578.0
2018-10-08 10:00,,4.46,601377,4.51,4.46,4.5,,91225.0
2018-10-08 10:00,{},4.46,601377,4.51,4.46,4.5,13.6224,91225.0
2018-10-08 10:30,,4.45,601377,4.47,4.44,4.46,,36267.0
2018-10-08 10:30,{},4.45,601377,4.47,4.44,4.46,5.4157,36267.0
2018-10-08 11:00,,4.45,601377,4.46,4.44,4.45,,21709.0
2018-10-08 11:00,{},4.45,601377,4.46,4.44,4.45,3.2418,21709.0
2018-10-08 11:30,,4.45,601377,4.46,4.44,4.45,,5657.0
2018-10-08 11:30,{},4.45,601377,4.46,4.44,4.45,0.8447,5657.0
2018-10-08 13:30,,4.45,601377,4.46,4.45,4.45,,9707.0
2018-10-08 13:30,{},4.45,601377,4.46,4.45,4.45,1.4495,9707.0
2018-10-08 14:00,,4.44,601377,4.46,4.44,4.45,,13649.0
2018-10-08 14:00,{},4.44,601377,4.46,4.44,4.45,2.0382,13649.0
2018-10-08 14:30,{},4.43,601377,4.45,4.42,4.44,2.4,16072.0
2018-10-08 14:30,,4.43,601377,4.45,4.42,4.44,,16072.0
2018-10-08 15:00,{},4.39,601377,4.43,4.38,4.43,5.2711,35299.0
2018-10-08 15:00,,4.39,601377,4.43,4.38,4.43,,35299.0
2018-10-09 10:00,,4.41,601377,4.42,4.39,4.41,,18888.0
2018-10-09 10:00,{},4.41,601377,4.42,4.39,4.41,2.8205,18888.0
2018-10-09 10:30,{},4.39,601377,4.42,4.37,4.41,4.0535,27145.0
2018-10-09 10:30,,4.39,601377,4.42,4.37,4.41,,27145.0
2018-10-09 11:00,{},4.4,601377,4.4,4.37,4.39,2.4461,16381.0
2018-10-09 11:00,,4.4,601377,4.4,4.37,4.39,,16381.0
2018-10-09 11:30,,4.4,601377,4.4,4.38,4.4,,9448.0
2018-10-09 11:30,{},4.4,601377,4.4,4.38,4.4,1.4109,9448.0
2018-10-09 13:30,{},4.38,601377,4.4,4.38,4.4,2.5066,16786.0
2018-10-09 13:30,,4.38,601377,4.4,4.38,4.4,,16786.0
2018-10-09 14:00,,4.37,601377,4.39,4.37,4.38,,11484.0
2018-10-09 14:00,{},4.37,601377,4.39,4.37,4.38,1.7149,11484.0
2018-10-09 14:30,{},4.36,601377,4.37,4.35,4.37,4.0118,26866.0
2018-10-09 14:30,,4.36,601377,4.37,4.35,4.37,,26866.0
2018-10-09 15:00,{},4.35,601377,4.36,4.33,4.36,4.8862,32721.0
2018-10-09 15:00,,4.35,601377,4.36,4.33,4.36,,32721.0
2018-10-10 10:00,,4.38,601377,4.4,4.35,4.36,,26526.0
2018-10-10 10:00,{},4.38,601377,4.4,4.35,4.36,3.9611,26526.0
2018-10-10 10:30,{},4.37,601377,4.4,4.37,4.38,3.1165,20870.0
2018-10-10 10:30,,4.37,601377,4.4,4.37,4.38,,20870.0
2018-10-10 11:00,{},4.35,601377,4.39,4.35,4.37,1.6756,11221.0
2018-10-10 11:00,,4.35,601377,4.39,4.35,4.37,,11221.0
2018-10-10 11:30,{},4.37,601377,4.37,4.35,4.35,0.7023,4703.0
2018-10-10 11:30,,4.37,601377,4.37,4.35,4.35,,4703.0
2018-10-10 13:30,,4.37,601377,4.38,4.35,4.37,,9321.0
2018-10-10 13:30,{},4.37,601377,4.38,4.35,4.37,1.3919,9321.0
2018-10-10 14:00,{},4.37,601377,4.38,4.36,4.37,0.8498,5691.0
2018-10-10 14:00,,4.37,601377,4.38,4.36,4.37,,5691.0
2018-10-10 14:30,{},4.36,601377,4.38,4.35,4.37,1.9166,12835.0
2018-10-10 14:30,,4.36,601377,4.38,4.35,4.37,,12835.0
2018-10-10 15:00,{},4.37,601377,4.38,4.36,4.36,2.3559,15777.0
2018-10-10 15:00,,4.37,601377,4.38,4.36,4.36,,15777.0
2018-10-11 10:00,{},4.25,601377,4.28,4.23,4.26,9.9654,66735.0
2018-10-11 10:00,,4.25,601377,4.28,4.23,4.26,,66735.0
2018-10-11 10:30,,4.23,601377,4.26,4.21,4.25,,40240.0
2018-10-11 10:30,{},4.23,601377,4.26,4.21,4.25,6.009,40240.0
2018-10-11 11:00,,4.14,601377,4.24,4.13,4.23,,63605.0
2018-10-11 11:00,{},4.14,601377,4.24,4.13,4.23,9.498,63605.0
2018-10-11 11:30,{},4.09,601377,4.14,4.08,4.14,7.6081,50949.0
2018-10-11 11:30,,4.09,601377,4.14,4.08,4.14,,50949.0
2018-10-11 13:30,{},4.1,601377,4.11,4.05,4.1,5.2032,34844.0
2018-10-11 13:30,,4.1,601377,4.11,4.05,4.1,,34844.0
2018-10-11 14:00,,4.06,601377,4.12,4.05,4.1,,42347.0
2018-10-11 14:00,{},4.06,601377,4.12,4.05,4.1,6.3236,42347.0
2018-10-11 14:30,,4.01,601377,4.09,4.0,4.06,,54750.0
2018-10-11 14:30,{},4.01,601377,4.09,4.0,4.06,8.1757,54750.0
2018-10-11 15:00,{},4.04,601377,4.04,3.98,4.01,9.0496,60602.0
2018-10-11 15:00,,4.04,601377,4.04,3.98,4.01,,60602.0
2018-10-12 10:00,{},3.99,601377,4.02,3.97,4.02,6.56,43930.0
2018-10-12 10:00,,3.99,601377,4.02,3.97,4.02,,43930.0
2018-10-12 10:30,,3.96,601377,4.0,3.94,3.99,,37517.0
2018-10-12 10:30,{},3.96,601377,4.0,3.94,3.99,5.6023,37517.0
2018-10-12 11:00,{},3.92,601377,3.96,3.88,3.96,8.294,55542.0
2018-10-12 11:00,,3.92,601377,3.96,3.88,3.96,,55542.0
2018-10-12 11:30,,3.98,601377,3.99,3.9,3.92,,43935.0
2018-10-12 11:30,{},3.98,601377,3.99,3.9,3.92,6.5607,43935.0
2018-10-12 13:30,{},4.0,601377,4.01,3.97,3.98,4.1053,27492.0
2018-10-12 13:30,,4.0,601377,4.01,3.97,3.98,,27492.0
2018-10-12 14:00,,3.99,601377,4.0,3.96,4.0,,15189.0
2018-10-12 14:00,{},3.99,601377,4.0,3.96,4.0,2.2681,15189.0
2018-10-12 14:30,,4.01,601377,4.02,3.97,3.99,,22918.0
2018-10-12 14:30,{},4.01,601377,4.02,3.97,3.99,3.4223,22918.0
2018-10-12 15:00,{},3.91,601377,4.02,3.91,4.01,5.4446,36461.0
2018-10-12 15:00,,3.91,601377,4.02,3.91,4.01,,36461.0
2018-10-15 10:00,{},3.97,601377,3.99,3.94,3.98,7.3133,48975.0
2018-10-15 10:00,,3.97,601377,3.99,3.94,3.98,,48975.0
2018-10-15 10:30,{},3.98,601377,3.99,3.96,3.97,2.9818,19968.0
2018-10-15 10:30,,3.98,601377,3.99,3.96,3.97,,19968.0
2018-10-15 11:00,{},3.96,601377,3.98,3.94,3.98,2.9034,19443.0
2018-10-15 11:00,,3.96,601377,3.98,3.94,3.98,,19443.0
2018-10-15 11:30,{},3.95,601377,3.96,3.94,3.96,1.4998,10044.0
2018-10-15 11:30,,3.95,601377,3.96,3.94,3.96,,10044.0
2018-10-15 13:30,{},3.95,601377,3.96,3.94,3.95,1.8257,12226.0
2018-10-15 13:30,,3.95,601377,3.96,3.94,3.95,,12226.0
2018-10-15 14:00,,3.95,601377,3.96,3.94,3.95,,12489.0
2018-10-15 14:00,{},3.95,601377,3.96,3.94,3.95,1.865,12489.0
2018-10-15 14:30,{},3.93,601377,3.95,3.92,3.95,2.5781,17265.0
2018-10-15 14:30,,3.93,601377,3.95,3.92,3.95,,17265.0
2018-10-15 15:00,,3.91,601377,3.95,3.91,3.93,,22536.0
2018-10-15 15:00,{},3.91,601377,3.95,3.91,3.93,3.3653,22536.0
2018-10-16 10:00,{},3.98,601377,3.98,3.9,3.9,6.2954,42158.0
2018-10-16 10:00,,3.98,601377,3.98,3.9,3.9,,42158.0
2018-10-16 10:30,,3.97,601377,3.99,3.96,3.98,,21293.0
2018-10-16 10:30,{},3.97,601377,3.99,3.96,3.98,3.1796,21293.0
2018-10-16 11:00,,3.95,601377,3.97,3.94,3.97,,11027.0
2018-10-16 11:00,{},3.95,601377,3.97,3.94,3.97,1.6466,11027.0
2018-10-16 11:30,{},3.95,601377,3.96,3.94,3.95,1.7158,11490.0
2018-10-16 11:30,,3.95,601377,3.96,3.94,3.95,,11490.0
2018-10-16 13:30,{},3.96,601377,3.97,3.93,3.95,2.5787,17269.0
2018-10-16 13:30,,3.96,601377,3.97,3.93,3.95,,17269.0
2018-10-16 14:00,{},3.92,601377,3.96,3.92,3.96,1.8745,12553.0
2018-10-16 14:00,,3.92,601377,3.96,3.92,3.96,,12553.0
2018-10-16 14:30,{},3.92,601377,3.94,3.9,3.92,4.6283,30994.0
2018-10-16 14:30,,3.92,601377,3.94,3.9,3.92,,30994.0
2018-10-16 15:00,{},3.91,601377,3.93,3.89,3.92,4.6021,30819.0
2018-10-16 15:00,,3.91,601377,3.93,3.89,3.92,,30819.0
2018-10-17 10:00,,3.96,601377,4.0,3.95,3.97,,48364.0
2018-10-17 10:00,{},3.96,601377,4.0,3.95,3.97,7.2221,48364.0
2018-10-17 10:30,,3.96,601377,3.97,3.95,3.96,,28914.0
2018-10-17 10:30,{},3.96,601377,3.97,3.95,3.96,4.3177,28914.0
2018-10-17 11:00,{},3.95,601377,3.99,3.94,3.96,3.2728,21917.0
2018-10-17 11:00,,3.95,601377,3.99,3.94,3.96,,21917.0
2018-10-17 11:30,{},3.94,601377,3.95,3.91,3.95,2.8584,19142.0
2018-10-17 11:30,,3.94,601377,3.95,3.91,3.95,,19142.0
2018-10-17 13:30,{},3.91,601377,3.94,3.9,3.94,3.1882,21350.0
2018-10-17 13:30,,3.91,601377,3.94,3.9,3.94,,21350.0
2018-10-17 14:00,{},3.95,601377,3.97,3.89,3.91,6.1039,40876.0
2018-10-17 14:00,,3.95,601377,3.97,3.89,3.91,,40876.0
2018-10-17 14:30,,3.97,601377,3.97,3.94,3.95,,20680.0
2018-10-17 14:30,{},3.97,601377,3.97,3.94,3.95,3.0881,20680.0
2018-10-17 15:00,,3.96,601377,3.97,3.95,3.96,,17870.0
2018-10-17 15:00,{},3.96,601377,3.97,3.95,3.96,2.6685,17870.0
2018-10-18 10:00,{},3.92,601377,3.96,3.91,3.93,8.1203,54379.0
2018-10-18 10:00,,3.92,601377,3.96,3.91,3.93,,54379.0
2018-10-18 10:30,{},3.94,601377,3.95,3.9,3.92,3.6957,24749.0
2018-10-18 10:30,,3.94,601377,3.95,3.9,3.92,,24749.0
2018-10-18 11:00,,3.96,601377,3.97,3.93,3.94,,19807.0
2018-10-18 11:00,{},3.96,601377,3.97,3.93,3.94,2.9577,19807.0
2018-10-18 11:30,{},3.92,601377,3.96,3.91,3.96,3.4033,22791.0
2018-10-18 11:30,,3.92,601377,3.96,3.91,3.96,,22791.0
2018-10-18 13:30,,3.93,601377,3.95,3.92,3.92,,15193.0
2018-10-18 13:30,{},3.93,601377,3.95,3.92,3.92,2.2687,15193.0
2018-10-18 14:00,,3.92,601377,3.95,3.92,3.93,,13691.0
2018-10-18 14:00,{},3.92,601377,3.95,3.92,3.93,2.0444,13691.0
2018-10-18 14:30,{},3.93,601377,3.94,3.91,3.92,3.6912,24719.0
2018-10-18 14:30,,3.93,601377,3.94,3.91,3.92,,24719.0
2018-10-18 15:00,,3.91,601377,3.94,3.9,3.93,,42982.0
2018-10-18 15:00,{},3.91,601377,3.94,3.9,3.93,6.4184,42982.0
2018-10-19 10:00,{},3.9,601377,3.92,3.86,3.88,7.1389,47807.0
2018-10-19 10:00,,3.9,601377,3.92,3.86,3.88,,47807.0
2018-10-19 10:30,,3.92,601377,3.92,3.88,3.9,,44740.0
2018-10-19 10:30,{},3.92,601377,3.92,3.88,3.9,6.6809,44740.0
2018-10-19 11:00,{},3.97,601377,4.01,3.92,3.92,12.0775,80879.0
2018-10-19 11:00,,3.97,601377,4.01,3.92,3.92,,80879.0
2018-10-19 11:30,,3.97,601377,3.98,3.95,3.97,,19131.0
2018-10-19 11:30,{},3.97,601377,3.98,3.95,3.97,2.8568,19131.0
2018-10-19 13:30,{},3.99,601377,4.0,3.96,3.97,7.2935,48842.0
2018-10-19 13:30,,3.99,601377,4.0,3.96,3.97,,48842.0
2018-10-19 14:00,,4.02,601377,4.03,3.98,3.99,,82285.0
2018-10-19 14:00,{},4.02,601377,4.03,3.98,3.99,12.2874,82285.0
2018-10-19 14:30,,4.02,601377,4.04,4.0,4.02,,53200.0
2018-10-19 14:30,{},4.02,601377,4.04,4.0,4.02,7.9442,53200.0
2018-10-19 15:00,{},4.02,601377,4.04,3.97,4.02,9.7489,65285.0
2018-10-19 15:00,,4.02,601377,4.04,3.97,4.02,,65285.0
2018-10-22 10:00,,4.41,601377,4.41,4.07,4.1,,396504.0
2018-10-22 10:00,{},4.41,601377,4.41,4.07,4.1,59.2091,396504.0
2018-10-22 10:30,,4.42,601377,4.42,4.41,4.42,,111465.0
2018-10-22 10:30,{},4.42,601377,4.42,4.41,4.42,16.6448,111465.0
2018-10-22 11:00,,4.42,601377,4.42,4.42,4.42,,20193.0
2018-10-22 11:00,{},4.42,601377,4.42,4.42,4.42,3.0154,20193.0
2018-10-22 11:30,,4.42,601377,4.42,4.42,4.42,,5502.0
2018-10-22 11:30,{},4.42,601377,4.42,4.42,4.42,0.8216,5502.0
2018-10-22 13:30,,4.42,601377,4.42,4.42,4.42,,15177.0
2018-10-22 13:30,{},4.42,601377,4.42,4.42,4.42,2.2663,15177.0
2018-10-22 14:00,,4.42,601377,4.42,4.42,4.42,,5015.0
2018-10-22 14:00,{},4.42,601377,4.42,4.42,4.42,0.7489,5015.0
2018-10-22 14:30,,4.42,601377,4.42,4.42,4.42,,3892.0
2018-10-22 14:30,{},4.42,601377,4.42,4.42,4.42,0.5812,3892.0
2018-10-22 15:00,{},4.42,601377,4.42,4.42,4.42,1.2996,8703.0
2018-10-22 15:00,,4.42,601377,4.42,4.42,4.42,,8703.0
2018-10-23 10:00,{},4.75,601377,4.86,4.75,4.86,252.3319,1689784.0
2018-10-23 10:00,,4.75,601377,4.86,4.75,4.86,,1689784.0
2018-10-23 10:30,,4.75,601377,4.8,4.72,4.75,,294037.0
2018-10-23 10:30,{},4.75,601377,4.8,4.72,4.75,43.9079,294037.0
2018-10-23 11:00,,4.8,601377,4.86,4.73,4.74,,348215.0
2018-10-23 11:00,{},4.8,601377,4.86,4.73,4.74,51.9982,348215.0
2018-10-23 11:30,{},4.78,601377,4.84,4.77,4.8,18.7371,125476.0
2018-10-23 11:30,,4.78,601377,4.84,4.77,4.8,,125476.0
2018-10-23 13:30,{},4.76,601377,4.8,4.73,4.77,14.1608,94830.0
2018-10-23 13:30,,4.76,601377,4.8,4.73,4.77,,94830.0
2018-10-23 14:00,,4.72,601377,4.76,4.71,4.76,,116331.0
2018-10-23 14:00,{},4.72,601377,4.76,4.71,4.76,17.3715,116331.0
2018-10-23 14:30,{},4.73,601377,4.75,4.64,4.73,25.6541,171797.0
2018-10-23 14:30,,4.73,601377,4.75,4.64,4.73,,171797.0
2018-10-23 15:00,{},4.75,601377,4.78,4.7,4.73,27.0119,180890.0
2018-10-23 15:00,,4.75,601377,4.78,4.7,4.73,,180890.0
2018-10-24 10:00,,4.64,601377,4.72,4.58,4.61,,562541.0
2018-10-24 10:00,{},4.64,601377,4.72,4.58,4.61,84.0031,562541.0
2018-10-24 10:30,{},4.81,601377,4.83,4.59,4.64,73.337,491114.0
2018-10-24 10:30,,4.81,601377,4.83,4.59,4.64,,491114.0
2018-10-24 11:00,{},4.75,601377,4.84,4.7,4.81,41.1929,275855.0
2018-10-24 11:00,,4.75,601377,4.84,4.7,4.81,,275855.0
2018-10-24 11:30,{},4.83,601377,4.87,4.74,4.75,60.1921,403087.0
2018-10-24 11:30,,4.83,601377,4.87,4.74,4.75,,403087.0
2018-10-24 13:30,,4.88,601377,4.96,4.83,4.83,,377046.0
2018-10-24 13:30,{},4.88,601377,4.96,4.83,4.83,56.3035,377046.0
2018-10-24 14:00,{},4.81,601377,4.88,4.76,4.88,22.8942,153315.0
2018-10-24 14:00,,4.81,601377,4.88,4.76,4.88,,153315.0
2018-10-24 14:30,{},4.81,601377,4.84,4.79,4.81,7.9283,53093.0
2018-10-24 14:30,,4.81,601377,4.84,4.79,4.81,,53093.0
2018-10-24 15:00,,4.81,601377,4.82,4.77,4.81,,107806.0
2018-10-24 15:00,{},4.81,601377,4.82,4.77,4.81,16.0984,107806.0
2018-10-25 10:00,{},4.7,601377,4.72,4.57,4.62,60.7463,406798.0
2018-10-25 10:00,,4.7,601377,4.72,4.57,4.62,,406798.0
2018-10-25 10:30,,4.85,601377,4.93,4.68,4.7,,421510.0
2018-10-25 10:30,{},4.85,601377,4.93,4.68,4.7,62.9432,421510.0
2018-10-25 11:00,,4.75,601377,4.86,4.69,4.85,,217631.0
2018-10-25 11:00,{},4.75,601377,4.86,4.69,4.85,32.4984,217631.0
2018-10-25 11:30,,4.74,601377,4.78,4.69,4.75,,73074.0
2018-10-25 11:30,{},4.74,601377,4.78,4.69,4.75,10.912,73074.0
2018-10-25 13:30,,4.72,601377,4.78,4.7,4.74,,55962.0
2018-10-25 13:30,{},4.72,601377,4.78,4.7,4.74,8.3567,55962.0
2018-10-25 14:00,{},4.75,601377,4.77,4.68,4.72,8.6616,58004.0
2018-10-25 14:00,,4.75,601377,4.77,4.68,4.72,,58004.0
2018-10-25 14:30,,5.01,601377,5.01,4.75,4.75,,360199.0
2018-10-25 14:30,{},5.01,601377,5.01,4.75,4.75,53.7878,360199.0
2018-10-25 15:00,,5.07,601377,5.08,4.91,5.01,,463589.0
2018-10-25 15:00,{},5.07,601377,5.08,4.91,5.01,69.2268,463589.0
2018-10-26 10:00,,5.0,601377,5.01,4.88,4.99,,521761.0
2018-10-26 10:00,{},5.0,601377,5.01,4.88,4.99,77.9135,521761.0
2018-10-26 10:30,,4.9,601377,5.0,4.88,5.0,,228789.0
2018-10-26 10:30,{},4.9,601377,5.0,4.88,5.0,34.1646,228789.0
2018-10-26 11:00,,4.83,601377,4.91,4.82,4.9,,259849.0
2018-10-26 11:00,{},4.83,601377,4.91,4.82,4.9,38.8027,259849.0
2018-10-26 11:30,,4.81,601377,4.87,4.77,4.83,,263202.0
2018-10-26 11:30,{},4.81,601377,4.87,4.77,4.83,39.3034,263202.0
2018-10-26 13:30,{},4.86,601377,4.88,4.78,4.81,12.9894,86986.0
2018-10-26 13:30,,4.86,601377,4.88,4.78,4.81,,86986.0
2018-10-26 14:00,{},4.84,601377,4.87,4.82,4.86,8.6222,57740.0
2018-10-26 14:00,,4.84,601377,4.87,4.82,4.86,,57740.0
2018-10-26 14:30,{},4.75,601377,4.89,4.75,4.84,24.8868,166659.0
2018-10-26 14:30,,4.75,601377,4.89,4.75,4.84,,166659.0
2018-10-26 15:00,,4.81,601377,4.85,4.75,4.75,,151708.0
2018-10-26 15:00,{},4.81,601377,4.85,4.75,4.75,22.6542,151708.0
2018-10-29 10:00,,4.81,601377,4.86,4.75,4.76,,273711.0
2018-10-29 10:00,{},4.81,601377,4.86,4.75,4.76,40.8727,273711.0
2018-10-29 10:30,{},4.8,601377,4.85,4.79,4.81,14.3174,95879.0
2018-10-29 10:30,,4.8,601377,4.85,4.79,4.81,,95879.0
2018-10-29 11:00,{},4.81,601377,4.84,4.79,4.8,12.0457,80666.0
2018-10-29 11:00,,4.81,601377,4.84,4.79,4.8,,80666.0
2018-10-29 11:30,,4.79,601377,4.82,4.78,4.81,,52462.0
2018-10-29 11:30,{},4.79,601377,4.82,4.78,4.81,7.834,52462.0
2018-10-29 13:30,{},4.77,601377,4.79,4.76,4.79,5.6643,37932.0
2018-10-29 13:30,,4.77,601377,4.79,4.76,4.79,,37932.0
2018-10-29 14:00,{},4.74,601377,4.79,4.74,4.77,10.242,68587.0
2018-10-29 14:00,,4.74,601377,4.79,4.74,4.77,,68587.0
2018-10-29 14:30,,4.72,601377,4.74,4.71,4.74,,69874.0
2018-10-29 14:30,{},4.72,601377,4.74,4.71,4.74,10.4341,69874.0
2018-10-29 15:00,,4.74,601377,4.74,4.67,4.72,,110196.0
2018-10-29 15:00,{},4.74,601377,4.74,4.67,4.72,16.4553,110196.0
2018-10-30 10:00,,4.72,601377,4.77,4.65,4.76,,152032.0
2018-10-30 10:00,{},4.72,601377,4.77,4.65,4.76,22.7026,152032.0
2018-10-30 10:30,{},4.77,601377,4.78,4.69,4.72,18.8743,126395.0
2018-10-30 10:30,,4.77,601377,4.78,4.69,4.72,,126395.0
2018-10-30 11:00,{},4.81,601377,4.81,4.77,4.77,24.5825,164621.0
2018-10-30 11:00,,4.81,601377,4.81,4.77,4.77,,164621.0
2018-10-30 11:30,{},4.92,601377,4.92,4.8,4.81,46.0853,308618.0
2018-10-30 11:30,,4.92,601377,4.92,4.8,4.81,,308618.0
2018-10-30 13:30,{},5.08,601377,5.12,4.92,4.92,67.4811,451899.0
2018-10-30 13:30,,5.08,601377,5.12,4.92,4.92,,451899.0
2018-10-30 14:00,,5.06,601377,5.14,4.99,5.08,,251209.0
2018-10-30 14:00,{},5.06,601377,5.14,4.99,5.08,37.5125,251209.0
2018-10-30 14:30,,5.07,601377,5.08,5.01,5.05,,110263.0
2018-10-30 14:30,{},5.07,601377,5.08,5.01,5.05,16.4653,110263.0
2018-10-30 15:00,{},4.97,601377,5.07,4.97,5.07,21.9466,146969.0
2018-10-30 15:00,,4.97,601377,5.07,4.97,5.07,,146969.0
2018-10-31 10:00,{},4.86,601377,4.92,4.82,4.9,52.236999999999995,349814.0
2018-10-31 10:00,{},4.86,601377,4.92,4.82,4.9,52.237,349814.0
2018-10-31 10:00,,4.86,601377,4.92,4.82,4.9,,349814.0
2018-10-31 10:30,{},4.94,601377,4.97,4.84,4.86,30.2704,202711.0
2018-10-31 10:30,,4.94,601377,4.97,4.84,4.86,,202711.0
2018-10-31 11:00,{},4.88,601377,4.95,4.87,4.94,11.084,74226.0
2018-10-31 11:00,,4.88,601377,4.95,4.87,4.94,,74226.0
2018-10-31 11:00,{},4.88,601377,4.95,4.87,4.94,11.084000000000001,74226.0
2018-10-31 11:30,,4.92,601377,4.92,4.88,4.88,,37281.0
2018-10-31 11:30,{},4.92,601377,4.92,4.88,4.88,5.5671,37281.0
2018-10-31 13:30,{},4.93,601377,4.94,4.89,4.92,6.3281,42377.0
2018-10-31 13:30,,4.93,601377,4.94,4.89,4.92,,42377.0
2018-10-31 14:00,{},4.92,601377,4.97,4.91,4.93,11.0341,73892.0
2018-10-31 14:00,,4.92,601377,4.97,4.91,4.93,,73892.0
2018-10-31 14:30,,4.9,601377,4.93,4.87,4.92,,53198.0
2018-10-31 14:30,{},4.9,601377,4.93,4.87,4.92,7.9439,53198.0
2018-10-31 15:00,{},4.9,601377,4.9,4.86,4.9,11.4863,76920.0
2018-10-31 15:00,,4.9,601377,4.9,4.86,4.9,,76920.0
2018-11-01 10:00,{},5.14,601377,5.21,4.92,4.96,77.5685,519451.0
2018-11-01 10:00,,5.14,601377,5.21,4.92,4.96,,519451.0
2018-11-01 10:30,{},5.08,601377,5.16,5.06,5.14,28.93,193735.0
2018-11-01 10:30,,5.08,601377,5.16,5.06,5.14,,193735.0
2018-11-01 11:00,{},5.02,601377,5.08,4.97,5.08,23.3087,156091.0
2018-11-01 11:00,,5.02,601377,5.08,4.97,5.08,,156091.0
2018-11-01 11:30,{},5.0,601377,5.05,4.99,5.02,12.9509,86728.0
2018-11-01 11:30,,5.0,601377,5.05,4.99,5.02,,86728.0
2018-11-01 13:30,,5.0,601377,5.02,4.99,5.0,,54345.0
2018-11-01 13:30,{},5.0,601377,5.02,4.99,5.0,8.1152,54345.0
2018-11-01 14:00,{},4.93,601377,5.0,4.91,5.0,21.0711,141106.0
2018-11-01 14:00,,4.93,601377,5.0,4.91,5.0,,141106.0
2018-11-01 14:30,,4.89,601377,4.94,4.88,4.93,,103781.0
2018-11-01 14:30,{},4.89,601377,4.94,4.88,4.93,15.4974,103781.0
2018-11-01 15:00,,4.89,601377,4.92,4.86,4.89,,139313.0
2018-11-01 15:00,{},4.89,601377,4.92,4.86,4.89,20.8033,139313.0
2018-11-02 10:00,,5.0,601377,5.08,4.93,5.02,,362006.0
2018-11-02 10:00,{},5.0,601377,5.08,4.93,5.02,54.0576,362006.0
2018-11-02 10:30,{},4.99,601377,5.02,4.98,5.0,12.6805,84917.0
2018-11-02 10:30,,4.99,601377,5.02,4.98,5.0,,84917.0
2018-11-02 11:00,,5.01,601377,5.05,4.99,4.99,,131491.0
2018-11-02 11:00,{},5.01,601377,5.05,4.99,4.99,19.6353,131491.0
2018-11-02 11:30,{},5.01,601377,5.02,4.96,5.01,9.7404,65228.0
2018-11-02 11:30,,5.01,601377,5.02,4.96,5.01,,65228.0
2018-11-02 13:30,{},5.0,601377,5.05,4.99,5.01,11.1621,74749.0
2018-11-02 13:30,,5.0,601377,5.05,4.99,5.01,,74749.0
2018-11-02 14:00,{},5.05,601377,5.06,5.0,5.0,12.6308,84584.0
2018-11-02 14:00,,5.05,601377,5.06,5.0,5.0,,84584.0
2018-11-02 14:30,{},5.06,601377,5.09,5.02,5.04,21.7211,145459.0
2018-11-02 14:30,,5.06,601377,5.09,5.02,5.04,,145459.0
2018-11-02 15:00,,5.09,601377,5.09,5.03,5.06,,112199.0
2018-11-02 15:00,{},5.09,601377,5.09,5.03,5.06,16.7544,112199.0
2018-11-05 10:00,,5.08,601377,5.09,5.02,5.08,,183261.0
2018-11-05 10:00,{},5.08,601377,5.09,5.02,5.08,27.366,183261.0
2018-11-05 10:30,,5.08,601377,5.09,5.02,5.08,,112080.0
2018-11-05 10:30,{},5.08,601377,5.09,5.02,5.08,16.7367,112080.0
2018-11-05 11:00,{},5.01,601377,5.1,5.0,5.08,15.2216,101934.0
2018-11-05 11:00,,5.01,601377,5.1,5.0,5.08,,101934.0
2018-11-05 11:30,{},4.96,601377,5.01,4.95,5.01,16.8881,113094.0
2018-11-05 11:30,,4.96,601377,5.01,4.95,5.01,,113094.0
2018-11-05 13:30,{},5.04,601377,5.04,4.92,4.95,21.9154,146760.0
2018-11-05 13:30,,5.04,601377,5.04,4.92,4.95,,146760.0
2018-11-05 14:00,,5.0,601377,5.06,4.99,5.04,,57311.0
2018-11-05 14:00,{},5.0,601377,5.06,4.99,5.04,8.5581,57311.0
2018-11-05 14:30,,5.02,601377,5.04,4.99,5.0,,64944.0
2018-11-05 14:30,{},5.02,601377,5.04,4.99,5.0,9.698,64944.0
2018-11-05 15:00,,5.0,601377,5.03,5.0,5.02,,81097.0
2018-11-05 15:00,{},5.0,601377,5.03,5.0,5.02,12.11,81097.0
2018-11-06 10:00,{},4.93,601377,5.08,4.92,4.99,33.4832,224226.0
2018-11-06 10:00,,4.93,601377,5.08,4.92,4.99,,224226.0
2018-11-06 10:30,,4.87,601377,4.95,4.84,4.93,,225649.0
2018-11-06 10:30,{},4.87,601377,4.95,4.84,4.93,33.6957,225649.0
2018-11-06 11:00,{},4.89,601377,4.9,4.86,4.87,10.8678,72778.0
2018-11-06 11:00,,4.89,601377,4.9,4.86,4.87,,72778.0
2018-11-06 11:30,,4.84,601377,4.9,4.83,4.89,,70234.0
2018-11-06 11:30,{},4.84,601377,4.9,4.83,4.89,10.4879,70234.0
2018-11-06 13:30,,4.86,601377,4.88,4.84,4.84,,65099.0
2018-11-06 13:30,{},4.86,601377,4.88,4.84,4.84,9.7211,65099.0
2018-11-06 14:00,{},4.91,601377,4.93,4.85,4.86,10.7991,72318.0
2018-11-06 14:00,,4.91,601377,4.93,4.85,4.86,,72318.0
2018-11-06 14:30,,4.9,601377,4.93,4.87,4.91,,56085.0
2018-11-06 14:30,{},4.9,601377,4.93,4.87,4.91,8.3751,56085.0
2018-11-06 15:00,{},4.94,601377,4.94,4.9,4.9,11.3188,75798.0
2018-11-06 15:00,,4.94,601377,4.94,4.9,4.9,,75798.0
2018-11-07 10:00,{},4.92,601377,4.94,4.85,4.87,16.0399,107414.0
2018-11-07 10:00,,4.92,601377,4.94,4.85,4.87,,107414.0
2018-11-07 10:30,,4.88,601377,4.94,4.88,4.92,,53765.0
2018-11-07 10:30,{},4.88,601377,4.94,4.88,4.92,8.0286,53765.0
2018-11-07 11:00,{},4.89,601377,4.91,4.85,4.88,9.3745,62778.0
2018-11-07 11:00,,4.89,601377,4.91,4.85,4.88,,62778.0
2018-11-07 11:30,,4.9,601377,4.92,4.87,4.89,,32640.0
2018-11-07 11:30,{},4.9,601377,4.92,4.87,4.89,4.8741,32640.0
2018-11-07 13:30,,4.9,601377,4.94,4.89,4.9,,55813.0
2018-11-07 13:30,{},4.9,601377,4.94,4.89,4.9,8.3344,55813.0
2018-11-07 14:00,{},4.85,601377,4.91,4.84,4.9,11.984000000000002,80253.0
2018-11-07 14:00,,4.85,601377,4.91,4.84,4.9,,80253.0
2018-11-07 14:30,{},4.83,601377,4.86,4.82,4.85,19.7182,132046.0
2018-11-07 14:30,,4.83,601377,4.86,4.82,4.85,,132046.0
2018-11-07 15:00,{},4.84,601377,4.84,4.82,4.83,11.4423,76625.0
2018-11-07 15:00,,4.84,601377,4.84,4.82,4.83,,76625.0
2018-11-08 10:00,,4.83,601377,4.91,4.83,4.9,,85652.0
2018-11-08 10:00,{},4.83,601377,4.91,4.83,4.9,12.7902,85652.0
2018-11-08 10:30,{},4.89,601377,4.93,4.81,4.83,23.3798,156567.0
2018-11-08 10:30,,4.89,601377,4.93,4.81,4.83,,156567.0
2018-11-08 11:00,{},4.87,601377,4.9,4.85,4.89,5.4723,36646.0
2018-11-08 11:00,,4.87,601377,4.9,4.85,4.89,,36646.0
2018-11-08 11:30,{},4.86,601377,4.91,4.86,4.87,5.0064,33526.0
2018-11-08 11:30,,4.86,601377,4.91,4.86,4.87,,33526.0
2018-11-08 13:30,,4.83,601377,4.88,4.81,4.86,,62526.0
2018-11-08 13:30,{},4.83,601377,4.88,4.81,4.86,9.3369,62526.0
2018-11-08 14:00,,4.82,601377,4.84,4.8,4.83,,66281.0
2018-11-08 14:00,{},4.82,601377,4.84,4.8,4.83,9.8976,66281.0
2018-11-08 14:30,{},4.77,601377,4.83,4.75,4.82,16.535999999999998,110736.0
2018-11-08 14:30,,4.77,601377,4.83,4.75,4.82,,110736.0
2018-11-08 15:00,{},4.76,601377,4.78,4.71,4.77,19.0987,127898.0
2018-11-08 15:00,,4.76,601377,4.78,4.71,4.77,,127898.0
2018-11-09 10:00,{},4.79,601377,4.83,4.72,4.76,22.5494,151006.0
2018-11-09 10:00,,4.79,601377,4.83,4.72,4.76,,151006.0
2018-11-09 10:30,{},4.77,601377,4.8,4.75,4.79,5.272,35305.0
2018-11-09 10:30,,4.77,601377,4.8,4.75,4.79,,35305.0
2018-11-09 11:00,,4.74,601377,4.8,4.74,4.77,,30731.0
2018-11-09 11:00,{},4.74,601377,4.8,4.74,4.77,4.589,30731.0
2018-11-09 11:00,{},4.74,601377,4.8,4.74,4.77,4.5889999999999995,30731.0
2018-11-09 11:30,,4.72,601377,4.76,4.71,4.74,,64006.0
2018-11-09 11:30,{},4.72,601377,4.76,4.71,4.74,9.5579,64006.0
2018-11-09 13:30,{},4.79,601377,4.81,4.72,4.72,8.7914,58873.0
2018-11-09 13:30,,4.79,601377,4.81,4.72,4.72,,58873.0
2018-11-09 14:00,{},4.78,601377,4.81,4.77,4.79,4.4088,29524.0
2018-11-09 14:00,,4.78,601377,4.81,4.77,4.79,,29524.0
2018-11-09 14:30,{},4.77,601377,4.79,4.73,4.78,5.1703,34624.0
2018-11-09 14:30,,4.77,601377,4.79,4.73,4.78,,34624.0
2018-11-09 15:00,,4.76,601377,4.79,4.74,4.77,,62812.0
2018-11-09 15:00,{},4.76,601377,4.79,4.74,4.77,9.3796,62812.0
2018-11-12 10:00,,4.82,601377,4.84,4.74,4.77,,112693.0
2018-11-12 10:00,{},4.82,601377,4.84,4.74,4.77,16.8282,112693.0
2018-11-12 10:30,,4.87,601377,4.92,4.81,4.82,,147628.0
2018-11-12 10:30,{},4.87,601377,4.92,4.81,4.82,22.045,147628.0
2018-11-12 11:00,,4.89,601377,4.89,4.85,4.87,,35551.0
2018-11-12 11:00,{},4.89,601377,4.89,4.85,4.87,5.3088,35551.0
2018-11-12 11:30,{},4.91,601377,4.92,4.88,4.89,11.0252,73832.0
2018-11-12 11:30,,4.91,601377,4.92,4.88,4.89,,73832.0
2018-11-12 13:30,,4.93,601377,4.94,4.89,4.91,,81110.0
2018-11-12 13:30,{},4.93,601377,4.94,4.89,4.91,12.112,81110.0
2018-11-12 14:00,,4.9,601377,4.93,4.88,4.93,,36475.0
2018-11-12 14:00,{},4.9,601377,4.93,4.88,4.93,5.4467,36475.0
2018-11-12 14:30,{},4.92,601377,4.93,4.89,4.9,8.6758,58099.0
2018-11-12 14:30,,4.92,601377,4.93,4.89,4.9,,58099.0
2018-11-12 15:00,,4.94,601377,4.97,4.91,4.92,,177598.0
2018-11-12 15:00,{},4.94,601377,4.97,4.91,4.92,26.5203,177598.0
2018-11-13 10:00,,4.91,601377,4.93,4.86,4.88,,139077.0
2018-11-13 10:00,{},4.91,601377,4.93,4.86,4.88,20.7681,139077.0
2018-11-13 10:30,,4.95,601377,4.95,4.9,4.91,,79443.0
2018-11-13 10:30,{},4.95,601377,4.95,4.9,4.91,11.8631,79443.0
2018-11-13 11:00,{},4.93,601377,5.02,4.92,4.95,33.6218,225154.0
2018-11-13 11:00,,4.93,601377,5.02,4.92,4.95,,225154.0
2018-11-13 11:30,{},4.96,601377,4.96,4.9,4.93,9.3981,62936.0
2018-11-13 11:30,,4.96,601377,4.96,4.9,4.93,,62936.0
2018-11-13 13:30,,5.0,601377,5.01,4.96,4.96,,95043.0
2018-11-13 13:30,{},5.0,601377,5.01,4.96,4.96,14.1926,95043.0
2018-11-13 14:00,,5.08,601377,5.09,4.96,5.0,,178799.0
2018-11-13 14:00,{},5.08,601377,5.09,4.96,5.0,26.6997,178799.0
2018-11-13 14:30,,5.12,601377,5.18,5.09,5.09,,385697.0
2018-11-13 14:30,{},5.12,601377,5.18,5.09,5.09,57.5953,385697.0
2018-11-13 15:00,{},5.07,601377,5.14,5.05,5.11,21.4002,143310.0
2018-11-13 15:00,,5.07,601377,5.14,5.05,5.11,,143310.0
2018-11-14 10:00,,5.01,601377,5.09,4.99,5.04,,249236.0
2018-11-14 10:00,{},5.01,601377,5.09,4.99,5.04,37.2179,249236.0
2018-11-14 10:30,{},5.02,601377,5.04,4.98,5.0,18.2913,122491.0
2018-11-14 10:30,,5.02,601377,5.04,4.98,5.0,,122491.0
2018-11-14 11:00,{},5.08,601377,5.08,5.0,5.02,11.8199,79154.0
2018-11-14 11:00,,5.08,601377,5.08,5.0,5.02,,79154.0
2018-11-14 11:30,,5.09,601377,5.1,5.05,5.08,,62027.0
2018-11-14 11:30,{},5.09,601377,5.1,5.05,5.08,9.2624,62027.0
2018-11-14 13:30,,5.05,601377,5.09,5.05,5.09,,49021.0
2018-11-14 13:30,{},5.05,601377,5.09,5.05,5.09,7.3202,49021.0
2018-11-14 14:00,{},5.0,601377,5.06,4.98,5.05,15.4112,103204.0
2018-11-14 14:00,,5.0,601377,5.06,4.98,5.05,,103204.0
2018-11-14 14:30,{},4.98,601377,5.01,4.96,5.0,9.2177,61728.0
2018-11-14 14:30,,4.98,601377,5.01,4.96,5.0,,61728.0
2018-11-14 15:00,{},5.0,601377,5.0,4.96,4.98,11.6936,78308.0
2018-11-14 15:00,,5.0,601377,5.0,4.96,4.98,,78308.0
2018-11-15 10:00,,5.05,601377,5.09,4.97,5.0,,165098.0
2018-11-15 10:00,{},5.05,601377,5.09,4.97,5.0,24.6537,165098.0
2018-11-15 10:30,,5.13,601377,5.13,5.03,5.05,,143544.0
2018-11-15 10:30,{},5.13,601377,5.13,5.03,5.05,21.4351,143544.0
2018-11-15 11:00,{},5.06,601377,5.15,5.05,5.14,19.7334,132148.0
2018-11-15 11:00,,5.06,601377,5.15,5.05,5.14,,132148.0
2018-11-15 11:30,,5.11,601377,5.11,5.05,5.06,,44069.0
2018-11-15 11:30,{},5.11,601377,5.11,5.05,5.06,6.5807,44069.0
2018-11-15 13:30,{},5.15,601377,5.16,5.1,5.11,18.1356,121448.0
2018-11-15 13:30,,5.15,601377,5.16,5.1,5.11,,121448.0
2018-11-15 14:00,{},5.13,601377,5.17,5.11,5.15,20.8904,139896.0
2018-11-15 14:00,,5.13,601377,5.17,5.11,5.15,,139896.0
2018-11-15 14:30,,5.17,601377,5.18,5.11,5.13,,112946.0
2018-11-15 14:30,{},5.17,601377,5.18,5.11,5.13,16.866,112946.0
2018-11-15 15:00,,5.16,601377,5.17,5.14,5.17,,135257.0
2018-11-15 15:00,{},5.16,601377,5.17,5.14,5.17,20.1976,135257.0
2018-11-16 10:00,,5.18,601377,5.22,5.13,5.15,,234423.0
2018-11-16 10:00,{},5.18,601377,5.22,5.13,5.15,35.0059,234423.0
2018-11-16 10:30,{},5.13,601377,5.19,5.13,5.18,12.8155,85821.0
2018-11-16 10:30,,5.13,601377,5.19,5.13,5.18,,85821.0
2018-11-16 11:00,{},5.18,601377,5.21,5.13,5.13,11.515999999999998,77119.0
2018-11-16 11:00,,5.18,601377,5.21,5.13,5.13,,77119.0
2018-11-16 11:30,{},5.34,601377,5.34,5.17,5.18,31.7526,212637.0
2018-11-16 11:30,,5.34,601377,5.34,5.17,5.18,,212637.0
2018-11-16 13:30,,5.38,601377,5.47,5.34,5.34,,315419.0
2018-11-16 13:30,{},5.38,601377,5.47,5.34,5.34,47.1009,315419.0
2018-11-16 14:00,{},5.47,601377,5.48,5.37,5.38,21.1925,141919.0
2018-11-16 14:00,,5.47,601377,5.48,5.37,5.38,,141919.0
2018-11-16 14:30,{},5.35,601377,5.47,5.33,5.47,25.0786,167943.0
2018-11-16 14:30,,5.35,601377,5.47,5.33,5.47,,167943.0
2018-11-16 15:00,,5.32,601377,5.38,5.3,5.35,,126180.0
2018-11-16 15:00,{},5.32,601377,5.38,5.3,5.35,18.8422,126180.0
2018-11-19 10:00,{},5.53,601377,5.54,5.21,5.22,61.8597,414254.0
2018-11-19 10:00,,5.53,601377,5.54,5.21,5.22,,414254.0
2018-11-19 10:30,,5.58,601377,5.63,5.44,5.53,,357618.0
2018-11-19 10:30,{},5.58,601377,5.63,5.44,5.53,53.4023,357618.0
2018-11-19 11:00,,5.61,601377,5.65,5.56,5.58,,419214.0
2018-11-19 11:00,{},5.61,601377,5.65,5.56,5.58,62.6004,419214.0
2018-11-19 11:30,,5.62,601377,5.69,5.57,5.61,,231702.0
2018-11-19 11:30,{},5.62,601377,5.69,5.57,5.61,34.5996,231702.0
2018-11-19 13:30,,5.6,601377,5.66,5.59,5.63,,70331.0
2018-11-19 13:30,{},5.6,601377,5.66,5.59,5.63,10.5024,70331.0
2018-11-19 14:00,,5.62,601377,5.71,5.6,5.61,,153351.0
2018-11-19 14:00,{},5.62,601377,5.71,5.6,5.61,22.8996,153351.0
2018-11-19 14:30,,5.68,601377,5.69,5.61,5.62,,99033.0
2018-11-19 14:30,{},5.68,601377,5.69,5.61,5.62,14.7884,99033.0
2018-11-19 15:00,,5.65,601377,5.72,5.63,5.68,,134581.0
2018-11-19 15:00,{},5.65,601377,5.72,5.63,5.68,20.0967,134581.0
2018-11-20 10:00,{},5.55,601377,5.68,5.53,5.57,51.5852,345449.0
2018-11-20 10:00,,5.55,601377,5.68,5.53,5.57,,345449.0
2018-11-20 10:30,{},5.47,601377,5.56,5.46,5.55,29.1585,195265.0
2018-11-20 10:30,,5.47,601377,5.56,5.46,5.55,,195265.0
2018-11-20 11:00,{},5.43,601377,5.52,5.42,5.47,19.1559,128281.0
2018-11-20 11:00,,5.43,601377,5.52,5.42,5.47,,128281.0
2018-11-20 11:30,{},5.4,601377,5.47,5.38,5.43,22.5763,151186.0
2018-11-20 11:30,,5.4,601377,5.47,5.38,5.43,,151186.0
2018-11-20 13:30,,5.43,601377,5.47,5.39,5.4,,55216.0
2018-11-20 13:30,{},5.43,601377,5.47,5.39,5.4,8.2453,55216.0
2018-11-20 14:00,{},5.44,601377,5.47,5.4,5.43,8.2605,55318.0
2018-11-20 14:00,,5.44,601377,5.47,5.4,5.43,,55318.0
2018-11-20 14:30,,5.4,601377,5.45,5.37,5.44,,85233.0
2018-11-20 14:30,{},5.4,601377,5.45,5.37,5.44,12.7277,85233.0
2018-11-20 15:00,{},5.34,601377,5.41,5.32,5.4,26.1858,175358.0
2018-11-20 15:00,,5.34,601377,5.41,5.32,5.4,,175358.0
2018-11-21 10:00,{},5.36,601377,5.41,5.23,5.25,41.0635,274989.0
2018-11-21 10:00,,5.36,601377,5.41,5.23,5.25,,274989.0
2018-11-21 10:30,,5.36,601377,5.45,5.33,5.36,,161101.0
2018-11-21 10:30,{},5.36,601377,5.45,5.33,5.36,24.0569,161101.0
2018-11-21 11:00,{},5.37,601377,5.37,5.26,5.36,17.6916,118475.0
2018-11-21 11:00,,5.37,601377,5.37,5.26,5.36,,118475.0
2018-11-21 11:30,,5.38,601377,5.38,5.31,5.36,,51095.0
2018-11-21 11:30,{},5.38,601377,5.38,5.31,5.36,7.6299,51095.0
2018-11-21 13:30,{},5.38,601377,5.38,5.34,5.37,4.0272,26969.0
2018-11-21 13:30,,5.38,601377,5.38,5.34,5.37,,26969.0
2018-11-21 14:00,{},5.39,601377,5.43,5.38,5.38,9.0512,60613.0
2018-11-21 14:00,,5.39,601377,5.43,5.38,5.38,,60613.0
2018-11-21 14:30,{},5.4,601377,5.42,5.37,5.39,6.4973,43510.0
2018-11-21 14:30,,5.4,601377,5.42,5.37,5.39,,43510.0
2018-11-21 15:00,{},5.43,601377,5.43,5.38,5.4,10.0984,67626.0
2018-11-21 15:00,,5.43,601377,5.43,5.38,5.4,,67626.0
2018-11-22 10:00,{},5.34,601377,5.47,5.33,5.44,22.2469,148980.0
2018-11-22 10:00,,5.34,601377,5.47,5.33,5.44,,148980.0
2018-11-22 10:30,,5.31,601377,5.35,5.29,5.34,,145847.0
2018-11-22 10:30,{},5.31,601377,5.35,5.29,5.34,21.779,145847.0
2018-11-22 11:00,,5.32,601377,5.34,5.29,5.31,,56306.0
2018-11-22 11:00,{},5.32,601377,5.34,5.29,5.31,8.4081,56306.0
2018-11-22 11:30,,5.28,601377,5.33,5.27,5.32,,61911.0
2018-11-22 11:30,{},5.28,601377,5.33,5.27,5.32,9.245,61911.0
2018-11-22 13:30,,5.26,601377,5.29,5.25,5.27,,58374.0
2018-11-22 13:30,{},5.26,601377,5.29,5.25,5.27,8.7169,58374.0
2018-11-22 14:00,{},5.34,601377,5.34,5.23,5.26,10.8951,72961.0
2018-11-22 14:00,,5.34,601377,5.34,5.23,5.26,,72961.0
2018-11-22 14:30,{},5.34,601377,5.38,5.33,5.34,14.2365,95337.0
2018-11-22 14:30,,5.34,601377,5.38,5.33,5.34,,95337.0
2018-11-22 15:00,{},5.37,601377,5.37,5.3,5.34,10.9212,73136.0
2018-11-22 15:00,,5.37,601377,5.37,5.3,5.34,,73136.0
2018-11-23 10:00,,5.29,601377,5.38,5.28,5.34,,101604.0
2018-11-23 10:00,{},5.29,601377,5.38,5.28,5.34,15.1723,101604.0
2018-11-23 10:30,,5.24,601377,5.31,5.23,5.29,,110399.0
2018-11-23 10:30,{},5.24,601377,5.31,5.23,5.29,16.4857,110399.0
2018-11-23 11:00,,5.2,601377,5.26,5.14,5.24,,162681.0
2018-11-23 11:00,{},5.2,601377,5.26,5.14,5.24,24.2928,162681.0
2018-11-23 11:30,{},5.16,601377,5.2,5.13,5.2,10.2776,68826.0
2018-11-23 11:30,,5.16,601377,5.2,5.13,5.2,,68826.0
2018-11-23 13:30,,5.09,601377,5.18,5.08,5.16,,103864.0
2018-11-23 13:30,{},5.09,601377,5.18,5.08,5.16,15.5098,103864.0
2018-11-23 14:00,{},5.05,601377,5.1,5.01,5.09,21.4989,143971.0
2018-11-23 14:00,,5.05,601377,5.1,5.01,5.09,,143971.0
2018-11-23 14:30,{},5.12,601377,5.12,5.05,5.05,12.0844,80925.0
2018-11-23 14:30,,5.12,601377,5.12,5.05,5.05,,80925.0
2018-11-23 15:00,{},5.08,601377,5.13,5.07,5.12,11.901,79697.0
2018-11-23 15:00,,5.08,601377,5.13,5.07,5.12,,79697.0
2018-11-26 10:00,{},5.08,601377,5.09,5.02,5.04,22.4361,150247.0
2018-11-26 10:00,,5.08,601377,5.09,5.02,5.04,,150247.0
2018-11-26 10:30,{},5.09,601377,5.13,5.04,5.08,13.2702,88866.0
2018-11-26 10:30,,5.09,601377,5.13,5.04,5.08,,88866.0
2018-11-26 11:00,,5.05,601377,5.1,5.03,5.09,,42071.0
2018-11-26 11:00,{},5.05,601377,5.1,5.03,5.09,6.2824,42071.0
2018-11-26 11:30,{},5.08,601377,5.1,5.04,5.05,5.6667,37948.0
2018-11-26 11:30,,5.08,601377,5.1,5.04,5.05,,37948.0
2018-11-26 13:30,{},5.02,601377,5.09,5.0,5.07,9.2867,62190.0
2018-11-26 13:30,,5.02,601377,5.09,5.0,5.07,,62190.0
2018-11-26 14:00,,4.98,601377,5.03,4.96,5.02,,73138.0
2018-11-26 14:00,{},4.98,601377,5.03,4.96,5.02,10.9215,73138.0
2018-11-26 14:30,{},4.94,601377,5.0,4.92,4.98,13.9893,93682.0
2018-11-26 14:30,,4.94,601377,5.0,4.92,4.98,,93682.0
2018-11-26 15:00,{},5.0,601377,5.01,4.94,4.94,14.739,98702.0
2018-11-26 15:00,,5.0,601377,5.01,4.94,4.94,,98702.0
2018-11-27 10:00,,5.01,601377,5.1,5.0,5.05,,94338.0
2018-11-27 10:00,{},5.01,601377,5.1,5.0,5.05,14.0873,94338.0
2018-11-27 10:30,{},5.08,601377,5.09,4.99,5.01,12.5035,83732.0
2018-11-27 10:30,,5.08,601377,5.09,4.99,5.01,,83732.0
2018-11-27 11:00,,5.04,601377,5.08,5.02,5.08,,39253.0
2018-11-27 11:00,{},5.04,601377,5.08,5.02,5.08,5.8616,39253.0
2018-11-27 11:30,{},5.04,601377,5.05,5.01,5.04,2.7263,18257.0
2018-11-27 11:30,,5.04,601377,5.05,5.01,5.04,,18257.0
2018-11-27 13:30,{},5.01,601377,5.04,5.01,5.04,4.6341,31033.0
2018-11-27 13:30,,5.01,601377,5.04,5.01,5.04,,31033.0
2018-11-27 14:00,{},4.98,601377,5.02,4.97,5.01,5.8239,39001.0
2018-11-27 14:00,,4.98,601377,5.02,4.97,5.01,,39001.0
2018-11-27 14:30,{},4.97,601377,4.98,4.94,4.98,9.1722,61423.0
2018-11-27 14:30,,4.97,601377,4.98,4.94,4.98,,61423.0
2018-11-27 15:00,,5.01,601377,5.01,4.96,4.97,,62457.0
2018-11-27 15:00,{},5.01,601377,5.01,4.96,4.97,9.3266,62457.0
2018-11-28 10:00,{},4.97,601377,5.03,4.96,5.0,8.5247,57087.0
2018-11-28 10:00,,4.97,601377,5.03,4.96,5.0,,57087.0
2018-11-28 10:30,,5.05,601377,5.07,4.96,4.97,,100916.0
2018-11-28 10:30,{},5.05,601377,5.07,4.96,4.97,15.0696,100916.0
2018-11-28 11:00,,5.17,601377,5.22,5.05,5.05,,247693.0
2018-11-28 11:00,{},5.17,601377,5.22,5.05,5.05,36.9875,247693.0
2018-11-28 11:30,,5.19,601377,5.22,5.17,5.17,,133683.0
2018-11-28 11:30,{},5.19,601377,5.22,5.17,5.17,19.9626,133683.0
2018-11-28 13:30,,5.16,601377,5.21,5.15,5.19,,72675.0
2018-11-28 13:30,{},5.16,601377,5.21,5.15,5.19,10.8524,72675.0
2018-11-28 14:00,{},5.19,601377,5.2,5.15,5.16,9.2531,61965.0
2018-11-28 14:00,,5.19,601377,5.2,5.15,5.16,,61965.0
2018-11-28 14:30,{},5.18,601377,5.19,5.16,5.19,5.364,35921.0
2018-11-28 14:30,,5.18,601377,5.19,5.16,5.19,,35921.0
2018-11-28 15:00,{},5.2,601377,5.21,5.16,5.18,10.6631,71407.0
2018-11-28 15:00,,5.2,601377,5.21,5.16,5.18,,71407.0
2018-11-29 10:00,,5.21,601377,5.28,5.18,5.24,,188603.0
2018-11-29 10:00,{},5.21,601377,5.28,5.18,5.24,28.1637,188603.0
2018-11-29 10:30,,5.16,601377,5.23,5.15,5.21,,59940.0
2018-11-29 10:30,{},5.16,601377,5.23,5.15,5.21,8.9507,59940.0
2018-11-29 11:00,{},5.2,601377,5.2,5.14,5.16,7.1979,48202.0
2018-11-29 11:00,,5.2,601377,5.2,5.14,5.16,,48202.0
2018-11-29 11:30,{},5.19,601377,5.21,5.17,5.2,4.1536,27815.0
2018-11-29 11:30,,5.19,601377,5.21,5.17,5.2,,27815.0
2018-11-29 13:30,,5.16,601377,5.2,5.15,5.19,,27309.0
2018-11-29 13:30,{},5.16,601377,5.2,5.15,5.19,4.078,27309.0
2018-11-29 14:00,,5.14,601377,5.16,5.11,5.15,,43964.0
2018-11-29 14:00,{},5.14,601377,5.16,5.11,5.15,6.5651,43964.0
2018-11-29 14:30,,5.05,601377,5.15,5.02,5.14,,123307.0
2018-11-29 14:30,{},5.05,601377,5.15,5.02,5.14,18.4132,123307.0
2018-11-29 15:00,,5.0,601377,5.08,5.0,5.05,,123442.0
2018-11-29 15:00,{},5.0,601377,5.08,5.0,5.05,18.4333,123442.0
2018-11-30 10:00,{},4.99,601377,5.02,4.93,4.93,18.9954,127206.0
2018-11-30 10:00,,4.99,601377,5.02,4.93,4.93,,127206.0
2018-11-30 10:30,,4.96,601377,4.99,4.94,4.99,,43065.0
2018-11-30 10:30,{},4.96,601377,4.99,4.94,4.99,6.4308,43065.0
2018-11-30 11:00,{},5.0,601377,5.02,4.93,4.96,8.5354,57159.0
2018-11-30 11:00,,5.0,601377,5.02,4.93,4.96,,57159.0
2018-11-30 11:30,,4.97,601377,5.03,4.96,5.0,,23963.0
2018-11-30 11:30,{},4.97,601377,5.03,4.96,5.0,3.5783,23963.0
2018-11-30 13:30,{},4.93,601377,4.98,4.91,4.97,7.989,53500.0
2018-11-30 13:30,,4.93,601377,4.98,4.91,4.97,,53500.0
2018-11-30 14:00,{},4.97,601377,4.99,4.92,4.93,4.631,31012.0
2018-11-30 14:00,,4.97,601377,4.99,4.92,4.93,,31012.0
2018-11-30 14:30,{},5.06,601377,5.06,4.96,4.97,9.232000000000001,61824.0
2018-11-30 14:30,{},5.06,601377,5.06,4.96,4.97,9.232,61824.0
2018-11-30 14:30,,5.06,601377,5.06,4.96,4.97,,61824.0
2018-11-30 15:00,{},5.06,601377,5.1,5.05,5.06,13.1041,87754.0
2018-11-30 15:00,,5.06,601377,5.1,5.05,5.06,,87754.0
2018-12-03 10:00,{},5.26,601377,5.39,5.19,5.29,63.245,423531.0
2018-12-03 10:00,,5.26,601377,5.39,5.19,5.29,,423531.0
2018-12-03 10:30,{},5.28,601377,5.32,5.23,5.26,20.8937,139918.0
2018-12-03 10:30,,5.28,601377,5.32,5.23,5.26,,139918.0
2018-12-03 11:00,{},5.27,601377,5.3,5.25,5.28,5.8244,39004.0
2018-12-03 11:00,,5.27,601377,5.3,5.25,5.28,,39004.0
2018-12-03 11:30,,5.28,601377,5.29,5.25,5.27,,34418.0
2018-12-03 11:30,{},5.28,601377,5.29,5.25,5.27,5.1396,34418.0
2018-12-03 13:30,{},5.22,601377,5.29,5.22,5.28,7.5064,50268.0
2018-12-03 13:30,,5.22,601377,5.29,5.22,5.28,,50268.0
2018-12-03 14:00,{},5.24,601377,5.24,5.21,5.22,7.657999999999999,51283.0
2018-12-03 14:00,,5.24,601377,5.24,5.21,5.22,,51283.0
2018-12-03 14:30,{},5.22,601377,5.26,5.21,5.24,10.3292,69171.0
2018-12-03 14:30,,5.22,601377,5.26,5.21,5.24,,69171.0
2018-12-03 15:00,,5.24,601377,5.24,5.2,5.22,,91132.0
2018-12-03 15:00,{},5.24,601377,5.24,5.2,5.22,13.6086,91132.0
2018-12-04 10:00,,5.27,601377,5.31,5.19,5.21,,152617.0
2018-12-04 10:00,{},5.27,601377,5.31,5.19,5.21,22.79,152617.0
2018-12-04 10:30,,5.24,601377,5.28,5.22,5.28,,58990.0
2018-12-04 10:30,{},5.24,601377,5.28,5.22,5.28,8.8089,58990.0
2018-12-04 11:00,{},5.23,601377,5.26,5.23,5.24,5.0201,33618.0
2018-12-04 11:00,,5.23,601377,5.26,5.23,5.24,,33618.0
2018-12-04 11:30,,5.23,601377,5.25,5.21,5.23,,37467.0
2018-12-04 11:30,{},5.23,601377,5.25,5.21,5.23,5.5949,37467.0
2018-12-04 13:30,,5.19,601377,5.23,5.18,5.23,,61927.0
2018-12-04 13:30,{},5.19,601377,5.23,5.18,5.23,9.2474,61927.0
2018-12-04 14:00,,5.21,601377,5.22,5.16,5.19,,54341.0
2018-12-04 14:00,{},5.21,601377,5.22,5.16,5.19,8.1146,54341.0
2018-12-04 14:30,{},5.27,601377,5.27,5.19,5.21,10.2409,68580.0
2018-12-04 14:30,,5.27,601377,5.27,5.19,5.21,,68580.0
2018-12-04 15:00,{},5.28,601377,5.28,5.25,5.27,14.9809,100322.0
2018-12-04 15:00,,5.28,601377,5.28,5.25,5.27,,100322.0
2018-12-05 10:00,,5.22,601377,5.22,5.16,5.18,,125271.0
2018-12-05 10:00,{},5.22,601377,5.22,5.16,5.18,18.7065,125271.0
2018-12-05 10:30,{},5.21,601377,5.22,5.18,5.21,7.1259,47720.0
2018-12-05 10:30,,5.21,601377,5.22,5.18,5.21,,47720.0
2018-12-05 11:00,{},5.21,601377,5.22,5.19,5.21,4.6613,31215.0
2018-12-05 11:00,,5.21,601377,5.22,5.19,5.21,,31215.0
2018-12-05 11:30,{},5.25,601377,5.25,5.2,5.21,5.9866,40090.0
2018-12-05 11:30,,5.25,601377,5.25,5.2,5.21,,40090.0
2018-12-05 13:30,{},5.21,601377,5.27,5.19,5.26,7.3413,49162.0
2018-12-05 13:30,,5.21,601377,5.27,5.19,5.26,,49162.0
2018-12-05 14:00,{},5.19,601377,5.22,5.18,5.21,5.5266,37010.0
2018-12-05 14:00,,5.19,601377,5.22,5.18,5.21,,37010.0
2018-12-05 14:30,{},5.19,601377,5.22,5.17,5.19,5.8905,39447.0
2018-12-05 14:30,,5.19,601377,5.22,5.17,5.19,,39447.0
2018-12-05 15:00,,5.2,601377,5.21,5.18,5.19,,54559.0
2018-12-05 15:00,{},5.2,601377,5.21,5.18,5.19,8.1472,54559.0
2018-12-06 10:00,,5.12,601377,5.17,5.1,5.16,,86263.0
2018-12-06 10:00,{},5.12,601377,5.17,5.1,5.16,12.8815,86263.0
2018-12-06 10:30,,5.11,601377,5.15,5.1,5.12,,47940.0
2018-12-06 10:30,{},5.11,601377,5.15,5.1,5.12,7.1588,47940.0
2018-12-06 11:00,{},5.11,601377,5.13,5.11,5.11,3.69,24711.0
2018-12-06 11:00,,5.11,601377,5.13,5.11,5.11,,24711.0
2018-12-06 11:30,{},5.08,601377,5.12,5.06,5.11,9.0181,60391.0
2018-12-06 11:30,,5.08,601377,5.12,5.06,5.11,,60391.0
2018-12-06 13:30,,5.04,601377,5.08,5.04,5.08,,46344.0
2018-12-06 13:30,{},5.04,601377,5.08,5.04,5.08,6.9205,46344.0
2018-12-06 14:00,{},5.04,601377,5.07,5.03,5.04,9.392,62895.0
2018-12-06 14:00,{},5.04,601377,5.07,5.03,5.04,9.392000000000001,62895.0
2018-12-06 14:00,,5.04,601377,5.07,5.03,5.04,,62895.0
2018-12-06 14:30,,5.03,601377,5.05,5.02,5.04,,34985.0
2018-12-06 14:30,{},5.03,601377,5.05,5.02,5.04,5.2242,34985.0
2018-12-06 15:00,{},5.02,601377,5.08,5.02,5.03,15.1868,101701.0
2018-12-06 15:00,,5.02,601377,5.08,5.02,5.03,,101701.0
2018-12-07 10:00,,5.07,601377,5.08,5.02,5.02,,86662.0
2018-12-07 10:00,{},5.07,601377,5.08,5.02,5.02,12.9411,86662.0
2018-12-07 10:30,,5.04,601377,5.07,5.04,5.07,,27535.0
2018-12-07 10:30,{},5.04,601377,5.07,5.04,5.07,4.1117,27535.0
2018-12-07 11:00,{},5.03,601377,5.05,5.03,5.04,2.1881,14653.0
2018-12-07 11:00,,5.03,601377,5.05,5.03,5.04,,14653.0
2018-12-07 11:30,,5.06,601377,5.07,5.03,5.03,,26403.0
2018-12-07 11:30,{},5.06,601377,5.07,5.03,5.03,3.9427,26403.0
2018-12-07 13:30,{},5.07,601377,5.08,5.03,5.06,5.9097,39575.0
2018-12-07 13:30,,5.07,601377,5.08,5.03,5.06,,39575.0
2018-12-07 14:00,,5.06,601377,5.07,5.05,5.07,,8531.0
2018-12-07 14:00,{},5.06,601377,5.07,5.05,5.07,1.2739,8531.0
2018-12-07 14:30,,5.05,601377,5.08,5.04,5.06,,31630.0
2018-12-07 14:30,{},5.05,601377,5.08,5.04,5.06,4.7232,31630.0
2018-12-07 15:00,{},5.04,601377,5.06,5.03,5.05,6.0747,40680.0
2018-12-07 15:00,,5.04,601377,5.06,5.03,5.05,,40680.0
2018-12-10 10:00,{},5.02,601377,5.05,4.97,4.99,6.6496,44530.0
2018-12-10 10:00,,5.02,601377,5.05,4.97,4.99,,44530.0
2018-12-10 10:30,{},4.99,601377,5.03,4.96,5.02,8.4521,56601.0
2018-12-10 10:30,,4.99,601377,5.03,4.96,5.02,,56601.0
2018-12-10 11:00,,4.98,601377,5.0,4.96,4.99,,24295.0
2018-12-10 11:00,{},4.98,601377,5.0,4.96,4.99,3.6279,24295.0
2018-12-10 11:30,{},4.97,601377,4.99,4.96,4.98,3.01,20157.0
2018-12-10 11:30,,4.97,601377,4.99,4.96,4.98,,20157.0
2018-12-10 13:30,,4.97,601377,4.98,4.96,4.97,,16873.0
2018-12-10 13:30,{},4.97,601377,4.98,4.96,4.97,2.5196,16873.0
2018-12-10 14:00,,4.97,601377,4.98,4.94,4.97,,30711.0
2018-12-10 14:00,{},4.97,601377,4.98,4.94,4.97,4.586,30711.0
2018-12-10 14:30,,5.03,601377,5.04,4.97,4.97,,43276.0
2018-12-10 14:30,{},5.03,601377,5.04,4.97,4.97,6.4623,43276.0
2018-12-10 15:00,{},5.01,601377,5.04,5.0,5.03,5.318,35613.0
2018-12-10 15:00,,5.01,601377,5.04,5.0,5.03,,35613.0
2018-12-11 10:00,,5.01,601377,5.05,4.99,5.03,,49140.0
2018-12-11 10:00,{},5.01,601377,5.05,4.99,5.03,7.337999999999999,49140.0
2018-12-11 10:30,,5.0,601377,5.01,4.99,5.01,,14444.0
2018-12-11 10:30,{},5.0,601377,5.01,4.99,5.01,2.1569,14444.0
2018-12-11 11:00,,4.98,601377,5.02,4.98,5.0,,28432.0
2018-12-11 11:00,{},4.98,601377,5.02,4.98,5.0,4.2457,28432.0
2018-12-11 11:30,,4.98,601377,5.02,4.97,4.98,,51284.0
2018-12-11 11:30,{},4.98,601377,5.02,4.97,4.98,7.6581,51284.0
2018-12-11 13:30,,4.97,601377,4.99,4.96,4.98,,40083.0
2018-12-11 13:30,{},4.97,601377,4.99,4.96,4.98,5.9855,40083.0
2018-12-11 14:00,,4.94,601377,4.98,4.93,4.97,,59188.0
2018-12-11 14:00,{},4.94,601377,4.98,4.93,4.97,8.8384,59188.0
2018-12-11 14:30,,4.95,601377,4.96,4.92,4.95,,43891.0
2018-12-11 14:30,{},4.95,601377,4.96,4.92,4.95,6.5542,43891.0
2018-12-11 15:00,{},4.98,601377,5.0,4.94,4.95,6.1967,41497.0
2018-12-11 15:00,,4.98,601377,5.0,4.94,4.95,,41497.0
2018-12-12 10:00,,5.03,601377,5.06,4.98,5.0,,99824.0
2018-12-12 10:00,{},5.03,601377,5.06,4.98,5.0,14.9065,99824.0
2018-12-12 10:30,{},5.01,601377,5.03,4.99,5.03,5.2638,35250.0
2018-12-12 10:30,,5.01,601377,5.03,4.99,5.03,,35250.0
2018-12-12 11:00,,4.99,601377,5.01,4.99,5.01,,14802.0
2018-12-12 11:00,{},4.99,601377,5.01,4.99,5.01,2.2104,14802.0
2018-12-12 11:30,{},5.0,601377,5.01,4.99,4.99,2.2559,15107.0
2018-12-12 11:30,,5.0,601377,5.01,4.99,4.99,,15107.0
2018-12-12 13:30,{},5.02,601377,5.02,4.99,5.0,1.7494,11715.0
2018-12-12 13:30,,5.02,601377,5.02,4.99,5.0,,11715.0
2018-12-12 14:00,{},4.99,601377,5.02,4.99,5.02,2.4199,16205.0
2018-12-12 14:00,,4.99,601377,5.02,4.99,5.02,,16205.0
2018-12-12 14:30,,5.01,601377,5.02,4.98,4.99,,22151.0
2018-12-12 14:30,{},5.01,601377,5.02,4.98,4.99,3.3078,22151.0
2018-12-12 15:00,{},4.99,601377,5.02,4.99,5.01,3.858,25836.0
2018-12-12 15:00,,4.99,601377,5.02,4.99,5.01,,25836.0
2018-12-13 10:00,,4.98,601377,5.02,4.94,5.02,,48299.0
2018-12-13 10:00,{},4.98,601377,5.02,4.94,5.02,7.2124,48299.0
2018-12-13 10:30,{},5.06,601377,5.06,4.97,4.98,9.3512,62622.0
2018-12-13 10:30,,5.06,601377,5.06,4.97,4.98,,62622.0
2018-12-13 11:00,{},5.1,601377,5.12,5.05,5.07,20.6641,138381.0
2018-12-13 11:00,,5.1,601377,5.12,5.05,5.07,,138381.0
2018-12-13 11:30,{},5.1,601377,5.12,5.07,5.1,9.7453,65261.0
2018-12-13 11:30,,5.1,601377,5.12,5.07,5.1,,65261.0
2018-12-13 13:30,{},5.08,601377,5.12,5.08,5.1,8.1182,54365.0
2018-12-13 13:30,,5.08,601377,5.12,5.08,5.1,,54365.0
2018-12-13 14:00,,5.07,601377,5.1,5.07,5.08,,33810.0
2018-12-13 14:00,{},5.07,601377,5.1,5.07,5.08,5.0488,33810.0
2018-12-13 14:30,{},5.08,601377,5.11,5.07,5.07,4.9251,32982.0
2018-12-13 14:30,,5.08,601377,5.11,5.07,5.07,,32982.0
2018-12-13 15:00,,5.08,601377,5.09,5.07,5.08,,29064.0
2018-12-13 15:00,{},5.08,601377,5.09,5.07,5.08,4.3401,29064.0
2018-12-14 10:00,{},5.03,601377,5.07,5.02,5.06,8.0422,53856.0
2018-12-14 10:30,{},5.01,601377,5.04,5.01,5.03,4.6278,30991.0
2018-12-14 11:00,{},5.0,601377,5.02,4.98,5.01,7.1001,47547.0
2018-12-14 11:30,{},5.01,601377,5.02,5.0,5.0,3.1398,21026.0
2018-12-14 13:30,{},5.0,601377,5.01,4.99,5.01,3.2809,21971.0
2018-12-14 14:00,{},4.97,601377,5.0,4.97,5.0,4.6623,31222.0
2018-12-14 14:30,{},4.97,601377,4.99,4.96,4.97,5.4935,36788.0
2018-12-14 15:00,{},4.92,601377,4.97,4.92,4.97,11.3879,76261.0
2018-12-17 10:00,{},4.88,601377,4.94,4.88,4.9,11.2735,75495.0
2018-12-17 10:30,{},4.9,601377,4.91,4.86,4.88,7.8503,52571.0
2018-12-17 11:00,{},4.95,601377,4.95,4.89,4.9,5.7997,38839.0
2018-12-17 11:30,{},4.93,601377,4.95,4.92,4.95,3.3102,22167.0
2018-12-17 13:30,{},4.93,601377,4.94,4.91,4.93,2.9731,19910.0
2018-12-17 14:00,{},4.93,601377,4.94,4.92,4.93,3.0905,20696.0
2018-12-17 14:30,{},4.91,601377,4.94,4.91,4.93,2.8716,19230.0
2018-12-17 15:00,{},4.94,601377,4.94,4.9,4.91,3.8760000000000003,25956.0
2018-12-17 15:00,{},4.94,601377,4.94,4.9,4.91,3.876,25956.0
2018-12-18 10:00,{},4.94,601377,4.95,4.89,4.9,7.3492,49215.0
2018-12-18 10:30,{},4.89,601377,4.95,4.88,4.94,5.6539,37862.0
2018-12-18 11:00,{},4.86,601377,4.91,4.85,4.9,9.8595,66026.0
2018-12-18 11:30,{},4.83,601377,4.87,4.82,4.86,8.9562,59977.0
2018-12-18 13:30,{},4.85,601377,4.86,4.83,4.83,3.2892,22027.0
2018-12-18 14:00,{},4.84,601377,4.86,4.84,4.85,2.1485,14388.0
2018-12-18 14:30,{},4.87,601377,4.87,4.83,4.84,9.2543,61973.0
2018-12-18 15:00,{},4.83,601377,4.89,4.83,4.87,6.8943,46169.0
2018-12-19 10:00,{},4.85,601377,4.86,4.83,4.85,4.3260000000000005,28970.0
2018-12-19 10:30,{},4.83,601377,4.85,4.83,4.85,2.3407,15675.0
2018-12-19 11:00,{},4.84,601377,4.85,4.82,4.83,2.5575,17127.0
2018-12-19 11:30,{},4.87,601377,4.88,4.84,4.84,6.0224,40330.0
2018-12-19 13:30,{},4.85,601377,4.87,4.84,4.87,2.7575,18466.0
2018-12-19 14:00,{},4.85,601377,4.87,4.84,4.85,1.9943,13355.0
2018-12-19 14:30,{},4.84,601377,4.86,4.83,4.85,2.7143,18177.0
2018-12-19 15:00,{},4.81,601377,4.84,4.81,4.84,7.0526,47229.0
2018-12-20 10:00,{},4.84,601377,4.86,4.8,4.81,6.4495,43190.0
2018-12-20 10:30,{},4.84,601377,4.88,4.83,4.84,5.9909,40119.0
2018-12-20 11:00,{},4.84,601377,4.86,4.83,4.84,2.6668,17859.0
2018-12-20 11:30,{},4.82,601377,4.85,4.82,4.84,2.7351,18316.0
2018-12-20 13:30,{},4.81,601377,4.84,4.81,4.82,3.8991,26111.0
2018-12-20 14:00,{},4.91,601377,4.96,4.8,4.81,14.4146,96530.0
2018-12-20 14:30,{},4.88,601377,4.92,4.87,4.92,6.9484,46531.0
2018-12-20 15:00,{},4.89,601377,4.89,4.87,4.88,5.1644,34584.0
2018-12-21 10:00,{},4.84,601377,4.88,4.82,4.86,8.1333,54466.0
2018-12-21 10:30,{},4.85,601377,4.87,4.82,4.84,4.3325,29013.0
2018-12-21 11:00,{},4.83,601377,4.86,4.81,4.84,4.0778,27308.0
2018-12-21 11:30,{},4.82,601377,4.85,4.8,4.83,4.2687,28586.0
2018-12-21 13:30,{},4.82,601377,4.83,4.8,4.82,2.4918,16687.0
2018-12-21 14:00,{},4.8,601377,4.83,4.78,4.82,4.9012,32822.0
2018-12-21 14:30,{},4.81,601377,4.82,4.79,4.8,3.7632,25201.0
2018-12-21 15:00,{},4.82,601377,4.82,4.79,4.81,6.4525,43210.0
2018-12-24 10:00,{},4.83,601377,4.85,4.78,4.81,6.4899,43461.0
2018-12-24 10:30,{},4.83,601377,4.85,4.82,4.83,3.6033,24130.0
2018-12-24 11:00,{},4.81,601377,4.84,4.78,4.83,6.7722,45351.0
2018-12-24 11:30,{},4.8,601377,4.82,4.79,4.81,1.8927,12675.0
2018-12-24 13:30,{},4.81,601377,4.82,4.79,4.8,2.129,14257.0
2018-12-24 14:00,{},4.78,601377,4.81,4.77,4.81,3.7804,25316.0
2018-12-24 14:30,{},4.78,601377,4.79,4.76,4.78,3.1039,20786.0
2018-12-24 15:00,{},4.8,601377,4.81,4.77,4.78,4.0775,27306.0
2018-12-25 10:00,{},4.62,601377,4.74,4.59,4.74,21.3048,142671.0
2018-12-25 10:30,{},4.52,601377,4.63,4.5,4.62,13.9141,93178.0
2018-12-25 11:00,{},4.55,601377,4.57,4.51,4.52,6.2213,41662.0
2018-12-25 11:30,{},4.57,601377,4.57,4.53,4.55,2.739,18342.0
2018-12-25 13:30,{},4.55,601377,4.57,4.53,4.57,5.6132,37590.0
2018-12-25 14:00,{},4.61,601377,4.63,4.54,4.55,5.9628,39931.0
2018-12-25 14:30,{},4.63,601377,4.66,4.61,4.61,6.6128,44284.0
2018-12-25 15:00,{},4.64,601377,4.66,4.62,4.63,4.6831,31361.0
2018-12-26 10:00,{},4.62,601377,4.65,4.6,4.64,5.8931,39464.0
2018-12-26 10:30,{},4.59,601377,4.62,4.59,4.62,3.1422,21042.0
2018-12-26 11:00,{},4.59,601377,4.61,4.58,4.59,3.2034,21452.0
2018-12-26 11:30,{},4.6,601377,4.62,4.58,4.59,2.4714,16550.0
2018-12-26 13:30,{},4.56,601377,4.6,4.54,4.6,5.6737,37995.0
2018-12-26 14:00,{},4.56,601377,4.57,4.55,4.56,4.2502,28462.0
2018-12-26 14:30,{},4.58,601377,4.59,4.55,4.56,3.6717,24588.0
2018-12-26 15:00,{},4.57,601377,4.59,4.56,4.58,5.3821,36042.0
2018-12-27 10:00,{},4.64,601377,4.68,4.61,4.65,15.6944,105100.0
2018-12-27 10:30,{},4.6,601377,4.63,4.58,4.63,7.8351,52469.0
2018-12-27 11:00,{},4.6,601377,4.63,4.59,4.6,2.9309,19627.0
2018-12-27 11:30,{},4.6,601377,4.61,4.59,4.6,1.9459,13031.0
2018-12-27 13:30,{},4.59,601377,4.61,4.59,4.6,3.2589,21824.0
2018-12-27 14:00,{},4.59,601377,4.61,4.59,4.59,3.0938,20718.0
2018-12-27 14:30,{},4.57,601377,4.6,4.57,4.59,3.3512,22442.0
2018-12-27 15:00,{},4.56,601377,4.59,4.56,4.57,5.3225,35643.0
2018-12-28 10:00,{},4.63,601377,4.63,4.57,4.57,6.6842,44762.0
2018-12-28 10:30,{},4.73,601377,4.73,4.61,4.63,20.6803,138489.0
2018-12-28 11:00,{},4.7,601377,4.75,4.68,4.73,10.1177,67755.0
2018-12-28 11:30,{},4.65,601377,4.71,4.65,4.7,3.5579,23826.0
2018-12-28 13:30,{},4.65,601377,4.67,4.63,4.65,5.0104,33553.0
2018-12-28 14:00,{},4.66,601377,4.66,4.64,4.65,2.2631,15155.0
2018-12-28 14:30,{},4.63,601377,4.66,4.61,4.66,6.5188,43654.0
2018-12-28 15:00,{},4.64,601377,4.65,4.62,4.64,5.8407,39113.0
2019-01-02 10:00,{},4.43,601377,4.58,4.4,4.54,39.5837,265079.0
2019-01-02 10:30,{},4.47,601377,4.48,4.43,4.43,6.6648,44632.0
2019-01-02 11:00,{},4.48,601377,4.49,4.45,4.47,4.7098,31540.0
2019-01-02 11:30,{},4.46,601377,4.48,4.45,4.48,2.898,19407.0
2019-01-02 13:30,{},4.44,601377,4.47,4.44,4.46,2.4626,16491.0
2019-01-02 14:00,{},4.46,601377,4.49,4.43,4.44,4.352,29144.0
2019-01-02 14:30,{},4.52,601377,4.53,4.45,4.46,8.5075,56972.0
2019-01-02 15:00,{},4.49,601377,4.53,4.49,4.52,4.8547,32510.0
2019-01-03 10:00,{},4.65,601377,4.66,4.47,4.48,21.8689,146449.0
2019-01-03 10:30,{},4.66,601377,4.73,4.65,4.65,25.4522,170445.0
2019-01-03 11:00,{},4.6,601377,4.66,4.59,4.66,8.0618,53987.0
2019-01-03 11:30,{},4.62,601377,4.64,4.57,4.6,5.3474,35810.0
2019-01-03 13:30,{},4.6,601377,4.63,4.58,4.62,4.0616,27199.0
2019-01-03 14:00,{},4.63,601377,4.65,4.59,4.6,3.6549,24476.0
2019-01-03 14:30,{},4.61,601377,4.64,4.6,4.63,4.1098,27522.0
2019-01-03 15:00,{},4.62,601377,4.63,4.6,4.61,4.8214,32287.0
2019-01-04 10:00,{},4.67,601377,4.72,4.55,4.56,22.4268,150185.0
2019-01-04 10:30,{},4.68,601377,4.69,4.6,4.67,10.8148,72423.0
2019-01-04 11:00,{},4.82,601377,4.88,4.68,4.68,31.7918,212899.0
2019-01-04 11:30,{},5.03,601377,5.03,4.81,4.83,31.9233,213780.0
2019-01-04 13:30,{},4.98,601377,5.08,4.97,5.03,43.1535,288985.0
2019-01-04 14:00,{},4.97,601377,5.0,4.94,4.98,9.8801,66164.0
2019-01-04 14:30,{},4.99,601377,5.02,4.95,4.97,7.5337,50451.0
2019-01-04 15:00,{},5.06,601377,5.06,4.99,5.0,17.0921,114460.0
2019-01-07 10:00,{},5.06,601377,5.1,4.96,5.07,43.9941,294614.0
2019-01-07 10:30,{},5.06,601377,5.09,5.03,5.06,18.4598,123619.0
2019-01-07 11:00,{},5.19,601377,5.2,5.05,5.06,29.0332,194426.0
2019-01-07 11:30,{},5.12,601377,5.2,5.1,5.19,11.5771,77528.0
2019-01-07 13:30,{},5.1,601377,5.14,5.09,5.13,7.0929,47499.0
2019-01-07 14:00,{},5.1,601377,5.12,5.07,5.1,8.4673,56703.0
2019-01-07 14:30,{},5.07,601377,5.1,5.04,5.1,14.0186,93878.0
2019-01-07 15:00,{},5.09,601377,5.09,5.05,5.07,11.0217,73809.0
2019-01-08 10:00,{},5.08,601377,5.08,5.0,5.05,16.1155,107920.0
2019-01-08 10:30,{},5.04,601377,5.08,5.02,5.08,8.3352,55818.0
2019-01-08 11:00,{},5.19,601377,5.26,5.04,5.04,47.2191,316211.0
2019-01-08 11:30,{},5.19,601377,5.22,5.16,5.19,10.3499,69310.0
2019-01-08 13:30,{},5.19,601377,5.21,5.16,5.19,7.4921,50172.0
2019-01-08 14:00,{},5.15,601377,5.2,5.15,5.19,5.4016,36173.0
2019-01-08 14:30,{},5.16,601377,5.18,5.14,5.15,5.32,35626.0
2019-01-08 15:00,{},5.12,601377,5.17,5.11,5.16,9.5107,63690.0
2019-01-09 10:00,{},5.3,601377,5.3,5.14,5.15,36.4303,243962.0
2019-01-09 10:30,{},5.26,601377,5.35,5.24,5.3,28.6378,191778.0
2019-01-09 11:00,{},5.3,601377,5.38,5.26,5.26,37.714,252558.0
2019-01-09 11:30,{},5.26,601377,5.32,5.26,5.3,11.0428,73950.0
2019-01-09 13:30,{},5.28,601377,5.28,5.25,5.26,7.2003,48218.0
2019-01-09 14:00,{},5.25,601377,5.28,5.24,5.28,9.6361,64530.0
2019-01-09 14:30,{},5.24,601377,5.29,5.24,5.25,12.466,83481.0
2019-01-09 15:00,{},5.21,601377,5.26,5.19,5.24,16.2587,108879.0
2019-01-10 10:00,{},5.19,601377,5.24,5.14,5.15,27.9702,187307.0
2019-01-10 10:30,{},5.18,601377,5.22,5.18,5.19,9.8619,66042.0
2019-01-10 11:00,{},5.18,601377,5.19,5.15,5.18,11.8713,79498.0
2019-01-10 11:30,{},5.22,601377,5.24,5.15,5.18,11.4729,76830.0
2019-01-10 13:30,{},5.17,601377,5.22,5.16,5.22,4.88,32680.0
2019-01-10 14:00,{},5.19,601377,5.21,5.16,5.18,6.8894,46136.0
2019-01-10 14:30,{},5.16,601377,5.2,5.14,5.18,11.2819,75551.0
2019-01-10 15:00,{},5.1,601377,5.16,5.07,5.15,24.73,165609.0
2019-01-11 10:00,{},5.3,601377,5.42,5.13,5.15,56.585,378931.0
2019-01-11 10:30,{},5.2,601377,5.34,5.19,5.3,21.6074,144698.0
2019-01-11 11:00,{},5.22,601377,5.24,5.17,5.2,12.7872,85632.0
2019-01-11 11:30,{},5.19,601377,5.25,5.18,5.22,6.7059,44907.0
2019-01-11 13:30,{},5.25,601377,5.28,5.19,5.19,8.2835,55472.0
2019-01-11 14:00,{},5.22,601377,5.25,5.2,5.25,6.9678,46661.0
2019-01-11 14:30,{},5.21,601377,5.24,5.2,5.22,4.9305,33018.0
2019-01-11 15:00,{},5.23,601377,5.24,5.2,5.21,11.4635,76767.0
2019-01-14 10:00,{},5.2,601377,5.3,5.17,5.28,22.4102,150074.0
2019-01-14 10:30,{},5.2,601377,5.25,5.18,5.19,7.3753,49390.0
2019-01-14 11:00,{},5.16,601377,5.23,5.14,5.2,11.2771,75519.0
2019-01-14 11:30,{},5.16,601377,5.16,5.11,5.16,10.738,71909.0
2019-01-14 13:30,{},5.16,601377,5.18,5.14,5.16,5.8327,39060.0
2019-01-14 14:00,{},5.15,601377,5.17,5.13,5.16,4.6522,31154.0
2019-01-14 14:30,{},5.11,601377,5.16,5.11,5.15,8.5547,57288.0
2019-01-14 15:00,{},5.15,601377,5.15,5.1,5.11,12.343,82657.0
2019-01-15 10:00,{},5.19,601377,5.25,5.15,5.18,21.6448,144948.0
2019-01-15 10:30,{},5.25,601377,5.3,5.18,5.19,29.0864,194782.0
2019-01-15 11:00,{},5.2,601377,5.27,5.2,5.26,10.7253,71824.0
2019-01-15 11:30,{},5.25,601377,5.26,5.2,5.2,6.4823,43410.0
2019-01-15 13:30,{},5.25,601377,5.28,5.24,5.26,14.6467,98084.0
2019-01-15 14:00,{},5.3,601377,5.32,5.23,5.25,20.8218,139437.0
2019-01-15 14:30,{},5.26,601377,5.31,5.25,5.3,11.6143,77777.0
2019-01-15 15:00,{},5.24,601377,5.27,5.24,5.26,11.6528,78035.0
2019-01-16 10:00,{},5.18,601377,5.24,5.17,5.2,21.6031,144669.0
2019-01-16 10:30,{},5.18,601377,5.19,5.16,5.18,10.9029,73013.0
2019-01-16 11:00,{},5.15,601377,5.18,5.13,5.18,11.3259,75846.0
2019-01-16 11:30,{},5.16,601377,5.18,5.13,5.15,5.8889999999999985,39437.0
2019-01-16 11:30,{},5.16,601377,5.18,5.13,5.15,5.888999999999999,39437.0
2019-01-16 13:30,{},5.15,601377,5.17,5.14,5.16,2.8919,19366.0
2019-01-16 14:00,{},5.16,601377,5.17,5.13,5.15,6.2433,41809.0
2019-01-16 14:30,{},5.19,601377,5.19,5.14,5.16,6.9569,46588.0
2019-01-16 15:00,{},5.19,601377,5.19,5.15,5.19,8.2654,55351.0
2019-01-17 10:00,{},5.15,601377,5.19,5.13,5.18,11.1067,74378.0
2019-01-17 10:30,{},5.13,601377,5.17,5.12,5.15,6.1402,41119.0
2019-01-17 11:00,{},5.17,601377,5.17,5.11,5.13,6.4432,43148.0
2019-01-17 11:30,{},5.21,601377,5.22,5.15,5.17,8.3789,56111.0
2019-01-17 13:30,{},5.15,601377,5.23,5.15,5.21,5.2813,35367.0
2019-01-17 14:00,{},5.13,601377,5.17,5.13,5.15,5.2192,34951.0
2019-01-17 14:30,{},5.11,601377,5.14,5.1,5.13,11.1305,74537.0
2019-01-17 15:00,{},5.09,601377,5.12,5.06,5.11,13.2427,88682.0
2019-01-18 10:00,{},5.12,601377,5.15,5.09,5.13,12.3779,82891.0
2019-01-18 10:30,{},5.1,601377,5.16,5.09,5.12,7.8267,52413.0
2019-01-18 11:00,{},5.09,601377,5.11,5.07,5.1,6.0739,40675.0
2019-01-18 11:30,{},5.09,601377,5.12,5.08,5.09,4.3423,29079.0
2019-01-18 13:30,{},5.12,601377,5.14,5.09,5.09,3.6001,24109.0
2019-01-18 14:00,{},5.14,601377,5.14,5.1,5.12,5.7875,38757.0
2019-01-18 14:30,{},5.13,601377,5.15,5.1,5.14,8.5986,57582.0
2019-01-18 15:00,{},5.16,601377,5.18,5.13,5.13,11.9188,79816.0
2019-01-21 10:00,{},5.16,601377,5.19,5.13,5.15,14.3156,95867.0
2019-01-21 10:30,{},5.14,601377,5.18,5.13,5.16,6.4193,42988.0
2019-01-21 11:00,{},5.12,601377,5.15,5.11,5.14,7.4105,49626.0
2019-01-21 11:30,{},5.1,601377,5.14,5.1,5.12,7.7429999999999986,51852.0
2019-01-21 13:30,{},5.1,601377,5.13,5.1,5.1,3.7196,24909.0
2019-01-21 14:00,{},5.09,601377,5.11,5.08,5.1,4.9171,32928.0
2019-01-21 14:30,{},5.1,601377,5.11,5.08,5.09,5.67,37970.0
2019-01-21 15:00,{},5.1,601377,5.12,5.08,5.11,6.8903,46142.0
2019-01-22 10:00,{},5.13,601377,5.13,5.07,5.1,8.9827,60154.0
2019-01-22 10:30,{},5.11,601377,5.13,5.1,5.13,4.9263,32990.0
2019-01-22 11:00,{},5.11,601377,5.12,5.09,5.11,3.3633,22523.0
2019-01-22 11:30,{},5.09,601377,5.11,5.09,5.11,1.4909,9984.0
2019-01-22 13:30,{},5.08,601377,5.11,5.07,5.09,7.2538,48576.0
2019-01-22 14:00,{},5.07,601377,5.09,5.05,5.08,6.6328,44418.0
2019-01-22 14:30,{},5.03,601377,5.07,5.02,5.07,7.3853,49457.0
2019-01-22 15:00,{},5.07,601377,5.07,5.03,5.03,5.4082,36217.0
2019-01-23 10:00,{},5.06,601377,5.08,5.03,5.04,4.8747,32644.0
2019-01-23 10:30,{},5.08,601377,5.09,5.03,5.06,6.5433,43818.0
2019-01-23 11:00,{},5.05,601377,5.09,5.04,5.08,3.5991,24102.0
2019-01-23 11:30,{},5.05,601377,5.07,5.04,5.05,1.28,8572.0
2019-01-23 13:30,{},5.03,601377,5.05,5.01,5.05,6.0572,40563.0
2019-01-23 14:00,{},5.02,601377,5.03,5.01,5.03,3.545,23740.0
2019-01-23 14:30,{},5.03,601377,5.04,5.01,5.02,3.3239,22259.0
2019-01-23 15:00,{},5.03,601377,5.04,5.01,5.03,5.2195,34953.0
2019-01-24 10:00,{},5.06,601377,5.11,5.03,5.05,14.3612,96172.0
2019-01-24 10:30,{},5.06,601377,5.08,5.05,5.06,5.1915,34766.0
2019-01-24 11:00,{},5.1,601377,5.11,5.05,5.06,6.1248,41016.0
2019-01-24 11:30,{},5.13,601377,5.15,5.09,5.1,16.5664,110940.0
2019-01-24 13:30,{},5.12,601377,5.14,5.11,5.13,6.4033,42881.0
2019-01-24 14:00,{},5.1,601377,5.13,5.09,5.12,6.3154,42292.0
2019-01-24 14:30,{},5.1,601377,5.12,5.1,5.1,2.3991,16066.0
2019-01-24 15:00,{},5.12,601377,5.13,5.1,5.1,7.3804,49424.0
2019-01-25 10:00,{},5.11,601377,5.14,5.08,5.1,13.1966,88373.0
2019-01-25 10:30,{},5.08,601377,5.12,5.08,5.11,7.0274,47060.0
2019-01-25 11:00,{},5.08,601377,5.11,5.08,5.08,3.6903,24713.0
2019-01-25 11:30,{},5.08,601377,5.1,5.07,5.08,2.7582,18471.0
2019-01-25 13:30,{},5.11,601377,5.12,5.08,5.08,5.5233,36988.0
2019-01-25 14:00,{},5.12,601377,5.12,5.1,5.11,3.428,22956.0
2019-01-25 14:30,{},5.1,601377,5.12,5.09,5.12,2.9321,19635.0
2019-01-25 15:00,{},5.05,601377,5.1,5.04,5.1,9.1284,61130.0
2019-01-28 10:00,{},5.1,601377,5.15,5.09,5.1,16.4862,110403.0
2019-01-28 10:30,{},5.08,601377,5.13,5.05,5.1,11.5381,77267.0
2019-01-28 11:00,{},5.01,601377,5.09,5.01,5.08,9.4598,63349.0
2019-01-28 11:30,{},5.01,601377,5.04,4.99,5.01,9.9015,66307.0
2019-01-28 13:30,{},4.99,601377,5.01,4.97,5.01,9.6694,64753.0
2019-01-28 14:00,{},5.0,601377,5.0,4.97,4.99,4.6644,31236.0
2019-01-28 14:30,{},4.99,601377,5.01,4.98,5.0,4.3325,29013.0
2019-01-28 15:00,{},4.99,601377,5.01,4.98,4.99,6.1531,41205.0
2019-01-29 10:00,{},4.95,601377,4.98,4.94,4.97,6.4099,42925.0
2019-01-29 10:30,{},4.89,601377,4.95,4.85,4.95,14.4299,96632.0
2019-01-29 11:00,{},4.91,601377,4.93,4.88,4.89,3.7702,25248.0
2019-01-29 11:30,{},4.93,601377,4.95,4.9,4.91,3.385,22668.0
2019-01-29 13:30,{},4.95,601377,4.95,4.9,4.93,3.2903,22034.0
2019-01-29 14:00,{},4.92,601377,4.97,4.92,4.95,4.1561,27832.0
2019-01-29 14:30,{},4.95,601377,4.96,4.92,4.92,2.7172,18196.0
2019-01-29 15:00,{},4.93,601377,4.95,4.93,4.95,3.4245,22933.0
2019-01-30 10:00,{},4.94,601377,4.95,4.88,4.91,4.7409,31748.0
2019-01-30 10:30,{},4.93,601377,4.95,4.92,4.94,2.5408,17015.0
2019-01-30 11:00,{},4.92,601377,4.94,4.91,4.93,1.631,10922.0
2019-01-30 11:30,{},4.94,601377,4.96,4.92,4.92,3.0146,20188.0
2019-01-30 13:30,{},4.93,601377,4.95,4.93,4.94,1.4489,9703.0
2019-01-30 14:00,{},4.9,601377,4.94,4.89,4.93,2.5605,17147.0
2019-01-30 14:30,{},4.89,601377,4.92,4.88,4.9,3.6175,24225.0
2019-01-30 15:00,{},4.89,601377,4.9,4.87,4.89,4.6492,31134.0
2019-01-31 10:00,{},4.92,601377,4.95,4.85,4.85,12.8986,86378.0
2019-01-31 10:30,{},4.92,601377,4.93,4.89,4.92,4.6472,31121.0
2019-01-31 11:00,{},4.96,601377,4.97,4.92,4.92,6.5604,43933.0
2019-01-31 11:30,{},4.91,601377,4.96,4.9,4.96,3.6514,24452.0
2019-01-31 13:30,{},4.89,601377,4.93,4.89,4.91,2.9206,19558.0
2019-01-31 14:00,{},4.88,601377,4.9,4.87,4.89,3.4475,23087.0
2019-01-31 14:30,{},4.87,601377,4.89,4.85,4.88,4.9510000000000005,33155.0
2019-01-31 15:00,{},4.88,601377,4.9,4.87,4.87,5.4729,36650.0
2019-02-01 10:00,{},4.94,601377,4.99,4.93,4.94,18.0266,120718.0
2019-02-01 10:30,{},4.95,601377,4.97,4.93,4.94,4.3876,29382.0
2019-02-01 11:00,{},4.95,601377,4.96,4.94,4.96,2.6639999999999997,17840.0
2019-02-01 11:00,{},4.95,601377,4.96,4.94,4.96,2.664,17840.0
2019-02-01 11:30,{},4.95,601377,4.97,4.95,4.95,3.148,21081.0
2019-02-01 13:30,{},4.96,601377,4.97,4.94,4.95,2.4730000000000003,16561.0
2019-02-01 14:00,{},4.98,601377,4.99,4.95,4.96,4.3962,29440.0
2019-02-01 14:30,{},4.99,601377,5.0,4.97,4.98,7.2252,48385.0
2019-02-01 15:00,{},5.0,601377,5.0,4.98,4.99,7.9846,53470.0
2019-02-11 10:00,{},5.03,601377,5.03,4.98,5.0,9.6415,64566.0
2019-02-11 10:30,{},5.03,601377,5.05,5.02,5.03,4.3056,28833.0
2019-02-11 11:00,{},5.06,601377,5.06,5.02,5.03,4.3499,29130.0
2019-02-11 11:30,{},5.07,601377,5.07,5.04,5.06,4.1292,27652.0
2019-02-11 13:30,{},5.06,601377,5.07,5.05,5.07,3.7537,25137.0
2019-02-11 14:00,{},5.08,601377,5.08,5.05,5.06,3.408,22822.0
2019-02-11 14:30,{},5.09,601377,5.09,5.07,5.08,5.3676,35945.0
2019-02-11 15:00,{},5.12,601377,5.12,5.08,5.09,11.4167,76454.0
2019-02-12 10:00,{},5.11,601377,5.14,5.08,5.13,11.2054,75039.0
2019-02-12 10:30,{},5.13,601377,5.14,5.1,5.11,5.6325,37719.0
2019-02-12 11:00,{},5.14,601377,5.18,5.11,5.13,10.4571,70028.0
2019-02-12 11:30,{},5.17,601377,5.18,5.14,5.15,6.82,45671.0
2019-02-12 13:30,{},5.15,601377,5.18,5.15,5.17,6.3878,42777.0
2019-02-12 14:00,{},5.13,601377,5.16,5.11,5.15,5.5493,37162.0
2019-02-12 14:30,{},5.11,601377,5.13,5.11,5.13,5.4033,36184.0
2019-02-12 15:00,{},5.14,601377,5.15,5.11,5.11,7.6287,51087.0
2019-02-13 10:00,{},5.16,601377,5.17,5.12,5.17,9.7729,65446.0
2019-02-13 10:30,{},5.15,601377,5.19,5.14,5.16,9.5486,63944.0
2019-02-13 11:00,{},5.24,601377,5.32,5.15,5.15,41.5009,277918.0
2019-02-13 11:30,{},5.32,601377,5.33,5.22,5.24,23.925,160218.0
2019-02-13 13:30,{},5.27,601377,5.36,5.27,5.32,23.1488,155020.0
2019-02-13 14:00,{},5.33,601377,5.33,5.26,5.27,14.9788,100308.0
2019-02-13 14:30,{},5.34,601377,5.35,5.3,5.33,15.2461,102098.0
2019-02-13 15:00,{},5.36,601377,5.36,5.34,5.34,19.8324,132811.0
2019-02-14 10:00,{},5.39,601377,5.48,5.34,5.37,56.0701,375483.0
2019-02-14 10:30,{},5.45,601377,5.48,5.36,5.39,23.8587,159774.0
2019-02-14 11:00,{},5.4,601377,5.48,5.39,5.45,14.9014,99790.0
2019-02-14 11:30,{},5.42,601377,5.43,5.4,5.4,5.5339,37059.0
2019-02-14 13:30,{},5.43,601377,5.43,5.4,5.42,9.8444,65925.0
2019-02-14 14:00,{},5.41,601377,5.45,5.4,5.43,10.9262,73169.0
2019-02-14 14:30,{},5.43,601377,5.45,5.4,5.41,10.5971,70965.0
2019-02-14 15:00,{},5.39,601377,5.44,5.37,5.43,13.0339,87284.0
2019-02-15 10:00,{},5.42,601377,5.47,5.36,5.37,21.2374,142220.0
2019-02-15 10:30,{},5.44,601377,5.44,5.39,5.42,16.0369,107394.0
2019-02-15 11:00,{},5.44,601377,5.47,5.42,5.44,10.7916,72268.0
2019-02-15 11:30,{},5.41,601377,5.44,5.38,5.44,8.466000000000001,56694.0
2019-02-15 13:30,{},5.37,601377,5.42,5.36,5.41,7.2391,48478.0
2019-02-15 14:00,{},5.38,601377,5.4,5.36,5.37,5.4055,36199.0
2019-02-15 14:30,{},5.35,601377,5.39,5.33,5.38,13.7661,92187.0
2019-02-15 15:00,{},5.32,601377,5.36,5.31,5.35,12.4858,83613.0
2019-02-18 10:00,{},5.49,601377,5.67,5.4,5.4,65.3422,437575.0
2019-02-18 10:30,{},5.56,601377,5.57,5.48,5.49,20.9292,140156.0
2019-02-18 11:00,{},5.6,601377,5.61,5.55,5.56,19.4297,130114.0
2019-02-18 11:30,{},5.62,601377,5.64,5.59,5.6,14.4025,96449.0
2019-02-18 13:30,{},5.85,601377,5.85,5.61,5.61,57.9249,387904.0
2019-02-18 14:00,{},5.85,601377,5.85,5.85,5.85,16.9971,113824.0
2019-02-18 14:30,{},5.85,601377,5.85,5.85,5.85,10.7223,71804.0
2019-02-18 15:00,{},5.85,601377,5.85,5.85,5.85,2.9952,20058.0
2019-02-19 10:00,{},6.18,601377,6.31,5.92,6.12,206.3371,1381772.0
2019-02-19 10:30,{},6.17,601377,6.22,6.04,6.18,58.3387,390675.0
2019-02-19 11:00,{},6.2,601377,6.2,6.11,6.17,24.5099,164135.0
2019-02-19 11:30,{},6.09,601377,6.2,6.05,6.2,23.2632,155786.0
2019-02-19 13:30,{},6.02,601377,6.1,5.97,6.09,34.6544,232069.0
2019-02-19 14:00,{},6.01,601377,6.05,5.98,6.02,17.9235,120028.0
2019-02-19 14:30,{},5.94,601377,6.01,5.91,6.01,30.3534,203267.0
2019-02-19 15:00,{},5.98,601377,6.01,5.93,5.94,42.0727,281747.0
2019-02-20 10:00,{},5.96,601377,6.03,5.91,5.98,55.8336,373899.0
2019-02-20 10:30,{},6.0,601377,6.02,5.92,5.96,27.0006,180814.0
2019-02-20 11:00,{},6.05,601377,6.07,5.96,6.0,42.2311,282808.0
2019-02-20 11:30,{},6.05,601377,6.12,6.03,6.05,32.4821,217522.0
2019-02-20 13:30,{},6.03,601377,6.05,5.97,6.04,17.1678,114967.0
2019-02-20 14:00,{},6.03,601377,6.05,5.95,6.03,16.3311,109364.0
2019-02-20 14:30,{},6.07,601377,6.09,6.02,6.03,17.4618,116936.0
2019-02-20 15:00,{},6.09,601377,6.1,6.05,6.07,22.5318,150888.0
2019-02-21 10:00,{},6.08,601377,6.11,5.95,6.0,46.3709,310531.0
2019-02-21 10:30,{},6.09,601377,6.12,6.05,6.08,24.551,164410.0
2019-02-21 11:00,{},6.2,601377,6.2,6.09,6.09,30.7139,205681.0
2019-02-21 11:30,{},6.15,601377,6.24,6.14,6.2,29.2633,195967.0
2019-02-21 13:30,{},6.37,601377,6.39,6.15,6.15,67.3651,451122.0
2019-02-21 14:00,{},6.3,601377,6.51,6.28,6.37,73.0299,489057.0
2019-02-21 14:30,{},6.24,601377,6.39,6.2,6.3,33.313,223086.0
2019-02-21 15:00,{},6.21,601377,6.25,6.16,6.24,27.3278,183005.0
2019-02-22 10:00,{},6.17,601377,6.36,6.15,6.25,81.4962,545753.0
2019-02-22 10:30,{},6.18,601377,6.26,6.17,6.19,16.1715,108295.0
2019-02-22 11:00,{},6.33,601377,6.38,6.18,6.18,32.4097,217037.0
2019-02-22 11:30,{},6.35,601377,6.46,6.32,6.32,46.8592,313801.0
2019-02-22 13:30,{},6.44,601377,6.48,6.35,6.35,27.1399,181747.0
2019-02-22 14:00,{},6.59,601377,6.59,6.42,6.44,59.2587,396836.0
2019-02-22 14:30,{},6.82,601377,6.82,6.58,6.59,84.6512,566881.0
2019-02-22 15:00,{},6.83,601377,6.83,6.78,6.82,76.9793,515505.0
2019-02-25 10:00,{},7.2,601377,7.41,7.03,7.18,206.2611,1381263.0
2019-02-25 10:30,{},7.33,601377,7.36,7.19,7.2,56.4334,377916.0
2019-02-25 11:00,{},7.24,601377,7.34,7.17,7.33,49.7802,333362.0
2019-02-25 11:30,{},7.4,601377,7.4,7.2,7.24,36.584,244991.0
2019-02-25 13:30,{},7.51,601377,7.51,7.4,7.4,86.6944,580564.0
2019-02-25 14:00,{},7.51,601377,7.51,7.47,7.51,38.6243,258654.0
2019-02-25 14:30,{},7.51,601377,7.51,7.51,7.51,10.0826,67520.0
2019-02-25 15:00,{},7.51,601377,7.51,7.51,7.51,2.7833,18639.0
2019-02-26 10:00,{},7.77,601377,7.89,7.36,7.62,205.2163,1374266.0
2019-02-26 10:30,{},7.43,601377,7.79,7.31,7.78,100.5023,673031.0
2019-02-26 11:00,{},7.46,601377,7.54,7.31,7.43,53.7062,359653.0
2019-02-26 11:30,{},7.55,601377,7.61,7.42,7.46,25.3814,169971.0
2019-02-26 13:30,{},7.48,601377,7.69,7.47,7.55,41.1044,275263.0
2019-02-26 14:00,{},7.46,601377,7.56,7.4,7.48,42.3564,283647.0
2019-02-26 14:30,{},7.34,601377,7.59,7.32,7.46,36.5728,244916.0
2019-02-26 15:00,{},7.22,601377,7.4,7.22,7.34,65.9663,441755.0
2019-02-27 10:00,{},7.18,601377,7.38,7.13,7.14,113.4962,760047.0
2019-02-27 10:30,{},7.1,601377,7.18,7.01,7.18,73.0977,489511.0
2019-02-27 11:00,{},7.11,601377,7.17,7.05,7.1,29.6855,198794.0
2019-02-27 11:30,{},7.19,601377,7.22,7.1,7.11,27.8444,186465.0
2019-02-27 13:30,{},7.21,601377,7.29,7.18,7.19,31.33,209807.0
2019-02-27 14:00,{},7.08,601377,7.21,7.04,7.21,31.1607,208673.0
2019-02-27 14:30,{},7.05,601377,7.14,7.01,7.08,26.0813,174658.0
2019-02-27 15:00,{},7.12,601377,7.12,6.93,7.05,43.9359,294224.0
2019-02-28 10:00,{},6.93,601377,7.05,6.76,7.04,81.2604,544174.0
2019-02-28 10:30,{},6.91,601377,6.96,6.87,6.93,22.8045,152714.0
2019-02-28 11:00,{},6.86,601377,6.95,6.81,6.91,20.7706,139094.0
2019-02-28 11:30,{},6.82,601377,6.89,6.78,6.86,21.4607,143715.0
2019-02-28 13:30,{},6.92,601377,6.93,6.79,6.82,22.5106,150746.0
2019-02-28 14:00,{},6.82,601377,6.92,6.82,6.92,13.2642,88826.0
2019-02-28 14:30,{},6.85,601377,6.87,6.81,6.82,15.6696,104934.0
2019-02-28 15:00,{},6.84,601377,6.89,6.81,6.85,25.2227,168908.0
2019-03-01 10:00,{},6.86,601377,6.98,6.8,6.94,61.1136,409258.0
2019-03-01 10:30,{},6.91,601377,6.98,6.85,6.86,37.2327,249335.0
2019-03-01 11:00,{},7.09,601377,7.11,6.9,6.91,52.4641,351335.0
2019-03-01 11:30,{},6.96,601377,7.14,6.93,7.09,35.0859,234959.0
2019-03-01 13:30,{},6.95,601377,6.98,6.92,6.96,10.5322,70531.0
2019-03-01 14:00,{},6.94,601377,6.95,6.87,6.95,14.3183,95885.0
2019-03-01 14:30,{},6.98,601377,7.0,6.9,6.94,13.8564,92792.0
2019-03-01 15:00,{},7.03,601377,7.04,6.97,6.98,27.4541,183851.0
2019-03-04 10:00,{},6.99,601377,7.1,6.92,7.1,68.4156,458157.0
2019-03-04 10:30,{},7.01,601377,7.05,6.98,6.98,30.179000000000002,202099.0
2019-03-04 10:30,{},7.01,601377,7.05,6.98,6.98,30.179,202099.0
2019-03-04 11:00,{},7.05,601377,7.09,6.95,7.01,32.3389,216563.0
2019-03-04 11:30,{},7.26,601377,7.27,7.02,7.05,54.3017,363641.0
2019-03-04 13:30,{},7.23,601377,7.45,7.21,7.25,95.8458,641848.0
2019-03-04 14:00,{},7.22,601377,7.28,7.21,7.23,21.0284,140820.0
2019-03-04 14:30,{},7.08,601377,7.23,7.02,7.22,44.9743,301178.0
2019-03-04 15:00,{},7.06,601377,7.09,6.99,7.08,36.0037,241105.0
2019-03-05 10:00,{},6.99,601377,7.04,6.9,6.97,50.1118,335582.0
2019-03-05 10:30,{},6.96,601377,7.04,6.95,6.99,23.1787,155220.0
2019-03-05 11:00,{},7.06,601377,7.06,6.95,6.96,21.9396,146922.0
2019-03-05 11:30,{},6.97,601377,7.06,6.95,7.06,15.7478,105458.0
2019-03-05 13:30,{},7.01,601377,7.02,6.95,6.97,17.4049,116555.0
2019-03-05 14:00,{},6.97,601377,7.02,6.93,7.01,20.9882,140551.0
2019-03-05 14:30,{},6.96,601377,6.99,6.94,6.97,19.7776,132444.0
2019-03-05 15:00,{},7.04,601377,7.05,6.96,6.96,32.3746,216802.0
2019-03-06 10:00,{},7.08,601377,7.23,7.01,7.01,81.7724,547603.0
2019-03-06 10:30,{},7.19,601377,7.2,7.04,7.08,44.9807,301221.0
2019-03-06 11:00,{},7.15,601377,7.23,7.11,7.19,32.519,217769.0
2019-03-06 11:30,{},7.19,601377,7.2,7.13,7.15,14.3546,96128.0
2019-03-06 13:30,{},7.15,601377,7.23,7.14,7.2,25.3781,169949.0
2019-03-06 14:00,{},7.12,601377,7.16,7.1,7.15,23.576,157881.0
2019-03-06 14:30,{},7.18,601377,7.18,7.06,7.12,28.4534,190543.0
2019-03-06 15:00,{},7.35,601377,7.48,7.14,7.18,122.2119,818413.0
2019-03-07 10:00,{},7.49,601377,7.53,7.29,7.42,133.3609,893074.0
2019-03-07 10:30,{},7.63,601377,7.76,7.49,7.5,99.3364,665223.0
2019-03-07 11:00,{},7.58,601377,7.63,7.44,7.63,47.5836,318652.0
2019-03-07 11:30,{},7.66,601377,7.74,7.47,7.57,40.3021,269890.0
2019-03-07 13:30,{},7.82,601377,7.93,7.66,7.66,85.4197,572028.0
2019-03-07 14:00,{},7.87,601377,7.91,7.68,7.81,44.8668,300458.0
2019-03-07 14:30,{},8.09,601377,8.09,7.82,7.87,144.6106,968410.0
2019-03-07 15:00,{},8.07,601377,8.09,7.92,8.09,89.2826,597896.0
2019-03-08 10:00,{},7.62,601377,7.69,7.37,7.45,151.5744,1015044.0
2019-03-08 10:30,{},7.7,601377,7.74,7.48,7.62,64.0606,428993.0
2019-03-08 11:00,{},7.5,601377,7.77,7.47,7.7,45.5562,305075.0
2019-03-08 11:30,{},7.44,601377,7.58,7.44,7.5,37.2277,249302.0
2019-03-08 13:30,{},7.4,601377,7.5,7.34,7.44,43.7549,293012.0
2019-03-08 14:00,{},7.39,601377,7.45,7.33,7.4,31.2622,209353.0
2019-03-08 14:30,{},7.41,601377,7.51,7.36,7.39,28.7407,192467.0
2019-03-08 15:00,{},7.26,601377,7.41,7.26,7.41,61.8875,414440.0
2019-03-11 10:00,{},7.09,601377,7.34,6.93,7.22,101.9332,682613.0
2019-03-11 10:30,{},7.14,601377,7.16,7.01,7.09,32.8566,220030.0
2019-03-11 11:00,{},7.2,601377,7.24,7.1,7.14,20.865,139726.0
2019-03-11 11:30,{},7.29,601377,7.38,7.18,7.19,33.6451,225310.0
2019-03-11 13:30,{},7.24,601377,7.35,7.23,7.29,20.9915,140573.0
2019-03-11 14:00,{},7.2,601377,7.27,7.18,7.24,17.7293,118727.0
2019-03-11 14:30,{},7.19,601377,7.22,7.09,7.2,25.5508,171105.0
2019-03-11 15:00,{},7.28,601377,7.3,7.17,7.19,31.2257,209108.0
2019-03-12 10:00,{},7.37,601377,7.44,7.28,7.31,73.1822,490077.0
2019-03-12 10:30,{},7.34,601377,7.44,7.34,7.37,43.7392,292907.0
2019-03-12 11:00,{},7.36,601377,7.43,7.34,7.35,27.0116,180888.0
2019-03-12 11:30,{},7.36,601377,7.39,7.34,7.36,18.2759,122388.0
2019-03-12 13:30,{},7.46,601377,7.56,7.36,7.36,55.6681,372791.0
2019-03-12 14:00,{},7.36,601377,7.5,7.33,7.46,34.5068,231081.0
2019-03-12 14:30,{},7.3,601377,7.38,7.28,7.36,27.9242,186999.0
2019-03-12 15:00,{},7.39,601377,7.39,7.28,7.3,19.6347,131487.0
2019-03-13 10:00,{},7.26,601377,7.39,7.22,7.35,37.9907,254411.0
2019-03-13 10:30,{},7.12,601377,7.27,7.11,7.26,39.1624,262258.0
2019-03-13 11:00,{},7.16,601377,7.24,7.09,7.12,23.6937,158669.0
2019-03-13 11:30,{},7.18,601377,7.25,7.15,7.16,11.6304,77885.0
2019-03-13 13:30,{},7.27,601377,7.27,7.09,7.18,22.6947,151979.0
2019-03-13 14:00,{},7.26,601377,7.34,7.2,7.27,52.2476,349885.0
2019-03-13 14:30,{},7.13,601377,7.28,7.09,7.26,24.1662,161833.0
2019-03-13 15:00,{},7.11,601377,7.14,7.07,7.13,29.061999999999998,194619.0
2019-03-13 15:00,{},7.11,601377,7.14,7.07,7.13,29.062,194619.0
2019-03-14 10:00,{},7.08,601377,7.18,7.0,7.02,33.3818,223547.0
2019-03-14 10:30,{},7.03,601377,7.11,7.02,7.08,19.089000000000002,127833.0
2019-03-14 10:30,{},7.03,601377,7.11,7.02,7.08,19.089,127833.0
2019-03-14 11:00,{},6.98,601377,7.05,6.93,7.03,33.0939,221619.0
2019-03-14 11:30,{},6.89,601377,7.04,6.89,6.99,25.7567,172484.0
2019-03-14 13:30,{},6.84,601377,6.9,6.74,6.89,37.7826,253018.0
2019-03-14 14:00,{},6.8,601377,6.86,6.78,6.84,21.4274,143492.0
2019-03-14 14:30,{},6.74,601377,6.82,6.73,6.8,27.1925,182099.0
2019-03-14 15:00,{},6.67,601377,6.74,6.59,6.74,74.2796,497426.0
2019-03-15 10:00,{},6.86,601377,6.94,6.76,6.78,61.3929,411128.0
2019-03-15 10:30,{},6.84,601377,6.9,6.8,6.86,20.4557,136985.0
2019-03-15 11:00,{},6.86,601377,6.86,6.78,6.84,11.7563,78728.0
2019-03-15 11:30,{},6.86,601377,6.93,6.85,6.86,23.9741,160547.0
2019-03-15 13:30,{},6.77,601377,6.87,6.76,6.86,16.0647,107580.0
2019-03-15 14:00,{},6.75,601377,6.78,6.68,6.77,17.4089,116582.0
2019-03-15 14:30,{},6.76,601377,6.8,6.7,6.75,10.3838,69537.0
2019-03-15 15:00,{},6.77,601377,6.82,6.74,6.77,15.617,104582.0
2019-03-18 10:00,{},6.85,601377,6.85,6.68,6.81,37.6996,252462.0
2019-03-18 10:30,{},6.89,601377,6.9,6.79,6.84,28.639,191786.0
2019-03-18 11:00,{},7.0,601377,7.05,6.88,6.89,43.8312,293523.0
2019-03-18 11:30,{},7.02,601377,7.03,6.92,7.0,18.5922,124506.0
2019-03-18 13:30,{},6.96,601377,7.03,6.95,7.02,12.9545,86752.0
2019-03-18 14:00,{},6.99,601377,7.0,6.93,6.96,12.2785,82225.0
2019-03-18 14:30,{},7.06,601377,7.07,6.97,6.99,24.3861,163306.0
2019-03-18 15:00,{},7.13,601377,7.2,7.05,7.06,51.3655,343978.0
2019-03-19 10:00,{},7.1,601377,7.18,7.08,7.13,37.2415,249394.0
2019-03-19 10:30,{},7.15,601377,7.17,7.1,7.1,17.1076,114564.0
2019-03-19 11:00,{},7.13,601377,7.16,7.08,7.15,17.1125,114597.0
2019-03-19 11:30,{},7.12,601377,7.18,7.1,7.13,11.8017,79032.0
2019-03-19 13:30,{},7.11,601377,7.12,7.08,7.12,9.5416,63897.0
2019-03-19 14:00,{},7.08,601377,7.12,7.05,7.11,11.7908,78959.0
2019-03-19 14:30,{},7.06,601377,7.1,7.04,7.08,11.7646,78784.0
2019-03-19 15:00,{},7.06,601377,7.1,7.05,7.06,12.8682,86174.0
2019-03-20 10:00,{},7.12,601377,7.21,7.03,7.07,42.2143,282695.0
2019-03-20 10:30,{},7.12,601377,7.17,7.1,7.12,14.7485,98766.0
2019-03-20 11:00,{},7.21,601377,7.22,7.11,7.12,15.5928,104420.0
2019-03-20 11:30,{},7.1,601377,7.31,7.1,7.21,58.4928,391707.0
2019-03-20 13:30,{},7.1,601377,7.12,7.06,7.1,18.2842,122443.0
2019-03-20 14:00,{},7.09,601377,7.13,7.06,7.1,14.9438,100074.0
2019-03-20 14:30,{},7.2,601377,7.22,7.05,7.09,17.4142,116617.0
2019-03-20 15:00,{},7.18,601377,7.21,7.14,7.2,18.2159,121986.0
2019-03-21 10:00,{},7.19,601377,7.21,7.12,7.18,29.7985,199551.0
2019-03-21 10:30,{},7.2,601377,7.29,7.18,7.19,34.546,231343.0
2019-03-21 11:00,{},7.21,601377,7.28,7.18,7.2,29.1839,195435.0
2019-03-21 11:30,{},7.28,601377,7.29,7.16,7.21,18.393,123172.0
2019-03-21 13:30,{},7.43,601377,7.45,7.28,7.28,75.3301,504461.0
2019-03-21 14:00,{},7.33,601377,7.48,7.31,7.43,36.4772,244276.0
2019-03-21 14:30,{},7.35,601377,7.41,7.32,7.33,19.3496,129578.0
2019-03-21 15:00,{},7.27,601377,7.38,7.25,7.34,24.4698,163866.0
2019-03-22 10:00,{},7.23,601377,7.33,7.21,7.27,34.7597,232774.0
2019-03-22 10:30,{},7.16,601377,7.24,7.16,7.23,24.4108,163471.0
2019-03-22 11:00,{},7.11,601377,7.18,7.1,7.16,20.2178,135392.0
2019-03-22 11:30,{},7.15,601377,7.15,7.1,7.1,11.5042,77040.0
2019-03-22 13:30,{},7.16,601377,7.2,7.11,7.15,8.5442,57218.0
2019-03-22 14:00,{},7.22,601377,7.3,7.16,7.16,17.4563,116899.0
2019-03-22 14:30,{},7.19,601377,7.26,7.18,7.22,10.1752,68140.0
2019-03-22 15:00,{},7.23,601377,7.23,7.16,7.19,12.7254,85218.0
2019-03-25 10:00,{},7.1,601377,7.14,6.96,7.0,36.6349,245332.0
2019-03-25 10:30,{},7.11,601377,7.15,7.07,7.1,14.1829,94978.0
2019-03-25 11:00,{},7.09,601377,7.15,7.08,7.11,12.5809,84250.0
2019-03-25 11:30,{},7.03,601377,7.11,7.02,7.09,17.6816,118408.0
2019-03-25 13:30,{},7.06,601377,7.08,7.01,7.03,12.5314,83919.0
2019-03-25 14:00,{},7.03,601377,7.08,7.03,7.06,6.2397,41785.0
2019-03-25 14:30,{},6.99,601377,7.04,6.98,7.03,24.6042,164766.0
2019-03-25 15:00,{},6.94,601377,7.0,6.92,6.99,25.0702,167887.0
2019-03-26 10:00,{},6.99,601377,7.06,6.93,7.01,30.8234,206414.0
2019-03-26 10:30,{},6.96,601377,7.02,6.96,7.0,10.6347,71217.0
2019-03-26 11:00,{},6.93,601377,7.0,6.93,6.96,8.292,55529.0
2019-03-26 11:30,{},6.83,601377,6.94,6.82,6.93,20.4137,136704.0
2019-03-26 13:30,{},6.87,601377,6.87,6.81,6.83,12.9204,86524.0
2019-03-26 14:00,{},6.84,601377,6.88,6.82,6.86,9.4953,63587.0
2019-03-26 14:30,{},6.82,601377,6.84,6.79,6.84,18.8606,126303.0
2019-03-26 15:00,{},6.7,601377,6.83,6.67,6.82,40.2625,269625.0
2019-03-27 10:00,{},6.78,601377,6.83,6.73,6.79,24.1057,161428.0
2019-03-27 10:30,{},6.78,601377,6.82,6.66,6.78,18.6763,125069.0
2019-03-27 11:00,{},6.79,601377,6.83,6.74,6.78,12.1825,81582.0
2019-03-27 11:30,{},6.75,601377,6.81,6.74,6.79,4.9663,33258.0
2019-03-27 13:30,{},6.73,601377,6.77,6.72,6.75,7.125,47714.0
2019-03-27 14:00,{},6.74,601377,6.77,6.71,6.74,8.0129,53660.0
2019-03-27 14:30,{},6.74,601377,6.78,6.73,6.75,7.6819,51443.0
2019-03-27 15:00,{},6.76,601377,6.77,6.71,6.74,9.4156,63053.0
2019-03-28 10:00,{},6.71,601377,6.76,6.67,6.7,21.2268,142149.0
2019-03-28 10:30,{},6.87,601377,6.92,6.71,6.71,30.5958,204890.0
2019-03-28 11:00,{},6.9,601377,6.9,6.82,6.87,13.1586,88119.0
2019-03-28 11:30,{},6.84,601377,6.9,6.82,6.9,5.961,39919.0
2019-03-28 13:30,{},6.82,601377,6.86,6.8,6.84,6.2995,42186.0
2019-03-28 14:00,{},6.82,601377,6.87,6.8,6.82,7.4214,49699.0
2019-03-28 14:30,{},6.8,601377,6.84,6.77,6.82,6.7793,45399.0
2019-03-28 15:00,{},6.76,601377,6.81,6.74,6.8,10.3463,69286.0
2019-03-29 10:00,{},6.86,601377,6.93,6.83,6.83,29.6656,198661.0
2019-03-29 10:30,{},7.04,601377,7.05,6.85,6.86,41.2405,276174.0
2019-03-29 11:00,{},7.14,601377,7.17,7.01,7.04,45.4957,304670.0
2019-03-29 11:30,{},7.18,601377,7.26,7.14,7.14,39.4872,264433.0
2019-03-29 13:30,{},7.15,601377,7.22,7.14,7.18,14.4561,96808.0
2019-03-29 14:00,{},7.21,601377,7.23,7.13,7.15,18.3905,123155.0
2019-03-29 14:30,{},7.23,601377,7.25,7.15,7.21,23.2038,155388.0
2019-03-29 15:00,{},7.25,601377,7.28,7.21,7.23,42.5904,285214.0
2019-04-01 10:00,{},7.32,601377,7.38,7.19,7.32,64.8303,434147.0
2019-04-01 10:30,{},7.33,601377,7.33,7.24,7.32,27.0625,181229.0
2019-04-01 11:00,{},7.35,601377,7.38,7.3,7.33,26.6529,178486.0
2019-04-01 11:30,{},7.32,601377,7.34,7.29,7.34,14.845,99412.0
2019-04-01 13:30,{},7.45,601377,7.47,7.32,7.32,42.0491,281589.0
2019-04-01 14:00,{},7.39,601377,7.49,7.37,7.45,25.9062,173485.0
2019-04-01 14:30,{},7.37,601377,7.4,7.33,7.39,18.2831,122436.0
2019-04-01 15:00,{},7.36,601377,7.38,7.32,7.37,26.5069,177508.0
2019-04-02 10:00,{},7.48,601377,7.53,7.33,7.37,63.5236,425397.0
2019-04-02 10:30,{},7.44,601377,7.51,7.38,7.48,23.2993,156028.0
2019-04-02 11:00,{},7.39,601377,7.45,7.36,7.44,17.2819,115731.0
2019-04-02 11:30,{},7.42,601377,7.43,7.36,7.39,12.1584,81421.0
2019-04-02 13:30,{},7.39,601377,7.45,7.36,7.42,19.9722,133747.0
2019-04-02 14:00,{},7.31,601377,7.39,7.3,7.39,26.4449,177093.0
2019-04-02 14:30,{},7.3,601377,7.33,7.27,7.31,18.574,124384.0
2019-04-02 15:00,{},7.31,601377,7.31,7.23,7.3,26.8312,179680.0
2019-04-03 10:00,{},7.26,601377,7.35,7.2,7.22,42.5458,284915.0
2019-04-03 10:30,{},7.3,601377,7.32,7.24,7.26,22.6669,151793.0
2019-04-03 11:00,{},7.26,601377,7.31,7.25,7.3,10.9753,73498.0
2019-04-03 11:30,{},7.34,601377,7.35,7.23,7.26,19.3825,129798.0
2019-04-03 13:30,{},7.43,601377,7.49,7.34,7.34,54.1978,362945.0
2019-04-03 14:00,{},7.41,601377,7.5,7.41,7.43,33.5128,224424.0
2019-04-03 14:30,{},7.53,601377,7.55,7.38,7.41,47.8402,320370.0
2019-04-03 15:00,{},7.61,601377,7.66,7.52,7.53,65.4698,438430.0
2019-04-04 10:00,{},7.59,601377,7.74,7.57,7.68,80.7038,540447.0
2019-04-04 10:30,{},7.69,601377,7.72,7.58,7.59,37.9699,254272.0
2019-04-04 11:00,{},7.61,601377,7.74,7.58,7.69,33.6195,225139.0
2019-04-04 11:30,{},7.7,601377,7.71,7.56,7.62,23.0937,154651.0
2019-04-04 13:30,{},7.76,601377,7.77,7.66,7.7,24.5586,164461.0
2019-04-04 14:00,{},7.71,601377,7.76,7.67,7.76,20.7963,139266.0
2019-04-04 14:30,{},7.96,601377,8.13,7.69,7.71,91.8822,615305.0
2019-04-04 15:00,{},7.9,601377,7.97,7.83,7.96,46.2486,309712.0
2019-04-08 10:00,{},7.9,601377,8.06,7.84,8.0,69.8805,467967.0
2019-04-08 10:30,{},7.75,601377,7.91,7.73,7.9,37.0707,248250.0
2019-04-08 11:00,{},7.79,601377,7.87,7.72,7.75,21.1094,141363.0
2019-04-08 11:30,{},7.62,601377,7.79,7.62,7.79,27.9861,187414.0
2019-04-08 13:30,{},7.55,601377,7.62,7.49,7.62,36.8376,246689.0
2019-04-08 14:00,{},7.51,601377,7.59,7.47,7.55,27.7633,185922.0
2019-04-08 14:30,{},7.55,601377,7.61,7.47,7.51,29.8607,199967.0
2019-04-08 15:00,{},7.6,601377,7.64,7.52,7.55,24.7807,165948.0
2019-04-09 10:00,{},7.52,601377,7.67,7.5,7.54,48.0712,321917.0
2019-04-09 10:30,{},7.5,601377,7.55,7.43,7.52,22.7335,152239.0
2019-04-09 11:00,{},7.59,601377,7.61,7.47,7.5,15.594,104428.0
2019-04-09 11:00,{},7.59,601377,7.61,7.47,7.5,15.594000000000001,104428.0
2019-04-09 11:30,{},7.59,601377,7.63,7.52,7.59,10.7486,71980.0
2019-04-09 13:30,{},7.5,601377,7.6,7.49,7.59,9.3639,62707.0
2019-04-09 14:00,{},7.49,601377,7.53,7.47,7.5,8.9123,59683.0
2019-04-09 14:30,{},7.47,601377,7.5,7.38,7.49,29.3623,196630.0
2019-04-09 15:00,{},7.57,601377,7.57,7.45,7.47,20.51,137349.0
2019-04-10 10:00,{},7.28,601377,7.5,7.27,7.5,83.9353,562087.0
2019-04-10 10:30,{},7.29,601377,7.36,7.24,7.28,33.275,222832.0
2019-04-10 11:00,{},7.35,601377,7.35,7.26,7.29,16.6356,111403.0
2019-04-10 11:30,{},7.31,601377,7.37,7.3,7.35,11.9093,79753.0
2019-04-10 13:30,{},7.32,601377,7.35,7.29,7.31,11.3358,75912.0
2019-04-10 14:00,{},7.31,601377,7.33,7.27,7.32,17.6574,118246.0
2019-04-10 14:30,{},7.48,601377,7.55,7.3,7.31,35.4954,237701.0
2019-04-10 15:00,{},7.4,601377,7.47,7.39,7.47,21.9249,146824.0
2019-04-11 10:00,{},7.36,601377,7.43,7.3,7.38,25.3689,169887.0
2019-04-11 10:30,{},7.29,601377,7.36,7.27,7.36,21.0741,141126.0
2019-04-11 11:00,{},7.27,601377,7.32,7.25,7.29,16.0975,107800.0
2019-04-11 11:30,{},7.18,601377,7.27,7.15,7.27,32.4025,216989.0
2019-04-11 13:30,{},7.19,601377,7.23,7.14,7.19,11.7013,78360.0
2019-04-11 14:00,{},7.22,601377,7.24,7.16,7.19,14.2995,95759.0
2019-04-11 14:30,{},7.24,601377,7.28,7.2,7.22,12.7547,85414.0
2019-04-11 15:00,{},7.17,601377,7.24,7.15,7.24,19.9423,133547.0
2019-04-12 10:00,{},7.26,601377,7.27,7.16,7.2,27.6969,185477.0
2019-04-12 10:30,{},7.25,601377,7.33,7.25,7.26,16.8487,112830.0
2019-04-12 11:00,{},7.21,601377,7.27,7.18,7.25,11.6546,78047.0
2019-04-12 11:30,{},7.2,601377,7.24,7.18,7.21,5.216,34930.0
2019-04-12 13:30,{},7.21,601377,7.24,7.2,7.2,3.9251,26285.0
2019-04-12 14:00,{},7.2,601377,7.22,7.18,7.21,6.9423,46490.0
2019-04-12 14:30,{},7.21,601377,7.24,7.17,7.2,8.0049,53606.0
2019-04-12 15:00,{},7.22,601377,7.28,7.2,7.21,14.8974,99763.0
2019-04-15 10:00,{},7.32,601377,7.43,7.3,7.38,35.5844,238297.0
2019-04-15 10:30,{},7.3,601377,7.35,7.27,7.32,14.2522,95442.0
2019-04-15 11:00,{},7.27,601377,7.3,7.26,7.3,8.41,56319.0
2019-04-15 11:30,{},7.2,601377,7.3,7.2,7.27,13.184,88289.0
2019-04-15 11:30,{},7.2,601377,7.3,7.2,7.27,13.184000000000001,88289.0
2019-04-15 13:30,{},7.22,601377,7.24,7.2,7.2,7.8104,52304.0
2019-04-15 14:00,{},7.16,601377,7.23,7.16,7.22,10.9935,73620.0
2019-04-15 14:30,{},7.14,601377,7.18,7.13,7.16,12.7595,85446.0
2019-04-15 15:00,{},7.09,601377,7.18,7.05,7.14,20.8469,139605.0
2019-04-16 10:00,{},7.02,601377,7.05,6.98,7.05,27.0306,181015.0
2019-04-16 10:30,{},7.03,601377,7.03,6.95,7.02,19.8554,132965.0
2019-04-16 11:00,{},7.09,601377,7.17,7.03,7.03,22.8729,153172.0
2019-04-16 11:30,{},7.22,601377,7.25,7.07,7.09,22.9532,153710.0
2019-04-16 13:30,{},7.17,601377,7.24,7.15,7.22,17.4717,117002.0
2019-04-16 14:00,{},7.19,601377,7.22,7.15,7.17,9.6938,64916.0
2019-04-16 14:30,{},7.21,601377,7.23,7.17,7.19,12.8906,86324.0
2019-04-16 15:00,{},7.25,601377,7.25,7.19,7.21,17.327,116033.0
2019-04-17 10:00,{},7.23,601377,7.24,7.17,7.22,21.7629,145739.0
2019-04-17 10:30,{},7.2,601377,7.26,7.18,7.23,14.9365,100025.0
2019-04-17 11:00,{},7.17,601377,7.22,7.16,7.2,10.1779,68158.0
2019-04-17 11:30,{},7.18,601377,7.21,7.13,7.17,8.9138,59693.0
2019-04-17 13:30,{},7.19,601377,7.21,7.16,7.18,10.2388,68566.0
2019-04-17 14:00,{},7.22,601377,7.23,7.17,7.19,8.8908,59539.0
2019-04-17 14:30,{},7.15,601377,7.25,7.15,7.22,15.5168,103911.0
2019-04-17 15:00,{},7.2,601377,7.21,7.15,7.15,9.1783,61464.0
2019-04-18 10:00,{},7.16,601377,7.21,7.16,7.19,12.1441,81325.0
2019-04-18 10:30,{},7.19,601377,7.2,7.12,7.16,13.2339,88623.0
2019-04-18 11:00,{},7.21,601377,7.24,7.16,7.19,14.5241,97263.0
2019-04-18 11:30,{},7.19,601377,7.22,7.17,7.21,6.0293,40376.0
2019-04-18 13:30,{},7.16,601377,7.19,7.13,7.19,8.0418,53853.0
2019-04-18 14:00,{},7.18,601377,7.19,7.14,7.15,4.499,30128.0
2019-04-18 14:30,{},7.11,601377,7.19,7.11,7.18,10.6314,71195.0
2019-04-18 15:00,{},7.13,601377,7.14,7.11,7.11,11.1539,74694.0
2019-04-19 10:00,{},7.17,601377,7.2,7.04,7.16,35.4536,237421.0
2019-04-19 10:30,{},7.11,601377,7.17,7.11,7.17,11.3192,75801.0
2019-04-19 11:00,{},7.06,601377,7.11,7.05,7.11,13.9457,93390.0
2019-04-19 11:30,{},7.11,601377,7.12,7.05,7.06,6.6124,44281.0
2019-04-19 13:30,{},7.12,601377,7.15,7.1,7.11,4.167,27905.0
2019-04-19 14:00,{},7.09,601377,7.14,7.08,7.12,5.3795,36025.0
2019-04-19 14:30,{},7.14,601377,7.15,7.09,7.09,10.5466,70627.0
2019-04-19 15:00,{},7.17,601377,7.17,7.12,7.13,16.4555,110197.0
2019-04-22 10:00,{},7.12,601377,7.25,7.11,7.24,21.0633,141054.0
2019-04-22 10:30,{},7.12,601377,7.14,7.08,7.12,14.1213,94566.0
2019-04-22 11:00,{},7.08,601377,7.14,7.06,7.12,13.0569,87438.0
2019-04-22 11:30,{},7.08,601377,7.11,7.06,7.08,10.6539,71346.0
2019-04-22 13:30,{},7.05,601377,7.08,7.03,7.08,12.0036,80384.0
2019-04-22 14:00,{},7.05,601377,7.06,7.01,7.05,15.5701,104268.0
2019-04-22 14:30,{},7.02,601377,7.07,7.01,7.05,7.9407,53176.0
2019-04-22 15:00,{},6.99,601377,7.02,6.97,7.02,22.7371,152263.0
2019-04-23 10:00,{},7.02,601377,7.02,6.95,7.0,16.836,112745.0
2019-04-23 10:30,{},6.99,601377,7.03,6.97,7.01,10.8678,72778.0
2019-04-23 11:00,{},6.94,601377,7.01,6.92,6.99,13.2894,88995.0
2019-04-23 11:30,{},6.96,601377,6.96,6.9,6.94,8.0513,53917.0
2019-04-23 13:30,{},6.98,601377,7.0,6.93,6.96,5.9304,39714.0
2019-04-23 14:00,{},7.11,601377,7.18,6.97,6.98,40.3871,270459.0
2019-04-23 14:30,{},7.06,601377,7.12,7.05,7.11,11.2932,75627.0
2019-04-23 15:00,{},6.98,601377,7.06,6.97,7.06,13.5629,90826.0
2019-04-24 10:00,{},7.04,601377,7.07,6.98,7.02,20.7624,139039.0
2019-04-24 10:30,{},7.08,601377,7.11,7.02,7.04,12.4424,83323.0
2019-04-24 11:00,{},7.05,601377,7.08,7.02,7.08,9.0956,60910.0
2019-04-24 11:30,{},7.02,601377,7.07,6.99,7.05,11.5475,77330.0
2019-04-24 13:30,{},7.07,601377,7.08,7.02,7.02,6.5068,43574.0
2019-04-24 14:00,{},7.06,601377,7.09,7.03,7.07,7.9238,53063.0
2019-04-24 14:30,{},7.06,601377,7.1,7.05,7.06,10.3281,69164.0
2019-04-24 15:00,{},7.11,601377,7.12,7.06,7.06,15.0909,101059.0
2019-04-25 10:00,{},7.08,601377,7.1,7.04,7.07,10.4219,69792.0
2019-04-25 10:30,{},7.06,601377,7.1,7.05,7.08,6.2331,41741.0
2019-04-25 11:00,{},7.08,601377,7.12,7.02,7.06,13.7552,92114.0
2019-04-25 11:30,{},7.07,601377,7.13,7.06,7.08,9.9926,66917.0
2019-04-25 13:30,{},7.05,601377,7.09,7.02,7.07,7.3295,49083.0
2019-04-25 14:00,{},7.01,601377,7.05,7.0,7.05,13.912,93164.0
2019-04-25 14:30,{},6.91,601377,7.02,6.87,7.01,21.2909,142578.0
2019-04-25 15:00,{},6.84,601377,6.93,6.84,6.91,23.7301,158913.0
2019-04-26 10:00,{},6.86,601377,6.9,6.79,6.81,27.1205,181617.0
2019-04-26 10:30,{},6.86,601377,6.87,6.8,6.86,10.6777,71505.0
2019-04-26 11:00,{},6.85,601377,6.87,6.82,6.86,6.1610000000000005,41258.0
2019-04-26 11:30,{},6.85,601377,6.87,6.82,6.85,6.0527,40533.0
2019-04-26 13:30,{},6.95,601377,6.97,6.82,6.85,27.406,183529.0
2019-04-26 14:00,{},6.92,601377,7.01,6.91,6.95,20.9725,140446.0
2019-04-26 14:30,{},6.92,601377,6.95,6.9,6.92,10.1547,68003.0
2019-04-26 15:00,{},6.91,601377,6.98,6.89,6.92,14.4299,96632.0
2019-04-29 10:00,{},6.75,601377,6.95,6.66,6.92,36.8476,246756.0
2019-04-29 10:30,{},6.66,601377,6.78,6.62,6.75,20.4164,136722.0
2019-04-29 11:00,{},6.67,601377,6.68,6.54,6.66,23.0588,154417.0
2019-04-29 11:30,{},6.69,601377,6.72,6.62,6.67,9.5656,64058.0
2019-04-29 13:30,{},6.73,601377,6.76,6.63,6.69,11.5531,77367.0
2019-04-29 14:00,{},6.76,601377,6.84,6.73,6.73,14.1145,94520.0
2019-04-29 14:30,{},6.67,601377,6.79,6.67,6.76,10.1512,67979.0
2019-04-29 15:00,{},6.63,601377,6.72,6.58,6.68,17.2009,115189.0
2019-04-30 10:00,{},6.72,601377,6.76,6.63,6.63,22.7577,152401.0
2019-04-30 10:30,{},6.74,601377,6.75,6.7,6.72,10.7332,71877.0
2019-04-30 11:00,{},6.75,601377,6.78,6.72,6.74,13.6805,91614.0
2019-04-30 11:30,{},6.71,601377,6.76,6.68,6.75,8.5985,57581.0
2019-04-30 13:30,{},6.75,601377,6.77,6.69,6.71,5.6176,37619.0
2019-04-30 14:00,{},6.7,601377,6.75,6.67,6.75,5.5687,37292.0
2019-04-30 14:30,{},6.7,601377,6.71,6.66,6.7,7.9468,53217.0
2019-04-30 15:00,{},6.74,601377,6.75,6.67,6.7,9.7163,65067.0
2019-05-06 10:00,{},6.5,601377,6.57,6.4,6.45,39.3542,263542.0
2019-05-06 10:30,{},6.4,601377,6.54,6.4,6.5,16.4495,110157.0
2019-05-06 11:00,{},6.29,601377,6.43,6.21,6.4,24.8631,166500.0
2019-05-06 11:30,{},6.27,601377,6.36,6.24,6.29,13.1268,87906.0
2019-05-06 13:30,{},6.22,601377,6.28,6.12,6.27,19.2048,128608.0
2019-05-06 14:00,{},6.09,601377,6.24,6.08,6.22,16.5436,110787.0
2019-05-06 14:30,{},6.07,601377,6.17,6.07,6.09,28.3397,189782.0
2019-05-06 15:00,{},6.13,601377,6.13,6.07,6.07,14.9973,100432.0
2019-05-07 10:00,{},6.21,601377,6.24,6.13,6.15,24.0509,161061.0
2019-05-07 10:30,{},6.2,601377,6.25,6.19,6.21,10.4907,70253.0
2019-05-07 11:00,{},6.17,601377,6.2,6.11,6.2,10.1782,68160.0
2019-05-07 11:30,{},6.19,601377,6.2,6.16,6.17,7.1141,47641.0
2019-05-07 13:30,{},6.15,601377,6.2,6.12,6.19,10.7504,71992.0
2019-05-07 14:00,{},6.29,601377,6.32,6.14,6.15,30.2429,202527.0
2019-05-07 14:30,{},6.3,601377,6.33,6.23,6.29,15.5636,104224.0
2019-05-07 15:00,{},6.29,601377,6.34,6.28,6.3,11.9918,80305.0
2019-05-08 10:00,{},6.2,601377,6.22,6.1,6.16,21.8656,146427.0
2019-05-08 10:30,{},6.27,601377,6.29,6.2,6.2,10.3335,69200.0
2019-05-08 11:00,{},6.26,601377,6.32,6.23,6.27,7.5954,50864.0
2019-05-08 11:30,{},6.3,601377,6.32,6.24,6.28,5.3707,35966.0
2019-05-08 13:30,{},6.26,601377,6.31,6.26,6.3,4.2294,28323.0
2019-05-08 14:00,{},6.23,601377,6.28,6.23,6.26,7.0407,47149.0
2019-05-08 14:30,{},6.21,601377,6.27,6.19,6.23,6.7384,45125.0
2019-05-08 15:00,{},6.21,601377,6.23,6.17,6.21,8.8212,59073.0
2019-05-09 10:00,{},6.17,601377,6.22,6.09,6.13,20.5598,137682.0
2019-05-09 10:30,{},6.12,601377,6.19,6.12,6.17,12.9028,86406.0
2019-05-09 11:00,{},6.14,601377,6.2,6.08,6.12,24.5347,164301.0
2019-05-09 11:30,{},6.14,601377,6.17,6.12,6.14,5.7676,38624.0
2019-05-09 13:30,{},6.17,601377,6.2,6.14,6.14,5.9833,40068.0
2019-05-09 14:00,{},6.2,601377,6.2,6.16,6.17,5.3074,35542.0
2019-05-09 14:30,{},6.17,601377,6.2,6.15,6.2,7.4332,49778.0
2019-05-09 15:00,{},6.11,601377,6.18,6.1,6.17,11.7975,79004.0
2019-05-10 10:00,{},6.35,601377,6.4,6.22,6.23,34.2651,229462.0
2019-05-10 10:30,{},6.28,601377,6.37,6.28,6.35,10.3414,69253.0
2019-05-10 11:00,{},6.24,601377,6.28,6.21,6.28,13.2584,88787.0
2019-05-10 11:30,{},6.23,601377,6.25,6.19,6.24,8.1097,54308.0
2019-05-10 13:30,{},6.2,601377,6.24,6.03,6.23,21.5325,144196.0
2019-05-10 14:00,{},6.29,601377,6.31,6.19,6.2,12.7398,85314.0
2019-05-10 14:30,{},6.31,601377,6.34,6.26,6.3,11.5053,77047.0
2019-05-10 15:00,{},6.33,601377,6.34,6.29,6.31,14.2984,95752.0
2019-05-13 10:00,{},6.26,601377,6.27,6.21,6.26,19.2615,128988.0
2019-05-13 10:30,{},6.2,601377,6.27,6.15,6.26,12.7442,85344.0
2019-05-13 11:00,{},6.22,601377,6.24,6.17,6.21,7.2057,48254.0
2019-05-13 11:30,{},6.21,601377,6.23,6.18,6.22,3.1332,20982.0
2019-05-13 13:30,{},6.19,601377,6.21,6.19,6.21,3.21,21496.0
2019-05-13 14:00,{},6.17,601377,6.21,6.17,6.19,5.7072,38219.0
2019-05-13 14:30,{},6.17,601377,6.19,6.16,6.17,6.5601,43931.0
2019-05-13 15:00,{},6.17,601377,6.19,6.15,6.17,8.1293,54439.0
2019-05-14 10:00,{},6.16,601377,6.23,6.11,6.11,19.719,132052.0
2019-05-14 10:30,{},6.2,601377,6.24,6.16,6.17,11.4051,76376.0
2019-05-14 11:00,{},6.17,601377,6.22,6.16,6.2,6.8746,46037.0
2019-05-14 11:30,{},6.18,601377,6.19,6.15,6.17,4.4616,29878.0
2019-05-14 13:30,{},6.2,601377,6.22,6.18,6.18,5.8474,39158.0
2019-05-14 14:00,{},6.2,601377,6.2,6.16,6.2,4.5237,30294.0
2019-05-14 14:30,{},6.17,601377,6.21,6.17,6.2,6.2728,42007.0
2019-05-14 15:00,{},6.14,601377,6.18,6.13,6.17,8.4484,56576.0
2019-05-15 10:00,{},6.21,601377,6.24,6.18,6.2,14.9921,100397.0
2019-05-15 10:30,{},6.18,601377,6.22,6.18,6.21,8.1481,54565.0
2019-05-15 11:00,{},6.19,601377,6.21,6.18,6.18,5.3407,35765.0
2019-05-15 11:30,{},6.19,601377,6.21,6.18,6.2,2.9993,20085.0
2019-05-15 13:30,{},6.22,601377,6.25,6.18,6.19,9.4795,63481.0
2019-05-15 14:00,{},6.26,601377,6.26,6.21,6.22,13.1428,88013.0
2019-05-15 14:30,{},6.26,601377,6.28,6.25,6.26,10.6807,71525.0
2019-05-15 15:00,{},6.26,601377,6.26,6.22,6.26,10.107999999999999,67690.0
2019-05-15 15:00,{},6.26,601377,6.26,6.22,6.26,10.108,67690.0
2019-05-16 10:00,{},6.22,601377,6.26,6.21,6.25,11.5858,77586.0
2019-05-16 10:30,{},6.26,601377,6.29,6.19,6.22,16.4867,110406.0
2019-05-16 11:00,{},6.24,601377,6.28,6.24,6.26,6.8739,46032.0
2019-05-16 11:30,{},6.22,601377,6.25,6.21,6.24,7.5744,50723.0
2019-05-16 13:30,{},6.23,601377,6.24,6.21,6.22,3.713,24865.0
2019-05-16 14:00,{},6.25,601377,6.26,6.22,6.23,5.1261,34328.0
2019-05-16 14:30,{},6.24,601377,6.25,6.21,6.25,6.2229,41673.0
2019-05-16 15:00,{},6.25,601377,6.27,6.23,6.24,8.2093,54975.0
2019-05-17 10:00,{},6.21,601377,6.28,6.2,6.27,10.544,70610.0
2019-05-17 10:30,{},6.2,601377,6.21,6.18,6.21,8.1866,54823.0
2019-05-17 11:00,{},6.13,601377,6.2,6.13,6.2,8.5238,57081.0
2019-05-17 11:30,{},6.11,601377,6.15,6.1,6.13,8.9525,59952.0
2019-05-17 13:30,{},6.07,601377,6.12,6.06,6.11,12.0966,81007.0
2019-05-17 14:00,{},6.04,601377,6.08,6.02,6.07,12.6294,84575.0
2019-05-17 14:30,{},6.02,601377,6.06,6.01,6.04,12.2268,81879.0
2019-05-17 15:00,{},5.96,601377,6.03,5.93,6.02,21.2376,142221.0
2019-05-20 10:00,{},5.97,601377,6.03,5.92,5.95,18.6294,124755.0
2019-05-20 10:30,{},6.01,601377,6.01,5.94,5.98,11.0958,74305.0
2019-05-20 11:00,{},6.07,601377,6.11,6.0,6.01,14.0198,93886.0
2019-05-20 11:30,{},6.05,601377,6.08,6.04,6.07,5.7061,38212.0
2019-05-20 13:30,{},6.03,601377,6.07,6.02,6.05,4.3224,28946.0
2019-05-20 14:00,{},6.02,601377,6.04,6.01,6.03,5.4639,36590.0
2019-05-20 14:30,{},6.02,601377,6.04,6.01,6.02,6.9626,46626.0
2019-05-20 15:00,{},6.03,601377,6.05,6.01,6.02,7.3764,49397.0
2019-05-21 10:00,{},6.11,601377,6.11,6.02,6.03,15.4765,103641.0
2019-05-21 10:30,{},6.11,601377,6.11,6.07,6.11,10.8433,72614.0
2019-05-21 11:00,{},6.19,601377,6.19,6.11,6.11,21.0358,140870.0
2019-05-21 11:30,{},6.18,601377,6.19,6.15,6.19,8.9776,60120.0
2019-05-21 13:30,{},6.16,601377,6.19,6.15,6.18,4.1137,27548.0
2019-05-21 14:00,{},6.17,601377,6.17,6.13,6.16,3.2645,21861.0
2019-05-21 14:30,{},6.16,601377,6.17,6.13,6.17,3.4095,22832.0
2019-05-21 15:00,{},6.16,601377,6.16,6.14,6.16,4.552,30483.0
2019-05-22 10:00,{},6.14,601377,6.18,6.1,6.15,10.6949,71620.0
2019-05-22 10:30,{},6.15,601377,6.2,6.13,6.14,8.3671,56032.0
2019-05-22 11:00,{},6.13,601377,6.16,6.11,6.15,5.6119,37581.0
2019-05-22 11:30,{},6.13,601377,6.15,6.12,6.13,3.8979,26103.0
2019-05-22 13:30,{},6.11,601377,6.13,6.1,6.13,3.7996,25445.0
2019-05-22 14:00,{},6.1,601377,6.11,6.07,6.11,6.1239,41010.0
2019-05-22 14:30,{},6.09,601377,6.11,6.06,6.1,7.0865,47456.0
2019-05-22 15:00,{},6.1,601377,6.12,6.08,6.09,5.1587,34546.0
2019-05-23 10:00,{},6.1,601377,6.15,6.03,6.09,11.3937,76300.0
2019-05-23 10:30,{},6.13,601377,6.15,6.09,6.1,8.0097,53638.0
2019-05-23 11:00,{},6.17,601377,6.21,6.12,6.13,18.5782,124412.0
2019-05-23 11:30,{},6.14,601377,6.18,6.13,6.17,3.5836,23998.0
2019-05-23 13:30,{},6.13,601377,6.15,6.12,6.14,3.0975,20743.0
2019-05-23 14:00,{},6.1,601377,6.13,6.09,6.13,4.5885,30728.0
2019-05-23 14:30,{},6.1,601377,6.12,6.08,6.1,4.9644,33245.0
2019-05-23 15:00,{},6.08,601377,6.1,6.06,6.09,6.5992,44193.0
2019-05-24 10:00,{},6.16,601377,6.17,6.08,6.08,12.185,81599.0
2019-05-24 10:30,{},6.11,601377,6.16,6.1,6.16,5.337999999999999,35747.0
2019-05-24 11:00,{},6.14,601377,6.15,6.09,6.11,3.7357,25017.0
2019-05-24 11:30,{},6.11,601377,6.14,6.11,6.14,1.9486,13049.0
2019-05-24 13:30,{},6.11,601377,6.12,6.08,6.11,2.3238,15562.0
2019-05-24 14:00,{},6.1,601377,6.12,6.1,6.11,2.3073,15451.0
2019-05-24 14:30,{},6.12,601377,6.12,6.08,6.1,4.3147,28894.0
2019-05-24 15:00,{},6.1,601377,6.12,6.09,6.11,5.1558,34527.0
2019-05-27 10:00,{},6.12,601377,6.15,6.08,6.11,6.553999999999999,43890.0
2019-05-27 10:00,{},6.12,601377,6.15,6.08,6.11,6.5539999999999985,43890.0
2019-05-27 10:30,{},6.12,601377,6.15,6.1,6.12,5.0909,34092.0
2019-05-27 11:00,{},6.13,601377,6.15,6.12,6.12,3.5818,23986.0
2019-05-27 11:30,{},6.21,601377,6.22,6.1,6.13,11.3002,75674.0
2019-05-27 13:30,{},6.3,601377,6.3,6.21,6.21,23.9323,160267.0
2019-05-27 14:00,{},6.27,601377,6.3,6.25,6.3,9.9373,66547.0
2019-05-27 14:30,{},6.28,601377,6.3,6.26,6.28,8.6564,57969.0
2019-05-27 15:00,{},6.28,601377,6.29,6.26,6.28,7.916,53011.0
2019-05-28 10:00,{},6.29,601377,6.3,6.24,6.26,11.536,77253.0
2019-05-28 10:30,{},6.27,601377,6.3,6.25,6.29,7.2325,48434.0
2019-05-28 11:00,{},6.27,601377,6.28,6.25,6.27,3.8415,25725.0
2019-05-28 11:30,{},6.27,601377,6.28,6.25,6.27,3.1069,20806.0
2019-05-28 13:30,{},6.29,601377,6.31,6.26,6.27,6.5091,43589.0
2019-05-28 14:00,{},6.25,601377,6.29,6.25,6.29,7.051,47218.0
2019-05-28 14:30,{},6.23,601377,6.26,6.21,6.25,7.9881,53494.0
2019-05-28 15:00,{},6.25,601377,6.25,6.19,6.22,14.5895,97701.0
2019-05-29 10:00,{},6.2,601377,6.25,6.2,6.23,7.1813,48091.0
2019-05-29 10:30,{},6.22,601377,6.23,6.2,6.21,3.5125,23522.0
2019-05-29 11:00,{},6.21,601377,6.24,6.2,6.22,2.7853,18652.0
2019-05-29 11:30,{},6.22,601377,6.24,6.2,6.21,1.8536,12413.0
2019-05-29 13:30,{},6.24,601377,6.24,6.21,6.22,2.6453,17715.0
2019-05-29 14:00,{},6.26,601377,6.3,6.22,6.24,16.8066,112548.0
2019-05-29 14:30,{},6.26,601377,6.28,6.25,6.26,4.622,30952.0
2019-05-29 15:00,{},6.23,601377,6.27,6.22,6.26,5.9601,39913.0
2019-05-30 10:00,{},6.13,601377,6.23,6.12,6.2,12.2677,82153.0
2019-05-30 10:30,{},6.14,601377,6.15,6.11,6.12,8.1113,54319.0
2019-05-30 11:00,{},6.13,601377,6.17,6.12,6.14,5.0515,33828.0
2019-05-30 11:30,{},6.16,601377,6.18,6.12,6.12,4.7044,31504.0
2019-05-30 13:30,{},6.13,601377,6.17,6.12,6.16,4.0248,26953.0
2019-05-30 14:00,{},6.14,601377,6.14,6.1,6.13,5.3864,36071.0
2019-05-30 14:30,{},6.16,601377,6.16,6.13,6.14,3.6106,24179.0
2019-05-30 15:00,{},6.17,601377,6.18,6.15,6.16,5.5466,37144.0
2019-05-31 10:00,{},6.23,601377,6.24,6.17,6.2,8.4339,56479.0
2019-05-31 10:30,{},6.21,601377,6.25,6.21,6.23,8.2471,55228.0
2019-05-31 11:00,{},6.2,601377,6.23,6.2,6.21,6.6539,44559.0
2019-05-31 11:30,{},6.21,601377,6.21,6.18,6.2,8.3488,55909.0
2019-05-31 13:30,{},6.21,601377,6.23,6.2,6.21,7.1501,47882.0
2019-05-31 14:00,{},6.18,601377,6.22,6.18,6.21,9.4371,63197.0
2019-05-31 14:30,{},6.21,601377,6.21,6.18,6.18,5.0607,33890.0
2019-05-31 15:00,{},6.18,601377,6.21,6.18,6.2,5.4019,36175.0
2019-06-03 10:00,{},6.24,601377,6.3,6.18,6.21,22.1075,148047.0
2019-06-03 10:30,{},6.17,601377,6.25,6.17,6.24,9.3658,62720.0
2019-06-03 11:00,{},6.15,601377,6.21,6.15,6.17,7.9293,53100.0
2019-06-03 11:30,{},6.16,601377,6.17,6.11,6.15,5.1566,34532.0
2019-06-03 13:30,{},6.16,601377,6.19,6.14,6.15,3.4979,23424.0
2019-06-03 14:00,{},6.16,601377,6.2,6.15,6.16,2.9845,19986.0
2019-06-03 14:30,{},6.17,601377,6.17,6.14,6.16,1.9180000000000001,12844.0
2019-06-03 14:30,{},6.17,601377,6.17,6.14,6.16,1.918,12844.0
2019-06-03 15:00,{},6.16,601377,6.18,6.15,6.17,4.1816,28003.0
2019-06-04 10:00,{},6.14,601377,6.18,6.1,6.15,10.0622,67383.0
2019-06-04 10:30,{},6.18,601377,6.2,6.12,6.14,11.0143,73759.0
2019-06-04 11:00,{},6.19,601377,6.19,6.16,6.18,6.5497,43861.0
2019-06-04 11:30,{},6.2,601377,6.2,6.16,6.19,4.4933,30090.0
2019-06-04 13:30,{},6.16,601377,6.2,6.16,6.2,4.351,29137.0
2019-06-04 14:00,{},6.17,601377,6.18,6.16,6.16,4.919,32941.0
2019-06-04 14:30,{},6.18,601377,6.19,6.15,6.17,6.0599,40581.0
2019-06-04 15:00,{},6.17,601377,6.18,6.14,6.18,8.0792,54104.0
2019-06-05 10:00,{},6.24,601377,6.28,6.22,6.24,17.7879,119120.0
2019-06-05 10:30,{},6.24,601377,6.26,6.23,6.24,9.2449,61910.0
2019-06-05 11:00,{},6.24,601377,6.25,6.23,6.24,4.3917,29410.0
2019-06-05 11:30,{},6.27,601377,6.28,6.23,6.24,9.2217,61755.0
2019-06-05 13:30,{},6.26,601377,6.31,6.25,6.27,13.8745,92913.0
2019-06-05 14:00,{},6.25,601377,6.27,6.24,6.26,4.9456,33119.0
2019-06-05 14:30,{},6.22,601377,6.26,6.22,6.25,3.5337,23664.0
2019-06-05 15:00,{},6.22,601377,6.23,6.2,6.22,5.6017,37513.0
2019-06-06 10:00,{},6.23,601377,6.26,6.18,6.25,13.7497,92077.0
2019-06-06 10:30,{},6.22,601377,6.27,6.22,6.23,7.9584,53295.0
2019-06-06 11:00,{},6.2,601377,6.24,6.2,6.22,4.3652,29232.0
2019-06-06 11:30,{},6.22,601377,6.22,6.19,6.2,4.9298,33013.0
2019-06-06 13:30,{},6.21,601377,6.23,6.2,6.22,2.7803,18619.0
2019-06-06 14:00,{},6.21,601377,6.23,6.2,6.21,3.2712,21906.0
2019-06-06 14:30,{},6.17,601377,6.22,6.16,6.21,8.2075,54963.0
2019-06-06 15:00,{},6.16,601377,6.19,6.15,6.17,7.7975,52217.0
2019-06-10 10:00,{},5.99,601377,6.15,5.95,6.11,30.5071,204296.0
2019-06-10 10:30,{},6.02,601377,6.02,5.94,5.98,14.7923,99059.0
2019-06-10 11:00,{},6.03,601377,6.03,5.98,6.02,5.9579999999999975,39899.0
2019-06-10 11:00,{},6.03,601377,6.03,5.98,6.02,5.957999999999999,39899.0
2019-06-10 11:00,{},6.03,601377,6.03,5.98,6.02,5.957999999999998,39899.0
2019-06-10 11:30,{},6.08,601377,6.1,6.03,6.03,5.5743,37329.0
2019-06-10 13:30,{},6.07,601377,6.09,6.06,6.08,3.5816,23985.0
2019-06-10 14:00,{},6.05,601377,6.09,6.04,6.07,4.6505,31143.0
2019-06-10 14:30,{},6.03,601377,6.06,6.03,6.05,7.0505,47215.0
2019-06-10 15:00,{},6.04,601377,6.04,6.01,6.03,7.8769,52749.0
2019-06-11 10:00,{},6.08,601377,6.09,6.04,6.06,11.1376,74585.0
2019-06-11 10:30,{},6.18,601377,6.18,6.07,6.07,16.8424,112788.0
2019-06-11 11:00,{},6.24,601377,6.28,6.18,6.18,20.8542,139654.0
2019-06-11 11:30,{},6.3,601377,6.3,6.23,6.24,16.8013,112513.0
2019-06-11 13:30,{},6.3,601377,6.34,6.29,6.3,13.2876,88983.0
2019-06-11 14:00,{},6.32,601377,6.34,6.28,6.3,11.9026,79708.0
2019-06-11 14:30,{},6.35,601377,6.38,6.31,6.32,16.7099,111901.0
2019-06-11 15:00,{},6.36,601377,6.37,6.34,6.35,11.4503,76679.0
2019-06-12 10:00,{},6.35,601377,6.38,6.31,6.35,19.2364,128820.0
2019-06-12 10:30,{},6.35,601377,6.4,6.34,6.35,14.8,99111.0
2019-06-12 11:00,{},6.32,601377,6.36,6.3,6.36,8.3827,56136.0
2019-06-12 11:30,{},6.31,601377,6.33,6.29,6.32,6.7204,45004.0
2019-06-12 13:30,{},6.28,601377,6.32,6.28,6.31,4.8119,32224.0
2019-06-12 14:00,{},6.31,601377,6.32,6.28,6.28,3.0968,20738.0
2019-06-12 14:30,{},6.31,601377,6.35,6.31,6.31,5.6135,37592.0
2019-06-12 15:00,{},6.3,601377,6.32,6.29,6.31,6.6878,44786.0
2019-06-13 10:00,{},6.32,601377,6.34,6.27,6.28,14.2295,95290.0
2019-06-13 10:30,{},6.33,601377,6.33,6.28,6.32,7.915,53004.0
2019-06-13 11:00,{},6.36,601377,6.38,6.32,6.33,13.2336,88621.0
2019-06-13 11:30,{},6.37,601377,6.38,6.33,6.36,4.6044,30834.0
2019-06-13 13:30,{},6.33,601377,6.39,6.33,6.37,6.5667,43975.0
2019-06-13 14:00,{},6.34,601377,6.36,6.33,6.33,3.4704,23240.0
2019-06-13 14:30,{},6.34,601377,6.36,6.32,6.34,5.7442,38467.0
2019-06-13 15:00,{},6.33,601377,6.35,6.32,6.34,7.8941,52864.0
2019-06-14 10:00,{},6.31,601377,6.38,6.31,6.34,10.6399,71252.0
2019-06-14 10:30,{},6.35,601377,6.35,6.29,6.31,7.3398,49152.0
2019-06-14 11:00,{},6.32,601377,6.36,6.3,6.35,3.3007,22104.0
2019-06-14 11:30,{},6.29,601377,6.33,6.28,6.32,3.9848,26685.0
2019-06-14 13:30,{},6.3,601377,6.31,6.28,6.29,4.5489999999999995,30463.0
2019-06-14 13:30,{},6.3,601377,6.31,6.28,6.29,4.549,30463.0
2019-06-14 14:00,{},6.26,601377,6.32,6.25,6.3,6.6357,44437.0
2019-06-14 14:30,{},6.23,601377,6.28,6.21,6.25,7.7982,52222.0
2019-06-14 15:00,{},6.2,601377,6.24,6.17,6.23,12.3664,82814.0
2019-06-17 10:00,{},6.26,601377,6.28,6.19,6.21,9.0875,60856.0
2019-06-17 10:30,{},6.22,601377,6.27,6.21,6.26,5.423,36316.0
2019-06-17 10:30,{},6.22,601377,6.27,6.21,6.26,5.422999999999999,36316.0
2019-06-17 11:00,{},6.2,601377,6.23,6.19,6.22,3.663,24530.0
2019-06-17 11:00,{},6.2,601377,6.23,6.19,6.22,3.6630000000000003,24530.0
2019-06-17 11:30,{},6.18,601377,6.21,6.18,6.2,3.274,21925.0
2019-06-17 11:30,{},6.18,601377,6.21,6.18,6.2,3.2739999999999996,21925.0
2019-06-17 13:30,{},6.17,601377,6.21,6.17,6.18,3.5943,24070.0
2019-06-17 14:00,{},6.22,601377,6.22,6.17,6.17,6.1641,41279.0
2019-06-17 14:30,{},6.18,601377,6.22,6.17,6.22,7.3404,49156.0
2019-06-17 15:00,{},6.18,601377,6.19,6.17,6.18,4.3637,29222.0
2019-06-18 10:00,{},6.15,601377,6.23,6.12,6.22,9.4042,62977.0
2019-06-18 10:30,{},6.16,601377,6.19,6.14,6.15,3.7631,25200.0
2019-06-18 11:00,{},6.19,601377,6.2,6.15,6.16,4.0008,26792.0
2019-06-18 11:30,{},6.18,601377,6.2,6.17,6.19,1.7845,11950.0
2019-06-18 13:30,{},6.15,601377,6.19,6.14,6.18,2.9452,19723.0
2019-06-18 14:00,{},6.15,601377,6.17,6.14,6.15,3.2988,22091.0
2019-06-18 14:30,{},6.17,601377,6.18,6.14,6.15,2.7651,18517.0
2019-06-18 15:00,{},6.17,601377,6.18,6.15,6.17,3.9623,26534.0
2019-06-19 10:00,{},6.37,601377,6.59,6.33,6.5,58.5887,392349.0
2019-06-19 10:30,{},6.36,601377,6.39,6.34,6.37,9.6584,64679.0
2019-06-19 11:00,{},6.33,601377,6.38,6.32,6.36,5.4739,36657.0
2019-06-19 11:30,{},6.35,601377,6.36,6.32,6.33,4.6884,31397.0
2019-06-19 13:30,{},6.38,601377,6.41,6.34,6.34,8.6779,58113.0
2019-06-19 14:00,{},6.35,601377,6.39,6.34,6.38,6.5122,43610.0
2019-06-19 14:30,{},6.33,601377,6.36,6.32,6.36,5.7885,38764.0
2019-06-19 15:00,{},6.29,601377,6.34,6.28,6.33,9.6538,64648.0
2019-06-20 10:00,{},6.4,601377,6.4,6.25,6.27,25.1821,168636.0
2019-06-20 10:30,{},6.46,601377,6.49,6.37,6.4,28.811,192938.0
2019-06-20 11:00,{},6.48,601377,6.51,6.45,6.46,22.0644,147758.0
2019-06-20 11:30,{},6.71,601377,6.76,6.47,6.48,48.2831,323336.0
2019-06-20 13:30,{},6.57,601377,6.74,6.57,6.71,23.8966,160028.0
2019-06-20 14:00,{},6.55,601377,6.63,6.55,6.57,12.5014,83718.0
2019-06-20 14:30,{},6.6,601377,6.62,6.55,6.55,6.4078,42911.0
2019-06-20 15:00,{},6.62,601377,6.62,6.56,6.6,11.5166,77123.0
2019-06-21 10:00,{},6.72,601377,6.82,6.6,6.63,51.8193,347017.0
2019-06-21 10:30,{},6.75,601377,6.76,6.68,6.72,17.9676,120323.0
2019-06-21 11:00,{},6.75,601377,6.8,6.74,6.75,16.727,112015.0
2019-06-21 11:30,{},6.75,601377,6.79,6.73,6.75,9.5573,64002.0
2019-06-21 13:30,{},6.71,601377,6.76,6.68,6.75,11.7518,78698.0
2019-06-21 14:00,{},6.74,601377,6.75,6.68,6.71,9.676,64797.0
2019-06-21 14:30,{},6.7,601377,6.74,6.67,6.74,8.7756,58767.0
2019-06-21 15:00,{},6.73,601377,6.76,6.69,6.7,15.2933,102414.0
2019-06-24 10:00,{},6.73,601377,6.83,6.67,6.83,30.9579,207315.0
2019-06-24 10:30,{},6.73,601377,6.75,6.69,6.73,8.7322,58477.0
2019-06-24 11:00,{},6.7,601377,6.74,6.69,6.73,10.0304,67170.0
2019-06-24 11:30,{},6.66,601377,6.7,6.65,6.7,11.3773,76190.0
2019-06-24 13:30,{},6.69,601377,6.69,6.65,6.66,5.8262,39016.0
2019-06-24 14:00,{},6.65,601377,6.69,6.65,6.69,4.796,32117.0
2019-06-24 14:30,{},6.68,601377,6.69,6.64,6.65,4.8521,32493.0
2019-06-24 15:00,{},6.68,601377,6.7,6.65,6.68,8.7194,58391.0
2019-06-25 10:00,{},6.64,601377,6.71,6.63,6.68,12.2864,82278.0
2019-06-25 10:30,{},6.66,601377,6.74,6.6,6.64,17.3013,115861.0
2019-06-25 11:00,{},6.57,601377,6.66,6.56,6.66,11.4954,76981.0
2019-06-25 11:30,{},6.52,601377,6.59,6.51,6.57,10.919,73121.0
2019-06-25 13:30,{},6.55,601377,6.57,6.5,6.52,6.29,42122.0
2019-06-25 14:00,{},6.6,601377,6.64,6.54,6.55,8.1387,54502.0
2019-06-25 14:30,{},6.58,601377,6.62,6.56,6.6,7.0525,47228.0
2019-06-25 15:00,{},6.67,601377,6.7,6.58,6.58,16.7898,112436.0
2019-06-26 10:00,{},6.58,601377,6.61,6.52,6.52,20.7366,138866.0
2019-06-26 10:30,{},6.59,601377,6.61,6.55,6.57,7.0015,46887.0
2019-06-26 11:00,{},6.57,601377,6.63,6.56,6.59,5.6925,38121.0
2019-06-26 11:30,{},6.54,601377,6.57,6.53,6.57,7.0962,47521.0
2019-06-26 13:30,{},6.54,601377,6.57,6.53,6.54,4.5203,30271.0
2019-06-26 14:00,{},6.53,601377,6.56,6.53,6.54,4.9983,33472.0
2019-06-26 14:30,{},6.54,601377,6.56,6.53,6.53,6.5155,43632.0
2019-06-26 15:00,{},6.53,601377,6.55,6.51,6.54,9.2385,61867.0
2019-06-27 10:00,{},6.86,601377,6.86,6.55,6.55,69.6915,466701.0
2019-06-27 10:30,{},6.75,601377,6.89,6.75,6.85,32.9132,220409.0
2019-06-27 11:00,{},6.82,601377,6.82,6.75,6.75,12.4541,83401.0
2019-06-27 11:30,{},6.8,601377,6.83,6.78,6.82,7.187,48129.0
2019-06-27 13:30,{},6.74,601377,6.81,6.74,6.8,9.0815,60816.0
2019-06-27 14:00,{},6.74,601377,6.77,6.74,6.74,10.3317,69188.0
2019-06-27 14:30,{},6.75,601377,6.76,6.71,6.74,9.1513,61283.0
2019-06-27 15:00,{},6.79,601377,6.8,6.75,6.75,20.2239,135433.0
2019-06-28 10:00,{},6.8,601377,6.81,6.73,6.75,20.3002,135944.0
2019-06-28 10:30,{},6.73,601377,6.81,6.71,6.8,17.2348,115416.0
2019-06-28 11:00,{},6.7,601377,6.74,6.69,6.73,10.0687,67427.0
2019-06-28 11:30,{},6.7,601377,6.71,6.67,6.7,5.9794,40042.0
2019-06-28 13:30,{},6.7,601377,6.72,6.68,6.7,5.0945,34116.0
2019-06-28 14:00,{},6.68,601377,6.71,6.67,6.7,7.3247,49051.0
2019-06-28 14:30,{},6.73,601377,6.73,6.67,6.68,6.4919,43474.0
2019-06-28 15:00,{},6.74,601377,6.75,6.71,6.73,11.46,76744.0
2019-07-01 10:00,{},6.91,601377,6.98,6.84,6.95,42.4936,284566.0
2019-07-01 10:30,{},6.92,601377,6.97,6.89,6.91,26.4437,177085.0
2019-07-01 11:00,{},6.95,601377,6.96,6.91,6.92,10.6399,71252.0
2019-07-01 11:30,{},6.91,601377,6.96,6.9,6.95,8.6158,57697.0
2019-07-01 13:30,{},6.87,601377,6.91,6.86,6.91,12.001,80367.0
2019-07-01 14:00,{},6.86,601377,6.88,6.83,6.87,14.3691,96225.0
2019-07-01 14:30,{},6.87,601377,6.89,6.85,6.86,7.3496,49218.0
2019-07-01 15:00,{},6.89,601377,6.89,6.85,6.86,10.1961,68280.0
2019-07-02 10:00,{},6.85,601377,6.87,6.83,6.87,14.8078,99163.0
2019-07-02 10:30,{},6.83,601377,6.86,6.79,6.85,12.4109,83112.0
2019-07-02 11:00,{},6.82,601377,6.85,6.82,6.83,5.5277,37017.0
2019-07-02 11:30,{},6.84,601377,6.84,6.82,6.82,3.0146,20188.0
2019-07-02 13:30,{},6.79,601377,6.85,6.76,6.84,14.0309,93960.0
2019-07-02 14:00,{},6.78,601377,6.8,6.77,6.79,4.8066,32188.0
2019-07-02 14:30,{},6.82,601377,6.82,6.77,6.78,5.6901,38105.0
2019-07-02 15:00,{},6.8,601377,6.83,6.8,6.82,8.3527,55935.0
2019-07-03 10:00,{},6.74,601377,6.79,6.73,6.76,14.9547,100147.0
2019-07-03 10:30,{},6.71,601377,6.75,6.71,6.73,8.3234,55739.0
2019-07-03 11:00,{},6.73,601377,6.74,6.7,6.71,8.4641,56681.0
2019-07-03 11:30,{},6.73,601377,6.74,6.72,6.74,3.9983,26775.0
2019-07-03 13:30,{},6.72,601377,6.73,6.7,6.73,6.9463,46517.0
2019-07-03 14:00,{},6.72,601377,6.73,6.7,6.72,6.491,43468.0
2019-07-03 14:00,{},6.72,601377,6.73,6.7,6.72,6.4910000000000005,43468.0
2019-07-03 14:30,{},6.7,601377,6.72,6.69,6.72,9.9899,66899.0
2019-07-03 15:00,{},6.73,601377,6.73,6.68,6.7,7.0205,47014.0
2019-07-04 10:00,{},6.77,601377,6.81,6.73,6.75,15.0131,100538.0
2019-07-04 10:30,{},6.76,601377,6.78,6.74,6.77,4.6777,31325.0
2019-07-04 11:00,{},6.72,601377,6.76,6.7,6.76,5.1756,34659.0
2019-07-04 11:30,{},6.71,601377,6.74,6.71,6.72,2.8799,19286.0
2019-07-04 13:30,{},6.71,601377,6.72,6.7,6.71,3.3454,22403.0
2019-07-04 14:00,{},6.72,601377,6.73,6.7,6.71,2.7491,18410.0
2019-07-04 14:30,{},6.68,601377,6.73,6.67,6.72,6.9087,46265.0
2019-07-04 15:00,{},6.73,601377,6.73,6.66,6.68,9.6827,64842.0
2019-07-05 10:00,{},6.68,601377,6.74,6.68,6.74,5.1765,34665.0
2019-07-05 10:30,{},6.74,601377,6.74,6.67,6.68,7.0428,47163.0
2019-07-05 11:00,{},6.72,601377,6.76,6.72,6.74,6.5222,43677.0
2019-07-05 11:30,{},6.72,601377,6.74,6.7,6.72,3.3747,22599.0
2019-07-05 13:30,{},6.72,601377,6.74,6.71,6.72,3.9863,26695.0
2019-07-05 14:00,{},6.74,601377,6.75,6.72,6.72,3.2101,21497.0
2019-07-05 14:30,{},6.74,601377,6.74,6.72,6.74,2.8305,18955.0
2019-07-05 15:00,{},6.74,601377,6.75,6.73,6.74,5.5089,36891.0
2019-07-08 10:00,{},6.63,601377,6.74,6.62,6.74,15.9406,106749.0
2019-07-08 10:30,{},6.51,601377,6.64,6.51,6.63,16.2478,108806.0
2019-07-08 11:00,{},6.47,601377,6.54,6.42,6.51,17.9126,119955.0
2019-07-08 11:30,{},6.52,601377,6.57,6.47,6.47,9.7499,65292.0
2019-07-08 13:30,{},6.48,601377,6.52,6.46,6.52,6.4413,43135.0
2019-07-08 14:00,{},6.46,601377,6.48,6.44,6.48,9.6022,64303.0
2019-07-08 14:30,{},6.49,601377,6.49,6.44,6.46,7.7694,52029.0
2019-07-08 15:00,{},6.48,601377,6.5,6.46,6.49,9.142999999999999,61228.0
2019-07-08 15:00,{},6.48,601377,6.5,6.46,6.49,9.143,61228.0
2019-07-09 10:00,{},6.49,601377,6.53,6.46,6.49,14.3367,96008.0
2019-07-09 10:30,{},6.48,601377,6.49,6.46,6.49,4.7344,31705.0
2019-07-09 11:00,{},6.46,601377,6.5,6.46,6.48,4.1792,27987.0
2019-07-09 11:30,{},6.42,601377,6.47,6.41,6.46,7.9109,52977.0
2019-07-09 13:30,{},6.42,601377,6.45,6.41,6.42,4.5732,30625.0
2019-07-09 14:00,{},6.47,601377,6.47,6.41,6.42,5.8362,39083.0
2019-07-09 14:30,{},6.5,601377,6.53,6.44,6.47,14.1699,94891.0
2019-07-09 15:00,{},6.5,601377,6.52,6.48,6.5,5.8913,39452.0
2019-07-10 10:00,{},6.48,601377,6.54,6.46,6.54,7.5909,50834.0
2019-07-10 10:30,{},6.5,601377,6.52,6.47,6.48,4.7677,31928.0
2019-07-10 11:00,{},6.56,601377,6.57,6.48,6.5,10.9557,73367.0
2019-07-10 11:30,{},6.55,601377,6.56,6.52,6.56,5.2974,35475.0
2019-07-10 13:30,{},6.56,601377,6.58,6.53,6.55,8.2471,55228.0
2019-07-10 14:00,{},6.54,601377,6.56,6.53,6.56,3.4112,22844.0
2019-07-10 14:30,{},6.51,601377,6.55,6.51,6.54,4.0623,27204.0
2019-07-10 15:00,{},6.52,601377,6.52,6.49,6.51,6.3994,42855.0
2019-07-11 10:00,{},6.62,601377,6.63,6.55,6.56,13.9989,93746.0
2019-07-11 10:30,{},6.56,601377,6.63,6.54,6.62,8.3927,56203.0
2019-07-11 11:00,{},6.56,601377,6.57,6.54,6.56,3.0196,20221.0
2019-07-11 11:30,{},6.53,601377,6.57,6.49,6.56,7.0383,47133.0
2019-07-11 13:30,{},6.5,601377,6.55,6.5,6.53,2.8734,19242.0
2019-07-11 14:00,{},6.49,601377,6.53,6.48,6.5,3.8486,25773.0
2019-07-11 14:30,{},6.52,601377,6.52,6.47,6.49,3.3823,22650.0
2019-07-11 15:00,{},6.53,601377,6.53,6.49,6.52,4.3901,29399.0
2019-07-12 10:00,{},6.55,601377,6.57,6.46,6.53,11.4853,76913.0
2019-07-12 10:30,{},6.52,601377,6.57,6.51,6.55,6.5645,43960.0
2019-07-12 11:00,{},6.56,601377,6.56,6.5,6.52,3.6832,24665.0
2019-07-12 11:30,{},6.55,601377,6.57,6.53,6.56,3.8091,25508.0
2019-07-12 13:30,{},6.54,601377,6.56,6.54,6.55,2.7003,18083.0
2019-07-12 14:00,{},6.55,601377,6.56,6.53,6.54,3.6046,24139.0
2019-07-12 14:30,{},6.54,601377,6.56,6.54,6.55,3.0703,20561.0
2019-07-12 15:00,{},6.55,601377,6.55,6.53,6.54,5.1373,34403.0
2019-07-15 10:00,{},6.53,601377,6.55,6.47,6.53,14.5835,97661.0
2019-07-15 10:30,{},6.59,601377,6.6,6.52,6.53,8.6273,57774.0
2019-07-15 11:00,{},6.62,601377,6.65,6.59,6.59,10.8991,72988.0
2019-07-15 11:30,{},6.75,601377,6.77,6.61,6.62,14.4316,96644.0
2019-07-15 13:30,{},6.72,601377,6.77,6.68,6.75,10.7797,72188.0
2019-07-15 14:00,{},6.71,601377,6.74,6.68,6.72,7.4513,49899.0
2019-07-15 14:30,{},6.71,601377,6.73,6.69,6.71,6.0917,40794.0
2019-07-15 15:00,{},6.7,601377,6.71,6.68,6.71,6.7695,45333.0
2019-07-16 10:00,{},6.68,601377,6.72,6.66,6.68,10.3653,69413.0
2019-07-16 10:30,{},6.69,601377,6.7,6.66,6.68,5.7327,38390.0
2019-07-16 11:00,{},6.7,601377,6.71,6.67,6.68,4.6557,31178.0
2019-07-16 11:30,{},6.69,601377,6.71,6.68,6.7,3.7623,25195.0
2019-07-16 13:30,{},6.69,601377,6.71,6.68,6.69,2.9273,19603.0
2019-07-16 14:00,{},6.7,601377,6.7,6.68,6.69,2.1948,14698.0
2019-07-16 14:30,{},6.69,601377,6.71,6.68,6.7,3.709,24838.0
2019-07-16 14:30,{},6.69,601377,6.71,6.68,6.7,3.7089999999999996,24838.0
2019-07-16 15:00,{},6.69,601377,6.7,6.68,6.69,4.4359,29706.0
2019-07-17 10:00,{},6.71,601377,6.72,6.65,6.67,6.2661,41962.0
2019-07-17 10:30,{},6.7,601377,6.72,6.69,6.71,5.2108,34895.0
2019-07-17 11:00,{},6.69,601377,6.7,6.65,6.7,6.3072,42237.0
2019-07-17 11:30,{},6.68,601377,6.7,6.67,6.69,3.7716,25257.0
2019-07-17 13:30,{},6.73,601377,6.75,6.68,6.68,9.1422,61222.0
2019-07-17 14:00,{},6.7,601377,6.75,6.7,6.73,4.3931,29419.0
2019-07-17 14:30,{},6.69,601377,6.71,6.68,6.7,2.9897,20021.0
2019-07-17 15:00,{},6.69,601377,6.7,6.68,6.69,5.6978,38156.0
2019-07-18 10:00,{},6.62,601377,6.68,6.61,6.66,9.3006,62283.0
2019-07-18 10:30,{},6.63,601377,6.66,6.6,6.62,5.3612,35902.0
2019-07-18 11:00,{},6.64,601377,6.67,6.62,6.63,3.3805,22638.0
2019-07-18 11:30,{},6.62,601377,6.65,6.61,6.65,2.7808,18622.0
2019-07-18 13:30,{},6.56,601377,6.62,6.55,6.62,7.4155,49659.0
2019-07-18 14:00,{},6.59,601377,6.6,6.55,6.56,4.3864,29374.0
2019-07-18 14:30,{},6.59,601377,6.62,6.58,6.59,4.9778,33335.0
2019-07-18 15:00,{},6.56,601377,6.6,6.56,6.59,7.4479,49876.0
2019-07-19 10:00,{},6.69,601377,6.7,6.59,6.59,15.5207,103937.0
2019-07-19 10:30,{},6.7,601377,6.75,6.67,6.69,16.8185,112628.0
2019-07-19 11:00,{},6.72,601377,6.72,6.69,6.7,4.1994,28122.0
2019-07-19 11:30,{},6.7,601377,6.72,6.69,6.72,2.4938,16700.0
2019-07-19 13:30,{},6.67,601377,6.71,6.67,6.7,2.6636,17837.0
2019-07-19 14:00,{},6.68,601377,6.69,6.67,6.67,3.4092,22830.0
2019-07-19 14:30,{},6.68,601377,6.69,6.67,6.68,3.4371,23017.0
2019-07-19 15:00,{},6.7,601377,6.7,6.68,6.68,9.6533,64645.0
2019-07-22 10:00,{},6.62,601377,6.77,6.53,6.75,24.1756,161896.0
2019-07-22 10:30,{},6.6,601377,6.64,6.59,6.62,4.6668,31252.0
2019-07-22 11:00,{},6.57,601377,6.62,6.57,6.6,4.6828,31359.0
2019-07-22 11:30,{},6.62,601377,6.62,6.55,6.58,5.1463,34463.0
2019-07-22 13:30,{},6.57,601377,6.62,6.57,6.62,4.2599,28527.0
2019-07-22 14:00,{},6.58,601377,6.6,6.57,6.57,2.8692,19214.0
2019-07-22 14:30,{},6.56,601377,6.6,6.55,6.58,6.7741,45364.0
2019-07-22 15:00,{},6.5,601377,6.56,6.49,6.56,14.3423,96046.0
2019-07-23 10:00,{},6.58,601377,6.59,6.5,6.52,10.5817,70862.0
2019-07-23 10:30,{},6.56,601377,6.59,6.56,6.58,4.3531,29151.0
2019-07-23 11:00,{},6.57,601377,6.57,6.54,6.55,2.8196,18882.0
2019-07-23 11:30,{},6.57,601377,6.59,6.56,6.57,3.0993,20755.0
2019-07-23 13:30,{},6.58,601377,6.59,6.56,6.57,2.7364,18325.0
2019-07-23 14:00,{},6.59,601377,6.59,6.56,6.58,2.9327,19639.0
2019-07-23 14:30,{},6.59,601377,6.6,6.57,6.59,3.8129,25534.0
2019-07-23 15:00,{},6.58,601377,6.59,6.56,6.59,3.0203,20226.0
2019-07-24 10:00,{},6.68,601377,6.68,6.59,6.6,10.3399,69243.0
2019-07-24 10:30,{},6.66,601377,6.7,6.64,6.68,7.187,48129.0
2019-07-24 11:00,{},6.65,601377,6.67,6.64,6.66,4.2754,28631.0
2019-07-24 11:30,{},6.65,601377,6.67,6.65,6.65,2.3616,15815.0
2019-07-24 13:30,{},6.64,601377,6.66,6.62,6.65,2.6413,17688.0
2019-07-24 14:00,{},6.61,601377,6.64,6.6,6.64,4.0163,26896.0
2019-07-24 14:30,{},6.6,601377,6.62,6.58,6.61,4.3916,29409.0
2019-07-24 15:00,{},6.59,601377,6.6,6.58,6.6,4.6108,30877.0
2019-07-25 10:00,{},6.55,601377,6.6,6.54,6.58,8.8623,59348.0
2019-07-25 10:30,{},6.58,601377,6.6,6.55,6.56,5.0425,33768.0
2019-07-25 11:00,{},6.57,601377,6.6,6.56,6.58,6.0045,40210.0
2019-07-25 11:30,{},6.58,601377,6.62,6.57,6.57,6.3658,42630.0
2019-07-25 13:30,{},6.56,601377,6.59,6.54,6.58,4.5076,30186.0
2019-07-25 14:00,{},6.57,601377,6.58,6.54,6.56,5.3718,35973.0
2019-07-25 14:30,{},6.55,601377,6.57,6.53,6.57,4.6363,31048.0
2019-07-25 15:00,{},6.57,601377,6.57,6.53,6.55,8.1182,54365.0
2019-07-26 10:00,{},6.54,601377,6.56,6.52,6.55,7.2255,48387.0
2019-07-26 10:30,{},6.53,601377,6.55,6.52,6.54,4.1011,27464.0
2019-07-26 11:00,{},6.54,601377,6.55,6.52,6.53,4.3556,29168.0
2019-07-26 11:30,{},6.53,601377,6.54,6.52,6.54,2.4673,16523.0
2019-07-26 13:30,{},6.53,601377,6.53,6.51,6.53,3.6161,24216.0
2019-07-26 14:00,{},6.55,601377,6.56,6.52,6.53,2.8338,18977.0
2019-07-26 14:30,{},6.55,601377,6.56,6.53,6.55,3.3865,22678.0
2019-07-26 15:00,{},6.55,601377,6.58,6.54,6.55,6.4895,43458.0
2019-07-29 10:00,{},6.52,601377,6.59,6.5,6.57,10.87,72793.0
2019-07-29 10:30,{},6.47,601377,6.53,6.46,6.52,9.6884,64880.0
2019-07-29 11:00,{},6.47,601377,6.48,6.45,6.47,7.4955,50195.0
2019-07-29 11:30,{},6.47,601377,6.49,6.46,6.47,2.5708,17216.0
2019-07-29 13:30,{},6.47,601377,6.49,6.45,6.47,5.3892,36090.0
2019-07-29 14:00,{},6.47,601377,6.48,6.45,6.47,3.4934,23394.0
2019-07-29 14:30,{},6.47,601377,6.48,6.46,6.47,3.8631,25870.0
2019-07-29 15:00,{},6.47,601377,6.49,6.46,6.47,4.4573,29849.0
2019-07-30 10:00,{},6.52,601377,6.53,6.47,6.49,13.8281,92602.0
2019-07-30 10:30,{},6.56,601377,6.57,6.51,6.52,11.0026,73681.0
2019-07-30 11:00,{},6.56,601377,6.58,6.54,6.56,8.6467,57904.0
2019-07-30 11:30,{},6.54,601377,6.56,6.54,6.56,3.3137,22191.0
2019-07-30 13:30,{},6.54,601377,6.55,6.53,6.54,3.0942,20721.0
2019-07-30 14:00,{},6.52,601377,6.54,6.52,6.54,3.6429,24395.0
2019-07-30 14:30,{},6.52,601377,6.54,6.52,6.52,2.6489,17739.0
2019-07-30 15:00,{},6.52,601377,6.53,6.51,6.52,4.708,31528.0
2019-07-31 10:00,{},6.49,601377,6.52,6.49,6.52,6.8419,45818.0
2019-07-31 10:30,{},6.49,601377,6.5,6.48,6.49,4.4613,29876.0
2019-07-31 11:00,{},6.5,601377,6.51,6.48,6.49,2.838,19005.0
2019-07-31 11:30,{},6.52,601377,6.52,6.5,6.51,1.744,11679.0
2019-07-31 13:30,{},6.52,601377,6.54,6.51,6.52,4.8660000000000005,32586.0
2019-07-31 13:30,{},6.52,601377,6.54,6.51,6.52,4.866,32586.0
2019-07-31 14:00,{},6.52,601377,6.53,6.51,6.52,2.1727,14550.0
2019-07-31 14:30,{},6.52,601377,6.53,6.51,6.52,1.3964,9351.0
2019-07-31 15:00,{},6.49,601377,6.52,6.49,6.52,4.1047,27488.0
2019-08-01 10:00,{},6.48,601377,6.49,6.44,6.47,7.8605,52639.0
2019-08-01 10:30,{},6.45,601377,6.49,6.44,6.48,6.0327,40399.0
2019-08-01 11:00,{},6.42,601377,6.45,6.41,6.45,7.7428,51851.0
2019-08-01 11:30,{},6.42,601377,6.43,6.41,6.43,3.8129,25534.0
2019-08-01 13:30,{},6.4,601377,6.43,6.4,6.43,4.9998,33482.0
2019-08-01 14:00,{},6.36,601377,6.41,6.35,6.4,8.7199,58394.0
2019-08-01 14:30,{},6.37,601377,6.39,6.34,6.35,6.349,42517.0
2019-08-01 15:00,{},6.38,601377,6.39,6.36,6.37,4.7509,31815.0
2019-08-02 10:00,{},6.26,601377,6.27,6.16,6.26,25.1256,168258.0
2019-08-02 10:30,{},6.25,601377,6.28,6.24,6.26,8.0712,54050.0
2019-08-02 11:00,{},6.25,601377,6.27,6.24,6.25,3.0366,20335.0
2019-08-02 11:30,{},6.21,601377,6.26,6.19,6.25,6.7938,45496.0
2019-08-02 13:30,{},6.2,601377,6.22,6.19,6.21,4.2246,28291.0
2019-08-02 14:00,{},6.22,601377,6.23,6.2,6.2,2.5174,16858.0
2019-08-02 14:30,{},6.25,601377,6.25,6.2,6.22,4.6295,31002.0
2019-08-02 15:00,{},6.24,601377,6.26,6.23,6.25,4.3819,29344.0
2019-08-05 10:00,{},6.21,601377,6.22,6.17,6.2,9.7492,65287.0
2019-08-05 10:30,{},6.26,601377,6.28,6.2,6.21,8.6277,57777.0
2019-08-05 11:00,{},6.26,601377,6.28,6.24,6.26,3.1965,21406.0
2019-08-05 11:30,{},6.23,601377,6.27,6.23,6.26,2.6125,17495.0
2019-08-05 13:30,{},6.23,601377,6.23,6.2,6.23,3.1562,21136.0
2019-08-05 14:00,{},6.21,601377,6.24,6.21,6.23,2.3073,15451.0
2019-08-05 14:30,{},6.19,601377,6.22,6.15,6.2,7.7612,51974.0
2019-08-05 15:00,{},6.13,601377,6.19,6.12,6.19,9.042,60551.0
2019-08-06 10:00,{},6.03,601377,6.05,5.97,6.01,20.8719,139772.0
2019-08-06 10:30,{},5.93,601377,6.03,5.92,6.03,13.2867,88977.0
2019-08-06 11:00,{},5.95,601377,5.96,5.87,5.95,11.0355,73901.0
2019-08-06 11:30,{},5.97,601377,5.99,5.92,5.95,5.1167,34265.0
2019-08-06 13:30,{},6.1,601377,6.14,5.97,5.97,11.9498,80024.0
2019-08-06 14:00,{},6.09,601377,6.12,6.07,6.1,4.6611,31214.0
2019-08-06 14:30,{},6.05,601377,6.11,6.05,6.09,3.2162,21538.0
2019-08-06 15:00,{},6.08,601377,6.08,6.04,6.05,5.1720000000000015,34635.0
2019-08-06 15:00,{},6.08,601377,6.08,6.04,6.05,5.172000000000001,34635.0
2019-08-06 15:00,{},6.08,601377,6.08,6.04,6.05,5.172,34635.0
2019-08-07 10:00,{},6.07,601377,6.13,6.06,6.09,9.9968,66945.0
2019-08-07 10:30,{},6.05,601377,6.08,6.04,6.07,5.7154,38274.0
2019-08-07 11:00,{},6.04,601377,6.07,6.02,6.05,2.6934,18037.0
2019-08-07 11:30,{},6.05,601377,6.06,6.02,6.04,2.5844,17307.0
2019-08-07 13:30,{},6.05,601377,6.07,6.02,6.05,3.4823,23320.0
2019-08-07 14:00,{},6.05,601377,6.07,6.05,6.05,2.5678,17196.0
2019-08-07 14:30,{},6.01,601377,6.06,6.01,6.05,5.0689,33945.0
2019-08-07 15:00,{},5.99,601377,6.03,5.99,6.01,7.4836,50115.0
2019-08-08 10:00,{},6.09,601377,6.18,6.05,6.15,20.6256,138123.0
2019-08-08 10:30,{},6.08,601377,6.09,6.06,6.09,2.9973,20072.0
2019-08-08 11:00,{},6.05,601377,6.08,6.03,6.07,3.38,22635.0
2019-08-08 11:30,{},6.08,601377,6.08,6.04,6.05,2.1896,14663.0
2019-08-08 13:30,{},6.06,601377,6.08,6.06,6.08,2.5551,17111.0
2019-08-08 14:00,{},6.05,601377,6.09,6.05,6.06,4.0846,27353.0
2019-08-08 14:30,{},6.07,601377,6.07,6.04,6.05,3.0641,20519.0
2019-08-08 15:00,{},6.05,601377,6.07,6.04,6.07,3.6954,24747.0
2019-08-09 10:00,{},6.06,601377,6.1,6.04,6.08,7.7768,52079.0
2019-08-09 10:30,{},6.05,601377,6.07,6.04,6.06,3.3399,22366.0
2019-08-09 11:00,{},6.03,601377,6.07,6.03,6.05,2.485,16641.0
2019-08-09 11:30,{},6.01,601377,6.04,6.0,6.03,3.8988,26109.0
2019-08-09 13:30,{},5.99,601377,6.02,5.95,6.01,5.7754,38676.0
2019-08-09 14:00,{},5.96,601377,6.0,5.96,5.99,3.6166,24219.0
2019-08-09 14:30,{},5.96,601377,5.99,5.95,5.96,3.5274,23622.0
2019-08-09 15:00,{},5.96,601377,5.97,5.94,5.96,5.8142,38936.0
2019-08-12 10:00,{},6.04,601377,6.06,5.99,6.02,11.2938,75631.0
2019-08-12 10:30,{},6.04,601377,6.05,6.0,6.04,6.847,45852.0
2019-08-12 11:00,{},6.03,601377,6.05,6.01,6.04,3.7847,25345.0
2019-08-12 11:30,{},6.02,601377,6.03,6.01,6.03,0.9676,6480.0
2019-08-12 13:30,{},6.01,601377,6.04,6.0,6.02,3.4799,23304.0
2019-08-12 14:00,{},6.02,601377,6.03,5.99,6.01,2.6921,18028.0
2019-08-12 14:30,{},6.01,601377,6.03,6.0,6.02,4.0765,27299.0
2019-08-12 15:00,{},6.06,601377,6.06,6.01,6.01,6.4607,43265.0
2019-08-13 10:00,{},5.99,601377,6.01,5.97,6.0,8.449,56580.0
2019-08-13 10:30,{},6.0,601377,6.02,5.98,5.99,2.9415,19698.0
2019-08-13 11:00,{},5.99,601377,6.0,5.98,6.0,2.6091,17472.0
2019-08-13 11:30,{},6.0,601377,6.01,5.99,5.99,2.3931,16026.0
2019-08-13 13:30,{},5.99,601377,6.01,5.98,6.0,2.456,16447.0
2019-08-13 14:00,{},5.98,601377,6.0,5.97,5.99,2.1254,14233.0
2019-08-13 14:30,{},6.0,601377,6.0,5.98,5.99,2.165,14498.0
2019-08-13 15:00,{},5.99,601377,6.0,5.98,6.0,3.2966,22076.0
2019-08-14 10:00,{},6.08,601377,6.11,6.06,6.08,12.2806,82239.0
2019-08-14 10:30,{},6.05,601377,6.09,6.05,6.08,4.7062,31516.0
2019-08-14 11:00,{},6.05,601377,6.06,6.04,6.05,3.8516,25793.0
2019-08-14 11:30,{},6.03,601377,6.06,6.03,6.05,2.061,13802.0
2019-08-14 13:30,{},6.03,601377,6.05,6.02,6.03,2.9873,20005.0
2019-08-14 14:00,{},6.03,601377,6.04,6.02,6.03,1.4922,9993.0
2019-08-14 14:30,{},6.02,601377,6.04,6.01,6.03,2.0831,13950.0
2019-08-14 15:00,{},6.01,601377,6.02,5.99,6.02,4.1034,27479.0
2019-08-15 10:00,{},5.89,601377,5.92,5.86,5.9,14.832,99325.0
2019-08-15 10:30,{},5.9,601377,5.91,5.88,5.89,6.1301,41051.0
2019-08-15 11:00,{},5.92,601377,5.93,5.89,5.9,4.7338,31701.0
2019-08-15 11:30,{},5.9,601377,5.92,5.9,5.92,1.5421,10327.0
2019-08-15 13:30,{},5.9,601377,5.91,5.88,5.9,2.8871,19334.0
2019-08-15 14:00,{},5.92,601377,5.94,5.9,5.9,2.4343,16302.0
2019-08-15 14:30,{},5.97,601377,5.99,5.92,5.92,6.3509,42530.0
2019-08-15 15:00,{},5.99,601377,5.99,5.95,5.97,5.1627,34573.0
2019-08-16 10:00,{},5.99,601377,6.0,5.96,5.97,6.9046,46238.0
2019-08-16 10:30,{},6.03,601377,6.04,5.99,5.99,5.5196,36963.0
2019-08-16 11:00,{},6.04,601377,6.08,6.02,6.03,9.9862,66874.0
2019-08-16 11:30,{},6.04,601377,6.06,6.04,6.04,3.0788,20618.0
2019-08-16 13:30,{},6.06,601377,6.06,6.04,6.04,3.3791,22629.0
2019-08-16 14:00,{},6.07,601377,6.07,6.04,6.06,2.7897,18682.0
2019-08-16 14:30,{},6.04,601377,6.07,6.03,6.07,3.4529,23123.0
2019-08-16 15:00,{},6.03,601377,6.04,6.02,6.04,4.398,29452.0
2019-08-19 10:00,{},6.09,601377,6.11,6.06,6.08,13.4504,90073.0
2019-08-19 10:30,{},6.12,601377,6.16,6.09,6.09,11.5568,77392.0
2019-08-19 11:00,{},6.19,601377,6.2,6.1,6.12,15.0164,100560.0
2019-08-19 11:30,{},6.29,601377,6.32,6.19,6.19,25.3837,169986.0
2019-08-19 13:30,{},6.33,601377,6.35,6.27,6.29,18.7163,125337.0
2019-08-19 14:00,{},6.32,601377,6.33,6.29,6.32,5.6737,37995.0
2019-08-19 14:30,{},6.32,601377,6.33,6.29,6.32,8.0698,54041.0
2019-08-19 15:00,{},6.35,601377,6.36,6.31,6.31,18.4513,123562.0
2019-08-20 10:00,{},6.4,601377,6.41,6.3,6.33,24.8302,166280.0
2019-08-20 10:30,{},6.36,601377,6.42,6.35,6.4,13.4547,90102.0
2019-08-20 11:00,{},6.38,601377,6.39,6.35,6.36,5.139,34414.0
2019-08-20 11:00,{},6.38,601377,6.39,6.35,6.36,5.138999999999999,34414.0
2019-08-20 11:30,{},6.37,601377,6.39,6.36,6.38,2.9108,19493.0
2019-08-20 13:30,{},6.39,601377,6.4,6.35,6.37,6.815,45638.0
2019-08-20 14:00,{},6.38,601377,6.4,6.35,6.39,6.2271,41701.0
2019-08-20 14:30,{},6.37,601377,6.38,6.34,6.38,10.1963,68281.0
2019-08-20 15:00,{},6.35,601377,6.38,6.35,6.37,8.1853,54814.0
2019-08-21 10:00,{},6.37,601377,6.37,6.31,6.34,8.1215,54387.0
2019-08-21 10:30,{},6.36,601377,6.39,6.34,6.37,7.3802,49423.0
2019-08-21 11:00,{},6.35,601377,6.37,6.35,6.36,3.4195,22899.0
2019-08-21 11:30,{},6.34,601377,6.36,6.34,6.35,3.7077,24829.0
2019-08-21 13:30,{},6.38,601377,6.38,6.34,6.34,5.1975,34806.0
2019-08-21 14:00,{},6.35,601377,6.38,6.34,6.38,8.4584,56643.0
2019-08-21 14:30,{},6.33,601377,6.36,6.33,6.35,5.6789,38030.0
2019-08-21 15:00,{},6.33,601377,6.35,6.32,6.33,7.6881,51485.0
2019-08-22 10:00,{},6.33,601377,6.38,6.3,6.37,9.2674,62061.0
2019-08-22 10:30,{},6.33,601377,6.36,6.31,6.33,6.8474,45855.0
2019-08-22 11:00,{},6.32,601377,6.35,6.3,6.33,5.203,34843.0
2019-08-22 11:00,{},6.32,601377,6.35,6.3,6.33,5.202999999999999,34843.0
2019-08-22 11:30,{},6.32,601377,6.33,6.31,6.32,3.5215,23582.0
2019-08-22 13:30,{},6.28,601377,6.33,6.27,6.32,5.4436,36454.0
2019-08-22 14:00,{},6.3,601377,6.3,6.27,6.28,2.3982,16060.0
2019-08-22 14:30,{},6.31,601377,6.32,6.29,6.3,3.8158,25553.0
2019-08-22 15:00,{},6.3,601377,6.32,6.29,6.31,4.2485,28451.0
2019-08-23 10:00,{},6.33,601377,6.39,6.28,6.32,13.7355,91982.0
2019-08-23 10:30,{},6.3,601377,6.34,6.27,6.33,7.1854,48118.0
2019-08-23 11:00,{},6.31,601377,6.32,6.28,6.3,4.572,30617.0
2019-08-23 11:30,{},6.29,601377,6.33,6.29,6.31,2.4639,16500.0
2019-08-23 13:30,{},6.27,601377,6.31,6.27,6.29,3.5201,23573.0
2019-08-23 14:00,{},6.26,601377,6.28,6.25,6.27,4.7114,31551.0
2019-08-23 14:30,{},6.27,601377,6.28,6.25,6.26,4.6541,31167.0
2019-08-23 15:00,{},6.25,601377,6.27,6.24,6.27,5.1742,34650.0
2019-08-26 10:00,{},6.1,601377,6.12,6.06,6.1,17.6512,118204.0
2019-08-26 10:30,{},6.1,601377,6.12,6.07,6.1,10.9375,73245.0
2019-08-26 11:00,{},6.11,601377,6.12,6.09,6.1,3.2235,21587.0
2019-08-26 11:30,{},6.11,601377,6.11,6.08,6.11,4.0124,26870.0
2019-08-26 13:30,{},6.09,601377,6.11,6.07,6.11,2.9836,19980.0
2019-08-26 14:00,{},6.08,601377,6.09,6.05,6.09,6.8907,46145.0
2019-08-26 14:30,{},6.04,601377,6.08,6.02,6.08,8.4942,56883.0
2019-08-26 15:00,{},6.05,601377,6.07,6.03,6.04,6.6281,44386.0
2019-08-27 10:00,{},6.13,601377,6.14,6.07,6.1,14.4799,96967.0
2019-08-27 10:30,{},6.16,601377,6.17,6.11,6.14,9.0782,60794.0
2019-08-27 11:00,{},6.22,601377,6.27,6.16,6.16,14.0229,93907.0
2019-08-27 11:30,{},6.19,601377,6.26,6.19,6.22,6.3178,42308.0
2019-08-27 13:30,{},6.18,601377,6.22,6.18,6.19,3.1749,21261.0
2019-08-27 14:00,{},6.15,601377,6.2,6.15,6.18,4.2082,28181.0
2019-08-27 14:30,{},6.19,601377,6.19,6.14,6.15,4.4903,30070.0
2019-08-27 15:00,{},6.17,601377,6.21,6.16,6.19,11.3352,75908.0
2019-08-28 10:00,{},6.12,601377,6.2,6.11,6.18,10.9738,73488.0
2019-08-28 10:30,{},6.1,601377,6.13,6.08,6.12,7.5839,50787.0
2019-08-28 11:00,{},6.11,601377,6.12,6.09,6.1,2.6352,17647.0
2019-08-28 11:30,{},6.1,601377,6.11,6.09,6.11,2.2484,15057.0
2019-08-28 13:30,{},6.11,601377,6.12,6.1,6.1,2.7136,18172.0
2019-08-28 14:00,{},6.13,601377,6.14,6.11,6.11,2.6939,18040.0
2019-08-28 14:30,{},6.12,601377,6.14,6.12,6.13,3.8494,25778.0
2019-08-28 15:00,{},6.12,601377,6.14,6.11,6.12,6.0016,40191.0
2019-08-29 10:00,{},6.09,601377,6.15,6.08,6.12,8.5265,57099.0
2019-08-29 10:30,{},6.09,601377,6.11,6.08,6.09,6.1537,41209.0
2019-08-29 11:00,{},6.13,601377,6.14,6.09,6.09,5.4224,36312.0
2019-08-29 11:30,{},6.09,601377,6.14,6.09,6.13,4.8197,32276.0
2019-08-29 13:30,{},6.1,601377,6.11,6.09,6.09,3.1554,21131.0
2019-08-29 14:00,{},6.1,601377,6.11,6.08,6.1,5.0197,33615.0
2019-08-29 14:30,{},6.08,601377,6.11,6.07,6.1,5.3125,35576.0
2019-08-29 15:00,{},6.07,601377,6.08,6.06,6.08,7.3187,49011.0
2019-08-30 10:00,{},6.12,601377,6.16,6.11,6.14,13.5576,90791.0
2019-08-30 10:30,{},6.12,601377,6.14,6.11,6.12,8.5074,56971.0
2019-08-30 11:00,{},6.12,601377,6.13,6.11,6.12,3.8332,25670.0
2019-08-30 11:30,{},6.1,601377,6.12,6.09,6.12,4.5288,30328.0
2019-08-30 13:30,{},6.11,601377,6.11,6.08,6.1,3.7557,25151.0
2019-08-30 14:00,{},6.08,601377,6.12,6.07,6.11,4.4992,30130.0
2019-08-30 14:30,{},6.03,601377,6.08,6.02,6.07,9.6242,64450.0
2019-08-30 15:00,{},6.07,601377,6.07,6.03,6.03,5.858,39229.0
2019-09-02 10:00,{},6.08,601377,6.1,6.06,6.08,17.5701,117661.0
2019-09-02 10:30,{},6.14,601377,6.15,6.08,6.08,19.4087,129974.0
2019-09-02 11:00,{},6.13,601377,6.15,6.11,6.14,5.5526,37184.0
2019-09-02 11:30,{},6.15,601377,6.15,6.11,6.13,6.5643,43959.0
2019-09-02 13:30,{},6.17,601377,6.19,6.13,6.15,12.7744,85546.0
2019-09-02 14:00,{},6.16,601377,6.18,6.15,6.17,6.4577,43245.0
2019-09-02 14:30,{},6.18,601377,6.2,6.16,6.17,7.5202,50360.0
2019-09-02 15:00,{},6.17,601377,6.19,6.16,6.18,6.4592,43255.0
2019-09-03 10:00,{},6.17,601377,6.18,6.12,6.16,13.9874,93669.0
2019-09-03 10:30,{},6.13,601377,6.18,6.12,6.17,6.1557,41223.0
2019-09-03 11:00,{},6.15,601377,6.16,6.13,6.13,3.9409,26391.0
2019-09-03 11:30,{},6.13,601377,6.16,6.13,6.15,5.0645,33915.0
2019-09-03 13:30,{},6.13,601377,6.15,6.13,6.13,5.1566,34532.0
2019-09-03 14:00,{},6.13,601377,6.14,6.12,6.13,6.5194,43658.0
2019-09-03 14:30,{},6.14,601377,6.16,6.12,6.13,7.7353,51801.0
2019-09-03 15:00,{},6.15,601377,6.18,6.13,6.14,10.8158,72430.0
2019-09-04 10:00,{},6.25,601377,6.25,6.12,6.13,23.4363,156945.0
2019-09-04 10:30,{},6.23,601377,6.25,6.21,6.24,13.7553,92115.0
2019-09-04 11:00,{},6.25,601377,6.29,6.22,6.23,14.9093,99843.0
2019-09-04 11:30,{},6.21,601377,6.25,6.2,6.25,5.9673,39961.0
2019-09-04 13:30,{},6.19,601377,6.23,6.19,6.21,5.8982,39498.0
2019-09-04 14:00,{},6.17,601377,6.19,6.16,6.19,6.1554,41221.0
2019-09-04 14:30,{},6.2,601377,6.22,6.17,6.17,6.3993,42854.0
2019-09-04 15:00,{},6.22,601377,6.24,6.19,6.2,7.6462,51204.0
2019-09-05 10:00,{},6.41,601377,6.43,6.31,6.32,48.0952,322078.0
2019-09-05 10:30,{},6.56,601377,6.56,6.39,6.41,39.6427,265474.0
2019-09-05 11:00,{},6.52,601377,6.6,6.48,6.56,23.6782,158565.0
2019-09-05 11:30,{},6.51,601377,6.52,6.48,6.52,8.2902,55517.0
2019-09-05 13:30,{},6.51,601377,6.53,6.5,6.51,6.9321,46422.0
2019-09-05 14:00,{},6.46,601377,6.51,6.45,6.51,7.8636,52660.0
2019-09-05 14:30,{},6.41,601377,6.46,6.4,6.46,13.5012,90413.0
2019-09-05 15:00,{},6.39,601377,6.43,6.38,6.42,11.3933,76297.0
2019-09-06 10:00,{},6.45,601377,6.49,6.4,6.43,28.0321,187722.0
2019-09-06 10:30,{},6.43,601377,6.47,6.43,6.46,12.2516,82045.0
2019-09-06 11:00,{},6.44,601377,6.44,6.4,6.43,9.8276,65812.0
2019-09-06 11:30,{},6.42,601377,6.45,6.42,6.43,4.7415,31752.0
2019-09-06 13:30,{},6.42,601377,6.45,6.41,6.42,4.5124,30218.0
2019-09-06 14:00,{},6.41,601377,6.43,6.39,6.42,6.8655,45976.0
2019-09-06 14:30,{},6.44,601377,6.45,6.4,6.41,9.3599,62680.0
2019-09-06 15:00,{},6.47,601377,6.47,6.42,6.44,15.921,106618.0
